,0,1,2
0,[0.54547015],0.40113031418457085,0.024817724172375932
1,[0.17186532],0.4470455871781146,0.40268328392728014
2,[0.85293181],0.46219893820484337,0.2783832105258107
3,[0.18022341],0.5120096628504374,0.39432518816600015
4,[0.58870005],0.31043634385251295,0.018412174917805224
5,[0.1207749],0.5286617581690949,0.42469525033140954
6,[0.55469875],0.2599129754132519,0.015483668196822231
7,[0.08202618],0.6261080310143492,0.49653961689247295
8,[0.99270517],0.6955469119938177,0.5672341088651212
9,[0.25271926],0.11461798902424573,0.20024430130054927
10,[0.53296001],0.3683136806761157,0.02740293746217759
11,[0.8921391],0.5177799348208362,0.32611194603737437
12,[0.24209363],0.4105201267606571,0.33245497326733797
13,[0.41762074],0.22696611502818106,0.19458011820384424
14,[0.86794548],0.3593797113227054,0.37588217905110166
15,[0.28633024],0.2992144482268892,0.26836850937329204
16,[0.13769966],0.44710763622679595,0.3952603498014504
17,[0.0507936],0.9139098910231811,0.5152335491183069
18,[0.92829087],0.35804700523592875,0.2570960135464164
19,[0.77995014],0.23864512880778427,0.191250092118738
20,[0.69447451],0.2940206497962859,0.10577445875718483
21,[0.95343867],0.6308284810369351,0.3987399169329673
22,[0.93194228],0.40709662484406417,0.3772435287421493
23,[0.20739954],0.38099403793986986,0.2846637675398217
24,[0.22335698],0.4541590336536454,0.351191616524132
25,[0.99751836],0.5935626141851186,0.46455835144717794
26,[0.4920633],0.26503211333915466,0.0626354456735072
27,[0.22577487],0.5373332869023703,0.3289238758933102
28,[0.98771616],0.8612228630314661,0.534752599508367
29,[0.75659074],0.43147476398042217,0.24407908210242257
30,[0.58258299],0.28303158623365754,0.04336790863785789
31,[0.56602715],0.31469241821990074,0.0165558394494979
32,[0.37184337],0.38034995675298944,0.2168566764457548
33,[0.45296356],0.29236643494415315,0.0971208880417489
34,[0.81726831],0.31056125926991485,0.2512411545000205
35,[0.10200653],0.4682765932873546,0.4434636250938936
36,[0.91715646],0.4465981564393978,0.3426078660253866
37,[0.04387119],0.6489345285671251,0.5527078319868147
38,[0.5745486],0.3325330951462813,0.008034391942293051
39,[0.18049899],0.5599622515150653,0.39806680817229734
40,[0.63570166],0.3504293061969893,0.07569228943024486
41,[0.89414345],0.33334070035685415,0.31959484755361767
42,[0.65555994],0.29428545685693364,0.08527206555859279
43,[0.25422487],0.3352045383879864,0.24499198650371123
44,[0.59657902],0.3477496552418316,0.10451571457989128
45,[0.91987718],0.5490299300276231,0.48655578269195643
46,[0.77454108],0.35725819478887744,0.2042532002393933
47,[0.29099454],0.283398824091481,0.2010687597977936
48,[0.68682978],0.31437154315140076,0.09419024062570391
49,[0.43332139],0.3526494100082883,0.12137735776804837
