,0,1,2
0,[0.54547015],0.30048785167698555,0.03711283986827141
1,[0.17186532],0.3767914206670736,0.3736048360013018
2,[0.85293181],0.46219893820484337,0.28690465803301557
3,[0.18022341],0.40165087934019955,0.39432518816600015
4,[0.58870005],0.24622615072274198,0.0141514511642028
5,[0.1207749],0.2672322432980482,0.41844018156182305
6,[0.55469875],0.29527751386716083,0.019849848498742606
7,[0.08202618],0.7059112534323602,0.4840009734141216
8,[0.99270517],0.606854186975039,0.500641869959918
9,[0.25271926],0.1432254297186465,0.29736518934229816
10,[0.53296001],0.3842600852687988,0.03306713795794647
11,[0.8921391],0.6018684594773692,0.40007579270241933
12,[0.24209363],0.40496264038436836,0.33245497326733797
13,[0.41762074],0.33188720956035417,0.16496225183040814
14,[0.86794548],0.45219493015552725,0.3019183323860567
15,[0.28633024],0.26859957098707976,0.26836850937329204
16,[0.13769966],0.2741348688118065,0.4077704873406234
17,[0.0507936],0.7288598018205851,0.5237549966255117
18,[0.92829087],0.3044268990404885,0.3395908214905219
19,[0.77995014],0.26996213542586456,0.2054015432829408
20,[0.69447451],0.2320143308875144,0.10577445875718483
21,[0.95343867],0.3732415568118709,0.38741151594142953
22,[0.93194228],0.45933307985038996,0.3659151277506115
23,[0.20739954],0.41236123871376673,0.2846637675398217
24,[0.22335698],0.3838287742529438,0.34267016901692715
25,[0.99751836],0.5164719129613766,0.4314912134892315
26,[0.4920633],0.35094236884622043,0.0626354456735072
27,[0.22577487],0.4366907365120861,0.3289238758933102
28,[0.98771616],0.7373012679875605,0.534752599508367
29,[0.75659074],0.2760398177662379,0.2065062904960826
30,[0.58258299],0.42992660998237164,0.04962297740744437
31,[0.56602715],0.2277169525376003,0.0165558394494979
32,[0.37184337],0.31333101127773555,0.2168566764457548
33,[0.45296356],0.3625478098640763,0.10173518775536683
34,[0.81726831],0.24969629256073053,0.2512411545000205
35,[0.10200653],0.3062339299258302,0.4434636250938936
36,[0.91715646],0.5295283670789526,0.33859067005424015
37,[0.04387119],0.7970514209231387,0.544828862743376
38,[0.5745486],0.34491649079143955,0.029078447925978357
39,[0.18049899],0.35341335403231405,0.385528164693946
40,[0.63570166],0.36734679229776823,0.06115306546725563
41,[0.89414345],0.14438221684754887,0.3115604556113246
42,[0.65555994],0.2529112226951028,0.08101134180499037
43,[0.25422487],0.4660215388134069,0.2912452806677768
44,[0.59657902],0.4052749339748833,0.05110886833361983
45,[0.91987718],0.5644106726919802,0.3869171618903168
46,[0.77454108],0.3190507407738936,0.2141781244887646
47,[0.29099454],0.27040948702374007,0.25447560604406505
48,[0.68682978],0.3475309596722512,0.11228117641162605
49,[0.43332139],0.2989334870747403,0.13270575875958612
