,0,1,2
0,[0.54547015],0.3162899456205047,0.03711283986827141
1,[0.17186532],0.36827448943046975,0.3736048360013018
2,[0.85293181],0.5367490308733581,0.3074616584517891
3,[0.18022341],0.40165087934019966,0.37447533966725755
4,[0.58870005],0.24882621365076346,0.006117059221909749
5,[0.1207749],0.2574520594385893,0.42469525033140954
6,[0.55469875],0.29527751386716083,0.015589124745140182
7,[0.08202618],0.7059112534323602,0.4840009734141216
8,[0.99270517],0.5319727821048101,0.44723502371364654
9,[0.25271926],0.4566539973671655,0.3019794890559161
10,[0.53296001],0.3733727886576444,0.03306713795794647
11,[0.8921391],0.6215079060284345,0.40007579270241933
12,[0.24209363],0.39053018288328056,0.33245497326733797
13,[0.41762074],0.270487714958899,0.16496225183040814
14,[0.86794548],0.43678150820653167,0.3019183323860567
15,[0.28633024],0.2545782563757276,0.2591399099460563
16,[0.13769966],0.6779083939232253,0.4077704873406234
17,[0.0507936],0.5865317796743209,0.5237549966255117
18,[0.92829087],0.23043875632753136,0.34264935110147676
19,[0.77995014],0.24978989736511797,0.20138434731179433
20,[0.69447451],0.2595248719414935,0.11992590992138763
21,[0.95343867],0.42909064355480064,0.38741151594142953
22,[0.93194228],0.30407139735684074,0.3659151277506115
23,[0.20739954],0.28362310244615585,0.2846637675398217
24,[0.22335698],0.3045513268922542,0.34267016901692715
25,[0.99751836],0.5397769542959459,0.452048213908005
26,[0.4920633],0.35335538960986873,0.0626354456735072
27,[0.22577487],0.4498059536598101,0.33458807638907906
28,[0.98771616],0.6674870700713766,0.534752599508367
29,[0.75659074],0.25767192497717295,0.21112059020970042
30,[0.58258299],0.42992660998237164,0.04962297740744437
31,[0.56602715],0.27999878087746044,0.02267289867140765
32,[0.37184337],0.37320229791050896,0.2168566764457548
33,[0.45296356],0.35422643856022046,0.11306358874690459
34,[0.81726831],0.24969629256073053,0.2512411545000205
35,[0.10200653],0.38528599988612033,0.4434636250938936
36,[0.91715646],0.438773627427475,0.3426078660253866
37,[0.04387119],0.8039069916002168,0.544828862743376
38,[0.5745486],0.3029236087399713,0.029078447925978357
39,[0.18049899],0.3420251004216759,0.37419976370240826
40,[0.63570166],0.3417129580910727,0.06115306546725563
41,[0.89414345],0.14511249836528525,0.3155776515824712
42,[0.65555994],0.23726784572432846,0.08101134180499037
43,[0.25422487],0.5553192577520967,0.3004738800950125
44,[0.59657902],0.36350531916998047,0.05110886833361983
45,[0.91987718],0.4119059606093609,0.3806620931207303
46,[0.77454108],0.40716431447046497,0.20851392399299573
47,[0.29099454],0.305306982053731,0.25447560604406505
48,[0.68682978],0.3458517839029239,0.1208026239188309
49,[0.43332139],0.2354153873687065,0.13270575875958612
