,0,1,2
0,[0.54547015],0.30048785167698555,0.03711283986827141
1,[0.17186532],0.4470455871781146,0.38283343542853754
2,[0.85293181],0.5367490308733581,0.3074616584517891
3,[0.18022341],0.40165087934019966,0.3698610399536396
4,[0.58870005],0.24714347440485165,0.0008809550107644615
5,[0.1207749],0.2574520594385893,0.42469525033140954
6,[0.55469875],0.28527040001175347,0.019849848498742606
7,[0.08202618],0.5494757510940067,0.4840009734141216
8,[0.99270517],0.5319727821048101,0.44723502371364654
9,[0.25271926],0.4566539973671655,0.3019794890559161
10,[0.53296001],0.37703973680884817,0.02173873696640871
11,[0.8921391],0.5956219443365321,0.43917553478427895
12,[0.24209363],0.4013718605611151,0.32819424951373555
13,[0.41762074],0.27048771495889906,0.15692785988811508
14,[0.86794548],0.43678150820653167,0.3019183323860567
15,[0.28633024],0.29266255547277,0.24662977240688333
16,[0.13769966],0.5190397913499983,0.4077704873406234
17,[0.0507936],0.7475594959716305,0.5194942728719093
18,[0.92829087],0.23043875632753136,0.3537422726547247
19,[0.77995014],0.16925035701164942,0.19736715134064775
20,[0.69447451],0.2595248719414935,0.12844735742859248
21,[0.95343867],0.42909064355480064,0.38741151594142953
22,[0.93194228],0.30407139735684074,0.3659151277506115
23,[0.20739954],0.347938604994136,0.3255604762469202
24,[0.22335698],0.3045513268922542,0.351191616524132
25,[0.99751836],0.5397769542959459,0.452048213908005
26,[0.4920633],0.37828803936948335,0.0626354456735072
27,[0.22577487],0.4498059536598101,0.3289238758933102
28,[0.98771616],0.6674870700713766,0.534752599508367
29,[0.75659074],0.25767192497717295,0.21112059020970042
30,[0.58258299],0.4299266099823716,0.04962297740744437
31,[0.56602715],0.3055631875128359,0.02267289867140765
32,[0.37184337],0.37320229791050896,0.2168566764457548
33,[0.45296356],0.2852552352479443,0.10173518775536683
34,[0.81726831],0.24969629256073053,0.2512411545000205
35,[0.10200653],0.38528599988612033,0.4434636250938936
36,[0.91715646],0.438773627427475,0.3426078660253866
37,[0.04387119],0.8039069916002168,0.544828862743376
38,[0.5745486],0.3029236087399713,0.029078447925978357
39,[0.18049899],0.41026903697219225,0.385528164693946
40,[0.63570166],0.3417129580910727,0.06115306546725563
41,[0.89414345],0.3120281990921356,0.31959484755361767
42,[0.65555994],0.2864189305321615,0.08101134180499037
43,[0.25422487],0.5553192577520967,0.2958595803813946
44,[0.59657902],0.36817719936982424,0.04188026890638408
45,[0.91987718],0.4259274184019056,0.3744070243511438
46,[0.77454108],0.2893825948995367,0.20851392399299573
47,[0.29099454],0.268759361709458,0.2419654685048921
48,[0.68682978],0.3458517839029239,0.1208026239188309
49,[0.43332139],0.20403732307201877,0.13270575875958612
