,0,1,2
0,[0.54547015],0.3192320993851265,0.03711283986827141
1,[0.17186532],0.4470455871781146,0.38283343542853754
2,[0.85293181],0.5367490308733581,0.3074616584517891
3,[0.18022341],0.3215509724834674,0.3652467402400218
4,[0.58870005],0.24714347440485165,0.007878969243438672
5,[0.1207749],0.2574520594385893,0.4339238497586453
6,[0.55469875],0.2556022541373967,0.019849848498742606
7,[0.08202618],0.5610193144085007,0.47267257242258387
8,[0.99270517],0.5319727821048101,0.4426207240000287
9,[0.25271926],0.4566539973671655,0.3019794890559161
10,[0.53296001],0.37703973680884817,0.03306713795794647
11,[0.8921391],0.5734677174973408,0.43917553478427895
12,[0.24209363],0.4013718605611151,0.3239335257601331
13,[0.41762074],0.3237480160824543,0.15692785988811508
14,[0.86794548],0.3610218372393844,0.3019183323860567
15,[0.28633024],0.3428437323077561,0.24662977240688333
16,[0.13769966],0.5309090137614421,0.4077704873406234
17,[0.0507936],0.7823610460399164,0.5152335491183069
18,[0.92829087],0.23043875632753136,0.3537422726547247
19,[0.77995014],0.16925035701164942,0.19736715134064775
20,[0.69447451],0.2595248719414935,0.12844735742859248
21,[0.95343867],0.42909064355480064,0.3831507921878271
22,[0.93194228],0.4741258491833989,0.3659151277506115
23,[0.20739954],0.3770058249820109,0.3318155450165067
24,[0.22335698],0.3409597553489986,0.34267016901692715
25,[0.99751836],0.4188236866098455,0.452048213908005
26,[0.4920633],0.37828803936948335,0.0626354456735072
27,[0.22577487],0.5202088532172103,0.31969527646607443
28,[0.98771616],0.6377609545924632,0.534752599508367
29,[0.75659074],0.25767192497717295,0.21112059020970042
30,[0.58258299],0.4299266099823716,0.04962297740744437
31,[0.56602715],0.3055631875128359,0.0165558394494979
32,[0.37184337],0.32079464401971053,0.21073961722384504
33,[0.45296356],0.2852552352479443,0.09250658832813108
34,[0.81726831],0.24969629256073053,0.2512411545000205
35,[0.10200653],0.4904310542614595,0.4434636250938936
36,[0.91715646],0.44118664819112324,0.3426078660253866
37,[0.04387119],0.8039069916002168,0.544828862743376
38,[0.5745486],0.35141541948139904,0.029078447925978357
39,[0.18049899],0.5001493035405382,0.385528164693946
40,[0.63570166],0.2691279229798216,0.06115306546725563
41,[0.89414345],0.3120281990921356,0.31959484755361767
42,[0.65555994],0.2435725200988464,0.08101134180499037
43,[0.25422487],0.5553192577520967,0.2912452806677768
44,[0.59657902],0.4420445411921273,0.04188026890638408
45,[0.91987718],0.42592741840190557,0.3744070243511438
46,[0.77454108],0.2893825948995368,0.20851392399299573
47,[0.29099454],0.38133321549257754,0.2419654685048921
48,[0.68682978],0.3458517839029239,0.11654190016522847
49,[0.43332139],0.20403732307201877,0.13270575875958612
