,0,1,2
0,[0.54547015],0.32813644760140426,0.029078447925978357
1,[0.17186532],0.44791743880928275,0.40268328392728014
2,[0.85293181],0.5231039992065629,0.31371672722137556
3,[0.18022341],0.47373835300723355,0.3801395401630264
4,[0.58870005],0.44218093154095817,0.034001299662945406
5,[0.1207749],0.47084466580103257,0.4537736982573879
6,[0.55469875],0.3013915967041272,0.13213102491036866
7,[0.08202618],0.6930227258309679,0.5005568128636195
8,[0.99270517],0.6883498241375318,0.4597451612528195
9,[0.25271926],0.44474001276269703,0.307643689551685
10,[0.53296001],0.36372253911731534,0.11533927442296377
11,[0.8921391],0.5700951703899344,0.6386670316043764
12,[0.24209363],0.4025192328223276,0.31260512476859537
13,[0.41762074],0.403272093223037,0.11533927442296377
14,[0.86794548],0.47389733216749386,0.35543382469755236
15,[0.28633024],0.40908757077875124,0.26836850937329204
16,[0.13769966],0.7343437750176208,0.45493987105252387
17,[0.0507936],0.8543341456973342,0.5317893885678048
18,[0.92829087],0.39766962862844346,0.36226372016192954
19,[0.77995014],0.23171658202575518,0.21392299079014565
20,[0.69447451],0.3182759349337264,0.18196284974008814
21,[0.95343867],0.768177262890073,0.4033542166465852
22,[0.93194228],0.39764980805303135,0.3659151277506115
23,[0.20739954],0.5965866248860763,0.3529634137090978
24,[0.22335698],0.3272321322017725,0.35520881249527847
25,[0.99751836],0.8154010376110785,0.5222279886586598
26,[0.4920633],0.34847711030666784,0.07396384666504496
27,[0.22577487],0.6668168943295532,0.35680811633434584
28,[0.98771616],0.6463176967225689,0.534752599508367
29,[0.75659074],0.4341900697408921,0.32326934855051304
30,[0.58258299],0.3182616439956002,0.03711283986827141
31,[0.56602715],0.3361697101608699,0.1208026239188309
32,[0.37184337],0.4164466602401786,0.3226311352029396
33,[0.45296356],0.34131411027975594,0.11306358874690459
34,[0.81726831],0.46987160090535973,0.32520500116506545
35,[0.10200653],0.41274080666805607,0.469692874352602
36,[0.91715646],0.5656190569703143,0.3426078660253866
37,[0.04387119],0.43378575122265417,0.5387118035214663
38,[0.5745486],0.3753236112766552,0.010522027991842653
39,[0.18049899],0.6324149955474512,0.44975184340824226
40,[0.63570166],0.31463765013783795,0.18273810172136506
41,[0.89414345],0.6833157173819997,0.348673295479596
42,[0.65555994],0.5411772877204751,0.4013350703987455
43,[0.25422487],0.47455173920717303,0.1987386923396457
44,[0.59657902],0.40149091971220796,0.1436154566617509
45,[0.91987718],0.5677956252901375,0.34532857642516546
46,[0.77454108],0.29790083277695006,0.2198423249845335
47,[0.29099454],0.46966684637243494,0.2637042054713008
48,[0.68682978],0.23716996631806056,0.1208026239188309
49,[0.43332139],0.2982300239626764,0.197367794472604
