,0,1,2
0,[0.54547015],0.3988910580431136,0.09250658832813108
1,[0.17186532],0.3480683293347234,0.40268328392728014
2,[0.85293181],0.5858888224336535,0.39996824677992016
3,[0.18022341],0.30798917733802683,0.3652467402400218
4,[0.58870005],0.36206139752360533,0.0141514511642028
5,[0.1207749],0.5249144295177361,0.4537736982573879
6,[0.55469875],0.2772222835278586,0.011328400991537757
7,[0.08202618],0.6261080310143492,0.5066738720855293
8,[0.99270517],0.59739859439365,0.7063749336597028
9,[0.25271926],0.41203434278927664,0.2597923977359582
10,[0.53296001],0.40330993512280744,0.03732786171154889
11,[0.8921391],0.51806707098236,0.3991773093897999
12,[0.24209363],0.511426753391885,0.33245497326733797
13,[0.41762074],0.3115600682245864,0.16496225183040814
14,[0.86794548],0.435628454783574,0.37588217905110166
15,[0.28633024],0.3234729232050327,0.2740327098690609
16,[0.13769966],0.596067456934133,0.4077704873406234
17,[0.0507936],0.9139098910231811,0.5194942728719093
18,[0.92829087],0.3134588601108807,0.3395908214905219
19,[0.77995014],0.31334543558443967,0.20966226703654323
20,[0.69447451],0.24301837707434557,0.13977575842013024
21,[0.95343867],0.5279782614194576,0.40796851636020304
22,[0.93194228],0.38570213791319585,0.38647212816938503
23,[0.20739954],0.38099403793986986,0.2846637675398217
24,[0.22335698],0.3866279799460135,0.351191616524132
25,[0.99751836],0.6931630143318901,0.46455835144717794
26,[0.4920633],0.3723714977997239,0.08224176638979397
27,[0.22577487],0.6024465785326013,0.3388488001426815
28,[0.98771616],0.6807574351880831,0.4947543741138879
29,[0.75659074],0.3757277353547014,0.24407908210242257
30,[0.58258299],0.3578277860616523,0.03711283986827141
31,[0.56602715],0.2756995032392968,0.0165558394494979
32,[0.37184337],0.38034995675298944,0.2698610236911857
33,[0.45296356],0.28796035086262484,0.10173518775536683
34,[0.81726831],0.37010236029676413,0.2512411545000205
35,[0.10200653],0.4682765932873547,0.4309534875547206
36,[0.91715646],0.5451026406236631,0.3426078660253866
37,[0.04387119],0.6870400931703291,0.5387118035214663
38,[0.5745486],0.37397449835969016,0.03533351669556484
39,[0.18049899],0.675938849914311,0.4051425337543988
40,[0.63570166],0.3504293061969893,0.09023151339323399
41,[0.89414345],0.5251203097315629,0.348673295479596
42,[0.65555994],0.34764153682844184,0.11008978973096872
43,[0.25422487],0.08939068914675478,0.1987386923396457
44,[0.59657902],0.44791699698602183,0.10451571457989128
45,[0.91987718],0.5677956252901375,0.3806620931207303
46,[0.77454108],0.31038905702233366,0.2198423249845335
47,[0.29099454],0.37409397518207793,0.25908990575768287
48,[0.68682978],0.18299746825741497,0.1208026239188309
49,[0.43332139],0.3386151366780275,0.12704155826381724
