,0,1,2
0,[0.27213456],0.5280740302551873,0.2559394680362649
1,[0.59552388],0.444432838760856,0.15109103761527182
2,[0.54666847],0.28811777625978463,0.25855069167202793
3,[0.31938749],0.5280740302551873,0.20868654255774077
4,[0.11457108],0.573008913204869,0.4584378327964601
5,[0.75534806],0.444432838760856,0.3109152181726094
6,[0.58872907],0.3662707948608144,0.2224582704558148
7,[0.19319413],0.5402108880868715,0.34701675609941784
8,[0.27927637],0.5297252892977757,0.25044891769398525
9,[0.87783719],0.3662707948608144,0.5115663992587247
10,[0.98190548],0.4000543274801416,0.5818511527348699
11,[0.10112319],0.5466684679318126,0.4455452813401307
12,[0.38762615],0.5297252892977757,0.14209913565996457
13,[0.10141889],0.5280740302551873,0.426655138439496
14,[0.73889916],0.4000543274801416,0.3388448368404876
15,[0.75927977],0.3662707948608144,0.39300897140771407
16,[0.20007715],0.5297252892977757,0.32964814064400516
17,[0.59825533],0.4000543274801416,0.19820099968741822
18,[0.57300891],0.4000543274801416,0.17295458572472744
19,[0.24431845],0.5466684679318126,0.30235001751243673
20,[0.88263531],0.28811777625978463,0.5945175339446198
21,[0.63897441],0.4000543274801416,0.23892008725227742
22,[0.28811778],0.5466684679318126,0.25855069167202793
23,[0.03648927],0.5466684679318126,0.5101792022835856
24,[0.52807403],0.3193874876974465,0.20868654255774077
25,[0.60872047],0.444432838760856,0.16428763113701023
26,[0.59504397],0.28811777625978463,0.3069261951657155
27,[0.54021089],0.3662707948608144,0.17394009322605708
28,[0.54382959],0.3193874876974465,0.22444210133232523
29,[0.25023123],0.5280740302551873,0.2778428006650361
30,[0.31584532],0.5280740302551873,0.212228705930111
31,[0.09209775],0.573008913204869,0.4809111619042804
32,[0.40005433],0.573008913204869,0.17295458572472744
33,[0.03087315],0.5402108880868715,0.5093377361242305
34,[0.55223456],0.3193874876974465,0.23284707469896593
35,[0.17762766],0.573008913204869,0.3953812567081696
36,[0.06668847],0.5466684679318126,0.4799799984653511
37,[0.6986566],0.28811777625978463,0.41053882344370984
38,[0.72287089],0.444432838760856,0.278438049956
39,[0.90108218],0.3193874876974465,0.5816946916189658
40,[0.6982755],0.4000543274801416,0.29822117183621144
41,[0.21303379],0.5402108880868715,0.3271770998374982
42,[0.55821105],0.444432838760856,0.11377821595079479
43,[0.60914011],0.3193874876974465,0.289752619895991
44,[0.36627079],0.5402108880868715,0.17394009322605708
45,[0.67566338],0.4000543274801416,0.27560905228375054
46,[0.07940838],0.573008913204869,0.493600536671023
47,[0.79264827],0.3662707948608144,0.4263774781995162
48,[0.084982],0.5466684679318126,0.46168646872243757
49,[0.84052523],0.28811777625978463,0.5524074541640719
50,[0.90056684],0.444432838760856,0.4561339993962406
51,[0.04660003],0.5402108880868715,0.49361085386755255
52,[0.24169736],0.573008913204869,0.33131155479365837
53,[0.20614825],0.5280740302551873,0.32192577922633925
54,[0.87026624],0.3193874876974465,0.5508787517197311
55,[0.26506058],0.573008913204869,0.30794832951170803
56,[0.13958596],0.5297252892977757,0.39013932992248335
57,[0.185409],0.5297252892977757,0.34431628911538237
58,[0.87899934],0.3193874876974465,0.5596118486104965
59,[0.92937702],0.3662707948608144,0.5631062245660056
60,[0.01062384],0.5297252892977757,0.5191014474904742
61,[0.69794292],0.28811777625978463,0.40982513908856466
62,[0.27935563],0.5402108880868715,0.26085526022244465
63,[0.10591494],0.5297252892977757,0.42381034806222884
64,[0.50123952],0.47291860417473097,0.028320919709169834
65,[0.71126872],0.444432838760856,0.26683588584016854
66,[0.24855164],0.5280740302551873,0.27952239235928134
