,0,1,2
0,[0.27213456],0.5012395238839008,0.2291049616649784
1,[0.59552388],0.4782985973046022,0.11722527907152558
2,[0.71226458],0.4811804887464687,0.23108409314398404
3,[0.54666847],0.3662707948608144,0.1803976730709982
4,[0.31938749],0.5012395238839008,0.1818520361864543
5,[0.11457108],0.5438295890297717,0.42925850862136283
6,[0.75534806],0.5012395238839008,0.2541085330495646
7,[0.58872907],0.47973954302553545,0.10898952229109371
8,[0.19319413],0.5438295890297717,0.35063545704231813
9,[0.48118049],0.5280740302551873,0.046893541508718606
10,[0.27927637],0.5280740302551873,0.2487976586513968
11,[0.87783719],0.3193874876974465,0.5584497064220926
12,[0.98190548],0.4782985973046022,0.5036068829104092
13,[0.10112319],0.5438295890297717,0.4427064024380899
14,[0.38762615],0.5438295890297717,0.15620343539196058
15,[0.10141889],0.5012395238839008,0.3998206320682095
16,[0.73889916],0.4000543274801416,0.3388448368404876
17,[0.75927977],0.3662707948608144,0.39300897140771407
18,[0.20007715],0.5012395238839008,0.30116237523013023
19,[0.59825533],0.4782985973046022,0.11995672986295758
20,[0.57300891],0.4811804887464687,0.09182842445840034
21,[0.24431845],0.5438295890297717,0.2995111386103959
22,[0.88263531],0.47973954302553545,0.402895767178869
23,[0.63897441],0.4000543274801416,0.23892008725227742
24,[0.28811778],0.5341424591710293,0.24602468291124469
25,[0.03648927],0.5466684679318126,0.5101792022835856
26,[0.4782986],0.5438295890297717,0.06553099172516952
27,[0.52807403],0.383162561170478,0.1449114690847093
28,[0.60872047],0.4782985973046022,0.130421872593264
29,[0.59504397],0.4329623754712067,0.16208159595429344
30,[0.54021089],0.3193874876974465,0.22082340038942494
31,[0.54382959],0.38762615363781117,0.15620343539196058
32,[0.25023123],0.4811804887464687,0.23094925915631748
33,[0.31584532],0.5402108880868715,0.22436556376179517
34,[0.09209775],0.5438295890297717,0.4517318377291831
35,[0.40005433],0.5012395238839008,0.10118519640375923
36,[0.03087315],0.5012395238839008,0.47036637192125985
37,[0.55223456],0.38762615363781117,0.16460840875860128
38,[0.17762766],0.5466684679318126,0.36904081143511314
39,[0.06668847],0.4811804887464687,0.41449201928000723
40,[0.6986566],0.4811804887464687,0.2174761109570258
41,[0.72287089],0.4811804887464687,0.24169039997038733
42,[0.90108218],0.4811804887464687,0.41990169056994364
43,[0.6982755],0.4782985973046022,0.2199769020117508
44,[0.21303379],0.514656777069544,0.3016229888201708
45,[0.55821105],0.38762615363781117,0.1705849010738396
46,[0.60914011],0.38762615363781117,0.22151395395562634
47,[0.36627079],0.5341424591710293,0.16787166431021494
48,[0.67566338],0.49121000631518474,0.18445337344870738
49,[0.07940838],0.5452490284807922,0.4658406519469461
50,[0.79264827],0.4000543274801416,0.392593945580189
51,[0.084982],0.5466684679318126,0.46168646872243757
52,[0.84052523],0.4000543274801416,0.44047090294371494
53,[0.90056684],0.4811804887464687,0.4193863494106279
54,[0.04660003],0.5402108880868715,0.49361085386755255
55,[0.24169736],0.5466684679318126,0.3049711095206019
56,[0.20614825],0.5280740302551873,0.32192577922633925
57,[0.87026624],0.4811804887464687,0.38908575067070894
58,[0.26506058],0.5402108880868715,0.27515030439371047
59,[0.13958596],0.514656777069544,0.37507081769425166
60,[0.185409],0.5522345623964124,0.3668255622140191
61,[0.87899934],0.38762615363781117,0.49137318267013186
62,[0.92937702],0.38762615363781117,0.5417508657890088
63,[0.01062384],0.5522345623964124,0.5416107205891109
64,[0.69794292],0.38762615363781117,0.3103167617105381
65,[0.27935563],0.5402108880868715,0.26085526022244465
66,[0.10591494],0.5552228085540316,0.4493078673184847
67,[0.50123952],0.4782985973046022,0.02294092657929858
68,[0.71126872],0.38762615363781117,0.32364257096321336
69,[0.24855164],0.5402108880868715,0.2916592501909655
