,0,1,2
0,[0.27213456],0.5012395238839008,0.2291049616649784
1,[0.59552388],0.4782985973046022,0.11722527907152558
2,[0.71226458],0.4782985973046022,0.2339659845858505
3,[0.54666847],0.4782985973046022,0.06836987062721034
4,[0.31938749],0.5280740302551873,0.20868654255774077
5,[0.11457108],0.5480320757130921,0.4334609953046832
6,[0.75534806],0.5012395238839008,0.2541085330495646
7,[0.58872907],0.4811804887464687,0.10754857657016048
8,[0.19319413],0.5438295890297717,0.35063545704231813
9,[0.48118049],0.5341424591710293,0.052961970424560634
10,[0.27927637],0.5280740302551873,0.2487976586513968
11,[0.87783719],0.34282914127913044,0.5350080528404086
12,[0.98190548],0.4782985973046022,0.5036068829104092
13,[0.10112319],0.5438295890297717,0.4427064024380899
14,[0.38762615],0.5438295890297717,0.15620343539196058
15,[0.10141889],0.5280740302551873,0.426655138439496
16,[0.73889916],0.4782985973046022,0.26060056701602696
17,[0.75927977],0.3193874876974465,0.43989227857108193
18,[0.20007715],0.5012395238839008,0.30116237523013023
19,[0.59825533],0.4782985973046022,0.11995672986295758
20,[0.57300891],0.4811804887464687,0.09182842445840034
21,[0.24431845],0.5280740302551873,0.28375557983581146
22,[0.88263531],0.47973954302553545,0.402895767178869
23,[0.63897441],0.4000543274801416,0.23892008725227742
24,[0.28811778],0.5438295890297717,0.2557118127699871
25,[0.03648927],0.5466684679318126,0.5101792022835856
26,[0.4782986],0.5438295890297717,0.06553099172516952
27,[0.52807403],0.3662707948608144,0.1618032353943729
28,[0.60872047],0.4782985973046022,0.130421872593264
29,[0.59504397],0.4329623754712067,0.16208159595429344
30,[0.54021089],0.383162561170478,0.15704832691639348
31,[0.54382959],0.4000543274801416,0.14377526154963016
32,[0.25023123],0.4811804887464687,0.23094925915631748
33,[0.31584532],0.5402108880868715,0.22436556376179517
34,[0.09209775],0.5438295890297717,0.4517318377291831
35,[0.40005433],0.5012395238839008,0.10118519640375923
36,[0.03087315],0.514656777069544,0.4837836251069031
37,[0.55223456],0.38762615363781117,0.16460840875860128
38,[0.17762766],0.5280740302551873,0.35044637375848786
39,[0.06668847],0.4811804887464687,0.41449201928000723
40,[0.6986566],0.4811804887464687,0.2174761109570258
41,[0.72287089],0.4811804887464687,0.24169039997038733
42,[0.90108218],0.49121000631518474,0.4098721730012276
43,[0.6982755],0.4000543274801416,0.29822117183621144
44,[0.21303379],0.5012395238839008,0.28820573563452756
45,[0.55821105],0.4782985973046022,0.07991245740704855
46,[0.60914011],0.37694847424931277,0.23219163334412474
47,[0.36627079],0.5402108880868715,0.17394009322605708
48,[0.67566338],0.5012395238839008,0.17442385587999132
49,[0.07940838],0.5466684679318126,0.46726009139796654
50,[0.79264827],0.4000543274801416,0.392593945580189
51,[0.084982],0.5452490284807922,0.46026702927141716
52,[0.84052523],0.4000543274801416,0.44047090294371494
53,[0.90056684],0.4782985973046022,0.42226824085249437
54,[0.04660003],0.5341424591710293,0.4875424249517104
55,[0.24169736],0.5466684679318126,0.3049711095206019
56,[0.20614825],0.5012395238839008,0.29509127285505277
57,[0.87026624],0.4391764623923719,0.4310897770248057
58,[0.26506058],0.5438295890297717,0.27876900533661075
59,[0.13958596],0.5012395238839008,0.3616535645086084
60,[0.185409],0.5522345623964124,0.3668255622140191
61,[0.87899934],0.4000543274801416,0.47894500882780144
62,[0.92937702],0.38762615363781117,0.5417508657890088
63,[0.01062384],0.5522345623964124,0.5416107205891109
64,[0.69794292],0.4000543274801416,0.2978885878682077
65,[0.27935563],0.5402108880868715,0.26085526022244465
66,[0.10591494],0.5522345623964124,0.44631962116086554
67,[0.50123952],0.4811804887464687,0.020059035137432124
68,[0.71126872],0.38762615363781117,0.32364257096321336
69,[0.24855164],0.5402108880868715,0.2916592501909655
