,0,1,2
0,[0.27213456],0.5012395238839008,0.2291049616649784
1,[0.59552388],0.4782985973046022,0.11722527907152558
2,[0.71226458],0.4000543274801416,0.31221025441031114
3,[0.54666847],0.47973954302553545,0.06692892490627711
4,[0.31938749],0.4811804887464687,0.16179300104902217
5,[0.11457108],0.5438295890297717,0.42925850862136283
6,[0.75534806],0.4811804887464687,0.2741675681869967
7,[0.58872907],0.4811804887464687,0.10754857657016048
8,[0.19319413],0.5438295890297717,0.35063545704231813
9,[0.48118049],0.5280740302551873,0.046893541508718606
10,[0.27927637],0.514656777069544,0.23538040546575356
11,[0.87783719],0.3193874876974465,0.5584497064220926
12,[0.98190548],0.4391764623923719,0.5427290178226396
13,[0.10112319],0.5012395238839008,0.40011633729221896
14,[0.38762615],0.49121000631518474,0.10358385267737358
15,[0.10141889],0.4811804887464687,0.3797615969307774
16,[0.73889916],0.4000543274801416,0.3388448368404876
17,[0.75927977],0.3193874876974465,0.43989227857108193
18,[0.20007715],0.5012395238839008,0.30116237523013023
19,[0.59825533],0.49121000631518474,0.10704532085237506
20,[0.57300891],0.5012395238839008,0.07176938932096821
21,[0.24431845],0.47973954302553545,0.23542109260615962
22,[0.88263531],0.49121000631518474,0.3914253038892197
23,[0.63897441],0.4000543274801416,0.23892008725227742
24,[0.28811778],0.514656777069544,0.22653900080975942
25,[0.03648927],0.5466684679318126,0.5101792022835856
26,[0.4782986],0.5420202385583216,0.06372164125371937
27,[0.52807403],0.3662707948608144,0.1618032353943729
28,[0.60872047],0.4782985973046022,0.130421872593264
29,[0.59504397],0.4782985973046022,0.11674537412089792
30,[0.54021089],0.4391764623923719,0.10103442569449955
31,[0.54382959],0.38762615363781117,0.15620343539196058
32,[0.25023123],0.4811804887464687,0.23094925915631748
33,[0.31584532],0.5438295890297717,0.22798426470469546
34,[0.09209775],0.5438295890297717,0.4517318377291831
35,[0.40005433],0.5012395238839008,0.10118519640375923
36,[0.03087315],0.5280740302551873,0.49720087829254633
37,[0.55223456],0.5012395238839008,0.05099503851251164
38,[0.17762766],0.5280740302551873,0.35044637375848786
39,[0.06668847],0.4811804887464687,0.41449201928000723
40,[0.6986566],0.4811804887464687,0.2174761109570258
41,[0.72287089],0.5012395238839008,0.2216313648329552
42,[0.90108218],0.5280740302551873,0.37300814906122504
43,[0.6982755],0.4000543274801416,0.29822117183621144
44,[0.21303379],0.5280740302551873,0.31504024200581404
45,[0.55821105],0.4000543274801416,0.1581567272315092
46,[0.60914011],0.4000543274801416,0.20908578011329593
47,[0.36627079],0.5438295890297717,0.17755879416895737
48,[0.67566338],0.5280740302551873,0.14758934950870484
49,[0.07940838],0.5438295890297717,0.4644212124959257
50,[0.79264827],0.38762615363781117,0.4050221194225194
51,[0.084982],0.5438295890297717,0.45884758982039675
52,[0.84052523],0.4000543274801416,0.44047090294371494
53,[0.90056684],0.4811804887464687,0.4193863494106279
54,[0.04660003],0.5280740302551873,0.4814739960358684
55,[0.24169736],0.5466684679318126,0.3049711095206019
56,[0.20614825],0.514656777069544,0.308508526040696
57,[0.87026624],0.4811804887464687,0.38908575067070894
58,[0.26506058],0.5341424591710293,0.2690818754778683
59,[0.13958596],0.5012395238839008,0.3616535645086084
60,[0.185409],0.5522345623964124,0.3668255622140191
61,[0.87899934],0.38762615363781117,0.49137318267013186
62,[0.92937702],0.38762615363781117,0.5417508657890088
63,[0.01062384],0.5522345623964124,0.5416107205891109
64,[0.69794292],0.4000543274801416,0.2978885878682077
65,[0.27935563],0.5402108880868715,0.26085526022244465
66,[0.10591494],0.5438295890297717,0.43791464779422484
67,[0.50123952],0.4811804887464687,0.020059035137432124
68,[0.71126872],0.38762615363781117,0.32364257096321336
69,[0.24855164],0.5341424591710293,0.28559082127512336
