,0,1,2
0,[0.27213456],0.5012395238839008,0.2291049616649784
1,[0.59552388],0.4000543274801416,0.19546954889598622
2,[0.71226458],0.4000543274801416,0.31221025441031114
3,[0.54666847],0.4782985973046022,0.06836987062721034
4,[0.31938749],0.5280740302551873,0.20868654255774077
5,[0.11457108],0.5522345623964124,0.43766348198800353
6,[0.75534806],0.4811804887464687,0.2741675681869967
7,[0.58872907],0.4782985973046022,0.11043046801202694
8,[0.19319413],0.5402108880868715,0.34701675609941784
9,[0.48118049],0.5280740302551873,0.046893541508718606
10,[0.27927637],0.5012395238839008,0.22196315228011032
11,[0.87783719],0.3662707948608144,0.5115663992587247
12,[0.98190548],0.4782985973046022,0.5036068829104092
13,[0.10112319],0.5012395238839008,0.40011633729221896
14,[0.38762615],0.5012395238839008,0.11361337024608964
15,[0.10141889],0.49121000631518474,0.38979111449949344
16,[0.73889916],0.4782985973046022,0.26060056701602696
17,[0.75927977],0.3193874876974465,0.43989227857108193
18,[0.20007715],0.5012395238839008,0.30116237523013023
19,[0.59825533],0.4782985973046022,0.11995672986295758
20,[0.57300891],0.5012395238839008,0.07176938932096821
21,[0.24431845],0.5012395238839008,0.256921073464525
22,[0.88263531],0.4811804887464687,0.40145482145793576
23,[0.63897441],0.4000543274801416,0.23892008725227742
24,[0.28811778],0.5280740302551873,0.23995625399540266
25,[0.03648927],0.5438295890297717,0.5073403233815448
26,[0.4782986],0.5012395238839008,0.02294092657929858
27,[0.52807403],0.4000543274801416,0.1280197027750457
28,[0.60872047],0.4782985973046022,0.130421872593264
29,[0.59504397],0.5012395238839008,0.09380444754159933
30,[0.54021089],0.4811804887464687,0.05903039934040277
31,[0.54382959],0.4000543274801416,0.14377526154963016
32,[0.25023123],0.4811804887464687,0.23094925915631748
33,[0.31584532],0.5438295890297717,0.22798426470469546
34,[0.09209775],0.5438295890297717,0.4517318377291831
35,[0.40005433],0.4811804887464687,0.0811261612663271
36,[0.03087315],0.5402108880868715,0.5093377361242305
37,[0.55223456],0.49121000631518474,0.0610245560812277
38,[0.17762766],0.5402108880868715,0.36258323159017203
39,[0.06668847],0.5012395238839008,0.43455105441743935
40,[0.6986566],0.4782985973046022,0.22035800239889225
41,[0.72287089],0.4811804887464687,0.24169039997038733
42,[0.90108218],0.49121000631518474,0.4098721730012276
43,[0.6982755],0.4000543274801416,0.29822117183621144
44,[0.21303379],0.5280740302551873,0.31504024200581404
45,[0.55821105],0.4000543274801416,0.1581567272315092
46,[0.60914011],0.4000543274801416,0.20908578011329593
47,[0.36627079],0.5402108880868715,0.17394009322605708
48,[0.67566338],0.5280740302551873,0.14758934950870484
49,[0.07940838],0.5402108880868715,0.46080251155302543
50,[0.79264827],0.38762615363781117,0.4050221194225194
51,[0.084982],0.4811804887464687,0.3961984895370937
52,[0.84052523],0.4000543274801416,0.44047090294371494
53,[0.90056684],0.4000543274801416,0.500512510676955
54,[0.04660003],0.5280740302551873,0.4814739960358684
55,[0.24169736],0.5466684679318126,0.3049711095206019
56,[0.20614825],0.5280740302551873,0.32192577922633925
57,[0.87026624],0.4000543274801416,0.47021191193703604
58,[0.26506058],0.5012395238839008,0.23617894019073982
59,[0.13958596],0.5012395238839008,0.3616535645086084
60,[0.185409],0.5466684679318126,0.3612594677494192
61,[0.87899934],0.4782985973046022,0.4007007390033408
62,[0.92937702],0.38762615363781117,0.5417508657890088
63,[0.01062384],0.5552228085540316,0.54459896674673
64,[0.69794292],0.4391764623923719,0.2587664529559774
65,[0.27935563],0.5402108880868715,0.26085526022244465
66,[0.10591494],0.5402108880868715,0.43429594685132455
67,[0.50123952],0.4782985973046022,0.02294092657929858
68,[0.71126872],0.38762615363781117,0.32364257096321336
69,[0.24855164],0.5402108880868715,0.2916592501909655
