,0,1,2
0,[0.27213456],0.5359518096424796,0.26381724742355717
1,[0.59552388],0.49121000631518474,0.10431387006094306
2,[0.71226458],0.4811804887464687,0.23108409314398404
3,[0.54666847],0.5012395238839008,0.04542894404791176
4,[0.31938749],0.3158453243250763,0.003542163372370233
5,[0.11457108],0.573008913204869,0.4584378327964601
6,[0.75534806],0.5280740302551873,0.22727402667827812
7,[0.58872907],0.4000543274801416,0.18867473783648758
8,[0.19319413],0.5950439714255001,0.40184983943804653
9,[0.48118049],0.4000543274801416,0.0811261612663271
10,[0.27927637],0.5582110547116508,0.2789346831078603
11,[0.87783719],0.2837367020621057,0.5941004920574333
12,[0.98190548],0.47194195825495666,0.5099635219600548
13,[0.10112319],0.5466684679318126,0.4455452813401307
14,[0.38762615],0.2792763716037905,0.10834978203402068
15,[0.10141889],0.4002839882219576,0.2988650964062663
16,[0.73889916],0.3378719649487979,0.4010271993718313
17,[0.75927977],0.2793556278644268,0.47992413840410164
18,[0.20007715],0.38762615363781117,0.1875490049840406
19,[0.59825533],0.38762615363781117,0.21062917352974864
20,[0.57300891],0.4811804887464687,0.09182842445840034
21,[0.24431845],0.5466684679318126,0.30235001751243673
22,[0.88263531],0.5012395238839008,0.38139578632050364
23,[0.63897441],0.47194195825495666,0.16703245647746234
24,[0.28811778],0.5466684679318126,0.25855069167202793
25,[0.03648927],0.5466684679318126,0.5101792022835856
26,[0.4782986],0.59664964929653,0.11835105199192775
27,[0.52807403],0.3193874876974465,0.20868654255774077
28,[0.60872047],0.5012395238839008,0.1074809460139654
29,[0.59504397],0.5928214413321158,0.002222530093384356
30,[0.54021089],0.3158453243250763,0.22436556376179517
31,[0.54382959],0.4811804887464687,0.06264910028330306
32,[0.25023123],0.35350682066762884,0.10327559107747764
33,[0.31584532],0.5280740302551873,0.212228705930111
34,[0.09209775],0.38762615363781117,0.29552840233722255
35,[0.40005433],0.573008913204869,0.17295458572472744
36,[0.03087315],0.5207252059853862,0.48985205402274523
37,[0.55223456],0.34282914127913044,0.209405421117282
38,[0.17762766],0.38762615363781117,0.20999849714111174
39,[0.06668847],0.5341424591710293,0.46745398970456786
40,[0.6986566],0.4782985973046022,0.22035800239889225
41,[0.72287089],0.4782985973046022,0.24457229141225378
42,[0.90108218],0.4811804887464687,0.41990169056994364
43,[0.6982755],0.4811804887464687,0.21709501056988434
44,[0.21303379],0.5280740302551873,0.31504024200581404
45,[0.55821105],0.5012395238839008,0.05697153082774997
46,[0.60914011],0.3158453243250763,0.2932947832683612
47,[0.36627079],0.5552228085540316,0.18895201369321724
48,[0.67566338],0.4811804887464687,0.19448289101742344
49,[0.07940838],0.38762615363781117,0.30821777710396514
50,[0.79264827],0.5092547426957368,0.2833935303645938
51,[0.084982],0.573008913204869,0.488026913995494
52,[0.84052523],0.5124835326182073,0.3280416978056492
53,[0.90056684],0.5012395238839008,0.3993273142731958
54,[0.04660003],0.504627259500828,0.4580272252815091
55,[0.24169736],0.4000543274801416,0.15835696906893093
56,[0.20614825],0.3193874876974465,0.11323923666859848
57,[0.87026624],0.4811804887464687,0.38908575067070894
58,[0.26506058],0.573008913204869,0.30794832951170803
59,[0.13958596],0.5280740302551873,0.3884880708798949
60,[0.185409],0.5466684679318126,0.3612594677494192
61,[0.87899934],0.3193874876974465,0.5596118486104965
62,[0.92937702],0.37694847424931277,0.5524285451775072
63,[0.01062384],0.38762615363781117,0.3770023118305096
64,[0.69794292],0.5466684679318126,0.15127444741653673
65,[0.27935563],0.5402108880868715,0.26085526022244465
66,[0.10591494],0.5522345623964124,0.44631962116086554
67,[0.50123952],0.5466684679318126,0.04542894404791176
68,[0.71126872],0.38762615363781117,0.32364257096321336
69,[0.24855164],0.504627259500828,0.25607562160492203
