,0,1,2
0,[0.27213456],0.5012395238839008,0.2291049616649784
1,[0.59552388],0.4782985973046022,0.11722527907152558
2,[0.71226458],0.4000543274801416,0.31221025441031114
3,[0.54666847],0.4782985973046022,0.06836987062721034
4,[0.31938749],0.5402108880868715,0.22082340038942494
5,[0.11457108],0.5582110547116508,0.44363997430324187
6,[0.75534806],0.49121000631518474,0.26413805061828066
7,[0.58872907],0.4811804887464687,0.10754857657016048
8,[0.19319413],0.5438295890297717,0.35063545704231813
9,[0.48118049],0.5280740302551873,0.046893541508718606
10,[0.27927637],0.5280740302551873,0.2487976586513968
11,[0.87783719],0.38762615363781117,0.4902110404817279
12,[0.98190548],0.4000543274801416,0.5818511527348699
13,[0.10112319],0.5012395238839008,0.40011633729221896
14,[0.38762615],0.5452490284807922,0.157622874842981
15,[0.10141889],0.5402108880868715,0.43879199627118015
16,[0.73889916],0.4811804887464687,0.2577186755741605
17,[0.75927977],0.3662707948608144,0.39300897140771407
18,[0.20007715],0.5280740302551873,0.3279968816014167
19,[0.59825533],0.4000543274801416,0.19820099968741822
20,[0.57300891],0.4782985973046022,0.0947103159002668
21,[0.24431845],0.5402108880868715,0.2958924376674956
22,[0.88263531],0.5012395238839008,0.38139578632050364
23,[0.63897441],0.4782985973046022,0.16067581742781678
24,[0.28811778],0.5012395238839008,0.21312174762411618
25,[0.03648927],0.5466684679318126,0.5101792022835856
26,[0.4782986],0.5012395238839008,0.02294092657929858
27,[0.52807403],0.4000543274801416,0.1280197027750457
28,[0.60872047],0.4782985973046022,0.130421872593264
29,[0.59504397],0.4782985973046022,0.11674537412089792
30,[0.54021089],0.4811804887464687,0.05903039934040277
31,[0.54382959],0.4000543274801416,0.14377526154963016
32,[0.25023123],0.4811804887464687,0.23094925915631748
33,[0.31584532],0.5402108880868715,0.22436556376179517
34,[0.09209775],0.5280740302551873,0.4359762789545987
35,[0.40005433],0.5012395238839008,0.10118519640375923
36,[0.03087315],0.5280740302551873,0.49720087829254633
37,[0.55223456],0.47973954302553545,0.07249501937087699
38,[0.17762766],0.5402108880868715,0.36258323159017203
39,[0.06668847],0.5280740302551873,0.46138556078872583
40,[0.6986566],0.4782985973046022,0.22035800239889225
41,[0.72287089],0.4811804887464687,0.24169039997038733
42,[0.90108218],0.4782985973046022,0.4227835820118101
43,[0.6982755],0.4782985973046022,0.2199769020117508
44,[0.21303379],0.514656777069544,0.3016229888201708
45,[0.55821105],0.4811804887464687,0.0770305659651821
46,[0.60914011],0.4782985973046022,0.13084151028883528
47,[0.36627079],0.5420202385583216,0.17574944369750722
48,[0.67566338],0.5280740302551873,0.14758934950870484
49,[0.07940838],0.5438295890297717,0.4644212124959257
50,[0.79264827],0.38762615363781117,0.4050221194225194
51,[0.084982],0.5012395238839008,0.4162575246745258
52,[0.84052523],0.4000543274801416,0.44047090294371494
53,[0.90056684],0.4782985973046022,0.42226824085249437
54,[0.04660003],0.5280740302551873,0.4814739960358684
55,[0.24169736],0.5402108880868715,0.2985135296756608
56,[0.20614825],0.5012395238839008,0.29509127285505277
57,[0.87026624],0.4000543274801416,0.47021191193703604
58,[0.26506058],0.5012395238839008,0.23617894019073982
59,[0.13958596],0.5012395238839008,0.3616535645086084
60,[0.185409],0.5402108880868715,0.3548018879044781
61,[0.87899934],0.4782985973046022,0.4007007390033408
62,[0.92937702],0.4782985973046022,0.4510784221222177
63,[0.01062384],0.5582110547116508,0.5475872129043492
64,[0.69794292],0.4811804887464687,0.2167624266018806
65,[0.27935563],0.5402108880868715,0.26085526022244465
66,[0.10591494],0.5280740302551873,0.4221590890196404
67,[0.50123952],0.4782985973046022,0.02294092657929858
68,[0.71126872],0.4782985973046022,0.2329701272964223
69,[0.24855164],0.5402108880868715,0.2916592501909655
