,0,1,2
0,[0.27213456],0.5438295890297717,0.27169502681084934
1,[0.59552388],0.4811804887464687,0.11434338762965912
2,[0.71226458],0.4391764623923719,0.2730881194980808
3,[0.54666847],0.3662707948608144,0.1803976730709982
4,[0.31938749],0.4811804887464687,0.16179300104902217
5,[0.11457108],0.573008913204869,0.4584378327964601
6,[0.75534806],0.5280740302551873,0.22727402667827812
7,[0.58872907],0.4782985973046022,0.11043046801202694
8,[0.19319413],0.5402108880868715,0.34701675609941784
9,[0.48118049],0.5280740302551873,0.046893541508718606
10,[0.27927637],0.5494515151641125,0.270175143560322
11,[0.87783719],0.3193874876974465,0.5584497064220926
12,[0.98190548],0.4391764623923719,0.5427290178226396
13,[0.10112319],0.5452490284807922,0.4441258418891103
14,[0.38762615],0.5522345623964124,0.16460840875860128
15,[0.10141889],0.4811804887464687,0.3797615969307774
16,[0.73889916],0.38762615363781117,0.351273010682818
17,[0.75927977],0.38762615363781117,0.3716536126307173
18,[0.20007715],0.49121000631518474,0.29113285766141417
19,[0.59825533],0.3938402405589764,0.20441508660858343
20,[0.57300891],0.44061740811330513,0.1323915050915639
21,[0.24431845],0.5466684679318126,0.30235001751243673
22,[0.88263531],0.4897690605942515,0.39286624961015293
23,[0.63897441],0.4391764623923719,0.1997979523400471
24,[0.28811778],0.5341424591710293,0.24602468291124469
25,[0.03648927],0.580868989260749,0.5443797236125221
26,[0.4782986],0.543439678009342,0.06514108070473978
27,[0.52807403],0.34282914127913044,0.18524488897605684
28,[0.60872047],0.4897690605942515,0.1189514093036147
29,[0.59504397],0.4897690605942515,0.10527491083124862
30,[0.54021089],0.3193874876974465,0.22082340038942494
31,[0.54382959],0.4000543274801416,0.14377526154963016
32,[0.25023123],0.4811804887464687,0.23094925915631748
33,[0.31584532],0.5280740302551873,0.212228705930111
34,[0.09209775],0.5167075255714406,0.424609774270852
35,[0.40005433],0.5584192511173204,0.1583649236371788
36,[0.03087315],0.5012395238839008,0.47036637192125985
37,[0.55223456],0.3662707948608144,0.18596376753559807
38,[0.17762766],0.5522345623964124,0.374606905899713
39,[0.06668847],0.5012395238839008,0.43455105441743935
40,[0.6986566],0.4000543274801416,0.2986022722233529
41,[0.72287089],0.4391764623923719,0.2836944263244841
42,[0.90108218],0.4811804887464687,0.41990169056994364
43,[0.6982755],0.4811804887464687,0.21709501056988434
44,[0.21303379],0.5341424591710293,0.32110867092165607
45,[0.55821105],0.4329623754712067,0.12524867924044408
46,[0.60914011],0.3193874876974465,0.289752619895991
47,[0.36627079],0.5466684679318126,0.1803976730709982
48,[0.67566338],0.4000543274801416,0.27560905228375054
49,[0.07940838],0.5522345623964124,0.4728261858625664
50,[0.79264827],0.4782985973046022,0.31434967575572836
51,[0.084982],0.573008913204869,0.488026913995494
52,[0.84052523],0.4000543274801416,0.44047090294371494
53,[0.90056684],0.4782985973046022,0.42226824085249437
54,[0.04660003],0.5280740302551873,0.4814739960358684
55,[0.24169736],0.5280740302551873,0.28637667184397664
56,[0.20614825],0.4811804887464687,0.27503223771762064
57,[0.87026624],0.4811804887464687,0.38908575067070894
58,[0.26506058],0.5626217378006407,0.29756115410747974
59,[0.13958596],0.514656777069544,0.37507081769425166
60,[0.185409],0.5466684679318126,0.3612594677494192
61,[0.87899934],0.38762615363781117,0.49137318267013186
62,[0.92937702],0.3662707948608144,0.5631062245660056
63,[0.01062384],0.5522345623964124,0.5416107205891109
64,[0.69794292],0.4391764623923719,0.2587664529559774
65,[0.27935563],0.5402108880868715,0.26085526022244465
66,[0.10591494],0.5522345623964124,0.44631962116086554
67,[0.50123952],0.5280740302551873,0.026834506371286482
68,[0.71126872],0.38762615363781117,0.32364257096321336
69,[0.24855164],0.5280740302551873,0.27952239235928134
