,0,1,2
0,[0.27213456],0.5402108880868715,0.26807632586794905
1,[0.59552388],0.4811804887464687,0.11434338762965912
2,[0.71226458],0.4782985973046022,0.2339659845858505
3,[0.54666847],0.3662707948608144,0.1803976730709982
4,[0.31938749],0.4811804887464687,0.16179300104902217
5,[0.11457108],0.573008913204869,0.4584378327964601
6,[0.75534806],0.514656777069544,0.24069127986392136
7,[0.58872907],0.47973954302553545,0.10898952229109371
8,[0.19319413],0.5420202385583216,0.348826106570868
9,[0.48118049],0.5341424591710293,0.052961970424560634
10,[0.27927637],0.5494515151641125,0.270175143560322
11,[0.87783719],0.3193874876974465,0.5584497064220926
12,[0.98190548],0.4000543274801416,0.5818511527348699
13,[0.10112319],0.5438295890297717,0.4427064024380899
14,[0.38762615],0.5522345623964124,0.16460840875860128
15,[0.10141889],0.49121000631518474,0.38979111449949344
16,[0.73889916],0.38762615363781117,0.351273010682818
17,[0.75927977],0.38762615363781117,0.3716536126307173
18,[0.20007715],0.5012395238839008,0.30116237523013023
19,[0.59825533],0.4000543274801416,0.19820099968741822
20,[0.57300891],0.4000543274801416,0.17295458572472744
21,[0.24431845],0.5466684679318126,0.30235001751243673
22,[0.88263531],0.4811804887464687,0.40145482145793576
23,[0.63897441],0.4782985973046022,0.16067581742781678
24,[0.28811778],0.5402108880868715,0.2520931118270868
25,[0.03648927],0.573008913204869,0.536519647556642
26,[0.4782986],0.5438295890297717,0.06553099172516952
27,[0.52807403],0.3662707948608144,0.1618032353943729
28,[0.60872047],0.4782985973046022,0.130421872593264
29,[0.59504397],0.4811804887464687,0.11386348267903146
30,[0.54021089],0.3193874876974465,0.22082340038942494
31,[0.54382959],0.4391764623923719,0.10465312663739984
32,[0.25023123],0.5012395238839008,0.2510082942937496
33,[0.31584532],0.5280740302551873,0.212228705930111
34,[0.09209775],0.5438295890297717,0.4517318377291831
35,[0.40005433],0.5438295890297717,0.14377526154963016
36,[0.03087315],0.5012395238839008,0.47036637192125985
37,[0.55223456],0.34282914127913044,0.209405421117282
38,[0.17762766],0.5522345623964124,0.374606905899713
39,[0.06668847],0.5012395238839008,0.43455105441743935
40,[0.6986566],0.4000543274801416,0.2986022722233529
41,[0.72287089],0.4000543274801416,0.3228165612367144
42,[0.90108218],0.4811804887464687,0.41990169056994364
43,[0.6982755],0.47973954302553545,0.21853595629081757
44,[0.21303379],0.5280740302551873,0.31504024200581404
45,[0.55821105],0.38762615363781117,0.1705849010738396
46,[0.60914011],0.3193874876974465,0.289752619895991
47,[0.36627079],0.5466684679318126,0.1803976730709982
48,[0.67566338],0.4000543274801416,0.27560905228375054
49,[0.07940838],0.5522345623964124,0.4728261858625664
50,[0.79264827],0.4782985973046022,0.31434967575572836
51,[0.084982],0.5582110547116508,0.4732290555022758
52,[0.84052523],0.4000543274801416,0.44047090294371494
53,[0.90056684],0.4782985973046022,0.42226824085249437
54,[0.04660003],0.5280740302551873,0.4814739960358684
55,[0.24169736],0.514656777069544,0.2729594186583334
56,[0.20614825],0.4811804887464687,0.27503223771762064
57,[0.87026624],0.4811804887464687,0.38908575067070894
58,[0.26506058],0.573008913204869,0.30794832951170803
59,[0.13958596],0.514656777069544,0.37507081769425166
60,[0.185409],0.5466684679318126,0.3612594677494192
61,[0.87899934],0.38762615363781117,0.49137318267013186
62,[0.92937702],0.37694847424931277,0.5524285451775072
63,[0.01062384],0.5522345623964124,0.5416107205891109
64,[0.69794292],0.4391764623923719,0.2587664529559774
65,[0.27935563],0.5402108880868715,0.26085526022244465
66,[0.10591494],0.5552228085540316,0.4493078673184847
67,[0.50123952],0.5031863137798948,0.00194678989599395
68,[0.71126872],0.38762615363781117,0.32364257096321336
69,[0.24855164],0.5280740302551873,0.27952239235928134
