,0,1,2
0,[0.27213456],0.5341424591710293,0.2620078969521069
1,[0.59552388],0.4782985973046022,0.11722527907152558
2,[0.71226458],0.4811804887464687,0.23108409314398404
3,[0.54666847],0.3662707948608144,0.1803976730709982
4,[0.31938749],0.4811804887464687,0.16179300104902217
5,[0.11457108],0.5438295890297717,0.42925850862136283
6,[0.75534806],0.5280740302551873,0.22727402667827812
7,[0.58872907],0.4391764623923719,0.14955260292425726
8,[0.19319413],0.5420202385583216,0.348826106570868
9,[0.48118049],0.5402108880868715,0.05903039934040277
10,[0.27927637],0.5452490284807922,0.26597265687700167
11,[0.87783719],0.3193874876974465,0.5584497064220926
12,[0.98190548],0.4782985973046022,0.5036068829104092
13,[0.10112319],0.5438295890297717,0.4427064024380899
14,[0.38762615],0.5225345564568362,0.13490840281902505
15,[0.10141889],0.4811804887464687,0.3797615969307774
16,[0.73889916],0.38762615363781117,0.351273010682818
17,[0.75927977],0.3662707948608144,0.39300897140771407
18,[0.20007715],0.5280740302551873,0.3279968816014167
19,[0.59825533],0.4000543274801416,0.19820099968741822
20,[0.57300891],0.4811804887464687,0.09182842445840034
21,[0.24431845],0.5438295890297717,0.2995111386103959
22,[0.88263531],0.4782985973046022,0.4043367128998022
23,[0.63897441],0.4000543274801416,0.23892008725227742
24,[0.28811778],0.5280740302551873,0.23995625399540266
25,[0.03648927],0.5494515151641125,0.5129622495158855
26,[0.4782986],0.5402108880868715,0.06191229078226923
27,[0.52807403],0.4782985973046022,0.04977543295058506
28,[0.60872047],0.4782985973046022,0.130421872593264
29,[0.59504397],0.4782985973046022,0.11674537412089792
30,[0.54021089],0.3193874876974465,0.22082340038942494
31,[0.54382959],0.4000543274801416,0.14377526154963016
32,[0.25023123],0.514656777069544,0.26442554747939284
33,[0.31584532],0.5280740302551873,0.212228705930111
34,[0.09209775],0.5438295890297717,0.4517318377291831
35,[0.40005433],0.5420202385583216,0.14196591107818002
36,[0.03087315],0.5341424591710293,0.5032693072083884
37,[0.55223456],0.37694847424931277,0.17528608814709967
38,[0.17762766],0.5522345623964124,0.374606905899713
39,[0.06668847],0.5012395238839008,0.43455105441743935
40,[0.6986566],0.4782985973046022,0.22035800239889225
41,[0.72287089],0.4782985973046022,0.24457229141225378
42,[0.90108218],0.4811804887464687,0.41990169056994364
43,[0.6982755],0.4782985973046022,0.2199769020117508
44,[0.21303379],0.5402108880868715,0.3271770998374982
45,[0.55821105],0.38762615363781117,0.1705849010738396
46,[0.60914011],0.4391764623923719,0.1699636452010656
47,[0.36627079],0.5466684679318126,0.1803976730709982
48,[0.67566338],0.47973954302553545,0.19592383673835667
49,[0.07940838],0.5438295890297717,0.4644212124959257
50,[0.79264827],0.4811804887464687,0.3114677843138619
51,[0.084982],0.5522345623964124,0.46725256318703745
52,[0.84052523],0.4000543274801416,0.44047090294371494
53,[0.90056684],0.47973954302553545,0.42082729513156114
54,[0.04660003],0.5280740302551873,0.4814739960358684
55,[0.24169736],0.5402108880868715,0.2985135296756608
56,[0.20614825],0.4811804887464687,0.27503223771762064
57,[0.87026624],0.4782985973046022,0.3919676421125754
58,[0.26506058],0.573008913204869,0.30794832951170803
59,[0.13958596],0.514656777069544,0.37507081769425166
60,[0.185409],0.5466684679318126,0.3612594677494192
61,[0.87899934],0.38762615363781117,0.49137318267013186
62,[0.92937702],0.38762615363781117,0.5417508657890088
63,[0.01062384],0.5438295890297717,0.5332057472224702
64,[0.69794292],0.4000543274801416,0.2978885878682077
65,[0.27935563],0.5402108880868715,0.26085526022244465
66,[0.10591494],0.5522345623964124,0.44631962116086554
67,[0.50123952],0.5280740302551873,0.026834506371286482
68,[0.71126872],0.38762615363781117,0.32364257096321336
69,[0.24855164],0.5280740302551873,0.27952239235928134
