,0,1,2
0,[0.03222652],0.4814001257215747,0.44917360986532323
1,[0.75792152],0.46299817742684624,0.2949233417852216
2,[0.80418564],0.46299817742684624,0.341187459447832
3,[0.84687793],0.43601735564443045,0.41086057140032906
4,[0.93505968],0.46299817742684624,0.47206150391780655
5,[0.81401768],0.35663635231681134,0.4573813244696785
6,[0.75544127],0.35663635231681134,0.3988049179297529
7,[0.91551615],0.4458067487668946,0.4697093996649286
8,[0.28962711],0.49559569423046435,0.20596858181253797
9,[0.0804901],0.5303785864900049,0.44988849117889484
10,[0.18111279],0.500688566264327,0.3195757733776712
11,[0.20848985],0.49559569423046435,0.2871058459156104
12,[0.35663635],0.500688566264327,0.14405221394751566
13,[0.86493454],0.35663635231681134,0.5082981899946996
14,[0.77510524],0.4458067487668946,0.32929848769831743
15,[0.86303526],0.43601735564443045,0.42701790692988884
16,[0.46299818],0.5303785864900049,0.06738040906315867
17,[0.00917546],0.4839207524949274,0.47474529583323555
18,[0.85125742],0.43601735564443045,0.41524006767803245
19,[0.12742481],0.49559569423046435,0.3681708845385996
20,[0.44562444],0.47431367187363704,0.028689235607916252
21,[0.39658322],0.5303785864900049,0.1337953679623597
22,[0.3442586],0.500688566264327,0.15642996878379656
23,[0.92323503],0.43601735564443045,0.48721766996155025
24,[0.88326003],0.46299817742684624,0.42026184806101086
25,[0.92112308],0.43601735564443045,0.48510572754114856
26,[0.83943034],0.46299817742684624,0.376432166406518
27,[0.35500209],0.500688566264327,0.14568647868134776
28,[0.15706221],0.4814001257215747,0.3243379109225592
29,[0.47866704],0.4485398297301004,0.030127215028268428
30,[0.04779632],0.500688566264327,0.4528922487042585
31,[0.88781563],0.35663635231681134,0.5311792778682628
32,[0.68649665],0.4458067487668946,0.24068990379726413
33,[0.68220071],0.3686140868777499,0.313586620552314
34,[0.82414833],0.35663635231681134,0.4675119727208966
35,[0.40107741],0.5303785864900049,0.12930117411765463
36,[0.78259899],0.46299817742684624,0.31960081558102704
37,[0.22262232],0.4839207524949274,0.26129843478383774
38,[0.34574095],0.49559569423046435,0.14985474112886066
39,[0.64514044],0.3686140868777499,0.27652634980249136
40,[0.36861409],0.49559569423046435,0.12698160735271447
41,[0.2197477],0.500688566264327,0.2809408636692614
42,[0.12971128],0.49559569423046435,0.3658844125600268
43,[0.22739509],0.4839207524949274,0.2565256628794771
44,[0.247357],0.5303785864900049,0.2830215875629932
45,[0.60112797],0.35663635231681134,0.2444916194362322
46,[0.90466028],0.3686140868777499,0.5360461921443893
47,[0.96947875],0.46299817742684624,0.5064805772041349
48,[0.34404399],0.500688566264327,0.15664457205575888
49,[0.12783481],0.49559569423046435,0.367760883238228
50,[0.68800475],0.35663635231681134,0.331368395700819
51,[0.38059415],0.4814001257215747,0.10080597543932085
52,[0.9294181],0.35663635231681134,0.5727817455861113
53,[0.22460011],0.500688566264327,0.2760884531478479
54,[0.19090771],0.5303785864900049,0.33947087678931764
55,[0.50195276],0.4458067487668946,0.05614600910198925
56,[0.76018919],0.46299817742684624,0.2971910123218555
57,[0.12023531],0.4839207524949274,0.3636854406757325
58,[0.41294645],0.4814001257215747,0.0684536729461544
59,[0.84471008],0.3686140868777499,0.4760959933726563
60,[0.88536576],0.3686140868777499,0.5167516689384353
61,[0.07126171],0.5303785864900049,0.45911687925706246
62,[0.53037859],0.46299817742684624,0.06738040906315867
63,[0.09691446],0.4814001257215747,0.3844856662213963
64,[0.71454516],0.3686140868777499,0.34593107404970413
65,[0.001104],0.49559569423046435,0.49449169658264625
66,[0.31509538],0.4814001257215747,0.16630474812882529
67,[0.41277344],0.4814001257215747,0.06862668077936324
68,[0.5652099],0.3686140868777499,0.19659581290039851
69,[0.63423325],0.43601735564443045,0.19821588936791656
70,[0.50068857],0.35663635231681134,0.14405221394751566
71,[0.98527535],0.3686140868777499,0.6166612605584253
72,[0.5561793],0.4458067487668946,0.11037255091344539
73,[0.8950617],0.4458067487668946,0.44925495250291586
74,[0.11157731],0.4814001257215747,0.3698228134957398
75,[0.10344518],0.4839207524949274,0.3804755727337402
76,[0.33562507],0.4839207524949274,0.14829568614809852
77,[0.61132438],0.46299817742684624,0.14832620325683032
78,[0.28993079],0.5303785864900049,0.24044780082697448
79,[0.05917398],0.5303785864900049,0.47120460582594714
80,[0.0456189],0.4814001257215747,0.43578122965648686
81,[0.35847235],0.4839207524949274,0.1254483980892217
82,[0.08478899],0.500688566264327,0.41589957255794063
83,[0.53409191],0.4458067487668946,0.0882851569261614
84,[0.4026363],0.5303785864900049,0.12774229055632857
85,[0.02742203],0.4839207524949274,0.4564987232585499
86,[0.48413321],0.4458067487668946,0.03832645791788597
87,[0.52221707],0.43601735564443045,0.08619971307970353
88,[0.42641028],0.4839207524949274,0.05751047747178728
89,[0.03191364],0.500688566264327,0.4687749275329026
90,[0.90451468],0.43601735564443045,0.4684973217415773
91,[0.36023559],0.49559569423046435,0.13536010719899938
92,[0.64666127],0.43601735564443045,0.21064391149461514
93,[0.7651043],0.46299817742684624,0.30210612257554303
94,[0.97776808],0.4458067487668946,0.5319613335949658
95,[0.12251103],0.5303785864900049,0.40786755703665467
96,[0.49559569],0.3686140868777499,0.12698160735271447
97,[0.68710509],0.35663635231681134,0.3304687355355115
