,0,1,2
0,[0.03222652],0.48413320668478055,0.4519066908285291
1,[0.75792152],0.4543113068462835,0.30361021236578434
2,[0.80418564],0.4195918599826758,0.38459377689200247
3,[0.84687793],0.4456244362657208,0.4012534907790387
4,[0.93505968],0.44470422622499317,0.4903554551196596
5,[0.81401768],0.4018568541530133,0.41216082263347653
6,[0.75544127],0.4129464527754203,0.34249481747114396
7,[0.91551615],0.4196783638992802,0.49583778453254296
8,[0.28962711],0.4456244362657208,0.1559973238477944
9,[0.0804901],0.46299817742684624,0.38250808211573617
10,[0.18111279],0.5019527578688838,0.320839964982228
11,[0.20848985],0.49559569423046435,0.2871058459156104
12,[0.35663635],0.4981421302473957,0.14150577793058433
13,[0.86493454],0.47866704475836885,0.38626749755314205
14,[0.77510524],0.4129464527754203,0.3621587836897917
15,[0.86303526],0.4264102750231401,0.4366249875511792
16,[0.46299818],0.43601735564443045,0.026980821782415787
17,[0.00917546],0.4456244362657208,0.43644897960402895
18,[0.85125742],0.41277344494221146,0.43848397838025144
19,[0.12742481],0.47866704475836885,0.3512422350665041
20,[0.44562444],0.46299817742684624,0.017373741161125444
21,[0.39658322],0.49559569423046435,0.09901247570281912
22,[0.3442586],0.46299817742684624,0.11873957994631579
23,[0.92323503],0.4456244362657208,0.4776105893402599
24,[0.88326003],0.4264102750231401,0.456849750464717
25,[0.92112308],0.4264102750231401,0.4947128081624389
26,[0.83943034],0.4264102750231401,0.41302006881022413
27,[0.35500209],0.47866704475836885,0.12366495717538961
28,[0.15706221],0.49559569423046435,0.33853347943144885
29,[0.47866704],0.4129464527754203,0.06572059198294855
30,[0.04779632],0.4264102750231401,0.3786139574630716
31,[0.88781563],0.4129464527754203,0.47486917740965384
32,[0.68649665],0.4456244362657208,0.2408722162984379
33,[0.68220071],0.4264102750231401,0.2557904324069238
34,[0.82414833],0.3644248369546074,0.45972348808310054
35,[0.40107741],0.46299817742684624,0.06192076505449595
36,[0.78259899],0.4456244362657208,0.3369745567421525
37,[0.22262232],0.47866704475836885,0.2560447270472792
38,[0.34574095],0.4981421302473957,0.152401177145792
39,[0.64514044],0.41277344494221146,0.23236699173802977
40,[0.36861409],0.49559569423046435,0.12698160735271447
41,[0.01830677],0.4981421302473957,0.47983535769311
42,[0.2197477],0.48413320668478055,0.26438550408971495
43,[0.12971128],0.49559569423046435,0.3658844125600268
44,[0.22739509],0.46299817742684624,0.23560308781139594
45,[0.247357],0.522217068724134,0.2748600697971223
46,[0.60112797],0.47866704475836885,0.1224609269946747
47,[0.90466028],0.4543113068462835,0.4503489721758557
48,[0.96947875],0.4264102750231401,0.543068479607841
49,[0.34404399],0.4543113068462835,0.11026731263771539
50,[0.12783481],0.48986445045762245,0.3620296394653861
51,[0.68800475],0.47866704475836885,0.2093377032592615
52,[0.38059415],0.47866704475836885,0.098072894476115
53,[0.9294181],0.4129464527754203,0.5164716451275023
54,[0.22460011],0.46299817742684624,0.23839806431036714
55,[0.19090771],0.5303785864900049,0.33947087678931764
56,[0.50195276],0.43601735564443045,0.06593540222445338
57,[0.19232496],0.4456244362657208,0.25329947943666253
58,[0.76018919],0.47866704475836885,0.2815221449903329
59,[0.12023531],0.4456244362657208,0.3253891244465259
60,[0.41294645],0.47866704475836885,0.06572059198294855
61,[0.84471008],0.46299817742684624,0.38171190282355993
62,[0.88536576],0.4456244362657208,0.43974131955046436
63,[0.07126171],0.5262978276070694,0.455036120374127
64,[0.53037859],0.4129464527754203,0.11743213371458461
65,[0.09691446],0.47866704475836885,0.38175258525819045
66,[0.71454516],0.40263629593367634,0.3119088649937777
67,[0.001104],0.47866704475836885,0.47756304711055075
68,[0.31509538],0.48413320668478055,0.16903782909203113
69,[0.41277344],0.4456244362657208,0.032850991323509326
70,[0.5652099],0.4264102750231401,0.1387996247550083
71,[0.63423325],0.46299817742684624,0.17123506758550078
72,[0.50068857],0.40263629593367634,0.09805227033065067
73,[0.98527535],0.4128599488588159,0.5724153985773592
74,[0.5561793],0.4456244362657208,0.11055486341461918
75,[0.8950617],0.4264102750231401,0.46865142624667033
76,[0.11157731],0.5019527578688838,0.39037544564304894
77,[0.10344518],0.500688566264327,0.39724338650313984
78,[0.33562507],0.47866704475836885,0.14304197841153998
79,[0.61132438],0.41277344494221146,0.1985509357414651
80,[0.28993079],0.48413320668478055,0.19420242102175012
81,[0.05917398],0.49559569423046435,0.4364217135664066
82,[0.0456189],0.47866704475836885,0.433048148693281
83,[0.35847235],0.47866704475836885,0.12019469035266317
84,[0.08478899],0.5019527578688838,0.41716376416249745
85,[0.53409191],0.4129464527754203,0.12114545291763568
86,[0.4026363],0.49559569423046435,0.09295939829678801
87,[0.02742203],0.46299817742684624,0.43557614819046875
88,[0.48413321],0.4456244362657208,0.03850877041905976
89,[0.52221707],0.4264102750231401,0.09580679370099388
90,[0.42641028],0.46299817742684624,0.03658790240370613
91,[0.03191364],0.46299817742684624,0.43108453869542185
92,[0.90451468],0.4129464527754203,0.49156822461058747
93,[0.36023559],0.49559569423046435,0.13536010719899938
94,[0.64666127],0.43601735564443045,0.21064391149461514
95,[0.7651043],0.4456244362657208,0.3194798637366685
96,[0.97776808],0.4456244362657208,0.5321436460961395
97,[0.12251103],0.5303785864900049,0.40786755703665467
98,[0.49559569],0.47866704475836885,0.01692864947209549
99,[0.68710509],0.49559569423046435,0.19150939362185848
