,0,1,2
0,[0.03222652],0.48413320668478055,0.4519066908285291
1,[0.75792152],0.46299817742684624,0.2949233417852216
2,[0.80418564],0.4077048704379439,0.39648076643673436
3,[0.84687793],0.4264102750231401,0.4204676520216194
4,[0.93505968],0.4456244362657208,0.489435245078932
5,[0.81401768],0.4010774123723503,0.41294026441413956
6,[0.75544127],0.4456244362657208,0.3098168339808435
7,[0.91551615],0.4128599488588159,0.5026561995730072
8,[0.28962711],0.4456244362657208,0.1559973238477944
9,[0.0804901],0.46299817742684624,0.38250808211573617
10,[0.18111279],0.500688566264327,0.3195757733776712
11,[0.20848985],0.48413320668478055,0.2756433583699266
12,[0.35663635],0.48413320668478055,0.1274968543679692
13,[0.86493454],0.46299817742684624,0.40193636488466467
14,[0.77510524],0.41277344494221146,0.36233179152300055
15,[0.86303526],0.4264102750231401,0.4366249875511792
16,[0.46299818],0.4456244362657208,0.017373741161125444
17,[0.00917546],0.4456244362657208,0.43644897960402895
18,[0.85125742],0.40263629593367634,0.44862112738878657
19,[0.12742481],0.47866704475836885,0.3512422350665041
20,[0.44562444],0.4264102750231401,0.019214161242580685
21,[0.39658322],0.48986445045762245,0.09328123192997723
22,[0.3442586],0.46299817742684624,0.11873957994631579
23,[0.92323503],0.4264102750231401,0.4968247505828406
24,[0.88326003],0.4129464527754203,0.4703135727124368
25,[0.92112308],0.41277344494221146,0.5083496382433675
26,[0.83943034],0.4196783638992802,0.41975197993408403
27,[0.35500209],0.47866704475836885,0.12366495717538961
28,[0.15706221],0.49559569423046435,0.33853347943144885
29,[0.47866704],0.4196783638992802,0.05898868085908865
30,[0.04779632],0.4264102750231401,0.3786139574630716
31,[0.88781563],0.4196783638992802,0.46813726628579394
32,[0.68649665],0.4456244362657208,0.2408722162984379
33,[0.68220071],0.4077048704379439,0.27449583699212
34,[0.82414833],0.4018568541530133,0.42229147088469465
35,[0.40107741],0.4456244362657208,0.04454702389337051
36,[0.78259899],0.4129464527754203,0.369652540232453
37,[0.22262232],0.47866704475836885,0.2560447270472792
38,[0.34574095],0.49559569423046435,0.14985474112886066
39,[0.64514044],0.4264102750231401,0.21873016165710113
40,[0.36861409],0.49559569423046435,0.12698160735271447
41,[0.01830677],0.5019527578688838,0.4836459853145981
42,[0.2197477],0.48413320668478055,0.26438550408971495
43,[0.12971128],0.49559569423046435,0.3658844125600268
44,[0.22739509],0.47866704475836885,0.25127195514291856
45,[0.247357],0.49559569423046435,0.24823869530345266
46,[0.60112797],0.47866704475836885,0.1224609269946747
47,[0.90466028],0.4456244362657208,0.4590358427564184
48,[0.96947875],0.4264102750231401,0.543068479607841
49,[0.34404399],0.46299817742684624,0.11895418321827811
50,[0.12783481],0.4814001257215747,0.35356531472933833
51,[0.68800475],0.46299817742684624,0.2250065705907841
52,[0.38059415],0.47866704475836885,0.098072894476115
53,[0.9294181],0.4128599488588159,0.5165581490441067
54,[0.22460011],0.47083261109260754,0.24623249797612845
55,[0.19090771],0.5019527578688838,0.31104504816819656
56,[0.50195276],0.4129464527754203,0.08900630509346352
57,[0.19232496],0.4456244362657208,0.25329947943666253
58,[0.76018919],0.46299817742684624,0.2971910123218555
59,[0.12023531],0.4456244362657208,0.3253891244465259
60,[0.41294645],0.47866704475836885,0.06572059198294855
61,[0.84471008],0.46299817742684624,0.38171190282355993
62,[0.88536576],0.43601735564443045,0.4493484001717547
63,[0.07126171],0.5120849132965088,0.4408232060635664
64,[0.53037859],0.4264102750231401,0.1039683114668648
65,[0.09691446],0.47866704475836885,0.38175258525819045
66,[0.71454516],0.4129464527754203,0.3015987081520337
67,[0.001104],0.47083261109260754,0.46972861344478944
68,[0.31509538],0.48413320668478055,0.16903782909203113
69,[0.41277344],0.4456244362657208,0.032850991323509326
70,[0.5652099],0.4264102750231401,0.1387996247550083
71,[0.63423325],0.46299817742684624,0.17123506758550078
72,[0.50068857],0.41277344494221146,0.08791512132211554
73,[0.98527535],0.4128599488588159,0.5724153985773592
74,[0.5561793],0.4456244362657208,0.11055486341461918
75,[0.8950617],0.4264102750231401,0.46865142624667033
76,[0.11157731],0.5019527578688838,0.39037544564304894
77,[0.10344518],0.47866704475836885,0.3752218649971817
78,[0.33562507],0.47866704475836885,0.14304197841153998
79,[0.61132438],0.41277344494221146,0.1985509357414651
80,[0.28993079],0.47866704475836885,0.18873625909533842
81,[0.05917398],0.47866704475836885,0.4194930640943111
82,[0.0456189],0.47866704475836885,0.433048148693281
83,[0.35847235],0.47083261109260754,0.11236025668690186
84,[0.08478899],0.5019527578688838,0.41716376416249745
85,[0.53409191],0.4196783638992802,0.11441354179377577
86,[0.4026363],0.48986445045762245,0.08722815452394611
87,[0.02742203],0.46299817742684624,0.43557614819046875
88,[0.48413321],0.4456244362657208,0.03850877041905976
89,[0.52221707],0.4264102750231401,0.09580679370099388
90,[0.42641028],0.47083261109260754,0.04442233606946744
91,[0.03191364],0.46299817742684624,0.43108453869542185
92,[0.90451468],0.4264102750231401,0.47810440236286766
93,[0.36023559],0.49559569423046435,0.13536010719899938
94,[0.64666127],0.4264102750231401,0.2202509921159055
95,[0.7651043],0.4456244362657208,0.3194798637366685
96,[0.97776808],0.4456244362657208,0.5321436460961395
97,[0.12251103],0.5013206620666054,0.3788096326132552
98,[0.49559569],0.4456244362657208,0.049971257964743554
99,[0.68710509],0.4456244362657208,0.24148065158660204
