,0,1,2
0,[0.03222652],0.48413320668478055,0.4519066908285291
1,[0.75792152],0.4543113068462835,0.30361021236578434
2,[0.80418564],0.40263629593367634,0.4015493409410019
3,[0.84687793],0.41277344494221146,0.43410448210254804
4,[0.93505968],0.4196783638992802,0.5153813174453725
5,[0.81401768],0.4077048704379439,0.40631280634854594
6,[0.75544127],0.4456244362657208,0.3098168339808435
7,[0.91551615],0.41277344494221146,0.5027427034896117
8,[0.28962711],0.4456244362657208,0.1559973238477944
9,[0.0804901],0.47866704475836885,0.3981769494472588
10,[0.18111279],0.48413320668478055,0.3030204137981247
11,[0.20848985],0.47866704475836885,0.2701771964435149
12,[0.35663635],0.49559569423046435,0.138959341913653
13,[0.86493454],0.4543113068462835,0.4106232354652274
14,[0.77510524],0.4129464527754203,0.3621587836897917
15,[0.86303526],0.4129464527754203,0.450088809798899
16,[0.46299818],0.4456244362657208,0.017373741161125444
17,[0.00917546],0.4456244362657208,0.43644897960402895
18,[0.85125742],0.4129464527754203,0.4383109705470426
19,[0.12742481],0.46299817742684624,0.3355733677349815
20,[0.44562444],0.46299817742684624,0.017373741161125444
21,[0.39658322],0.46299817742684624,0.06641495889920102
22,[0.3442586],0.46299817742684624,0.11873957994631579
23,[0.92323503],0.4264102750231401,0.4968247505828406
24,[0.88326003],0.4129464527754203,0.4703135727124368
25,[0.92112308],0.41277344494221146,0.5083496382433675
26,[0.83943034],0.4264102750231401,0.41302006881022413
27,[0.35500209],0.46299817742684624,0.107996089843867
28,[0.15706221],0.500688566264327,0.3436263514653115
29,[0.47866704],0.4196783638992802,0.05898868085908865
30,[0.04779632],0.4456244362657208,0.39782811870565227
31,[0.88781563],0.4264102750231401,0.46140535516193404
32,[0.68649665],0.4456244362657208,0.2408722162984379
33,[0.68220071],0.4010774123723503,0.2811232950577136
34,[0.82414833],0.40263629593367634,0.4215120291040316
35,[0.40107741],0.47866704475836885,0.07758963238601857
36,[0.78259899],0.4456244362657208,0.3369745567421525
37,[0.22262232],0.48413320668478055,0.2615108889736909
38,[0.34574095],0.48413320668478055,0.13839225358317686
39,[0.64514044],0.41277344494221146,0.23236699173802977
40,[0.36861409],0.48413320668478055,0.11551911980703067
41,[0.01830677],0.49559569423046435,0.47728892167617865
42,[0.2197477],0.48986445045762245,0.27011674786255685
43,[0.12971128],0.48413320668478055,0.354421925014343
44,[0.22739509],0.46299817742684624,0.23560308781139594
45,[0.247357],0.500688566264327,0.2533315673373153
46,[0.60112797],0.4456244362657208,0.15550353548732276
47,[0.90466028],0.46299817742684624,0.44166210159529296
48,[0.96947875],0.4129464527754203,0.5565323018555608
49,[0.34404399],0.46299817742684624,0.11895418321827811
50,[0.12783481],0.49559569423046435,0.367760883238228
51,[0.68800475],0.46299817742684624,0.2250065705907841
52,[0.38059415],0.47866704475836885,0.098072894476115
53,[0.9294181],0.40263629593367634,0.5267818019692463
54,[0.22460011],0.47866704475836885,0.25406693164188976
55,[0.19090771],0.49559569423046435,0.3046879845297771
56,[0.50195276],0.4264102750231401,0.07554248284574372
57,[0.19232496],0.47866704475836885,0.2863420879293106
58,[0.76018919],0.4543113068462835,0.30587788290241824
59,[0.12023531],0.47866704475836885,0.35843173293917396
60,[0.41294645],0.48413320668478055,0.07118675390936025
61,[0.84471008],0.4456244362657208,0.3990856439846854
62,[0.88536576],0.41277344494221146,0.4725923108739737
63,[0.07126171],0.49559569423046435,0.4243339869975219
64,[0.53037859],0.4129464527754203,0.11743213371458461
65,[0.09691446],0.47083261109260754,0.37391815159242914
66,[0.71454516],0.4196783638992802,0.2948667970281738
67,[0.001104],0.46299817742684624,0.46189417977902814
68,[0.31509538],0.47866704475836885,0.16357166716561944
69,[0.41277344],0.4543113068462835,0.04153786190407205
70,[0.5652099],0.4264102750231401,0.1387996247550083
71,[0.63423325],0.46299817742684624,0.17123506758550078
72,[0.50068857],0.40263629593367634,0.09805227033065067
73,[0.98527535],0.40263629593367634,0.5826390515024988
74,[0.5561793],0.4456244362657208,0.11055486341461918
75,[0.8950617],0.4264102750231401,0.46865142624667033
76,[0.11157731],0.500688566264327,0.3891112540384921
77,[0.10344518],0.4456244362657208,0.3421792565045336
78,[0.33562507],0.47866704475836885,0.14304197841153998
79,[0.61132438],0.4264102750231401,0.18491410566053645
80,[0.28993079],0.46299817742684624,0.1730673917638158
81,[0.05917398],0.47866704475836885,0.4194930640943111
82,[0.0456189],0.47866704475836885,0.433048148693281
83,[0.35847235],0.47866704475836885,0.12019469035266317
84,[0.08478899],0.500688566264327,0.41589957255794063
85,[0.53409191],0.4129464527754203,0.12114545291763568
86,[0.4026363],0.48413320668478055,0.08149691075110421
87,[0.02742203],0.4456244362657208,0.4182024070293433
88,[0.48413321],0.4129464527754203,0.07118675390936025
89,[0.52221707],0.4128599488588159,0.1093571198653181
90,[0.42641028],0.4814001257215747,0.054989850698434595
91,[0.03191364],0.4456244362657208,0.4137107975342964
92,[0.90451468],0.4264102750231401,0.47810440236286766
93,[0.36023559],0.47866704475836885,0.11843145772690389
94,[0.64666127],0.4129464527754203,0.2337148143636253
95,[0.7651043],0.4264102750231401,0.33869402497924916
96,[0.97776808],0.4196783638992802,0.5580897184625802
97,[0.12251103],0.5019527578688838,0.3794417284155336
98,[0.49559569],0.4456244362657208,0.049971257964743554
99,[0.68710509],0.4456244362657208,0.24148065158660204
