,0,1,2
0,[0.03222652],0.47866704475836885,0.4464405289021174
1,[0.75792152],0.4456244362657208,0.31229708294634706
2,[0.80418564],0.40263629593367634,0.4015493409410019
3,[0.84687793],0.41277344494221146,0.43410448210254804
4,[0.93505968],0.4264102750231401,0.5086494063215127
5,[0.81401768],0.41277344494221146,0.4012442318442784
6,[0.75544127],0.4456244362657208,0.3098168339808435
7,[0.91551615],0.41277344494221146,0.5027427034896117
8,[0.28962711],0.4456244362657208,0.1559973238477944
9,[0.0804901],0.47866704475836885,0.3981769494472588
10,[0.18111279],0.48413320668478055,0.3030204137981247
11,[0.20848985],0.47083261109260754,0.2623427627777536
12,[0.35663635],0.48986445045762245,0.1332280981408111
13,[0.86493454],0.4456244362657208,0.4193101060457901
14,[0.77510524],0.4129464527754203,0.3621587836897917
15,[0.86303526],0.4196783638992802,0.4433568986750391
16,[0.46299818],0.4456244362657208,0.017373741161125444
17,[0.00917546],0.4543113068462835,0.4451358501845917
18,[0.85125742],0.4129464527754203,0.4383109705470426
19,[0.12742481],0.47866704475836885,0.3512422350665041
20,[0.44562444],0.46299817742684624,0.017373741161125444
21,[0.39658322],0.48413320668478055,0.08754998815713533
22,[0.3442586],0.46299817742684624,0.11873957994631579
23,[0.92323503],0.4264102750231401,0.4968247505828406
24,[0.88326003],0.4129464527754203,0.4703135727124368
25,[0.92112308],0.41277344494221146,0.5083496382433675
26,[0.83943034],0.4264102750231401,0.41302006881022413
27,[0.35500209],0.46299817742684624,0.107996089843867
28,[0.15706221],0.49559569423046435,0.33853347943144885
29,[0.47866704],0.4264102750231401,0.05225676973522875
30,[0.04779632],0.46299817742684624,0.4152018598667777
31,[0.88781563],0.4196783638992802,0.46813726628579394
32,[0.68649665],0.4264102750231401,0.2600863775410186
33,[0.68220071],0.4010774123723503,0.2811232950577136
34,[0.82414833],0.41277344494221146,0.4113748800954965
35,[0.40107741],0.48413320668478055,0.08305579431243026
36,[0.78259899],0.4456244362657208,0.3369745567421525
37,[0.22262232],0.48413320668478055,0.2615108889736909
38,[0.34574095],0.48413320668478055,0.13839225358317686
39,[0.64514044],0.41277344494221146,0.23236699173802977
40,[0.36861409],0.48413320668478055,0.11551911980703067
41,[0.01830677],0.4981421302473957,0.47983535769311
42,[0.2197477],0.4981421302473957,0.2783944276523301
43,[0.12971128],0.4814001257215747,0.35168884405113715
44,[0.22739509],0.46299817742684624,0.23560308781139594
45,[0.247357],0.4981421302473957,0.250785131320384
46,[0.60112797],0.47866704475836885,0.1224609269946747
47,[0.90466028],0.46299817742684624,0.44166210159529296
48,[0.96947875],0.4129464527754203,0.5565323018555608
49,[0.34404399],0.46299817742684624,0.11895418321827811
50,[0.12783481],0.49559569423046435,0.367760883238228
51,[0.68800475],0.46299817742684624,0.2250065705907841
52,[0.38059415],0.47866704475836885,0.098072894476115
53,[0.9294181],0.40263629593367634,0.5267818019692463
54,[0.22460011],0.47083261109260754,0.24623249797612845
55,[0.19090771],0.49559569423046435,0.3046879845297771
56,[0.50195276],0.4264102750231401,0.07554248284574372
57,[0.19232496],0.47866704475836885,0.2863420879293106
58,[0.76018919],0.4456244362657208,0.31456475348298096
59,[0.12023531],0.47866704475836885,0.35843173293917396
60,[0.41294645],0.47866704475836885,0.06572059198294855
61,[0.84471008],0.4456244362657208,0.3990856439846854
62,[0.88536576],0.4196783638992802,0.46568739191690495
63,[0.07126171],0.49559569423046435,0.4243339869975219
64,[0.53037859],0.4129464527754203,0.11743213371458461
65,[0.09691446],0.47866704475836885,0.38175258525819045
66,[0.71454516],0.4264102750231401,0.2881348859043139
67,[0.001104],0.46299817742684624,0.46189417977902814
68,[0.31509538],0.47866704475836885,0.16357166716561944
69,[0.41277344],0.46299817742684624,0.05022473248463477
70,[0.5652099],0.4264102750231401,0.1387996247550083
71,[0.63423325],0.46299817742684624,0.17123506758550078
72,[0.50068857],0.41277344494221146,0.08791512132211554
73,[0.98527535],0.41277344494221146,0.5725019024939637
74,[0.5561793],0.4456244362657208,0.11055486341461918
75,[0.8950617],0.4264102750231401,0.46865142624667033
76,[0.11157731],0.500688566264327,0.3891112540384921
77,[0.10344518],0.47866704475836885,0.3752218649971817
78,[0.33562507],0.47866704475836885,0.14304197841153998
79,[0.61132438],0.4129464527754203,0.19837792790825626
80,[0.28993079],0.47083261109260754,0.1809018254295771
81,[0.05917398],0.47866704475836885,0.4194930640943111
82,[0.0456189],0.47866704475836885,0.433048148693281
83,[0.35847235],0.47866704475836885,0.12019469035266317
84,[0.08478899],0.500688566264327,0.41589957255794063
85,[0.53409191],0.4264102750231401,0.10768163066991587
86,[0.4026363],0.49559569423046435,0.09295939829678801
87,[0.02742203],0.46299817742684624,0.43557614819046875
88,[0.48413321],0.4129464527754203,0.07118675390936025
89,[0.52221707],0.4129464527754203,0.10927061594871368
90,[0.42641028],0.47866704475836885,0.05225676973522875
91,[0.03191364],0.4456244362657208,0.4137107975342964
92,[0.90451468],0.4264102750231401,0.47810440236286766
93,[0.36023559],0.47866704475836885,0.11843145772690389
94,[0.64666127],0.4129464527754203,0.2337148143636253
95,[0.7651043],0.4264102750231401,0.33869402497924916
96,[0.97776808],0.4264102750231401,0.5513578073387202
97,[0.12251103],0.500688566264327,0.37817753681097677
98,[0.49559569],0.4456244362657208,0.049971257964743554
99,[0.68710509],0.4456244362657208,0.24148065158660204
