,0,1,2
0,[0.03222652],0.4930429822768322,0.4608164664205807
1,[0.75792152],0.5303785864900049,0.22754293272206294
2,[0.80418564],0.40263629593367634,0.4015493409410019
3,[0.84687793],0.522217068724134,0.3246608583206255
4,[0.93505968],0.43797231510113327,0.4970873662435195
5,[0.81401768],0.4458067487668946,0.36821092801959526
6,[0.75544127],0.38059415028225385,0.3748471199643104
7,[0.91551615],0.4128599488588159,0.5026561995730072
8,[0.28962711],0.4987742260496741,0.2091471136317477
9,[0.0804901],0.5477942431340767,0.4673041478229666
10,[0.18111279],0.5657532791215243,0.38464048623486846
11,[0.20848985],0.5290660287746118,0.3205761804597579
12,[0.35663635],0.583168935765596,0.22653258344878469
13,[0.86493454],0.4981421302473957,0.3667924120641152
14,[0.77510524],0.4128599488588159,0.3622452876063961
15,[0.86303526],0.4456244362657208,0.4174108263085985
16,[0.46299818],0.40263629593367634,0.0603618814931699
17,[0.00917546],0.4264102750231401,0.41723481836144827
18,[0.85125742],0.43601735564443045,0.41524006767803245
19,[0.12742481],0.46299817742684624,0.3355733677349815
20,[0.44562444],0.5019527578688838,0.056328321603163034
21,[0.39658322],0.46299817742684624,0.06641495889920102
22,[0.3442586],0.47866704475836885,0.1344084472778384
23,[0.92323503],0.4456244362657208,0.4776105893402599
24,[0.88326003],0.43797231510113327,0.4452877103867238
25,[0.92112308],0.4543113068462835,0.4668117763392955
26,[0.83943034],0.46299817742684624,0.376432166406518
27,[0.35500209],0.500688566264327,0.14568647868134776
28,[0.15706221],0.49559569423046435,0.33853347943144885
29,[0.47866704],0.4128599488588159,0.06580709589955297
30,[0.04779632],0.47866704475836885,0.43087072719830033
31,[0.88781563],0.4981421302473957,0.38967349993767847
32,[0.68649665],0.4456244362657208,0.2408722162984379
33,[0.68220071],0.4328172366802613,0.2493834707498026
34,[0.82414833],0.35663635231681134,0.4675119727208966
35,[0.40107741],0.4129464527754203,0.01186904040307002
36,[0.78259899],0.46299817742684624,0.31960081558102704
37,[0.22262232],0.46299817742684624,0.2403758597157566
38,[0.34574095],0.5477942431340767,0.20205329003247297
39,[0.64514044],0.4456244362657208,0.19951600041452044
40,[0.36861409],0.4987742260496741,0.1301601391719242
41,[0.01830677],0.55617929968034,0.5378725271260543
42,[0.2197477],0.47866704475836885,0.25891934216330326
43,[0.12971128],0.49559569423046435,0.3658844125600268
44,[0.22739509],0.4456244362657208,0.2182293466502705
45,[0.247357],0.5657532791215243,0.3183962801945126
46,[0.60112797],0.5161656721794443,0.08496229957359924
47,[0.90466028],0.4456244362657208,0.4590358427564184
48,[0.96947875],0.46299817742684624,0.5064805772041349
49,[0.34404399],0.47866704475836885,0.13462305054980073
50,[0.12783481],0.5304027970043064,0.40256798601207
51,[0.68800475],0.4070119325738853,0.28099281544374505
52,[0.38059415],0.47866704475836885,0.098072894476115
53,[0.9294181],0.47083261109260754,0.4585854868103151
54,[0.22460011],0.38858868440494954,0.16398857128847044
55,[0.19090771],0.5657532791215243,0.374845569420837
56,[0.50195276],0.48413320668478055,0.017819551184103277
57,[0.19232496],0.3916152231079651,0.19929026627890684
58,[0.76018919],0.5303785864900049,0.22981060325869684
59,[0.12023531],0.43601735564443045,0.31578204382523556
60,[0.41294645],0.47866704475836885,0.06572059198294855
61,[0.84471008],0.4328172366802613,0.4118928435701449
62,[0.88536576],0.49559569423046435,0.3897700615857208
63,[0.07126171],0.5657532791215243,0.49449157188858184
64,[0.53037859],0.46299817742684624,0.06738040906315867
65,[0.09691446],0.47866704475836885,0.38175258525819045
66,[0.71454516],0.4456244362657208,0.2689207246617332
67,[0.001104],0.47866704475836885,0.47756304711055075
68,[0.31509538],0.49559569423046435,0.18050031663771493
69,[0.41277344],0.4456244362657208,0.032850991323509326
70,[0.5652099],0.49559569423046435,0.06961420554768405
71,[0.63423325],0.522217068724134,0.11201617628821303
72,[0.50068857],0.38059415028225385,0.12009441598207315
73,[0.98527535],0.4458067487668946,0.5394685986692807
74,[0.5561793],0.4456244362657208,0.11055486341461918
75,[0.8950617],0.4128599488588159,0.48220175241099456
76,[0.11157731],0.534091905693056,0.4225145934672211
77,[0.10344518],0.43601735564443045,0.3325721758832433
78,[0.33562507],0.5262978276070694,0.19067276126024058
79,[0.61132438],0.4129464527754203,0.19837792790825626
80,[0.28993079],0.5477942431340767,0.2578634574710462
81,[0.05917398],0.46299817742684624,0.40382419676278847
82,[0.0456189],0.47866704475836885,0.433048148693281
83,[0.35847235],0.43601735564443045,0.07754500123872476
84,[0.08478899],0.5657532791215243,0.4809642854151379
85,[0.53409191],0.39668379761223266,0.13740810808082332
86,[0.4026363],0.5432789430851724,0.1406426471514961
87,[0.02742203],0.4264102750231401,0.3989882457867626
88,[0.48413321],0.38059415028225385,0.1035390564025267
89,[0.52221707],0.3965832185276452,0.12563385019648876
90,[0.42641028],0.42919894060396613,0.002788665580826022
91,[0.03191364],0.47866704475836885,0.44675340602694447
92,[0.90451468],0.41277344494221146,0.4917412324437963
93,[0.36023559],0.5290660287746118,0.16883044174314688
94,[0.64666127],0.43601735564443045,0.21064391149461514
95,[0.7651043],0.43797231510113327,0.327131984901256
96,[0.97776808],0.48413320668478055,0.49363487567707975
97,[0.12251103],0.5657532791215243,0.44324224966817405
98,[0.49559569],0.5290660287746118,0.033470334544147495
99,[0.68710509],0.5161656721794443,0.17093941567287851
