,0,1,2
0,[0.03222652],0.48413320668478055,0.4519066908285291
1,[0.75792152],0.4456244362657208,0.31229708294634706
2,[0.80418564],0.41277344494221146,0.3914121919324668
3,[0.84687793],0.4129464527754203,0.4339314742693392
4,[0.93505968],0.43601735564443045,0.49904232570022233
5,[0.81401768],0.4128599488588159,0.40115772792767396
6,[0.75544127],0.4456244362657208,0.3098168339808435
7,[0.91551615],0.4129464527754203,0.5025696956564029
8,[0.28962711],0.4456244362657208,0.1559973238477944
9,[0.0804901],0.47866704475836885,0.3981769494472588
10,[0.18111279],0.48413320668478055,0.3030204137981247
11,[0.20848985],0.47866704475836885,0.2701771964435149
12,[0.35663635],0.47866704475836885,0.12203069244155751
13,[0.86493454],0.46299817742684624,0.40193636488466467
14,[0.77510524],0.4128599488588159,0.3622452876063961
15,[0.86303526],0.40263629593367634,0.46039896664064295
16,[0.46299818],0.4456244362657208,0.017373741161125444
17,[0.00917546],0.46299817742684624,0.4538227207651544
18,[0.85125742],0.4129464527754203,0.4383109705470426
19,[0.12742481],0.48413320668478055,0.3567083969929158
20,[0.44562444],0.46299817742684624,0.017373741161125444
21,[0.39658322],0.46299817742684624,0.06641495889920102
22,[0.3442586],0.47866704475836885,0.1344084472778384
23,[0.92323503],0.4264102750231401,0.4968247505828406
24,[0.88326003],0.40263629593367634,0.48062372955418076
25,[0.92112308],0.4129464527754203,0.5081766304101587
26,[0.83943034],0.4456244362657208,0.39380590756764344
27,[0.35500209],0.47866704475836885,0.12366495717538961
28,[0.15706221],0.48986445045762245,0.33280223565860695
29,[0.47866704],0.4456244362657208,0.03304260849264806
30,[0.04779632],0.48413320668478055,0.436336889124712
31,[0.88781563],0.4264102750231401,0.46140535516193404
32,[0.68649665],0.4264102750231401,0.2600863775410186
33,[0.68220071],0.4010774123723503,0.2811232950577136
34,[0.82414833],0.41277344494221146,0.4113748800954965
35,[0.40107741],0.49559569423046435,0.09451828185811406
36,[0.78259899],0.46299817742684624,0.31960081558102704
37,[0.22262232],0.48413320668478055,0.2615108889736909
38,[0.34574095],0.49559569423046435,0.14985474112886066
39,[0.64514044],0.4264102750231401,0.21873016165710113
40,[0.36861409],0.47866704475836885,0.11005295788061897
41,[0.01830677],0.500688566264327,0.4823817937100413
42,[0.2197477],0.500688566264327,0.2809408636692614
43,[0.12971128],0.47866704475836885,0.3489557630879313
44,[0.22739509],0.47866704475836885,0.25127195514291856
45,[0.247357],0.49559569423046435,0.24823869530345266
46,[0.60112797],0.4128599488588159,0.18826802289422767
47,[0.90466028],0.46299817742684624,0.44166210159529296
48,[0.96947875],0.43601735564443045,0.5334613989865507
49,[0.34404399],0.4264102750231401,0.08236628081457198
50,[0.12783481],0.49559569423046435,0.367760883238228
51,[0.68800475],0.46299817742684624,0.2250065705907841
52,[0.38059415],0.47866704475836885,0.098072894476115
53,[0.9294181],0.3965832185276452,0.5328348793752774
54,[0.22460011],0.47866704475836885,0.25406693164188976
55,[0.19090771],0.49559569423046435,0.3046879845297771
56,[0.50195276],0.4128599488588159,0.08909280901006794
57,[0.19232496],0.46299817742684624,0.270673220597788
58,[0.76018919],0.4129464527754203,0.34724273697328145
59,[0.12023531],0.47866704475836885,0.35843173293917396
60,[0.41294645],0.47866704475836885,0.06572059198294855
61,[0.84471008],0.46299817742684624,0.38171190282355993
62,[0.88536576],0.4196783638992802,0.46568739191690495
63,[0.07126171],0.49559569423046435,0.4243339869975219
64,[0.53037859],0.4264102750231401,0.1039683114668648
65,[0.09691446],0.48413320668478055,0.38721874718460214
66,[0.71454516],0.4264102750231401,0.2881348859043139
67,[0.001104],0.46299817742684624,0.46189417977902814
68,[0.31509538],0.47866704475836885,0.16357166716561944
69,[0.41277344],0.4456244362657208,0.032850991323509326
70,[0.5652099],0.4264102750231401,0.1387996247550083
71,[0.63423325],0.4456244362657208,0.18860880874662622
72,[0.50068857],0.4129464527754203,0.0877421134889067
73,[0.98527535],0.41277344494221146,0.5725019024939637
74,[0.5561793],0.4264102750231401,0.12976902465719986
75,[0.8950617],0.4264102750231401,0.46865142624667033
76,[0.11157731],0.47866704475836885,0.36708973253253396
77,[0.10344518],0.48986445045762245,0.3864192706964353
78,[0.33562507],0.47866704475836885,0.14304197841153998
79,[0.61132438],0.4196783638992802,0.19164601678439636
80,[0.28993079],0.47866704475836885,0.18873625909533842
81,[0.05917398],0.46299817742684624,0.40382419676278847
82,[0.0456189],0.46299817742684624,0.4173792813617584
83,[0.35847235],0.46299817742684624,0.10452582302114055
84,[0.08478899],0.500688566264327,0.41589957255794063
85,[0.53409191],0.4456244362657208,0.08846746942733519
86,[0.4026363],0.49559569423046435,0.09295939829678801
87,[0.02742203],0.46299817742684624,0.43557614819046875
88,[0.48413321],0.4456244362657208,0.03850877041905976
89,[0.52221707],0.4264102750231401,0.09580679370099388
90,[0.42641028],0.48413320668478055,0.05772293166164044
91,[0.03191364],0.4543113068462835,0.4223976681148591
92,[0.90451468],0.4456244362657208,0.458890241120287
93,[0.36023559],0.46299817742684624,0.10276259039538127
94,[0.64666127],0.4264102750231401,0.2202509921159055
95,[0.7651043],0.4128599488588159,0.3522443511435734
96,[0.97776808],0.4196783638992802,0.5580897184625802
97,[0.12251103],0.500688566264327,0.37817753681097677
98,[0.49559569],0.4621457405120448,0.03344995371841952
99,[0.68710509],0.4456244362657208,0.24148065158660204
