,0,1,2
0,[0.03222652],0.5019527578688838,0.46972624201263236
1,[0.75792152],0.46299817742684624,0.2949233417852216
2,[0.80418564],0.43601735564443045,0.3681682812302478
3,[0.84687793],0.522217068724134,0.3246608583206255
4,[0.93505968],0.4129464527754203,0.5221132285692325
5,[0.81401768],0.4129464527754203,0.40107122401106954
6,[0.75544127],0.38059415028225385,0.3748471199643104
7,[0.91551615],0.4129464527754203,0.5025696956564029
8,[0.28962711],0.49559569423046435,0.20596858181253797
9,[0.0804901],0.46299817742684624,0.38250808211573617
10,[0.18111279],0.6011279717530436,0.42001517886638773
11,[0.20848985],0.55617929968034,0.347689451365486
12,[0.35663635],0.5019527578688838,0.14531640555207248
13,[0.86493454],0.47866704475836885,0.38626749755314205
14,[0.77510524],0.4264102750231401,0.3486949614420719
15,[0.86303526],0.41277344494221146,0.4502618176321078
16,[0.46299818],0.3965832185276452,0.06641495889920102
17,[0.00917546],0.4264102750231401,0.41723481836144827
18,[0.85125742],0.4264102750231401,0.4248471482993228
19,[0.12742481],0.4814001257215747,0.35397531602970994
20,[0.44562444],0.49559569423046435,0.049971257964743554
21,[0.39658322],0.4792969358286553,0.08271371730101007
22,[0.3442586],0.4264102750231401,0.08215167754260966
23,[0.92323503],0.46299817742684624,0.46023684817913446
24,[0.88326003],0.43797231510113327,0.4452877103867238
25,[0.92112308],0.4456244362657208,0.4754986469198582
26,[0.83943034],0.4543113068462835,0.3851190369870807
27,[0.35500209],0.47083261109260754,0.1158305235096283
28,[0.15706221],0.5019527578688838,0.3448905430698683
29,[0.47866704],0.38059415028225385,0.098072894476115
30,[0.04779632],0.4129464527754203,0.3651501352153518
31,[0.88781563],0.4264102750231401,0.46140535516193404
32,[0.68649665],0.4456244362657208,0.2408722162984379
33,[0.68220071],0.4456244362657208,0.2365762711643431
34,[0.82414833],0.35500208758297924,0.4691462374547287
35,[0.40107741],0.46299817742684624,0.06192076505449595
36,[0.78259899],0.46299817742684624,0.31960081558102704
37,[0.22262232],0.46299817742684624,0.2403758597157566
38,[0.34574095],0.5129871403602346,0.16724618725863094
39,[0.64514044],0.43601735564443045,0.2091230810358108
40,[0.36861409],0.49559569423046435,0.12698160735271447
41,[0.01830677],0.49559569423046435,0.47728892167617865
42,[0.2197477],0.47866704475836885,0.25891934216330326
43,[0.12971128],0.4981421302473957,0.3684308485769581
44,[0.22739509],0.5004420567412514,0.2730469671258011
45,[0.247357],0.5303785864900049,0.2830215875629932
46,[0.60112797],0.500688566264327,0.10043940548871655
47,[0.90466028],0.41277344494221146,0.4918868340799277
48,[0.96947875],0.47866704475836885,0.49081170987261225
49,[0.34404399],0.4196783638992802,0.07563436969071208
50,[0.12783481],0.49559569423046435,0.367760883238228
51,[0.68800475],0.4458067487668946,0.24219799925073576
52,[0.38059415],0.47866704475836885,0.098072894476115
53,[0.9294181],0.38858868440494954,0.5408294134979731
54,[0.22460011],0.38858868440494954,0.16398857128847044
55,[0.19090771],0.6011279717530436,0.4102202620523563
56,[0.50195276],0.48413320668478055,0.017819551184103277
57,[0.19232496],0.43601735564443045,0.2436923988153722
58,[0.76018919],0.4966883819584256,0.2635008077902762
59,[0.12023531],0.4456244362657208,0.3253891244465259
60,[0.41294645],0.500688566264327,0.0877421134889067
61,[0.84471008],0.4456244362657208,0.3990856439846854
62,[0.88536576],0.49559569423046435,0.3897700615857208
63,[0.07126171],0.5303785864900049,0.45911687925706246
64,[0.53037859],0.4264102750231401,0.1039683114668648
65,[0.09691446],0.4814001257215747,0.3844856662213963
66,[0.71454516],0.4543113068462835,0.2602338540811705
67,[0.001104],0.4129464527754203,0.4118424551276022
68,[0.31509538],0.48413320668478055,0.16903782909203113
69,[0.41277344],0.48413320668478055,0.07135976174256908
70,[0.5652099],0.4456244362657208,0.1195854635124276
71,[0.63423325],0.47866704475836885,0.15556620025397816
72,[0.50068857],0.38059415028225385,0.12009441598207315
73,[0.98527535],0.4456244362657208,0.5396509111704544
74,[0.5561793],0.4456244362657208,0.11055486341461918
75,[0.8950617],0.4264102750231401,0.46865142624667033
76,[0.11157731],0.5303785864900049,0.41880127426417
77,[0.10344518],0.5019527578688838,0.39850757810769666
78,[0.33562507],0.47866704475836885,0.14304197841153998
79,[0.61132438],0.4010774123723503,0.21024696831132628
80,[0.28993079],0.4792969358286553,0.18936615016562486
81,[0.05917398],0.5303785864900049,0.47120460582594714
82,[0.0456189],0.47866704475836885,0.433048148693281
83,[0.35847235],0.4456244362657208,0.08715208186001511
84,[0.08478899],0.6011279717530436,0.5163389780466572
85,[0.53409191],0.4129464527754203,0.12114545291763568
86,[0.4026363],0.49559569423046435,0.09295939829678801
87,[0.02742203],0.4456244362657208,0.4182024070293433
88,[0.48413321],0.4196783638992802,0.06445484278550034
89,[0.52221707],0.4264102750231401,0.09580679370099388
90,[0.42641028],0.46299817742684624,0.03658790240370613
91,[0.03191364],0.46299817742684624,0.43108453869542185
92,[0.90451468],0.4264102750231401,0.47810440236286766
93,[0.36023559],0.49559569423046435,0.13536010719899938
94,[0.64666127],0.48413320668478055,0.16252806045426504
95,[0.7651043],0.4792969358286553,0.285807364173734
96,[0.97776808],0.48413320668478055,0.49363487567707975
97,[0.12251103],0.5303785864900049,0.40786755703665467
98,[0.49559569],0.4456244362657208,0.049971257964743554
99,[0.68710509],0.5013206620666054,0.1857844257857174
