,0,1,2
0,[0.03222652],0.5303785864900049,0.49815207063375344
1,[0.75792152],0.46299817742684624,0.2949233417852216
2,[0.80418564],0.4456244362657208,0.35856120060895746
3,[0.84687793],0.5013206620666054,0.3455572649781541
4,[0.93505968],0.43797231510113327,0.4970873662435195
5,[0.81401768],0.4077913743545483,0.4062263024319415
6,[0.75544127],0.38059415028225385,0.3748471199643104
7,[0.91551615],0.4129464527754203,0.5025696956564029
8,[0.28962711],0.49559569423046435,0.20596858181253797
9,[0.0804901],0.46299817742684624,0.38250808211573617
10,[0.18111279],0.6011279717530436,0.42001517886638773
11,[0.20848985],0.5290660287746118,0.3205761804597579
12,[0.35663635],0.500688566264327,0.14405221394751566
13,[0.86493454],0.47866704475836885,0.38626749755314205
14,[0.77510524],0.4264102750231401,0.3486949614420719
15,[0.86303526],0.4264102750231401,0.4366249875511792
16,[0.46299818],0.39883031544999775,0.06416786197684848
17,[0.00917546],0.4264102750231401,0.41723481836144827
18,[0.85125742],0.4196783638992802,0.4315790594231827
19,[0.12742481],0.47866704475836885,0.3512422350665041
20,[0.44562444],0.4610029846268022,0.015378548361081434
21,[0.39658322],0.49559569423046435,0.09901247570281912
22,[0.3442586],0.44470422622499317,0.10044562874446272
23,[0.92323503],0.47866704475836885,0.44456798084761184
24,[0.88326003],0.4792969358286553,0.4039630896592018
25,[0.92112308],0.4456244362657208,0.4754986469198582
26,[0.83943034],0.46299817742684624,0.376432166406518
27,[0.35500209],0.47866704475836885,0.12366495717538961
28,[0.15706221],0.49559569423046435,0.33853347943144885
29,[0.47866704],0.38059415028225385,0.098072894476115
30,[0.04779632],0.44470422622499317,0.39690790866492465
31,[0.88781563],0.4129464527754203,0.47486917740965384
32,[0.68649665],0.4129464527754203,0.2735501997887384
33,[0.68220071],0.4456244362657208,0.2365762711643431
34,[0.82414833],0.35500208758297924,0.4691462374547287
35,[0.40107741],0.522217068724134,0.1211396563517837
36,[0.78259899],0.43797231510113327,0.34462667790674
37,[0.22262232],0.46299817742684624,0.2403758597157566
38,[0.34574095],0.5303785864900049,0.18463763338840122
39,[0.64514044],0.41277344494221146,0.23236699173802977
40,[0.36861409],0.49559569423046435,0.12698160735271447
41,[0.01830677],0.49559569423046435,0.47728892167617865
42,[0.2197477],0.47866704475836885,0.25891934216330326
43,[0.12971128],0.49559569423046435,0.3658844125600268
44,[0.22739509],0.47083261109260754,0.24343752147715725
45,[0.247357],0.5303785864900049,0.2830215875629932
46,[0.60112797],0.500688566264327,0.10043940548871655
47,[0.90466028],0.4195918599826758,0.4850684190394634
48,[0.96947875],0.47083261109260754,0.49864614353837355
49,[0.34404399],0.4264102750231401,0.08236628081457198
50,[0.12783481],0.49559569423046435,0.367760883238228
51,[0.68800475],0.4458067487668946,0.24219799925073576
52,[0.38059415],0.47866704475836885,0.098072894476115
53,[0.9294181],0.38059415028225385,0.5488239476206688
54,[0.22460011],0.38858868440494954,0.16398857128847044
55,[0.19090771],0.6011279717530436,0.4102202620523563
56,[0.50195276],0.4621457405120448,0.039807017356839
57,[0.19232496],0.4456244362657208,0.25329947943666253
58,[0.76018919],0.46299817742684624,0.2971910123218555
59,[0.12023531],0.4264102750231401,0.3061749632039452
60,[0.41294645],0.500688566264327,0.0877421134889067
61,[0.84471008],0.4456244362657208,0.3990856439846854
62,[0.88536576],0.49559569423046435,0.3897700615857208
63,[0.07126171],0.5303785864900049,0.45911687925706246
64,[0.53037859],0.46299817742684624,0.06738040906315867
65,[0.09691446],0.48413320668478055,0.38721874718460214
66,[0.71454516],0.4456244362657208,0.2689207246617332
67,[0.001104],0.4129464527754203,0.4118424551276022
68,[0.31509538],0.4814001257215747,0.16630474812882529
69,[0.41277344],0.4456244362657208,0.032850991323509326
70,[0.5652099],0.48413320668478055,0.08107669309336785
71,[0.63423325],0.4456244362657208,0.18860880874662622
72,[0.50068857],0.37460411858000187,0.12608444768432514
73,[0.98527535],0.4264102750231401,0.5588650724130351
74,[0.5561793],0.4456244362657208,0.11055486341461918
75,[0.8950617],0.4264102750231401,0.46865142624667033
76,[0.11157731],0.5019527578688838,0.39037544564304894
77,[0.10344518],0.47866704475836885,0.3752218649971817
78,[0.33562507],0.47866704475836885,0.14304197841153998
79,[0.61132438],0.39883031544999775,0.2124940652336788
80,[0.28993079],0.49559569423046435,0.2056649085674339
81,[0.05917398],0.5303785864900049,0.47120460582594714
82,[0.0456189],0.47866704475836885,0.433048148693281
83,[0.35847235],0.47866704475836885,0.12019469035266317
84,[0.08478899],0.5657532791215243,0.4809642854151379
85,[0.53409191],0.41277344494221146,0.12131846075084451
86,[0.4026363],0.500688566264327,0.09805227033065067
87,[0.02742203],0.46299817742684624,0.43557614819046875
88,[0.48413321],0.4128599488588159,0.07127325782596466
89,[0.52221707],0.4264102750231401,0.09580679370099388
90,[0.42641028],0.46299817742684624,0.03658790240370613
91,[0.03191364],0.46299817742684624,0.43108453869542185
92,[0.90451468],0.4264102750231401,0.47810440236286766
93,[0.36023559],0.49559569423046435,0.13536010719899938
94,[0.64666127],0.4264102750231401,0.2202509921159055
95,[0.7651043],0.46299817742684624,0.30210612257554303
96,[0.97776808],0.47866704475836885,0.49910103760349145
97,[0.12251103],0.5303785864900049,0.40786755703665467
98,[0.49559569],0.48413320668478055,0.011462487545683797
99,[0.68710509],0.5013206620666054,0.1857844257857174
