,0,1,2
0,[0.03222652],0.5013206620666054,0.46909414621035395
1,[0.75792152],0.46299817742684624,0.2949233417852216
2,[0.80418564],0.43601735564443045,0.3681682812302478
3,[0.84687793],0.49559569423046435,0.35128223281429516
4,[0.93505968],0.4196783638992802,0.5153813174453725
5,[0.81401768],0.4018568541530133,0.41216082263347653
6,[0.75544127],0.4129464527754203,0.34249481747114396
7,[0.91551615],0.4129464527754203,0.5025696956564029
8,[0.28962711],0.4871313694944166,0.19750425707649022
9,[0.0804901],0.47866704475836885,0.3981769494472588
10,[0.18111279],0.5161656721794443,0.3350528792927885
11,[0.20848985],0.500688566264327,0.29219871794947305
12,[0.35663635],0.500688566264327,0.14405221394751566
13,[0.86493454],0.47866704475836885,0.38626749755314205
14,[0.77510524],0.4196783638992802,0.3554268725659318
15,[0.86303526],0.4264102750231401,0.4366249875511792
16,[0.46299818],0.4129464527754203,0.05005172465142593
17,[0.00917546],0.4264102750231401,0.41723481836144827
18,[0.85125742],0.41277344494221146,0.43848397838025144
19,[0.12742481],0.47866704475836885,0.3512422350665041
20,[0.44562444],0.48413320668478055,0.03850877041905976
21,[0.39658322],0.500688566264327,0.10410534773668179
22,[0.3442586],0.46299817742684624,0.11873957994631579
23,[0.92323503],0.4543113068462835,0.4689237187596972
24,[0.88326003],0.4792969358286553,0.4039630896592018
25,[0.92112308],0.43601735564443045,0.48510572754114856
26,[0.83943034],0.43601735564443045,0.4034129881889338
27,[0.35500209],0.47866704475836885,0.12366495717538961
28,[0.15706221],0.49559569423046435,0.33853347943144885
29,[0.47866704],0.4069254286572809,0.07174161610108798
30,[0.04779632],0.46299817742684624,0.4152018598667777
31,[0.88781563],0.4196783638992802,0.46813726628579394
32,[0.68649665],0.4456244362657208,0.2408722162984379
33,[0.68220071],0.4456244362657208,0.2365762711643431
34,[0.82414833],0.3575543533612585,0.46659397167644945
35,[0.40107741],0.47866704475836885,0.07758963238601857
36,[0.78259899],0.46299817742684624,0.31960081558102704
37,[0.22262232],0.48413320668478055,0.2615108889736909
38,[0.34574095],0.5303785864900049,0.18463763338840122
39,[0.64514044],0.41277344494221146,0.23236699173802977
40,[0.36861409],0.48986445045762245,0.12125036357987257
41,[0.01830677],0.49559569423046435,0.47728892167617865
42,[0.2197477],0.47866704475836885,0.25891934216330326
43,[0.12971128],0.49559569423046435,0.3658844125600268
44,[0.22739509],0.47866704475836885,0.25127195514291856
45,[0.247357],0.5303785864900049,0.2830215875629932
46,[0.60112797],0.4981421302473957,0.10298584150564788
47,[0.90466028],0.4456244362657208,0.4590358427564184
48,[0.96947875],0.46299817742684624,0.5064805772041349
49,[0.34404399],0.4456244362657208,0.10158044205715266
50,[0.12783481],0.49559569423046435,0.367760883238228
51,[0.68800475],0.47866704475836885,0.2093377032592615
52,[0.38059415],0.47866704475836885,0.098072894476115
53,[0.9294181],0.3965832185276452,0.5328348793752774
54,[0.22460011],0.4456244362657208,0.2210243231492417
55,[0.19090771],0.5303785864900049,0.33947087678931764
56,[0.50195276],0.4456244362657208,0.056328321603163034
57,[0.19232496],0.4543113068462835,0.26198635001722526
58,[0.76018919],0.46299817742684624,0.2971910123218555
59,[0.12023531],0.4264102750231401,0.3061749632039452
60,[0.41294645],0.500688566264327,0.0877421134889067
61,[0.84471008],0.4456244362657208,0.3990856439846854
62,[0.88536576],0.48413320668478055,0.4012325491314046
63,[0.07126171],0.5303785864900049,0.45911687925706246
64,[0.53037859],0.4196783638992802,0.1107002225907247
65,[0.09691446],0.47866704475836885,0.38175258525819045
66,[0.71454516],0.43601735564443045,0.27852780528302357
67,[0.001104],0.4456244362657208,0.4445204386179027
68,[0.31509538],0.47866704475836885,0.16357166716561944
69,[0.41277344],0.4621457405120448,0.04937229556983336
70,[0.5652099],0.4456244362657208,0.1195854635124276
71,[0.63423325],0.4456244362657208,0.18860880874662622
72,[0.50068857],0.38858868440494954,0.11209988185937747
73,[0.98527535],0.4129464527754203,0.5723288946607549
74,[0.5561793],0.4456244362657208,0.11055486341461918
75,[0.8950617],0.4264102750231401,0.46865142624667033
76,[0.11157731],0.5019527578688838,0.39037544564304894
77,[0.10344518],0.48413320668478055,0.3806880269235934
78,[0.33562507],0.47866704475836885,0.14304197841153998
79,[0.61132438],0.4010774123723503,0.21024696831132628
80,[0.28993079],0.48986445045762245,0.19993366479459201
81,[0.05917398],0.522217068724134,0.4630430880600762
82,[0.0456189],0.47866704475836885,0.433048148693281
83,[0.35847235],0.48413320668478055,0.12566085227907486
84,[0.08478899],0.522217068724134,0.4374280750177476
85,[0.53409191],0.4264102750231401,0.10768163066991587
86,[0.4026363],0.49559569423046435,0.09295939829678801
87,[0.02742203],0.46299817742684624,0.43557614819046875
88,[0.48413321],0.4264102750231401,0.05772293166164044
89,[0.52221707],0.4264102750231401,0.09580679370099388
90,[0.42641028],0.47083261109260754,0.04442233606946744
91,[0.03191364],0.47866704475836885,0.44675340602694447
92,[0.90451468],0.4196783638992802,0.48483631348672757
93,[0.36023559],0.49559569423046435,0.13536010719899938
94,[0.64666127],0.4264102750231401,0.2202509921159055
95,[0.7651043],0.4543113068462835,0.31079299315610576
96,[0.97776808],0.47866704475836885,0.49910103760349145
97,[0.12251103],0.5303785864900049,0.40786755703665467
98,[0.49559569],0.4456244362657208,0.049971257964743554
99,[0.68710509],0.500688566264327,0.18641652158799582
