,0,1,2
0,[0.03222652],0.5019527578688838,0.46972624201263236
1,[0.75792152],0.46299817742684624,0.2949233417852216
2,[0.80418564],0.43601735564443045,0.3681682812302478
3,[0.84687793],0.4456244362657208,0.4012534907790387
4,[0.93505968],0.4196783638992802,0.5153813174453725
5,[0.81401768],0.38059415028225385,0.433423526504236
6,[0.75544127],0.4456244362657208,0.3098168339808435
7,[0.91551615],0.4129464527754203,0.5025696956564029
8,[0.28962711],0.4456244362657208,0.1559973238477944
9,[0.0804901],0.47866704475836885,0.3981769494472588
10,[0.18111279],0.500688566264327,0.3195757733776712
11,[0.20848985],0.500688566264327,0.29219871794947305
12,[0.35663635],0.500688566264327,0.14405221394751566
13,[0.86493454],0.47866704475836885,0.38626749755314205
14,[0.77510524],0.4129464527754203,0.3621587836897917
15,[0.86303526],0.4129464527754203,0.450088809798899
16,[0.46299818],0.4456244362657208,0.017373741161125444
17,[0.00917546],0.4264102750231401,0.41723481836144827
18,[0.85125742],0.41277344494221146,0.43848397838025144
19,[0.12742481],0.47866704475836885,0.3512422350665041
20,[0.44562444],0.4735656920558134,0.0279412557900926
21,[0.39658322],0.49559569423046435,0.09901247570281912
22,[0.3442586],0.47866704475836885,0.1344084472778384
23,[0.92323503],0.4456244362657208,0.4776105893402599
24,[0.88326003],0.4129464527754203,0.4703135727124368
25,[0.92112308],0.4264102750231401,0.4947128081624389
26,[0.83943034],0.4264102750231401,0.41302006881022413
27,[0.35500209],0.47866704475836885,0.12366495717538961
28,[0.15706221],0.48986445045762245,0.33280223565860695
29,[0.47866704],0.4129464527754203,0.06572059198294855
30,[0.04779632],0.4264102750231401,0.3786139574630716
31,[0.88781563],0.4129464527754203,0.47486917740965384
32,[0.68649665],0.4456244362657208,0.2408722162984379
33,[0.68220071],0.4456244362657208,0.2365762711643431
34,[0.82414833],0.36023558703146497,0.463912738006243
35,[0.40107741],0.47866704475836885,0.07758963238601857
36,[0.78259899],0.46299817742684624,0.31960081558102704
37,[0.22262232],0.48986445045762245,0.2672421327465328
38,[0.34574095],0.5019527578688838,0.15621180476728014
39,[0.64514044],0.41277344494221146,0.23236699173802977
40,[0.36861409],0.49559569423046435,0.12698160735271447
41,[0.01830677],0.49559569423046435,0.47728892167617865
42,[0.2197477],0.48413320668478055,0.26438550408971495
43,[0.12971128],0.48986445045762245,0.3601531687871849
44,[0.22739509],0.47083261109260754,0.24343752147715725
45,[0.247357],0.5114528174942305,0.26409581856721887
46,[0.60112797],0.47866704475836885,0.1224609269946747
47,[0.90466028],0.46299817742684624,0.44166210159529296
48,[0.96947875],0.4264102750231401,0.543068479607841
49,[0.34404399],0.43601735564443045,0.09197336143586232
50,[0.12783481],0.49559569423046435,0.367760883238228
51,[0.68800475],0.4814001257215747,0.20660462229605564
52,[0.38059415],0.47866704475836885,0.098072894476115
53,[0.9294181],0.3996097572306608,0.5298083406722618
54,[0.22460011],0.46299817742684624,0.23839806431036714
55,[0.19090771],0.5303785864900049,0.33947087678931764
56,[0.50195276],0.4456244362657208,0.056328321603163034
57,[0.19232496],0.4456244362657208,0.25329947943666253
58,[0.76018919],0.46299817742684624,0.2971910123218555
59,[0.12023531],0.4264102750231401,0.3061749632039452
60,[0.41294645],0.48413320668478055,0.07118675390936025
61,[0.84471008],0.46299817742684624,0.38171190282355993
62,[0.88536576],0.4456244362657208,0.43974131955046436
63,[0.07126171],0.5303785864900049,0.45911687925706246
64,[0.53037859],0.4196783638992802,0.1107002225907247
65,[0.09691446],0.47866704475836885,0.38175258525819045
66,[0.71454516],0.4264102750231401,0.2881348859043139
67,[0.001104],0.46299817742684624,0.46189417977902814
68,[0.31509538],0.48413320668478055,0.16903782909203113
69,[0.41277344],0.4456244362657208,0.032850991323509326
70,[0.5652099],0.4456244362657208,0.1195854635124276
71,[0.63423325],0.46299817742684624,0.17123506758550078
72,[0.50068857],0.3965832185276452,0.10410534773668179
73,[0.98527535],0.4128599488588159,0.5724153985773592
74,[0.5561793],0.4456244362657208,0.11055486341461918
75,[0.8950617],0.4264102750231401,0.46865142624667033
76,[0.11157731],0.5019527578688838,0.39037544564304894
77,[0.10344518],0.500688566264327,0.39724338650313984
78,[0.33562507],0.48413320668478055,0.14850814033795168
79,[0.61132438],0.4010774123723503,0.21024696831132628
80,[0.28993079],0.49559569423046435,0.2056649085674339
81,[0.05917398],0.4871313694944166,0.42795738883035883
82,[0.0456189],0.47866704475836885,0.433048148693281
83,[0.35847235],0.4814001257215747,0.12292777131586902
84,[0.08478899],0.5120849132965088,0.4272959195901225
85,[0.53409191],0.4264102750231401,0.10768163066991587
86,[0.4026363],0.4981421302473957,0.09550583431371934
87,[0.02742203],0.4543113068462835,0.426889277609906
88,[0.48413321],0.4456244362657208,0.03850877041905976
89,[0.52221707],0.4264102750231401,0.09580679370099388
90,[0.42641028],0.4456244362657208,0.019214161242580685
91,[0.03191364],0.46299817742684624,0.43108453869542185
92,[0.90451468],0.4129464527754203,0.49156822461058747
93,[0.36023559],0.49559569423046435,0.13536010719899938
94,[0.64666127],0.4264102750231401,0.2202509921159055
95,[0.7651043],0.4456244362657208,0.3194798637366685
96,[0.97776808],0.47866704475836885,0.49910103760349145
97,[0.12251103],0.5303785864900049,0.40786755703665467
98,[0.49559569],0.43601735564443045,0.0595783385860339
99,[0.68710509],0.500688566264327,0.18641652158799582
