,0,1,2
0,[0.54547015],0.3785588367053916,0.043229899090181156
1,[0.17186532],0.4636129608269718,0.2810982476731707
2,[0.85293181],0.49927917675194156,0.3074616584517891
3,[0.18022341],0.5867134141163757,0.40847663933020295
4,[0.58870005],0.36991285688735537,0.043229899090181156
5,[0.1207749],0.5147033751570795,0.33218866200327846
6,[0.55469875],0.3644355738208387,0.01737560261623583
7,[0.08202618],0.684910646871702,0.5066738720855293
8,[0.99270517],0.6700769454522728,0.4224172995412706
9,[0.25271926],0.5675915673703564,0.4779661640033672
10,[0.53296001],0.36094054353405064,0.2787351431286038
11,[0.24209363],0.3933846501670296,0.21086993701322854
12,[0.41762074],0.3986377888216598,0.15102013160989025
13,[0.86794548],0.5824841090306643,0.34456445621434806
14,[0.28633024],0.4895553098241816,0.2823106295938098
15,[0.13769966],0.7567734315564253,0.6095132234791845
16,[0.0507936],0.7250919485776588,0.5178472683472869
17,[0.92829087],0.5670819033575143,0.36821528758230715
18,[0.77995014],0.43051552800356063,0.21987455821052326
19,[0.69447451],0.41306728447527236,0.17109348125688384
20,[0.95343867],0.5997860346603555,0.40796851636020304
21,[0.93194228],0.5707333109461962,0.37186669517098914
22,[0.20739954],0.6129112915277692,0.52328588816078
23,[0.22335698],0.4121212934238237,0.22960658027002256
24,[0.99751836],0.6748901356466313,0.42723048973562905
25,[0.4920633],0.37580287217919334,0.07657756589402498
26,[0.22577487],0.5945359542077506,0.5049105508407613
27,[0.98771616],0.6650879329188621,0.41742828700785994
28,[0.75659074],0.584571271282924,0.5023658708774772
29,[0.58258299],0.37001242190904576,0.05920196327778926
30,[0.56602715],0.4460683398753865,0.18118573571978758
31,[0.37184337],0.4183315348887676,0.2168566764457548
32,[0.45296356],0.2994955410500132,0.1987386923396457
33,[0.81726831],0.5318069311446281,0.29388727832831185
34,[0.10200653],0.5334717499195636,0.3509570367657625
35,[0.91715646],0.631695090177199,0.39377543736088283
36,[0.04387119],0.8506019078689968,0.703341699791756
37,[0.5745486],0.4443640503739454,0.1684035644589803
38,[0.18049899],0.5953865641532978,0.38814188392292603
39,[0.63570166],0.46368219446645764,0.38147679406101076
40,[0.89414345],0.5404908137797486,0.348673295479596
41,[0.65555994],0.4835404708041923,0.4013350703987455
42,[0.25422487],0.3812534054934468,0.1987386923396457
43,[0.59657902],0.4245595494068434,0.3423541490013966
44,[0.91987718],0.5972489460897702,0.3495893001787679
45,[0.77454108],0.42727008792527066,0.21446549141337334
46,[0.29099454],0.603478550259867,0.45621834218262614
47,[0.68682978],0.3746433078807717,0.08289854130212604
48,[0.43332139],0.38698943608248876,0.2973640327154995
