,0,1,2
0,[0.54547015],0.27836244858415615,0.029078447925978357
1,[0.17186532],0.6897795220353589,0.41683473509148294
2,[0.85293181],0.5199508518747364,0.28690465803301557
3,[0.18022341],0.6527989302719365,0.39432518816600015
4,[0.58870005],0.342553662917806,0.043229899090181156
5,[0.1207749],0.5880756451817085,0.44525225075018304
6,[0.55469875],0.2198405131618281,0.0626354456735072
7,[0.08202618],0.5665669299875,0.4925224209213265
8,[0.99270517],0.6527957177528037,0.500641869959918
9,[0.25271926],0.3552471024086491,0.32986372949695175
10,[0.53296001],0.31206449011169984,0.04158858546515132
11,[0.8921391],0.5128009777831696,0.3466689464561479
12,[0.24209363],0.4011875550348322,0.31260512476859537
13,[0.41762074],0.3590856644019149,0.16496225183040814
14,[0.86794548],0.4705399678960913,0.3287304015744167
15,[0.28633024],0.3095705315917331,0.3102487782796761
16,[0.13769966],0.5601853589457209,0.4283274877593969
17,[0.0507936],0.7988407117780434,0.5317893885678048
18,[0.92829087],0.47123778137150507,0.3735921211534673
19,[0.77995014],0.37892417944423723,0.2054015432829408
20,[0.69447451],0.4481064049365959,0.12844735742859248
21,[0.95343867],0.6888641127068865,0.4613753626064745
22,[0.93194228],0.6709003517955971,0.398982265708558
23,[0.20739954],0.42863623840928017,0.3472992132133289
24,[0.22335698],0.4137052704939941,0.3370059685211583
25,[0.99751836],0.5757024275781473,0.46455835144717794
26,[0.4920633],0.32386233567004535,0.09051968611454286
27,[0.22577487],0.5388223970571013,0.34025227688484794
28,[0.98771616],0.6398966225782248,0.43822257974043566
29,[0.75659074],0.40978987717512305,0.22363072774887338
30,[0.58258299],0.3990783307230442,0.07007133176099356
31,[0.56602715],0.3613398693282425,0.04726042354190929
32,[0.37184337],0.44395420989456175,0.19418377777434714
33,[0.45296356],0.3592138811416593,0.11306358874690459
34,[0.81726831],0.5192841961183078,0.28430829245796696
35,[0.10200653],0.5138621577971505,0.4640206255126671
36,[0.91715646],0.44233192233627444,0.371686313951365
37,[0.04387119],0.7220405330601795,0.5387118035214663
38,[0.5745486],0.23358899942748054,0.008034391942293051
39,[0.18049899],0.6104969798766083,0.4020840041434439
40,[0.63570166],0.3672745311104132,0.21023059854470866
41,[0.89414345],0.4208389376898321,0.348673295479596
42,[0.65555994],0.33739895210731385,0.11008978973096872
43,[0.25422487],0.33557278835462273,0.2958595803813946
44,[0.59657902],0.45202931737497715,0.1436154566617509
45,[0.91987718],0.572778061407908,0.3869171618903168
46,[0.77454108],0.3573482371911475,0.2198423249845335
47,[0.29099454],0.3376013239428762,0.29158844591233646
48,[0.68682978],0.17123428564873072,0.13674532462398659
49,[0.43332139],0.2560061227379623,0.13270575875958612
