,0,1,2
0,[0.54547015],0.2716873484597694,0.029078447925978357
1,[0.17186532],0.6657748422249747,0.4107176758695732
2,[0.85293181],0.6174403543725349,0.28690465803301557
3,[0.18022341],0.6113361960435382,0.40847663933020295
4,[0.58870005],0.2736508540914171,0.028337099167176527
5,[0.1207749],0.4165414256552279,0.4339238497586453
6,[0.55469875],0.16971825562101062,0.00922859942723575
7,[0.08202618],0.6256789456120055,0.4925224209213265
8,[0.99270517],0.6402686286181022,0.4597451612528195
9,[0.25271926],0.419680214325019,0.32986372949695175
10,[0.53296001],0.31166362030701017,0.01251013753917296
11,[0.8921391],0.46585410302087393,0.35917908399532084
12,[0.24209363],0.47380186963608645,0.32819424951373555
13,[0.41762074],0.4383112118033127,0.17196026606308235
14,[0.86794548],0.4441137629140176,0.31324673337759446
15,[0.28633024],0.49983633067447536,0.2962527498143277
16,[0.13769966],0.5109198673238912,0.4283274877593969
17,[0.0507936],0.7158536369700967,0.5317893885678048
18,[0.92829087],0.47123778137150507,0.38282072058070304
19,[0.77995014],0.3928486815993361,0.21958719128591453
20,[0.69447451],0.43647933722473564,0.13977575842013024
21,[0.95343867],0.6353866678867764,0.40796851636020304
22,[0.93194228],0.42667785058836055,0.398982265708558
23,[0.20739954],0.41767157867309257,0.3472992132133289
24,[0.22335698],0.40147465740054306,0.351191616524132
25,[0.99751836],0.6450362168693768,0.46455835144717794
26,[0.4920633],0.38036093839830504,0.08248529417224981
27,[0.22577487],0.5388223970571013,0.3289238758933102
28,[0.98771616],0.6725959497736728,0.49565285742650733
29,[0.75659074],0.2715480144450009,0.22363072774887338
30,[0.58258299],0.37525248473159695,0.09051968611454286
31,[0.56602715],0.34795079614837154,0.011328400991537757
32,[0.37184337],0.36701594166125,0.202705225281552
33,[0.45296356],0.3389306270362506,0.11306358874690459
34,[0.81726831],0.5192841961183078,0.271798154918794
35,[0.10200653],0.4626107680365913,0.4640206255126671
36,[0.91715646],0.44233192233627444,0.38419645149053794
37,[0.04387119],0.5951406277462319,0.544828862743376
38,[0.5745486],0.3379525767468422,0.008521447507204849
39,[0.18049899],0.5680198712618361,0.385528164693946
40,[0.63570166],0.3211242805570665,0.142739876326886
41,[0.89414345],0.19586187469087862,0.3394446960523603
42,[0.65555994],0.40388994676078144,0.1054754900173509
43,[0.25422487],0.3419118818547941,0.3004738800950125
44,[0.59657902],0.3046873190867589,0.10451571457989128
45,[0.91987718],0.616224090419619,0.3869171618903168
46,[0.77454108],0.3424597240479744,0.22907092441176924
47,[0.29099454],0.47413146025501496,0.29158844591233646
48,[0.68682978],0.2364815020889243,0.13674532462398659
49,[0.43332139],0.2560061227379623,0.13270575875958612
