,0,1,2
0,[0.54547015],0.3751450354730162,0.029078447925978357
1,[0.17186532],0.5232855615816018,0.40268328392728014
2,[0.85293181],0.430795574007926,0.29256885852878445
3,[0.18022341],0.567822551503721,0.4023595801082932
4,[0.58870005],0.2964895149455524,0.02267289867140765
5,[0.1207749],0.44223382993364657,0.44525225075018304
6,[0.55469875],0.2485868737628672,0.011328400991537757
7,[0.08202618],0.5768214083520199,0.4925224209213265
8,[0.99270517],0.7175824229048302,0.44723502371364654
9,[0.25271926],0.5732518570040718,0.3359807887188615
10,[0.53296001],0.2796612759317941,0.040896708707098495
11,[0.8921391],0.5270358533012633,0.35917908399532084
12,[0.24209363],0.47380186963608645,0.33647216923848444
13,[0.41762074],0.38635442039637213,0.16496225183040814
14,[0.86794548],0.5078831150060301,0.31324673337759446
15,[0.28633024],0.47915065595907497,0.2962527498143277
16,[0.13769966],0.5587510043125712,0.43684893526660173
17,[0.0507936],0.7384663547194776,0.5317893885678048
18,[0.92829087],0.3834289274535531,0.3890757893502895
19,[0.77995014],0.42145942361810446,0.2252513917816834
20,[0.69447451],0.3043357758796642,0.149004357847366
21,[0.95343867],0.433251180881612,0.40796851636020304
22,[0.93194228],0.45836931070924525,0.398982265708558
23,[0.20739954],0.3360778754010519,0.3472992132133289
24,[0.22335698],0.5309797206093304,0.351191616524132
25,[0.99751836],0.531174924789485,0.46455835144717794
26,[0.4920633],0.3441377967048599,0.08248529417224981
27,[0.22577487],0.39177481400798625,0.34451300063845036
28,[0.98771616],0.6461510966915467,0.45475614871940884
29,[0.75659074],0.3858376907345103,0.22363072774887338
30,[0.58258299],0.42765677446041506,0.09051968611454286
31,[0.56602715],0.37646171629921843,0.001403476742166454
32,[0.37184337],0.43935160620020797,0.202705225281552
33,[0.45296356],0.3814191156777964,0.11306358874690459
34,[0.81726831],0.4267018170400048,0.26256955549155825
35,[0.10200653],0.6999614443786211,0.4640206255126671
36,[0.91715646],0.5043078324530482,0.371686313951365
37,[0.04387119],0.7063623862521753,0.5387118035214663
38,[0.5745486],0.40882953131239097,0.019849848498742606
39,[0.18049899],0.488462724300879,0.385528164693946
40,[0.63570166],0.32081719256911584,0.10274165093240695
41,[0.89414345],0.3585348074859984,0.3281162950608225
42,[0.65555994],0.36233674276651817,0.08953278931219522
43,[0.25422487],0.43342962474703717,0.3118022810865503
44,[0.59657902],0.44024785179443626,0.06361900587279279
45,[0.91987718],0.47864848997245985,0.369792724637526
46,[0.77454108],0.45784374242718046,0.22907092441176924
47,[0.29099454],0.474131460255015,0.29158844591233646
48,[0.68682978],0.31006840887539705,0.1413596243376044
49,[0.43332139],0.3307245469686557,0.12704155826381724
