,0,1,2
0,[0.54547015],0.4095653216192735,0.020557000418773508
1,[0.17186532],0.49205529612631754,0.4107176758695732
2,[0.85293181],0.5995989694825805,0.31997179599096204
3,[0.18022341],0.7011760448145703,0.38440026391662885
4,[0.58870005],0.3722095170994904,0.04948496785976764
5,[0.1207749],0.4179812188769976,0.42469525033140954
6,[0.55469875],0.21207500344219737,0.027884240441035657
7,[0.08202618],0.6480755966931292,0.4925224209213265
8,[0.99270517],0.6753058900531299,0.4432115922738463
9,[0.25271926],0.6247324484067589,0.3359807887188615
10,[0.53296001],0.40641104889892554,0.07999645078895812
11,[0.8921391],0.5161278008422704,0.3991773093897999
12,[0.24209363],0.48278624690207667,0.3033765253413596
13,[0.41762074],0.4189563755745239,0.13707801138937248
14,[0.86794548],0.4817030794053105,0.31324673337759446
15,[0.28633024],0.4314299844809182,0.2922355538431811
16,[0.13769966],0.7293403015185774,0.45100038643080453
17,[0.0507936],0.8866758187348992,0.5317893885678048
18,[0.92829087],0.465720084005413,0.3735921211534673
19,[0.77995014],0.3583452761745472,0.2252513917816834
20,[0.69447451],0.2875555454774385,0.17109348125688384
21,[0.95343867],0.6988162299193401,0.4613753626064745
22,[0.93194228],0.4686963252693285,0.4131755512925208
23,[0.20739954],0.5257298705229335,0.36429986304480155
24,[0.22335698],0.26374495057274494,0.351191616524132
25,[0.99751836],0.54899773202285,0.504556576841657
26,[0.4920633],0.30407144593340496,0.09051968611454286
27,[0.22577487],0.5110296006669186,0.3459245257247828
28,[0.98771616],0.6389637617978264,0.41742828700785994
29,[0.75659074],0.4348443448947343,0.46559619625376547
30,[0.58258299],0.42524412116117993,0.027884240441035657
31,[0.56602715],0.3797660958646106,0.008521447507204849
32,[0.37184337],0.4162218401813096,0.19844450152794957
33,[0.45296356],0.2951902980304317,0.11306358874690459
34,[0.81726831],0.4804365396587437,0.25264463124218695
35,[0.10200653],0.5763907319030322,0.4309534875547206
36,[0.91715646],0.6794670019529307,0.38419645149053794
37,[0.04387119],0.7311777164888147,0.5346946075503197
38,[0.5745486],0.42761560510249375,0.008521447507204849
39,[0.18049899],0.5821667646474471,0.4020840041434439
40,[0.63570166],0.4332385255812343,0.21808092535537071
41,[0.89414345],0.5825654799996773,0.348673295479596
42,[0.65555994],0.4937830555253203,0.2025963780590998
43,[0.25422487],0.4746243119045944,0.2912452806677768
44,[0.59657902],0.4821718644680198,0.1436154566617509
45,[0.91987718],0.7345901858289048,0.3869171618903168
46,[0.77454108],0.4042752807308093,0.255774347534905
47,[0.29099454],0.5745612391686238,0.2835540539700434
48,[0.68682978],0.28384898267749537,0.13213102491036866
49,[0.43332139],0.2309965727133479,0.253508382678417
