,0,1,2
0,[0.54547015],0.4269256163528702,0.020557000418773508
1,[0.17186532],0.4964057197287959,0.4107176758695732
2,[0.85293181],0.47130926032755455,0.3074616584517891
3,[0.18022341],0.47826922717217196,0.37447533966725755
4,[0.58870005],0.3722095170994904,0.038615599376563337
5,[0.1207749],0.5273274502813844,0.4537736982573879
6,[0.55469875],0.2625588492404615,0.0626354456735072
7,[0.08202618],0.6135387172663853,0.4925224209213265
8,[0.99270517],0.704057939990901,0.4597451612528195
9,[0.25271926],0.3769203840230653,0.3218293375546587
10,[0.53296001],0.36682334076608314,0.03374315662489258
11,[0.8921391],0.725297401354333,0.40007579270241933
12,[0.24209363],0.40920851276447456,0.3033765253413596
13,[0.41762074],0.3581363079130108,0.13707801138937248
14,[0.86794548],0.4311385982184385,0.3224753328048302
15,[0.28633024],0.39149619695447224,0.3258706161877638
16,[0.13769966],0.7293403015185774,0.45100038643080453
17,[0.0507936],0.9071975926213692,0.5317893885678048
18,[0.92829087],0.4573286631819455,0.38282072058070304
19,[0.77995014],0.41201897804920556,0.2252513917816834
20,[0.69447451],0.3642048798519604,0.12985083417075893
21,[0.95343867],0.6988162299193401,0.5201172747010157
22,[0.93194228],0.34875097897954027,0.3818578284557672
23,[0.20739954],0.40738161984663107,0.3472992132133289
24,[0.22335698],0.26374495057274494,0.351191616524132
25,[0.99751836],0.7596540089853577,0.46455835144717794
26,[0.4920633],0.2791387961737902,0.09051968611454286
27,[0.22577487],0.5110296006669186,0.3459245257247828
28,[0.98771616],0.6389637617978265,0.42168901076146237
29,[0.75659074],0.5090318218281776,0.3036271785378315
30,[0.58258299],0.3232635505541369,0.03249854015465359
31,[0.56602715],0.36025515294801247,0.006017776455784385
32,[0.37184337],0.37275365917944614,0.19418377777434714
33,[0.45296356],0.32198627556409265,0.11306358874690459
34,[0.81726831],0.49317004238211554,0.23870251102166917
35,[0.10200653],0.661598526830254,0.44182285603792504
36,[0.91715646],0.6794670019529307,0.38419645149053794
37,[0.04387119],0.6455351915455168,0.5306774115791733
38,[0.5745486],0.3996609320501222,0.008034391942293051
39,[0.18049899],0.5673739953144381,0.4020840041434439
40,[0.63570166],0.4332385255812343,0.10274165093240695
41,[0.89414345],0.594676553303681,0.348673295479596
42,[0.65555994],0.3851594187607719,0.18304650701817
43,[0.25422487],0.51668893137335,0.2912452806677768
44,[0.59657902],0.3959811669570757,0.06361900587279279
45,[0.91987718],0.6053961876028937,0.3869171618903168
46,[0.77454108],0.4042752807308093,0.2824777706580407
47,[0.29099454],0.5745612391686238,0.29158844591233646
48,[0.68682978],0.28384898267749537,0.19476647058387586
49,[0.43332139],0.2935107240284987,0.15537865743099377
