,0,1,2
0,[0.54547015],0.37169662940694803,0.020557000418773508
1,[0.17186532],0.6030524714903667,0.4107176758695732
2,[0.85293181],0.5858888224336535,0.28690465803301557
3,[0.18022341],0.5906612123578563,0.37447533966725755
4,[0.58870005],0.36408521491690093,0.043229899090181156
5,[0.1207749],0.5300509340708602,0.46180809019968094
6,[0.55469875],0.24533189080758716,0.0626354456735072
7,[0.08202618],0.7043354595836724,0.5005568128636195
8,[0.99270517],0.704057939990901,0.49974338664729856
9,[0.25271926],0.44121536546253975,0.3359807887188615
10,[0.53296001],0.2908735986733109,0.01251013753917296
11,[0.8921391],0.5012480774860821,0.35917908399532084
12,[0.24209363],0.4746954482740048,0.31260512476859537
13,[0.41762074],0.3309805806913926,0.15692785988811508
14,[0.86794548],0.35103869136170635,0.3178610330912124
15,[0.28633024],0.4721844952378553,0.369229699677025
16,[0.13769966],0.5972181100217375,0.43684893526660173
17,[0.0507936],0.8922234343138985,0.5379064477897145
18,[0.92829087],0.38484789988211543,0.38282072058070304
19,[0.77995014],0.3357588754739507,0.2252513917816834
20,[0.69447451],0.4072927055597161,0.12985083417075893
21,[0.95343867],0.6888641127068865,0.4409270082529252
22,[0.93194228],0.44235599739636455,0.3818578284557672
23,[0.20739954],0.4564041206129872,0.3472992132133289
24,[0.22335698],0.3463049961562244,0.3469308927705296
25,[0.99751836],0.717480021582712,0.46455835144717794
26,[0.4920633],0.2740847604043408,0.09051968611454286
27,[0.22577487],0.5556250585661657,0.3289238758933102
28,[0.98771616],0.5806460726153592,0.4131675632542575
29,[0.75659074],0.4882264222012699,0.2840773074969017
30,[0.58258299],0.3248139849916754,0.0165558394494979
31,[0.56602715],0.3536560415105955,0.020557000418773508
32,[0.37184337],0.3438591889568949,0.19418377777434714
33,[0.45296356],0.28043832700036686,0.11306358874690459
34,[0.81726831],0.4605823489348434,0.26256955549155825
35,[0.10200653],0.5847592365321465,0.45269222452112934
36,[0.91715646],0.5833517089604977,0.42509316019763643
37,[0.04387119],0.6455351915455168,0.5221559640719684
38,[0.5745486],0.4131975004770084,0.008521447507204849
39,[0.18049899],0.5694351154528997,0.4020840041434439
40,[0.63570166],0.3058875052724431,0.142739876326886
41,[0.89414345],0.36877901235523003,0.348673295479596
42,[0.65555994],0.3357920737188553,0.12259992727014168
43,[0.25422487],0.5132636156169588,0.2912452806677768
44,[0.59657902],0.3997348419095724,0.1436154566617509
45,[0.91987718],0.6296257747632007,0.3869171618903168
46,[0.77454108],0.39939247755593876,0.22907092441176924
47,[0.29099454],0.5540394652821539,0.29158844591233646
48,[0.68682978],0.21461548782237827,0.1413596243376044
49,[0.43332139],0.2560061227379623,0.13270575875958612
