,0,1,2
0,[0.54547015],0.34294689010109325,0.029078447925978357
1,[0.17186532],0.6223206851387844,0.4247137043349216
2,[0.85293181],0.5369036975870788,0.2783832105258107
3,[0.18022341],0.5906612123578563,0.39432518816600015
4,[0.58870005],0.36408521491690093,0.043229899090181156
5,[0.1207749],0.6176982297076645,0.4537736982573879
6,[0.55469875],0.24859564103253012,0.09200640172077779
7,[0.08202618],0.6147390401004144,0.4925224209213265
8,[0.99270517],0.6490514186983335,0.4801935156063687
9,[0.25271926],0.4241167287514652,0.3329222591079066
10,[0.53296001],0.2908735986733109,0.04158858546515132
11,[0.8921391],0.45048811417738943,0.3466689464561479
12,[0.24209363],0.32869601213000643,0.31260512476859537
13,[0.41762074],0.3813015077006631,0.16496225183040814
14,[0.86794548],0.43786079415496326,0.3224753328048302
15,[0.28633024],0.36428345367356013,0.369229699677025
16,[0.13769966],0.6641179123111025,0.4283274877593969
17,[0.0507936],0.7988407117780435,0.5379064477897145
18,[0.92829087],0.23844394046715794,0.3735921211534673
19,[0.77995014],0.2921020766509803,0.2054015432829408
20,[0.69447451],0.47232074747624225,0.11189151797909458
21,[0.95343867],0.6888641127068865,0.4613753626064745
22,[0.93194228],0.5741910457044302,0.4398789744156565
23,[0.20739954],0.3520397578048973,0.3472992132133289
24,[0.22335698],0.4146966809916316,0.3313417680253894
25,[0.99751836],0.5757024275781472,0.46455835144717794
26,[0.4920633],0.3151466248280495,0.09051968611454286
27,[0.22577487],0.5548947770484294,0.33458807638907906
28,[0.98771616],0.5806460726153592,0.42168901076146237
29,[0.75659074],0.5270507322372693,0.22363072774887338
30,[0.58258299],0.4139608392314349,0.07007133176099356
31,[0.56602715],0.3843150177699071,0.07396384666504496
32,[0.37184337],0.39244094958537756,0.17362677735557364
33,[0.45296356],0.2784128562169662,0.11306358874690459
34,[0.81726831],0.5682542374126671,0.28430829245796696
35,[0.10200653],0.5125402968397206,0.4640206255126671
36,[0.91715646],0.39701589214487093,0.3624577145241292
37,[0.04387119],0.7266431367545332,0.5387118035214663
38,[0.5745486],0.2542639831131624,0.008034391942293051
39,[0.18049899],0.6104969798766083,0.39806680817229734
40,[0.63570166],0.3512401832701372,0.19255918672770583
41,[0.89414345],0.4905936825682427,0.348673295479596
42,[0.65555994],0.3373989521073139,0.08101134180499037
43,[0.25422487],0.42978007544219937,0.2912452806677768
44,[0.59657902],0.4821718644680198,0.15343654166809167
45,[0.91987718],0.7345901858289048,0.42691538728479583
46,[0.77454108],0.28435400433611296,0.22907092441176924
47,[0.29099454],0.4221339028421484,0.29158844591233646
48,[0.68682978],0.2364815020889243,0.13213102491036866
49,[0.43332139],0.31865546941348116,0.13270575875958612
