,0,1,2
0,[17.72735076],15.126777591847594,14.95385700286382
1,[15.85932658],13.337246509399849,13.423913386341491
2,[19.26465905],11.580086017329378,15.364908336214349
3,[15.90111705],12.948591721419833,12.948591721419834
4,[17.94350025],10.699313486124018,14.04374953940631
5,[15.6038745],13.54235618075523,13.515770808153636
6,[2.77349375],6.201695367863696,1.566233666887972
7,[0.41013089],6.052329536073403,4.3019797904012265
8,[4.96352587],5.165395983330906,2.528112684916233
9,[1.26359631],9.007689398995105,9.007689398995105
10,[2.66480007],4.916306556729351,0.5766963721148191
11,[4.46069549],5.039688386759033,1.7738671054849937
12,[1.21046813],12.492168541291617,16.733032122157706
13,[2.0881037],4.916306556729351,0.5766963721148191
14,[4.33972742],6.201695367863696,1.566233666887972
15,[1.43165121],5.353941550009083,1.2331488620344169
16,[0.68849832],7.59169232375656,3.6512291007272673
17,[0.25396801],6.169451694964098,4.458142668922153
18,[4.64145436],7.318760373471646,3.940902322424729
19,[3.89975071],10.699313486124018,14.04374953940631
