,0,1,2
0,[17.72735076],14.801983204874546,14.95385700286382
1,[15.85932658],10.720887621849986,13.423913386341491
2,[19.26465905],12.386055402991586,15.084435948096278
3,[15.90111705],13.23673226715008,14.225267052776934
4,[17.94350025],11.395186305385554,13.76327715128824
5,[15.6038745],14.2341437294852,13.515770808153636
6,[2.77349375],4.932835765624876,1.566233666887972
7,[0.41013089],7.88061235152266,4.553394983544973
8,[4.96352587],6.260386512619669,2.528112684916233
9,[1.26359631],6.279962062107643,9.007689398995105
10,[2.66480007],4.181393490196859,0.5766963721148191
11,[4.46069549],9.5885382967794,0.502830386287493
12,[1.21046813],10.181683245715597,16.733032122157706
13,[2.0881037],5.8772880834262695,0.5766963721148191
14,[4.33972742],4.76126570289266,1.566233666887972
15,[1.43165121],4.817906950665262,1.2331488620344169
16,[0.68849832],6.496582341004348,3.6512291007272673
17,[0.25396801],8.005542654339402,4.7095578620659
18,[4.64145436],4.955994547544117,2.5932287216165886
19,[3.89975071],9.827358579015034,0.4399767079795547
