,0,1,2
0,[17.72735076],14.727134352692227,13.827600043955403
1,[15.85932658],11.370933093647494,13.771222879804174
2,[19.26465905],13.36834900645851,14.924931628234795
3,[15.90111705],13.363777237982934,13.12762330166371
4,[17.94350025],12.452129833027305,13.823761185416533
5,[15.6038745],11.45078948420066,13.515770808153636
6,[2.77349375],4.332348201027548,0.10869368483204322
7,[0.41013089],7.060861736908461,3.929596529000891
8,[4.96352587],7.945702391287209,0.502830386287493
9,[1.26359631],8.170121568372274,3.1970991804241415
10,[2.66480007],4.104731992572828,1.7958954199766044
11,[4.46069549],7.238685073127682,1.1240732556903525
12,[1.21046813],11.075118285912534,14.521132410875019
13,[2.0881037],11.770651754150567,2.8754221783789164
14,[4.33972742],6.849672373615812,0.4399767079795547
15,[1.43165121],4.531897529027743,3.209803152633797
16,[0.68849832],4.819664845079101,3.6512291007272673
17,[0.25396801],8.0055426543394,4.206727475778407
18,[4.64145436],5.291326669563309,3.209803152633797
19,[3.89975071],9.273103442061402,0.4399767079795547
