,0,1,2
0,[17.72735076],14.727134352692227,13.827600043955403
1,[15.85932658],11.035338532614285,13.482874693746766
2,[19.26465905],13.36834900645851,14.924931628234795
3,[15.90111705],13.8141019827499,13.12762330166371
4,[17.94350025],11.712143919684978,13.603772831426756
5,[15.6038745],11.45078948420066,13.515770808153636
6,[2.77349375],1.5933300522675435,0.10869368483204322
7,[0.41013089],7.009771322578352,3.929596529000891
8,[4.96352587],7.945702391287209,0.5633144204157876
9,[1.26359631],8.318462297744057,3.1970991804241415
10,[2.66480007],3.8462299774497297,0.10869368483204322
11,[4.46069549],4.637071445127363,1.6872017351445612
12,[1.21046813],13.303754089124975,14.648858446700288
13,[2.0881037],12.105637224494568,2.8754221783789164
14,[4.33972742],6.849672373615812,0.4399767079795547
15,[1.43165121],4.531897529027743,3.209803152633797
16,[0.68849832],4.819664845079101,3.2112523927477126
17,[0.25396801],8.018470065509167,4.206727475778407
18,[4.64145436],5.291326669563309,3.209803152633797
19,[3.89975071],8.90785670182138,1.063775162523637
