,0,1,2
0,[17.72735076],15.240797255591186,13.827600043955403
1,[15.85932658],11.035338532614285,13.771222879804174
2,[19.26465905],13.36834900645851,14.924931628234795
3,[15.90111705],13.835840719716307,12.564494822209504
4,[17.94350025],11.71214391968498,13.823761185416533
5,[15.6038745],11.45078948420066,12.939074436038817
6,[2.77349375],1.5933300522675435,0.10869368483204322
7,[0.41013089],8.104724515828707,3.929596529000891
8,[4.96352587],7.945702391287209,0.6237984545440822
9,[1.26359631],7.720056655696712,3.0761311121675523
10,[2.66480007],3.84622997744973,1.515423031858532
11,[4.46069549],2.5905559642908367,1.6872017351445612
12,[1.21046813],11.075118285912534,14.648858446700288
13,[2.0881037],11.990907040760813,2.553350662714199
14,[4.33972742],4.787373928854153,0.4399767079795547
15,[1.43165121],8.222141542667433,3.209803152633797
16,[0.68849832],4.819664845079101,3.6512291007272673
17,[0.25396801],8.018470065509167,4.0857594075218175
18,[4.64145436],5.291326669563309,3.209803152633797
19,[3.89975071],8.90785670182138,1.063775162523637
