,0,1,2
0,[17.72735076],15.264990869242505,14.390728523409614
1,[15.85932658],11.324999701189643,13.085832822857313
2,[19.26465905],13.36834900645851,14.924931628234795
3,[15.90111705],13.440509861596434,12.001366342755293
4,[17.94350025],12.466583353481749,14.04374953940631
5,[15.6038745],11.45078948420066,12.939074436038817
6,[2.77349375],3.873056269810094,0.10869368483204322
7,[0.41013089],5.246408969728308,4.05056459725748
8,[4.96352587],6.672638176386535,0.8437868085338591
9,[1.26359631],4.655958523306078,3.0761311121675523
10,[2.66480007],3.8462299774497297,1.7354113858483098
11,[4.46069549],2.83718573669772,1.7958954199766044
12,[1.21046813],7.508516717514688,8.821816867018644
13,[2.0881037],11.990907040760813,2.8754221783789164
14,[4.33972742],4.818606504558337,1.566233666887972
15,[1.43165121],4.69977658966489,3.0290442820110215
16,[0.68849832],5.569269677828985,3.80209257016695
17,[0.25396801],7.3790502294243385,4.0857594075218175
18,[4.64145436],7.147928350622709,2.553350662714199
19,[3.89975071],8.907856701821379,0.5609447762361439
