,0,1,2
0,[17.72735076],14.85409670143881,14.95385700286382
1,[15.85932658],11.326696478252192,12.913153228718262
2,[19.26465905],13.344155392807192,15.084435948096278
3,[15.90111705],10.768434698727322,13.813013358610574
4,[17.94350025],12.452129833027305,14.04374953940631
5,[15.6038745],11.12233482093176,13.515770808153636
6,[2.77349375],4.418941184922485,1.346245312898195
7,[0.41013089],7.88061235152266,4.05056459725748
8,[4.96352587],6.866195369021874,2.0173525272930037
9,[1.26359631],8.10570726523933,3.287478615735529
10,[2.66480007],6.35762492969666,1.97665429059938
11,[4.46069549],9.428470849125414,0.5609447762361439
12,[1.21046813],8.155972232285157,9.991629740572622
13,[2.0881037],9.19725987941723,13.515770808153636
14,[4.33972742],4.5949318681143065,1.566233666887972
15,[1.43165121],7.314945070152747,3.209803152633797
16,[0.68849832],5.252939358458203,3.4312407467374904
17,[0.25396801],8.005542654339402,4.7095578620659
18,[4.64145436],6.58197491745459,1.97665429059938
19,[3.89975071],9.827358579015032,0.4399767079795547
