,0,1,2
0,[17.72735076],15.264990869242506,14.95385700286382
1,[15.85932658],11.324999701189643,13.085832822857313
2,[19.26465905],13.36834900645851,14.924931628234795
3,[15.90111705],11.350615588566129,12.001366342755293
4,[17.94350025],12.466583353481749,14.04374953940631
5,[15.6038745],11.45078948420066,12.939074436038817
6,[2.77349375],4.246661105811396,0.508781637038187
7,[0.41013089],5.246408969728308,4.05056459725748
8,[4.96352587],6.672638176386535,0.8437868085338591
9,[1.26359631],4.655958523306078,3.0761311121675523
10,[2.66480007],3.8462299774497297,1.7354113858483098
11,[4.46069549],2.8371857366977205,1.7958954199766044
12,[1.21046813],7.508516717514688,3.250227358987538
13,[2.0881037],12.364511876762117,2.7143864205465578
14,[4.33972742],6.3053744542478425,1.566233666887972
15,[1.43165121],4.69977658966489,3.0290442820110215
16,[0.68849832],5.569269677828985,3.952956039606632
17,[0.25396801],7.3790502294243385,4.0857594075218175
18,[4.64145436],5.291326669563309,2.553350662714199
19,[3.89975071],8.907856701821379,0.5609447762361439
