,0,1,2
0,[17.72735076],14.727134352692227,14.390728523409614
1,[15.85932658],11.324999701189643,13.085832822857313
2,[19.26465905],13.36834900645851,15.364908336214349
3,[15.90111705],12.700523948254105,13.12762330166371
4,[17.94350025],12.466583353481749,14.04374953940631
5,[15.6038745],11.45078948420066,12.939074436038817
6,[2.77349375],4.272899690936161,0.508781637038187
7,[0.41013089],8.241802527218079,4.05056459725748
8,[4.96352587],6.680996272147814,1.063775162523637
9,[1.26359631],4.655958523306078,3.1970991804241415
10,[2.66480007],3.8823112432558586,1.7958954199766044
11,[4.46069549],5.016345876982772,1.7415485775605828
12,[1.21046813],7.508516717514688,3.250227358987538
13,[2.0881037],12.364511876762116,2.8754221783789164
14,[4.33972742],6.678979290249146,1.566233666887972
15,[1.43165121],4.7866826510238,3.0290442820110215
16,[0.68849832],8.921366679514884,3.952956039606632
17,[0.25396801],7.8387953906771575,4.0857594075218175
18,[4.64145436],5.291326669563309,2.2650024766567896
19,[3.89975071],8.907856701821379,0.5609447762361439
