,0,1,2
0,[17.72735076],15.45629089260068,14.95385700286382
1,[15.85932658],10.674954229392135,13.085832822857313
2,[19.26465905],13.776825645788714,15.364908336214349
3,[15.90111705],12.700523948254105,13.12762330166371
4,[17.94350025],12.466583353481749,14.04374953940631
5,[15.6038745],11.450789484200659,12.939074436038817
6,[2.77349375],4.272899690936161,1.1262569589084173
7,[0.41013089],8.265996140869396,4.05056459725748
8,[4.96352587],7.1555146305661,2.190032121432054
9,[1.26359631],7.711698559935431,3.1970991804241415
10,[2.66480007],3.8823112432558586,1.7958954199766044
11,[4.46069549],5.016345876982772,1.6872017351445612
12,[1.21046813],7.508516717514688,3.250227358987538
13,[2.0881037],9.811746900475763,2.7143864205465578
14,[4.33972742],6.3053744542478425,1.566233666887972
15,[1.43165121],4.69977658966489,3.0290442820110215
16,[0.68849832],8.921366679514884,3.952956039606632
17,[0.25396801],7.3790502294243385,4.0857594075218175
18,[4.64145436],6.696994515166534,1.97665429059938
19,[3.89975071],9.273103442061402,0.4399767079795547
