,0,1,2
0,[17.72735076],14.705755972067028,14.95385700286382
1,[15.85932658],11.326696478252192,14.427675369723772
2,[19.26465905],13.837775293962167,15.084435948096278
3,[15.90111705],11.015021027532919,13.813013358610574
4,[17.94350025],12.452129833027305,14.04374953940631
5,[15.6038745],11.12233482093176,13.843997053113435
6,[2.77349375],4.631696217427212,1.566233666887972
7,[0.41013089],7.88061235152266,4.3019797904012265
8,[4.96352587],6.866195369021874,2.190032121432054
9,[1.26359631],8.10570726523933,3.287478615735529
10,[2.66480007],6.637546005075147,1.97665429059938
11,[4.46069549],9.428470849125414,0.5609447762361439
12,[1.21046813],8.189583211967781,9.991629740572622
13,[2.0881037],9.926477084209518,2.563522951106876
14,[4.33972742],4.957261271285363,1.566233666887972
15,[1.43165121],12.835580883400365,3.209803152633797
16,[0.68849832],5.9878570807248055,3.6512291007272673
17,[0.25396801],8.0055426543394,4.7095578620659
18,[4.64145436],6.730605494849158,1.97665429059938
19,[3.89975071],9.712338981303091,0.4399767079795547
