,0,1,2
0,[17.72735076],15.791276362944682,14.95385700286382
1,[15.85932658],11.195405980268271,13.194526507689355
2,[19.26465905],12.893830648040227,14.924931628234795
3,[15.90111705],14.456352461299442,13.12762330166371
4,[17.94350025],12.452129833027305,14.04374953940631
5,[15.6038745],10.540110487491665,13.227422622096228
6,[2.77349375],6.819214453473544,1.1262569589084173
7,[0.41013089],5.314783497580526,3.990080563129186
8,[4.96352587],6.260386512619669,0.6237984545440822
9,[1.26359631],8.105707265239332,3.1970991804241415
10,[2.66480007],6.357624929696659,1.8862748552879918
11,[4.46069549],7.788164467667691,1.6872017351445612
12,[1.21046813],8.771198454718668,3.250227358987538
13,[2.0881037],11.770651754150567,13.515770808153636
14,[4.33972742],4.902393526566096,1.0031051874337633
15,[1.43165121],7.2177116112478235,3.209803152633797
16,[0.68849832],7.653212627009262,3.6512291007272673
17,[0.25396801],8.209846717388695,4.548522104233541
18,[4.64145436],5.120633586196642,3.209803152633797
19,[3.89975071],7.034814314107921,0.5004607421078493
