,0,1,2
0,[17.72735076],15.791276362944682,15.008203845279843
1,[15.85932658],11.370933093647494,13.194526507689355
2,[19.26465905],13.36834900645851,14.924931628234795
3,[15.90111705],14.631879574678667,13.12762330166371
4,[17.94350025],12.452129833027305,14.04374953940631
5,[15.6038745],10.540110487491665,12.939074436038817
6,[2.77349375],6.819214453473544,1.1262569589084173
7,[0.41013089],5.314783497580527,3.990080563129186
8,[4.96352587],6.260386512619669,0.6237984545440822
9,[1.26359631],8.170121568372274,3.1970991804241415
10,[2.66480007],6.357624929696659,1.7958954199766044
11,[4.46069549],7.788164467667691,1.6872017351445612
12,[1.21046813],11.083476381673815,8.821816867018644
13,[2.0881037],11.770651754150567,8.195596493266276
14,[4.33972742],4.902393526566096,0.4399767079795547
15,[1.43165121],7.217711611247822,3.209803152633797
16,[0.68849832],5.401280087829987,3.6512291007272673
17,[0.25396801],8.209846717388693,4.297106911089794
18,[4.64145436],5.291326669563309,3.209803152633797
19,[3.89975071],7.034814314107921,0.4399767079795547
