,0,1,2
0,[0.91992086],0.714925315047205,0.6353425102207175
1,[0.47783837],0.34866422654564805,0.09632950967301601
2,[0.20817342],0.3798987604382225,0.3333788554251167
3,[0.95501603],0.6352582257077574,0.44364166211903167
4,[0.34845456],0.2585340074889284,0.19309770885442945
5,[0.58549564],0.23708139062455338,0.19134189748303743
6,[0.28095013],0.4344756595151935,0.20791969309414593
7,[0.61932012],0.34580265393438264,0.10794575682640106
8,[0.75403885],0.38070462822028023,0.3598851027046136
9,[0.66512039],0.29178617195637624,0.27096664644070967
10,[0.3672407],0.35985044183745213,0.12162911939016641
11,[0.4288879],0.31199111043613714,0.12225152611268342
12,[0.60342541],0.34262371156805915,0.09205104499478367
13,[0.1872848],0.5281409853325713,0.3015850189115237
14,[0.23135216],0.517032654337936,0.34281572111302894
15,[0.37433709],0.24300449309324187,0.16721518486161857
16,[0.74873195],0.49826717057465525,0.2873301931052656
17,[0.59137321],0.4091233941266613,0.30679486345501217
18,[0.26817952],0.43863713569136087,0.2829599070720592
19,[0.27655125],0.5172025224114639,0.28958395028217365
20,[0.99817102],0.7931754784144041,0.7135926735879164
21,[0.78495092],0.4855687042933086,0.3765606050697998
22,[0.54491035],0.3352498299654816,0.004278464678232341
23,[0.75527449],0.455892275318288,0.3468841760947793
24,[0.4228173],0.3606759765138654,0.1513505806744435
25,[0.60836324],0.35789846113891566,0.14696148366952605
26,[0.09004483],0.61677182061124,0.46109459199193836
27,[0.28457835],0.5091754216486862,0.28155684951939586
28,[0.5661352],0.40407579133953797,0.28155684951939586
29,[0.89316856],0.6881730162868764,0.6085902114603889
30,[0.74362516],0.4931603843282636,0.282223406858874
31,[0.85281045],0.5330526502738376,0.34143608668511194
32,[0.71135207],0.3936243216897723,0.19997770661220593
33,[0.64820153],0.3511832007545391,0.2398112106800544
34,[0.39415374],0.2311145004106955,0.14739853039070794
35,[0.11219304],0.6815607311654428,0.45394215903615254
36,[0.49391561],0.298985567962025,0.024709957556842577
37,[0.48886982],0.30217156985027904,0.08047950883859611
38,[0.27216409],0.4346525610489896,0.27897533242968797
39,[0.17947225],0.6142815186714683,0.38666294654217803
40,[0.54155227],0.2107153703691557,0.14739853039070794
41,[0.77957872],0.5291139419859285,0.31817696451653893
42,[0.19304755],0.5137691079968965,0.3580918793775948
43,[0.25304512],0.46238066649713955,0.23582470007609202
44,[0.6537842],0.4033194220527089,0.19238244458331927
45,[0.40011428],0.3742977859506956,0.17405359640249385
46,[0.17218283],0.6215709384788075,0.39395236634951714
47,[0.89983219],0.6004499748384976,0.49144187561498887
48,[0.06666688],0.6817179344185522,0.5075010011936452
49,[0.40839031],0.33516067550650996,0.08047950883859611
