,0,1,2
0,[0.91992086],0.6570085249907704,0.6353425102207175
1,[0.47783837],0.28152504548712187,0.09030341143078136
2,[0.20817342],0.3798987604382225,0.3333788554251167
3,[0.95501603],0.7092192028536242,0.445320702622627
4,[0.34845456],0.2585340074889284,0.19309770885442945
5,[0.58549564],0.23708139062455338,0.19134189748303743
6,[0.28095013],0.3591635385012336,0.16767993867484787
7,[0.61932012],0.3179640367315055,0.10794575682640106
8,[0.75403885],0.38070462822028023,0.3598851027046136
9,[0.66512039],0.29178617195637624,0.27096664644070967
10,[0.3672407],0.3006342225912114,0.08138936497086835
11,[0.4288879],0.31199111043613714,0.12225152611268342
12,[0.60342541],0.30842720963253506,0.09205104499478367
13,[0.1872848],0.4528288643186113,0.2613452644922256
14,[0.23135216],0.43501152020421285,0.3367896228707943
15,[0.37433709],0.24300449309324187,0.16721518486161857
16,[0.74873195],0.49826717057465525,0.2873301931052656
17,[0.59137321],0.4483551310697922,0.11353483996073055
18,[0.26817952],0.4157476101945116,0.2829599070720592
19,[0.27655125],0.6167221766180291,0.17207882133080854
20,[0.99817102],0.7352586883579693,0.7135926735879164
21,[0.78495092],0.5866305537737977,0.35606301910514127
22,[0.54491035],0.2821879097578205,0.010304562920466998
23,[0.75527449],0.455892275318288,0.36745898137056443
24,[0.4228173],0.29252925968740745,0.14532448243220886
25,[0.60836324],0.45897513962560643,0.14696148366952605
26,[0.09004483],0.593882295114391,0.46109459199193836
27,[0.28457835],0.482293510861035,0.28155684951939586
28,[0.5661352],0.40407579133953797,0.28155684951939586
29,[0.89316856],0.6302562262304419,0.6085902114603889
30,[0.74362516],0.4931603843282636,0.282223406858874
31,[0.85281045],0.5330526502738376,0.34143608668511194
32,[0.71135207],0.39159427020093157,0.19997770661220593
33,[0.64820153],0.3511832007545391,0.26038601595583954
34,[0.39415374],0.2311145004106955,0.14739853039070794
35,[0.11219304],0.6202017584744404,0.45394215903615254
36,[0.49391561],0.298985567962025,0.024709957556842577
37,[0.48886982],0.28453928922286753,0.10105431411438126
38,[0.27216409],0.41176303555214044,0.27897533242968797
39,[0.17947225],0.5529225459804659,0.38666294654217803
40,[0.54155227],0.2107153703691557,0.14739853039070794
41,[0.77957872],0.5291139419859285,0.31817696451653893
42,[0.19304755],0.4908795825000474,0.3580918793775948
43,[0.25304512],0.3870685454831796,0.19558494565679396
44,[0.6537842],0.4033194220527089,0.19238244458331927
45,[0.40011428],0.303979662525846,0.1680274981602592
46,[0.17218283],0.560211965787805,0.39395236634951714
47,[0.89983219],0.6004499748384976,0.512016680890774
48,[0.06666688],0.5996968002848291,0.5014749029514105
49,[0.40839031],0.29091759274004925,0.01966494914351291
