,0,1,2
0,[0.91992086],0.5916018526025718,0.4971035577278634
1,[0.47783837],0.34866422654564805,0.06707198290083227
2,[0.20817342],0.3798987604382225,0.3333788554251167
3,[0.95501603],0.5286329207969,0.47717765356944786
4,[0.34845456],0.23961761386753527,0.19309770885442945
5,[0.58549564],0.21929769937177257,0.11466236140388925
6,[0.28095013],0.3591635385012335,0.20791969309414593
7,[0.61932012],0.17417333989395611,0.14148174827681725
8,[0.75403885],0.32254796803795616,0.33122154520897484
9,[0.66512039],0.2426245296083671,0.2423030889450709
10,[0.3672407],0.2904736066184963,0.12162911939016641
11,[0.4288879],0.23918176339367783,0.1372472974060046
12,[0.60342541],0.2116566221625682,0.05851505354436759
13,[0.1872848],0.4344383262355821,0.3015850189115237
14,[0.23135216],0.43501152020421285,0.3541434804259841
15,[0.37433709],0.24367610929467998,0.17057326586880917
16,[0.74873195],0.2633898872548156,0.3198440492905459
17,[0.59137321],0.18459085837049924,0.04646285705989828
18,[0.26817952],0.4547126186660521,0.24955442378192205
19,[0.27655125],0.4697297243518984,0.2123185757501066
20,[0.99817102],0.6711255236274125,0.5692831214745252
21,[0.78495092],0.4121184253061877,0.3806986197617643
22,[0.54491035],0.12206684278764043,0.021224843124281967
23,[0.75527449],0.3836042093042439,0.3468841760947793
24,[0.4228173],0.2323033897838526,0.16855591096215805
25,[0.60836324],0.34654067157180424,0.20824895520339382
26,[0.09004483],0.4284305598525169,0.47609036328525955
27,[0.28457835],0.3267639290101533,0.28155684951939586
28,[0.5661352],0.2652786413028177,0.021224843124281967
29,[0.89316856],0.5702000135943089,0.40429873647306014
30,[0.74362516],0.33891899964974154,0.3147372630441543
31,[0.85281045],0.42683291089829484,0.37497207813552813
32,[0.71135207],0.250286683663927,0.23351369806262212
33,[0.64820153],0.29120262260299806,0.2398112106800544
34,[0.39415374],0.21077463002529823,0.14739853039070794
35,[0.11219304],0.5414112852045371,0.4310382754082752
36,[0.49391561],0.292372604315541,0.04763666090397145
37,[0.48886982],0.2938011667796473,0.08047950883859611
38,[0.27216409],0.34670396206082577,0.29397110372300916
39,[0.17947225],0.461699290710689,0.36543810341789607
40,[0.54155227],0.20198595660683233,0.14739853039070794
41,[0.77957872],0.3315146978088273,0.30174034932092886
42,[0.19304755],0.5719416473815696,0.30086806563547197
43,[0.25304512],0.3627427216051463,0.2918652314838771
44,[0.6537842],0.3431458089256146,0.22489630076859957
45,[0.40011428],0.2710426065097228,0.1883201412028287
46,[0.17218283],0.4154578947312849,0.39395236634951714
47,[0.89983219],0.5269996958513767,0.49144187561498887
48,[0.06666688],0.6410469578528771,0.47488539341427083
49,[0.40839031],0.2740137623978682,0.05048854740162734
