,0,1,2
0,[0.91992086],0.39964816388702806,0.5455837696944128
1,[0.47783837],0.31037119845793093,0.06707198290083227
2,[0.20817342],0.37593542954404036,0.3333788554251167
3,[0.95501603],0.5286329207969,0.47717765356944786
4,[0.34845456],0.3135216907842306,0.19309770885442945
5,[0.58549564],0.2709399042848133,0.04394336709232949
6,[0.28095013],0.29786866343479207,0.20791969309414593
7,[0.61932012],0.3262755773886992,0.14148174827681725
8,[0.75403885],0.3772225188847377,0.3281862453987063
9,[0.66512039],0.2426245296083671,0.23623248932453378
10,[0.3672407],0.2602535585465394,0.12162911939016641
11,[0.4288879],0.26693055572344304,0.1372472974060046
12,[0.60342541],0.15077565654122993,0.05851505354436759
13,[0.1872848],0.4055267863315402,0.3015850189115237
14,[0.23135216],0.3671745815825755,0.34446325894555563
15,[0.37433709],0.25808534251047593,0.17057326586880917
16,[0.74873195],0.2921664005606889,0.33312814208314373
17,[0.59137321],0.15642044148490056,0.04646285705989828
18,[0.26817952],0.3776276231024531,0.22573609332993638
19,[0.27655125],0.2917610763441959,0.2123185757501066
20,[0.99817102],0.5646064888600231,0.5692831214745252
21,[0.78495092],0.3129810600076476,0.3765606050697998
22,[0.54491035],0.12206684278764043,0.021224843124281967
23,[0.75527449],0.3983187836910476,0.3844855941817784
24,[0.4228173],0.25575893277303063,0.1559369039943499
25,[0.60836324],0.3659993803566432,0.1999729258194649
26,[0.09004483],0.4284305598525169,0.4654779417231186
27,[0.28457835],0.3451431206415948,0.2603320063951139
28,[0.5661352],0.20560659227550201,0.021224843124281967
29,[0.89316856],0.5068626152308189,0.4153301879661073
30,[0.74362516],0.2261711263201706,0.3147372630441543
31,[0.85281045],0.5250793847895425,0.37497207813552813
32,[0.71135207],0.2842425646077658,0.23351369806262212
33,[0.64820153],0.2705902593449362,0.2480872400639833
34,[0.39415374],0.2855933473180908,0.14739853039070794
35,[0.11219304],0.5094464439775067,0.42935923490468
36,[0.49391561],0.21222740508178478,0.04763666090397145
37,[0.48886982],0.28381288851623154,0.08047950883859611
38,[0.27216409],0.435727000729654,0.29397110372300916
39,[0.17947225],0.5149802241619257,0.3357387972104082
40,[0.54155227],0.3305704313593821,0.10555621614217481
41,[0.77957872],0.5025332914295817,0.30174034932092886
42,[0.19304755],0.531527069427645,0.30086806563547197
43,[0.25304512],0.44657624193486606,0.3130900746081591
44,[0.6537842],0.2992752997372287,0.22489630076859957
45,[0.40011428],0.2710426065097228,0.185381355715449
46,[0.17218283],0.5136587029118307,0.39395236634951714
47,[0.89983219],0.6103695688062805,0.48422838244292815
48,[0.06666688],0.5212151516381451,0.47488539341427083
49,[0.40839031],0.2740137623978682,0.08047950883859611
