,0,1,2
0,[0.91992086],0.39964816388702806,0.5356754424589575
1,[0.47783837],0.31037119845793093,0.06707198290083227
2,[0.20817342],0.30395840900311766,0.3333788554251167
3,[0.95501603],0.4975515172598973,0.47717765356944786
4,[0.34845456],0.3135216907842306,0.19309770885442945
5,[0.58549564],0.23815844181532536,0.04394336709232949
6,[0.28095013],0.27829873127296245,0.20791969309414593
7,[0.61932012],0.2637907417155187,0.14148174827681725
8,[0.75403885],0.2559586861090257,0.3251509455884377
9,[0.66512039],0.2426245296083671,0.23623248932453378
10,[0.3672407],0.2229668838706412,0.12162911939016641
11,[0.4288879],0.26693055572344304,0.10113750488828266
12,[0.60342541],0.18018948891194334,0.05851505354436759
13,[0.1872848],0.4055267863315402,0.3015850189115237
14,[0.23135216],0.4003787641334939,0.33478303746512716
15,[0.37433709],0.25808534251047593,0.1811856874309502
16,[0.74873195],0.31197863744931825,0.34034163525520444
17,[0.59137321],0.15642044148490056,0.04646285705989828
18,[0.26817952],0.29480452359650644,0.22573609332993638
19,[0.27655125],0.3144113721227536,0.2123185757501066
20,[0.99817102],0.6147333827246182,0.5692831214745252
21,[0.78495092],0.42829088365445933,0.3765606050697998
22,[0.54491035],0.12206684278764043,0.021224843124281967
23,[0.75527449],0.4098334642035438,0.37102907448175193
24,[0.4228173],0.2893267851295518,0.16855591096215805
25,[0.60836324],0.338744757076603,0.18554593947534348
26,[0.09004483],0.5603705584620604,0.4548655201609776
27,[0.28457835],0.3451431206415948,0.2603320063951139
28,[0.5661352],0.17090969930440697,0.021224843124281967
29,[0.89316856],0.5068626152308189,0.4153301879661073
30,[0.74362516],0.2808146413400717,0.3147372630441543
31,[0.85281045],0.5250793847895425,0.37497207813552813
32,[0.71135207],0.3106295177299235,0.2824641694435125
33,[0.64820153],0.2971379083980021,0.2398112106800544
34,[0.39415374],0.20198595660683233,0.14739853039070794
35,[0.11219304],0.4242453948301536,0.42935923490468
36,[0.49391561],0.29740343470226716,0.04763666090397145
37,[0.48886982],0.24802343347096337,0.08047950883859611
38,[0.27216409],0.435727000729654,0.29397110372300916
39,[0.17947225],0.5149802241619257,0.36208002241070547
40,[0.54155227],0.31244484795206623,0.14739853039070794
41,[0.77957872],0.4249745839775526,0.30174034932092886
42,[0.19304755],0.48710225749472186,0.30086806563547197
43,[0.25304512],0.44657624193486606,0.3130900746081591
44,[0.6537842],0.25044886456001125,0.22489630076859957
45,[0.40011428],0.25747070042746734,0.185381355715449
46,[0.17218283],0.5282873783359922,0.39395236634951714
47,[0.89983219],0.5255804188655483,0.4495043537701537
48,[0.06666688],0.5212151516381451,0.47488539341427083
49,[0.40839031],0.2740137623978682,0.08047950883859611
