,0,1,2
0,[0.91992086],0.5245688362155103,0.37501050382560364
1,[0.47783837],0.28152504548712187,0.09030341143078136
2,[0.20817342],0.3798987604382225,0.3333788554251167
3,[0.95501603],0.5816818075821807,0.47717765356944786
4,[0.34845456],0.2585340074889284,0.19309770885442945
5,[0.58549564],0.23708139062455338,0.19134189748303743
6,[0.28095013],0.3591635385012336,0.20791969309414593
7,[0.61932012],0.30241921938560995,0.14148174827681725
8,[0.75403885],0.38070462822028023,0.3598851027046136
9,[0.66512039],0.29178617195637624,0.27096664644070967
10,[0.3672407],0.3006342225912114,0.12162911939016641
11,[0.4288879],0.31199111043613714,0.0650277123705606
12,[0.60342541],0.2928823922866395,0.12558703644519986
13,[0.1872848],0.4528288643186113,0.3015850189115237
14,[0.23135216],0.42159712362404644,0.3367896228707943
15,[0.37433709],0.24300449309324187,0.16721518486161857
16,[0.74873195],0.49826717057465525,0.3198440492905459
17,[0.59137321],0.38810217472210484,0.04646285705989828
18,[0.26817952],0.4157476101945116,0.22573609332993638
19,[0.27655125],0.6566704835820725,0.2123185757501066
20,[0.99817102],0.5925194266613351,0.45326066719280256
21,[0.78495092],0.4855687042933086,0.36631181208747055
22,[0.54491035],0.2821879097578205,0.03384385009209012
23,[0.75527449],0.455892275318288,0.3468841760947793
24,[0.4228173],0.29252925968740745,0.14532448243220886
25,[0.60836324],0.35789846113891566,0.17947533985480635
26,[0.09004483],0.593882295114391,0.40387077824981554
27,[0.28457835],0.482293510861035,0.28155684951939586
28,[0.5661352],0.392149874419301,0.021224843124281967
29,[0.89316856],0.5085174569593132,0.34825820506527505
30,[0.74362516],0.4931603843282636,0.3147372630441543
31,[0.85281045],0.4923904256389021,0.37497207813552813
32,[0.71135207],0.3576383892570928,0.23351369806262212
33,[0.64820153],0.3511832007545391,0.2398112106800544
34,[0.39415374],0.2311145004106955,0.14739853039070794
35,[0.11219304],0.6202017584744404,0.45394215903615254
36,[0.49391561],0.298985567962025,0.0650277123705606
37,[0.48886982],0.28453928922286753,0.08047950883859611
38,[0.27216409],0.41176303555214044,0.22175151868756515
39,[0.17947225],0.5529225459804659,0.38666294654217803
40,[0.54155227],0.2107153703691557,0.14739853039070794
41,[0.77957872],0.5291139419859285,0.35069082070181923
42,[0.19304755],0.4908795825000474,0.30086806563547197
43,[0.25304512],0.3870685454831796,0.23582470007609202
44,[0.6537842],0.4033194220527089,0.22489630076859957
45,[0.40011428],0.303979662525846,0.1447960696303101
46,[0.17218283],0.560211965787805,0.39395236634951714
47,[0.89983219],0.6004499748384976,0.49144187561498887
48,[0.06666688],0.5862824037046626,0.5014749029514105
49,[0.40839031],0.29091759274004925,0.08047950883859611
