,0,1,2
0,[0.91992086],0.47941316163766656,0.5257671152235022
1,[0.47783837],0.3240165287095923,0.06707198290083227
2,[0.20817342],0.3495680430076104,0.3333788554251167
3,[0.95501603],0.43205414465518466,0.47717765356944786
4,[0.34845456],0.31352169078423053,0.19309770885442945
5,[0.58549564],0.1665660859040075,0.09662581749292398
6,[0.28095013],0.22935779846085486,0.21296548259076897
7,[0.61932012],0.25314550412637243,0.14148174827681725
8,[0.75403885],0.22463713803565338,0.3251509455884377
9,[0.66512039],0.15350237302453024,0.23623248932453378
10,[0.3672407],0.2581475133041121,0.12162911939016641
11,[0.4288879],0.26693055572344304,0.0650277123705606
12,[0.60342541],0.18018948891194334,0.05851505354436759
13,[0.1872848],0.4055267863315402,0.35426746931211817
14,[0.23135216],0.399203249938542,0.33478303746512716
15,[0.37433709],0.26148334821311303,0.17057326586880917
16,[0.74873195],0.32368837984689425,0.34034163525520444
17,[0.59137321],0.15642044148490056,0.04982093806708887
18,[0.26817952],0.3090340031291393,0.27337275423390783
19,[0.27655125],0.2818782452733902,0.21736436524672964
20,[0.99817102],0.5967651902695071,0.5692831214745252
21,[0.78495092],0.4108613618654934,0.3765606050697998
22,[0.54491035],0.24968242578633845,0.003358081007190594
23,[0.75527449],0.4895984619541823,0.3611207472462966
24,[0.4228173],0.14800631703263736,0.1559369039943499
25,[0.60836324],0.29823679034473577,0.18554593947534348
26,[0.09004483],0.5808739615459219,0.4548655201609776
27,[0.28457835],0.3451431206415948,0.2603320063951139
28,[0.5661352],0.1841945313520696,0.07221958503544401
29,[0.89316856],0.4637678559387325,0.4153301879661073
30,[0.74362516],0.35507017600287,0.3147372630441543
31,[0.85281045],0.57641723713193,0.37497207813552813
32,[0.71135207],0.3015897002933328,0.2824641694435125
33,[0.64820153],0.34881930990356314,0.2398112106800544
34,[0.39415374],0.27696234801325337,0.14739853039070794
35,[0.11219304],0.358838722441955,0.42935923490468
36,[0.49391561],0.32267956807723264,0.04763666090397145
37,[0.48886982],0.20449697455109384,0.08047950883859611
38,[0.27216409],0.2734658385461597,0.29397110372300916
39,[0.17947225],0.44489613375176573,0.36208002241070547
40,[0.54155227],0.31244484795206623,0.14739853039070794
41,[0.77957872],0.3838751412130058,0.30174034932092886
42,[0.19304755],0.4325688242003494,0.3485047265394434
43,[0.25304512],0.35812988368096244,0.3130900746081591
44,[0.6537842],0.17639208085407726,0.22489630076859957
45,[0.40011428],0.24167167652306637,0.185381355715449
46,[0.17218283],0.5282873783359923,0.39395236634951714
47,[0.89983219],0.5255804188655483,0.4495043537701537
48,[0.06666688],0.3796978268341869,0.47488539341427083
49,[0.40839031],0.2740137623978682,0.08047950883859611
