,0,1,2
0,[0.91992086],0.47941316163766656,0.4910329581073263
1,[0.47783837],0.2423466815921039,0.06707198290083227
2,[0.20817342],0.3563531571064006,0.3333788554251167
3,[0.95501603],0.5751102247119263,0.47717765356944786
4,[0.34845456],0.260461063864701,0.19309770885442945
5,[0.58549564],0.2301210456208221,0.09662581749292398
6,[0.28095013],0.22054432726516207,0.21296548259076897
7,[0.61932012],0.25314550412637243,0.14148174827681725
8,[0.75403885],0.31929765843505525,0.3281862453987063
9,[0.66512039],0.15350237302453024,0.23623248932453378
10,[0.3672407],0.2581475133041121,0.12162911939016641
11,[0.4288879],0.26087184467256613,0.11266437327453205
12,[0.60342541],0.18018948891194334,0.12558703644519986
13,[0.1872848],0.4055267863315402,0.3304491388601324
14,[0.23135216],0.4484165427624345,0.33478303746512716
15,[0.37433709],0.26148334821311303,0.17057326586880917
16,[0.74873195],0.329910816560535,0.3198440492905459
17,[0.59137321],0.15642044148490056,0.09745759897106032
18,[0.26817952],0.3157328832486412,0.30763589984580886
19,[0.27655125],0.2517976474822541,0.2650010261507011
20,[0.99817102],0.487678198757476,0.5692831214745252
21,[0.78495092],0.3931102542209884,0.3765606050697998
22,[0.54491035],0.1733302721944095,0.003358081007190594
23,[0.75527449],0.4895984619541823,0.3611207472462966
24,[0.4228173],0.22959608600694165,0.12209305390225977
25,[0.60836324],0.2856746562257598,0.18554593947534348
26,[0.09004483],0.6505256025589768,0.4548655201609776
27,[0.28457835],0.3451431206415948,0.2603320063951139
28,[0.5661352],0.18456741138475458,0.07221958503544401
29,[0.89316856],0.4873935726844666,0.4428407234668211
30,[0.74362516],0.35507017600287,0.3147372630441543
31,[0.85281045],0.5218639365916085,0.37497207813552813
32,[0.71135207],0.3106295177299235,0.2824641694435125
33,[0.64820153],0.34881930990356314,0.2398112106800544
34,[0.39415374],0.1717367230231857,0.14739853039070794
35,[0.11219304],0.358838722441955,0.43271731591187057
36,[0.49391561],0.32267956807723264,0.016077240989670227
37,[0.48886982],0.24912324297894242,0.059981922873937554
38,[0.27216409],0.3907477405759342,0.29397110372300916
39,[0.17947225],0.37524449273871074,0.36208002241070547
40,[0.54155227],0.2931414862357709,0.06371390189364168
41,[0.77957872],0.40250715895957967,0.30174034932092886
42,[0.19304755],0.4325688242003494,0.3485047265394434
43,[0.25304512],0.36896948460559614,0.3130900746081591
44,[0.6537842],0.1837575526740266,0.22489630076859957
45,[0.40011428],0.24167167652306637,0.16602091275459208
46,[0.17218283],0.5282873783359923,0.39395236634951714
47,[0.89983219],0.44593825158465883,0.42199381826943994
48,[0.06666688],0.4623905771693481,0.47488539341427083
49,[0.40839031],0.2740137623978682,0.08047950883859611
