,0,1,2
0,[0.91992086],0.39964816388702806,0.4610419966703575
1,[0.47783837],0.19588822319702792,0.06707198290083227
2,[0.20817342],0.2622829053128936,0.3333788554251167
3,[0.95501603],0.5751102247119263,0.47717765356944786
4,[0.34845456],0.260461063864701,0.19309770885442945
5,[0.58549564],0.22298476924775357,0.09662581749292398
6,[0.28095013],0.28519154749514086,0.21296548259076897
7,[0.61932012],0.21215647262430942,0.14148174827681725
8,[0.75403885],0.33535266751095094,0.33122154520897484
9,[0.66512039],0.22896681752801945,0.23623248932453378
10,[0.3672407],0.2581475133041121,0.12162911939016641
11,[0.4288879],0.26087184467256613,0.11266437327453205
12,[0.60342541],0.18018948891194334,0.12558703644519986
13,[0.1872848],0.5148519285145395,0.3066308084081467
14,[0.23135216],0.4461493050512476,0.33478303746512716
15,[0.37433709],0.21796983261747846,0.17057326586880917
16,[0.74873195],0.386635832455725,0.3198440492905459
17,[0.59137321],0.15642044148490056,0.10250338846768337
18,[0.26817952],0.3293782135003026,0.3173161213262373
19,[0.27655125],0.2573870291454714,0.2650010261507011
20,[0.99817102],0.6005087811935417,0.5692831214745252
21,[0.78495092],0.3931102542209884,0.3765606050697998
22,[0.54491035],0.1733302721944095,0.003358081007190594
23,[0.75527449],0.4895984619541823,0.3551602054787082
24,[0.4228173],0.22959608600694165,0.12209305390225977
25,[0.60836324],0.2959901101381338,0.18554593947534348
26,[0.09004483],0.7134142748603237,0.451507439153787
27,[0.28457835],0.30501046926549247,0.2603320063951139
28,[0.5661352],0.18683464909594144,0.07221958503544401
29,[0.89316856],0.4873935726844666,0.4703512589675348
30,[0.74362516],0.35507017600287,0.3147372630441543
31,[0.85281045],0.5218639365916085,0.37497207813552813
32,[0.71135207],0.3106295177299235,0.2824641694435125
33,[0.64820153],0.31404173874018315,0.2398112106800544
34,[0.39415374],0.1717367230231857,0.14739853039070794
35,[0.11219304],0.39641945207844165,0.43271731591187057
36,[0.49391561],0.3463211020609441,0.016077240989670227
37,[0.48886982],0.24912324297894242,0.059981922873937554
38,[0.27216409],0.33254067922901803,0.29397110372300916
39,[0.17947225],0.39115547210134965,0.3637590629143007
40,[0.54155227],0.23525438856921346,0.06371390189364168
41,[0.77957872],0.33432340616581974,0.30174034932092886
42,[0.19304755],0.38269181586228374,0.3485047265394434
43,[0.25304512],0.36896948460559614,0.32277029608858754
44,[0.6537842],0.1837575526740266,0.22489630076859957
45,[0.40011428],0.2635087338175192,0.16602091275459208
46,[0.17218283],0.5282873783359923,0.39395236634951714
47,[0.89983219],0.47780459195295044,0.42199381826943994
48,[0.06666688],0.4623905771693481,0.47488539341427083
49,[0.40839031],0.212591252853018,0.08047950883859611
