,0,1,2
0,[0.91992086],0.4699714211015212,0.4310510352333887
1,[0.47783837],0.19588822319702792,0.06707198290083227
2,[0.20817342],0.2622829053128936,0.3333788554251167
3,[0.95501603],0.5751102247119263,0.47717765356944786
4,[0.34845456],0.260461063864701,0.19309770885442945
5,[0.58549564],0.22298476924775357,0.09662581749292398
6,[0.28095013],0.28519154749514086,0.21296548259076897
7,[0.61932012],0.21215647262430942,0.14148174827681725
8,[0.75403885],0.3336783218943096,0.33122154520897484
9,[0.66512039],0.22896681752801945,0.23623248932453378
10,[0.3672407],0.28204619670028586,0.12162911939016641
11,[0.4288879],0.26189320192184445,0.11266437327453205
12,[0.60342541],0.18018948891194334,0.12558703644519986
13,[0.1872848],0.44211657833227697,0.3066308084081467
14,[0.23135216],0.4461493050512476,0.33478303746512716
15,[0.37433709],0.21796983261747846,0.17057326586880917
16,[0.74873195],0.38663583245572514,0.3198440492905459
17,[0.59137321],0.15642044148490056,0.10801911421420696
18,[0.26817952],0.2226492764472126,0.3173161213262373
19,[0.27655125],0.20329850643233088,0.26668006665429633
20,[0.99817102],0.6005087811935417,0.5692831214745252
21,[0.78495092],0.3931102542209884,0.3765606050697998
22,[0.54491035],0.20091841945786,0.003358081007190594
23,[0.75527449],0.4895984619541823,0.3551602054787082
24,[0.4228173],0.24158323592998948,0.12209305390225977
25,[0.60836324],0.2959901101381338,0.18554593947534348
26,[0.09004483],0.7134142748603237,0.451507439153787
27,[0.28457835],0.30501046926549247,0.2603320063951139
28,[0.5661352],0.18683464909594144,0.07221958503544401
29,[0.89316856],0.4580113226294037,0.4703512589675348
30,[0.74362516],0.35507017600287,0.3147372630441543
31,[0.85281045],0.5218639365916085,0.37497207813552813
32,[0.71135207],0.26555267286273687,0.2824641694435125
33,[0.64820153],0.23448850353521009,0.2398112106800544
34,[0.39415374],0.1717367230231857,0.14739853039070794
35,[0.11219304],0.5436808823397661,0.43271731591187057
36,[0.49391561],0.36219666977675785,0.016077240989670227
37,[0.48886982],0.24912324297894242,0.059981922873937554
38,[0.27216409],0.3376197698780672,0.2693881795915366
39,[0.17947225],0.39115547210134965,0.36543810341789607
40,[0.54155227],0.23525438856921346,0.052682450400594494
41,[0.77957872],0.33432340616581974,0.30174034932092886
42,[0.19304755],0.38269181586228374,0.3485047265394434
43,[0.25304512],0.34915724771696677,0.3130900746081591
44,[0.6537842],0.1837575526740266,0.22489630076859957
45,[0.40011428],0.2839498489043032,0.16602091275459208
46,[0.17218283],0.5282873783359923,0.39395236634951714
47,[0.89983219],0.47780459195295044,0.42199381826943994
48,[0.06666688],0.4961430021114552,0.45106706296228505
49,[0.40839031],0.212591252853018,0.08047950883859611
