,0,1,2
0,[0.91992086],0.5088781238546939,0.4310510352333887
1,[0.47783837],0.19588822319702792,0.06707198290083227
2,[0.20817342],0.1773053606164258,0.3333788554251167
3,[0.95501603],0.4937462395699227,0.47717765356944786
4,[0.34845456],0.1729452344699091,0.19309770885442945
5,[0.58549564],0.22298476924775357,0.09662581749292398
6,[0.28095013],0.28519154749514086,0.21044258784245745
7,[0.61932012],0.23029436389629748,0.14148174827681725
8,[0.75403885],0.41079925823990476,0.33122154520897484
9,[0.66512039],0.22896681752801945,0.23623248932453378
10,[0.3672407],0.2581475133041121,0.12162911939016641
11,[0.4288879],0.26189320192184445,0.11266437327453205
12,[0.60342541],0.18018948891194334,0.12558703644519986
13,[0.1872848],0.44211657833227697,0.3066308084081467
14,[0.23135216],0.4461493050512476,0.33478303746512716
15,[0.37433709],0.21796983261747846,0.17057326586880917
16,[0.74873195],0.386635832455725,0.3198440492905459
17,[0.59137321],0.15642044148490056,0.10250338846768337
18,[0.26817952],0.29674333354425186,0.2750517947375031
19,[0.27655125],0.20329850643233088,0.2650010261507011
20,[0.99817102],0.6005087811935416,0.5692831214745252
21,[0.78495092],0.44524023112717276,0.3693471118977391
22,[0.54491035],0.13761932940161278,0.05604053140778509
23,[0.75527449],0.43468189684815994,0.3551602054787082
24,[0.4228173],0.2628323102274429,0.12209305390225977
25,[0.60836324],0.2959901101381338,0.18554593947534348
26,[0.09004483],0.7134142748603237,0.451507439153787
27,[0.28457835],0.30501046926549247,0.2603320063951139
28,[0.5661352],0.17449565279625273,0.07221958503544401
29,[0.89316856],0.4580113226294037,0.4703512589675348
30,[0.74362516],0.22974765031166472,0.3147372630441543
31,[0.85281045],0.5218639365916085,0.37497207813552813
32,[0.71135207],0.26555267286273687,0.2824641694435125
33,[0.64820153],0.2692660746985901,0.2398112106800544
34,[0.39415374],0.15581177323165127,0.14739853039070794
35,[0.11219304],0.5436808823397661,0.45394215903615254
36,[0.49391561],0.36219666977675785,0.016077240989670227
37,[0.48886982],0.2935286621450595,0.059981922873937554
38,[0.27216409],0.2873557985878213,0.29397110372300916
39,[0.17947225],0.39115547210134965,0.3637590629143007
40,[0.54155227],0.23525438856921346,0.052682450400594494
41,[0.77957872],0.3343234061658197,0.30174034932092886
42,[0.19304755],0.4541754953716139,0.3485047265394434
43,[0.25304512],0.34915724771696677,0.3130900746081591
44,[0.6537842],0.23090796608787123,0.22489630076859957
45,[0.40011428],0.24167167652306637,0.15540849119245115
46,[0.17218283],0.45958520265744385,0.39395236634951714
47,[0.89983219],0.47780459195295044,0.42199381826943994
48,[0.06666688],0.4547296545281904,0.47488539341427083
49,[0.40839031],0.21744892818508413,0.08552529833521916
