,0,1,2
0,[0.91992086],0.6570085249907704,0.5213436637111382
1,[0.47783837],0.22440815447203608,0.12558703644519986
2,[0.20817342],0.3798987604382225,0.3333788554251167
3,[0.95501603],0.48860595625894254,0.4134637516758062
4,[0.34845456],0.2585340074889284,0.19309770885442945
5,[0.58549564],0.21077463002529823,0.19134189748303743
6,[0.28095013],0.3591635385012336,0.20791969309414593
7,[0.61932012],0.17417333989395611,0.10794575682640106
8,[0.75403885],0.3384729178294906,0.3598851027046136
9,[0.66512039],0.251413203026833,0.27096664644070967
10,[0.3672407],0.3006342225912114,0.12162911939016641
11,[0.4288879],0.30980229993687475,0.1372472974060046
12,[0.60342541],0.17417333989395611,0.09205104499478367
13,[0.1872848],0.4528288643186113,0.3015850189115237
14,[0.23135216],0.42159712362404644,0.3720732478852128
15,[0.37433709],0.24300449309324187,0.16721518486161857
16,[0.74873195],0.43809355744756084,0.2548163369199853
17,[0.59137321],0.38912280479108285,0.1410453754614443
18,[0.26817952],0.4157476101945116,0.2979556783653804
19,[0.27655125],0.46576639345771637,0.17207882133080854
20,[0.99817102],0.664501556217705,0.5367692652892448
21,[0.78495092],0.4855687042933086,0.3765606050697998
22,[0.54491035],0.20142116794872517,0.03384385009209012
23,[0.75527449],0.455892275318288,0.3468841760947793
24,[0.4228173],0.2574207970728926,0.16855591096215805
25,[0.60836324],0.3993168218989941,0.18251063966507491
26,[0.09004483],0.593882295114391,0.47609036328525955
27,[0.28457835],0.4484612443231802,0.28155684951939586
28,[0.5661352],0.36205407950947605,0.07221958503544401
29,[0.89316856],0.4928674242858733,0.41098377252000023
30,[0.74362516],0.43298677120116924,0.24970955067359368
31,[0.85281045],0.3241528238666029,0.34143608668511194
32,[0.71135207],0.21098611980827808,0.19997770661220593
33,[0.64820153],0.3511832007545391,0.2398112106800544
34,[0.39415374],0.2311145004106955,0.14739853039070794
35,[0.11219304],0.5414112852045371,0.45394215903615254
36,[0.49391561],0.28395917350091787,0.07221958503544401
37,[0.48886982],0.28453928922286753,0.08047950883859611
38,[0.27216409],0.41176303555214044,0.29397110372300916
39,[0.17947225],0.34776442143565883,0.38666294654217803
40,[0.54155227],0.20198595660683233,0.14739853039070794
41,[0.77957872],0.46894032885883413,0.28566310833125863
42,[0.19304755],0.5490866438469635,0.30086806563547197
43,[0.25304512],0.3870685454831796,0.23582470007609202
44,[0.6537842],0.34314580892561447,0.15986858839803897
45,[0.40011428],0.2710426065097228,0.2033111231746777
46,[0.17218283],0.4934194510552287,0.39395236634951714
47,[0.89983219],0.6004499748384976,0.49144187561498887
48,[0.06666688],0.5862824037046626,0.4782434744214614
49,[0.40839031],0.29091759274004925,0.08047950883859611
