,0,1,2
0,[0.91992086],0.5916018526025717,0.46407729648062607
1,[0.47783837],0.28152504548712187,0.09030341143078136
2,[0.20817342],0.3798987604382225,0.3333788554251167
3,[0.95501603],0.5492595958803662,0.47717765356944786
4,[0.34845456],0.23961761386753527,0.19309770885442945
5,[0.58549564],0.23708139062455338,0.19134189748303743
6,[0.28095013],0.3591635385012335,0.20791969309414593
7,[0.61932012],0.17417333989395611,0.14148174827681725
8,[0.75403885],0.32254796803795616,0.35276681712885494
9,[0.66512039],0.251413203026833,0.263848360864951
10,[0.3672407],0.3118881997014412,0.08138936497086835
11,[0.4288879],0.23918176339367783,0.1372472974060046
12,[0.60342541],0.17417333989395611,0.09205104499478367
13,[0.1872848],0.4558529193185271,0.2613452644922256
14,[0.23135216],0.42159712362404644,0.3570822659133638
15,[0.37433709],0.24300449309324187,0.17057326586880917
16,[0.74873195],0.3881516473128421,0.3198440492905459
17,[0.59137321],0.31603518410750364,0.07448312276379088
18,[0.26817952],0.4027420677203996,0.27337275423390783
19,[0.27655125],0.35543646561445374,0.2650010261507011
20,[0.99817102],0.664501556217705,0.5692831214745252
21,[0.78495092],0.4121184253061877,0.3765606050697998
22,[0.54491035],0.24525278493651706,0.021224843124281967
23,[0.75527449],0.4079300331822771,0.3468841760947793
24,[0.4228173],0.2574207970728926,0.16855591096215805
25,[0.60836324],0.3993168218989941,0.20411094051142936
26,[0.09004483],0.4284305598525169,0.47609036328525955
27,[0.28457835],0.32676392901015333,0.28155684951939586
28,[0.5661352],0.33179080481822565,0.07221958503544401
29,[0.89316856],0.5702000135943088,0.40429873647306014
30,[0.74362516],0.35586583485557416,0.3147372630441543
31,[0.85281045],0.45308986178325306,0.37497207813552813
32,[0.71135207],0.250286683663927,0.23351369806262212
33,[0.64820153],0.3222716608504972,0.2398112106800544
34,[0.39415374],0.21077463002529823,0.14739853039070794
35,[0.11219304],0.5414112852045371,0.43271731591187057
36,[0.49391561],0.26417270886805444,0.04763666090397145
37,[0.48886982],0.2692406895759408,0.08047950883859611
38,[0.27216409],0.34670396206082577,0.29397110372300916
39,[0.17947225],0.3267639290101533,0.3760505249800371
40,[0.54155227],0.20198595660683233,0.14739853039070794
41,[0.77957872],0.5161083995118164,0.30174034932092886
42,[0.19304755],0.5171129261673556,0.30086806563547197
43,[0.25304512],0.3627427216051463,0.23582470007609202
44,[0.6537842],0.3431458089256146,0.22489630076859957
45,[0.40011428],0.2710426065097228,0.1912589266902084
46,[0.17218283],0.4154578947312849,0.3833399447873762
47,[0.89983219],0.5269996958513767,0.49144187561498887
48,[0.06666688],0.5862824037046627,0.47488539341427083
49,[0.40839031],0.2954283554808132,0.05048854740162734
