,0,1,2
0,[0.98137298],0.5637492475081696,[0.41762373]
1,[0.89590915],0.5615847490750088,[0.3343244]
2,[0.56158475],0.565898276524981,[0.00431353]
3,[0.74278293],0.5615847490750088,[0.18119818]
4,[0.38424629],0.5741494120255417,[0.18990313]
5,[0.84123377],0.5615847490750088,[0.27964902]
6,[0.43859751],0.5787521690586672,[0.14015466]
7,[0.34456302],0.5787521690586672,[0.23418914]
8,[0.57875217],0.4837175242714232,[0.09503464]
9,[0.48371752],0.5741494120255417,[0.09043189]
10,[0.96015735],0.5637492475081696,[0.39640811]
11,[0.89093209],0.5637492475081696,[0.32718284]
12,[0.47813943],0.5741494120255417,[0.09600998]
13,[0.63573548],0.5615847490750088,[0.07415073]
14,[0.05573444],0.5787521690586672,[0.52301773]
15,[0.26477865],0.5741494120255417,[0.30937076]
16,[0.73671157],0.5133530040840844,[0.22335857]
17,[0.48091673],0.5787521690586672,[0.09783544]
18,[0.513353],0.59284520301548,[0.0794922]
19,[0.56496707],0.5668294841901829,[0.00186242]
20,[0.21817247],0.5741494120255417,[0.35597694]
21,[0.56682948],0.5649670688597792,[0.00186242]
22,[0.58811186],0.5615847490750088,[0.02652711]
23,[0.36695674],0.5881118617949381,[0.22115513]
24,[0.45407795],0.5904785324052091,[0.13640058]
25,[0.20087981],0.5741494120255417,[0.3732696]
26,[0.82620447],0.5133530040840844,[0.31285146]
27,[0.84106935],0.5637492475081696,[0.2773201]
28,[0.75323018],0.5637492475081696,[0.18948093]
29,[0.97308058],0.5615847490750088,[0.41149583]
30,[0.375779],0.5741494120255417,[0.19837042]
31,[0.57414941],0.5626669982915892,[0.01148241]
32,[0.7729907],0.5637492475081696,[0.20924145]
33,[0.99397511],0.5615847490750088,[0.43239036]
34,[0.7533801],0.5615847490750088,[0.19179535]
35,[0.44111388],0.5787521690586672,[0.13763829]
36,[0.23345866],0.5881118617949381,[0.3546532]
37,[0.72815743],0.5615847490750088,[0.16657268]
38,[0.5928452],0.5615847490750088,[0.03126045]
39,[0.27898743],0.59284520301548,[0.31385777]
40,[0.67514202],0.5637492475081696,[0.11139278]
41,[0.04553451],0.5741494120255417,[0.5286149]
42,[0.47362365],0.5787521690586672,[0.10512851]
43,[0.22084138],0.5881118617949381,[0.36727048]
44,[0.56374925],0.5668294841901829,[0.00308024]
45,[0.63603003],0.5133530040840844,[0.12267702]
46,[0.17446293],0.5834320154268027,[0.40896908]
47,[0.70506659],0.5615847490750088,[0.14348184]
48,[0.00915774],0.5787521690586672,[0.56959443]
49,[0.69949199],0.4837175242714232,[0.21577447]
