,0,1,2
0,[0.98137298],0.5649670688597792,[0.41640591]
1,[0.89590915],0.5615847490750088,[0.3343244]
2,[0.56158475],0.5649670688597792,[0.00338232]
3,[0.74278293],0.5637492475081696,[0.17903368]
4,[0.38424629],0.5704894481078623,[0.18624316]
5,[0.84123377],0.5615847490750088,[0.27964902]
6,[0.43859751],0.5904785324052091,[0.15188103]
7,[0.34456302],0.5764507905421045,[0.23188777]
8,[0.57875217],0.5615847490750088,[0.01716742]
9,[0.48371752],0.5787521690586672,[0.09503464]
10,[0.96015735],0.5374688765795466,[0.42268848]
11,[0.89093209],0.5649670688597792,[0.32596502]
12,[0.47813943],0.5741494120255417,[0.09600998]
13,[0.63573548],0.5626669982915892,[0.07306848]
14,[0.05573444],0.5881118617949381,[0.53237743]
15,[0.26477865],0.5668294841901829,[0.30205083]
16,[0.73671157],0.5615847490750088,[0.17512682]
17,[0.48091673],0.5787521690586672,[0.09783544]
18,[0.513353],0.5811306369102399,[0.06777763]
19,[0.56496707],0.5615847490750088,[0.00338232]
20,[0.21817247],0.5741494120255417,[0.35597694]
21,[0.56682948],0.5374688765795466,[0.02936061]
22,[0.58811186],0.5649670688597792,[0.02314479]
23,[0.36695674],0.5787521690586672,[0.21179543]
24,[0.45407795],0.5834320154268027,[0.12935406]
25,[0.20087981],0.5787521690586672,[0.37787236]
26,[0.82620447],0.4971348670855271,[0.3290696]
27,[0.84106935],0.5643581581839744,[0.27671119]
28,[0.75323018],0.5133530040840844,[0.23987718]
29,[0.97308058],0.4837175242714232,[0.48936305]
30,[0.375779],0.5668294841901829,[0.19105049]
31,[0.57414941],0.5615847490750088,[0.01256466]
32,[0.7729907],0.538551125796127,[0.23443958]
33,[0.99397511],0.4985352641777538,[0.49543985]
34,[0.7533801],0.5615847490750088,[0.19179535]
35,[0.44111388],0.5764507905421045,[0.13533691]
36,[0.23345866],0.5787521690586672,[0.34529351]
37,[0.72815743],0.5237333858897963,[0.20442404]
38,[0.5928452],0.4837175242714232,[0.10912768]
39,[0.27898743],0.5904785324052091,[0.3114911]
40,[0.67514202],0.5615847490750088,[0.11355727]
41,[0.04553451],0.5881118617949381,[0.54257735]
42,[0.47362365],0.5787521690586672,[0.10512851]
43,[0.22084138],0.5741494120255417,[0.35330803]
44,[0.56374925],0.5704894481078623,[0.0067402]
45,[0.63603003],0.5133530040840844,[0.12267702]
46,[0.17446293],0.5881118617949381,[0.41364893]
47,[0.70506659],0.5615847490750088,[0.14348184]
48,[0.00915774],0.5834320154268027,[0.57427427]
49,[0.69949199],0.4837175242714232,[0.21577447]
