,0,1,2
0,[0.21266734],0.6329737945816593,0.5002811793511642
1,[0.21062014],0.6081483729081482,0.446318702462027
2,[0.81681712],0.43879991765244997,0.2160994848973059
3,[0.5840495],0.3968107037855265,0.1259047815658192
4,[0.71294852],0.4260621496293501,0.26144590229756126
5,[0.47580977],0.42891972707029635,0.23414451246332868
6,[0.01496551],0.720700217088343,0.5944996434430236
7,[0.19260548],0.44786275133035025,0.2975943405655662
8,[0.72487246],0.4950220351501723,0.36280834586139943
9,[0.90674801],0.6158199952724832,0.4552453871879798
10,[0.7576509],0.4667228877249677,0.3061482796404643
11,[0.42856743],0.4130914152873567,0.22837141476210232
12,[0.90900629],0.5309890937147521,0.30828866095960805
13,[0.92081687],0.5427996720183794,0.32009923926323536
14,[0.63178315],0.44808510043848016,0.1224001446476467
15,[0.39730719],0.4522805448985149,0.3156413342070532
16,[0.12498882],0.6106769097372322,0.4844763360919129
17,[0.56902129],0.37679479956517004,0.08791755707588023
18,[0.33123003],0.5144111055661,0.381718490335605
19,[0.97988002],0.6360676897106363,0.41085873309681487
20,[0.08574436],0.7330241503659917,0.5711944799198705
21,[0.99460262],0.7036746089160529,0.5431000008315495
22,[0.85625564],0.5653276257672301,0.40475301768272665
23,[0.60309146],0.39300231330197233,0.10448900254683835
24,[0.42510843],0.4151668149672723,0.23183041422862838
25,[0.49851745],0.3327966214818855,0.13645334184172686
26,[0.84011698],0.46209978648953276,0.2393993537343888
27,[0.65693884],0.37988810750272217,0.08791755707588023
28,[0.5983438],0.3939518439424562,0.11161048235046755
29,[0.84641863],0.6029472925615226,0.3370356221768763
30,[0.83580067],0.6059502498369447,0.4737365605481718
31,[0.45150262],0.41976328575281974,0.26144590229756126
32,[0.98409461],0.6402822785718516,0.41507332195803026
33,[0.16380795],0.7275760570559678,0.5461463373854484
34,[0.48188218],0.3234862855491293,0.11150044141745252
35,[0.68754394],0.3860091262752288,0.11852265093841352
36,[0.97016277],0.5921455709994932,0.3694451382443491
37,[0.24224603],0.39822219402396347,0.24795378325917938
38,[0.58714716],0.4391579030799503,0.05544616445867345
39,[0.17041045],0.47005777892002937,0.3197893681552454
40,[0.43161885],0.4080522399379512,0.17784630910632016
41,[0.65216532],0.45742016845999967,0.14278231635904115
42,[0.96081439],0.7173430538292922,0.45143138344464595
43,[0.06193287],0.7837082609494347,0.6510156457189397
44,[0.05863633],0.6770293997875811,0.5508288261422619
45,[0.06210796],0.5783602735887433,0.42809186282395917
46,[0.66126838],0.431417961804028,0.29920427251525517
47,[0.78538516],0.44157283115468965,0.21636387454086825
48,[0.06807496],0.8233090484274657,0.6418793287569461
