,0,1,2
0,[0.21266734],0.49540044058644545,0.4442715024587438
1,[0.21062014],0.715303526376606,0.446318702462027
2,[0.81681712],0.49815332598390116,0.22562046110619138
3,[0.5840495],0.40504628169835427,0.06126819256779292
4,[0.71294852],0.49870604251031825,0.1874967848572915
5,[0.47580977],0.4568723341353495,0.176355548769057
6,[0.01496551],0.8796098314556327,0.5944996434430236
7,[0.19260548],0.44033970626209096,0.3486780005648564
8,[0.72487246],0.5053315646127754,0.25818005424482826
9,[0.90674801],0.7620759039196695,0.4552453871879798
10,[0.7576509],0.5879241647978366,0.3061482796404643
11,[0.42856743],0.4208044334244029,0.18886987519578302
12,[0.90900629],0.6380734365410003,0.31780963716849353
13,[0.92081687],0.6475218991839021,0.32962021547212084
14,[0.63178315],0.4208428481560714,0.044635986792648796
15,[0.39730719],0.5004577504326277,0.3156413342070532
16,[0.12498882],0.6811317705079575,0.4781026357458552
17,[0.56902129],0.4422593578301745,0.0855307965840133
18,[0.33123003],0.40055028937399806,0.3257088134431846
19,[0.97988002],0.7081661839674976,0.41085873309681487
20,[0.08574436],0.8180718284499362,0.5711944799198705
21,[0.99460262],0.6771876783532542,0.4752777278728677
22,[0.85625564],0.5665100918341959,0.33693074472404483
23,[0.60309146],0.4421970234198424,0.004747653202419433
24,[0.42510843],0.42357163299762374,0.19232887466230908
25,[0.49851745],0.418010557662339,0.058922766179901664
26,[0.84011698],0.5167932210535675,0.2489203299432743
27,[0.65693884],0.46781858005673255,0.08791755707588023
28,[0.5983438],0.48528489708343836,0.03167134642117464
29,[0.84641863],0.751745435756774,0.32709373728056035
30,[0.83580067],0.5940741363621933,0.36910826893160065
31,[0.45150262],0.3524412541587806,0.20543622540514084
32,[0.98409461],0.6402822785718516,0.41507332195803026
33,[0.16380795],0.7313767435891321,0.5165632285738172
34,[0.48188218],0.3998492146198159,0.08713910177798168
35,[0.68754394],0.5432812760000205,0.11852265093841352
36,[0.97016277],0.6459240261107779,0.37181896484555876
37,[0.24224603],0.42048348333953617,0.2990374432584696
38,[0.58714716],0.4029884534390119,0.01594429305026679
39,[0.17041045],0.4580957283338343,0.3708730281545356
40,[0.43161885],0.4506400882944991,0.2001643025026445
41,[0.65216532],0.5125084280554135,0.08314403609214638
42,[0.96081439],0.89156080864146,0.452980213128398
43,[0.06193287],0.8497746520833939,0.6256110626890525
44,[0.05863633],0.7720219296973918,0.5564271460661855
45,[0.06210796],0.7086411042002025,0.4863226724309252
46,[0.66126838],0.46625217728565305,0.17938619762304453
47,[0.83582055],0.5787768997024852,0.387908229133896
48,[0.78538516],0.570575634028723,0.21636387454086825
49,[0.06807496],0.7830601871702435,0.5840903650626744
