,0,1,2
0,[0.21266734],0.3539611704739959,0.4191158097636155
1,[0.21062014],0.6324167990555334,0.4146344221501952
2,[0.81681712],0.5899202787229978,0.2327676107138672
3,[0.5840495],0.38150328319029075,0.01904195241777107
4,[0.71294852],0.4169312045918576,0.2144310687967661
5,[0.47580977],0.3813999171292375,0.12728168331528056
6,[0.01496551],0.6333062767380419,0.588125943096966
7,[0.19260548],0.5113923493595485,0.4391776732495417
8,[0.72487246],0.5006920119790583,0.22635500401967257
9,[0.90674801],0.6817225068781819,0.42486582063670086
10,[0.7576509],0.5092335130530352,0.25913344613966915
11,[0.42856743],0.3808406622473603,0.20321572206697402
12,[0.90900629],0.6286449905879088,0.32495678677616935
13,[0.92081687],0.5250032839819687,0.3517955833003955
14,[0.63178315],0.3392939796237805,0.06276186438075193
15,[0.39730719],0.3647400120252454,0.25724489682276586
16,[0.12498882],0.570961458706896,0.5067943294882372
17,[0.56902129],0.3701608635733133,0.06276186438075193
18,[0.33123003],0.36579890946894744,0.3257088134431846
19,[0.97988002],0.6106830942184109,0.41085873309681487
20,[0.08574436],0.790971113124139,0.5664209589361366
21,[0.99460262],0.538539454415725,0.4255813325022889
22,[0.85625564],0.35837243632445376,0.27972024024316666
23,[0.60309146],0.2389726624000339,0.01594429305026679
24,[0.42510843],0.43000048871105695,0.20667472153350008
25,[0.49851745],0.34265905307913513,0.10457400546683537
26,[0.84011698],0.5737194204525354,0.2560674795509501
27,[0.65693884],0.23756911188648894,0.07288933885528137
28,[0.5983438],0.2867784709897724,0.011196639847847356
29,[0.84641863],0.36272791565524215,0.27739734190998155
30,[0.83580067],0.5112392362814259,0.33728321870644495
31,[0.45150262],0.2789954367203472,0.200662704421407
32,[0.98409461],0.4705120352105343,0.4075592128477309
33,[0.16380795],0.6378449302629365,0.49074413418304363
34,[0.48188218],0.33259774914348494,0.1355551192875426
35,[0.68754394],0.48525411129752893,0.10349443271781467
36,[0.97016277],0.4180830923466902,0.40114148228150925
37,[0.24224603],0.6141834435731408,0.4146928086382832
38,[0.58714716],0.3879302461378781,0.01594429305026679
39,[0.17041045],0.5629031800608277,0.42793335389441944
40,[0.43161885],0.23403411562458204,0.1858184556314535
41,[0.65216532],0.23077119032942894,0.06811581787154752
42,[0.96081439],0.5618397475722342,0.3767648849571523
43,[0.06193287],0.5085882295612546,0.5411585823890089
44,[0.05863633],0.7185504768375892,0.5935289912499807
45,[0.06210796],0.7024006627940552,0.5409835017655527
46,[0.66126838],0.4909784640337122,0.1627509306735283
47,[0.83582055],0.4623768070281808,0.35393836337826867
48,[0.78538516],0.5218439089571734,0.2013356563202694
49,[0.06807496],0.5283369612003311,0.535016499608898
