,0,1,2
0,[0.21266734],0.5592634965242387,0.43949798147500996
1,[0.21062014],0.6470539477348296,0.44154518147829314
2,[0.81681712],0.5038055174722811,0.2327676107138672
3,[0.5840495],0.3538730173726085,0.01904195241777107
4,[0.71294852],0.4169312045918575,0.17917915138253337
5,[0.47580977],0.3655944617452488,0.12728168331528056
6,[0.01496551],0.6333062767380419,0.588125943096966
7,[0.19260548],0.5250635477871771,0.4391776732495417
8,[0.72487246],0.5006920119790583,0.22635500401967257
9,[0.90674801],0.5471379484993023,0.42486582063670086
10,[0.7576509],0.46807665887761074,0.25913344613966915
11,[0.42856743],0.3569956279714804,0.20321572206697402
12,[0.90900629],0.7165215724187899,0.32495678677616935
13,[0.92081687],0.8347221551590904,0.34428147419009614
14,[0.63178315],0.32298428044073724,0.06276186438075193
15,[0.39730719],0.3031916541313814,0.24466705047520165
16,[0.12498882],0.5204634231551989,0.5271765011996317
17,[0.56902129],0.27672025591415206,0.06276186438075193
18,[0.33123003],0.4099786915178356,0.29639835973256246
19,[0.97988002],0.4645431353951011,0.41085873309681487
20,[0.08574436],0.7613197665362259,0.5664209589361366
21,[0.99460262],0.6152249865439786,0.4255813325022889
22,[0.85625564],0.4592317375043353,0.28723434935346603
23,[0.60309146],0.31886622161701117,0.01904195241777107
24,[0.42510843],0.45687290839176287,0.20667472153350008
25,[0.49851745],0.35613283970325804,0.10457400546683537
26,[0.84011698],0.5792008134858101,0.2560674795509501
27,[0.65693884],0.29824744769492534,0.07288933885528137
28,[0.5983438],0.2867784709897723,0.011196639847847356
29,[0.84641863],0.46278589487644445,0.2698832327996822
30,[0.83580067],0.6191807308001827,0.33728321870644495
31,[0.45150262],0.28206710769730814,0.18028053271001254
32,[0.98409461],0.5604819000888701,0.4000451037374314
33,[0.16380795],0.568160601494533,0.4883573736911767
34,[0.48188218],0.392255320364271,0.1355551192875426
35,[0.68754394],0.5637483745024323,0.11100854182811415
36,[0.97016277],0.3230572609505679,0.40114148228150925
37,[0.24224603],0.5746660422303049,0.4099192876545493
38,[0.58714716],0.45839253765333376,0.01594429305026679
39,[0.17041045],0.4255020378435118,0.42793335389441944
40,[0.43161885],0.3356910825515702,0.1714726087602625
41,[0.65216532],0.16726910090987213,0.08314403609214638
42,[0.96081439],0.44692553147286046,0.3917931031777512
43,[0.06193287],0.5572536638155768,0.5698502761313909
44,[0.05863633],0.7001615448889373,0.5983025122337146
45,[0.06210796],0.6811859255381012,0.5409835017655527
46,[0.66126838],0.517112984610082,0.1627509306735283
47,[0.83582055],0.31047445178795813,0.33730309642875245
48,[0.78538516],0.5218439089571734,0.2013356563202694
49,[0.06807496],0.5283369612003311,0.56370819335128
