,0,1,2
0,[0.21266734],0.6332604331447842,0.4293068956193127
1,[0.21062014],0.6673635700498044,0.44154518147829314
2,[0.81681712],0.3770003951542845,0.2327676107138672
3,[0.5840495],0.3538730173726085,0.01904195241777107
4,[0.71294852],0.39154734360510496,0.17917915138253337
5,[0.47580977],0.3593023536139384,0.12728168331528056
6,[0.01496551],0.7991793546042982,0.616817636839348
7,[0.19260548],0.5478905486573471,0.4391776732495417
8,[0.72487246],0.40732799473721804,0.22635500401967257
9,[0.90674801],0.7347604334200291,0.3729786362729519
10,[0.7576509],0.4982235521511658,0.1886296113112037
11,[0.42856743],0.3816835800196034,0.20321572206697402
12,[0.90900629],0.5820058877393881,0.32495678677616935
13,[0.92081687],0.40655218166430274,0.33676736507979665
14,[0.63178315],0.3229842804407372,0.05524775527045256
15,[0.39730719],0.36119374336715543,0.23447596461950448
16,[0.12498882],0.5075511763658129,0.5271765011996317
17,[0.56902129],0.2795066238494563,0.06276186438075193
18,[0.33123003],0.36579890946894755,0.2718614270056743
19,[0.97988002],0.5786109980976558,0.41085873309681487
20,[0.08574436],0.7450815655248633,0.5711944799198705
21,[0.99460262],0.4399493224331554,0.41055311428169006
22,[0.85625564],0.4826831802133518,0.28723434935346603
23,[0.60309146],0.25658368985645763,0.01904195241777107
24,[0.42510843],0.34943260556982914,0.20667472153350008
25,[0.49851745],0.25865599491900104,0.10457400546683537
26,[0.84011698],0.5828037461823388,0.2560674795509501
27,[0.65693884],0.2849914501687647,0.07288933885528137
28,[0.5983438],0.3013198976095845,0.011196639847847356
29,[0.84641863],0.6213274540568948,0.27739734190998155
30,[0.83580067],0.6019118086620013,0.33728321870644495
31,[0.45150262],0.2800997062086112,0.18028053271001254
32,[0.98409461],0.5643665900641359,0.4000451037374314
33,[0.16380795],0.5883618671399928,0.4883573736911767
34,[0.48188218],0.4004294364804519,0.1212092724163516
35,[0.68754394],0.46615549570598275,0.11852265093841352
36,[0.97016277],0.6027964254394675,0.40114148228150925
37,[0.24224603],0.4939120061339056,0.4099192876545493
38,[0.58714716],0.4194243122466048,0.030290139921457793
39,[0.17041045],0.5650759839763406,0.42793335389441944
40,[0.43161885],0.3356910825515702,0.1714726087602625
41,[0.65216532],0.29618254904000185,0.08314403609214638
42,[0.96081439],0.43699742001158304,0.3917931031777512
43,[0.06193287],0.5202236146025931,0.5698502761313909
44,[0.05863633],0.7161883611768637,0.5983025122337146
45,[0.06210796],0.6829752416745486,0.5696751955079347
46,[0.66126838],0.5116913781473131,0.1627509306735283
47,[0.83582055],0.4338825227632669,0.34562072990351056
48,[0.78538516],0.5218439089571734,0.2013356563202694
49,[0.06807496],0.5579883077882444,0.56370819335128
