,0,1,2
0,[0.21266734],0.30478305395387356,0.4442715024587438
1,[0.21062014],0.4550189418797969,0.38772366282209725
2,[0.81681712],0.44321981905641616,0.22562046110619138
3,[0.5840495],0.2866521713899856,0.016668125816561297
4,[0.71294852],0.28633552853696076,0.23106633574628233
5,[0.47580977],0.38388083764679864,0.18112906975279086
6,[0.01496551],0.7508652663413752,0.5944996434430236
7,[0.19260548],0.4440140272109831,0.4278886965170293
8,[0.72487246],0.5578620340899378,0.25818005424482826
9,[0.90674801],0.7796116078645938,0.4552453871879798
10,[0.7576509],0.6176266019460439,0.28184112398811434
11,[0.42856743],0.410130675460909,0.18886987519578302
12,[0.90900629],0.6413407544013529,0.32495678677616935
13,[0.92081687],0.6779186611382396,0.37953339160432886
14,[0.63178315],0.2345809635692521,0.044635986792648796
15,[0.39730719],0.3196906978364396,0.20103661767470304
16,[0.12498882],0.5048378014773034,0.5067943294882372
17,[0.56902129],0.39012183291111713,0.0855307965840133
18,[0.33123003],0.2573579783476499,0.3257088134431846
19,[0.97988002],0.4918628419814578,0.4544282839858057
20,[0.08574436],0.6470216123864924,0.5711944799198705
21,[0.99460262],0.5906731255701454,0.4165183937082373
22,[0.85625564],0.47999553905108705,0.2781714105594144
23,[0.60309146],0.4421970234198424,0.004747653202419433
24,[0.42510843],0.3277467395441157,0.20667472153350008
25,[0.49851745],0.2948365461856799,0.034448393049773984
26,[0.84011698],0.46185971412608245,0.2489203299432743
27,[0.65693884],0.47718101849930933,0.08791755707588023
28,[0.5983438],0.2479047370779776,0.004773323006466157
29,[0.84641863],0.46658013349284433,0.32709373728056035
30,[0.83580067],0.3687318134095297,0.34560085218120307
31,[0.45150262],0.188888506994718,0.1468411857652111
32,[0.98409461],0.6402822785718516,0.41507332195803026
33,[0.16380795],0.6850736828619068,0.5434869217925723
34,[0.48188218],0.29258247477875987,0.08713910177798168
35,[0.68754394],0.48545956908455457,0.11852265093841352
36,[0.97016277],0.632242413367074,0.37181896484555876
37,[0.24224603],0.4241578042884283,0.3782481392106425
38,[0.58714716],0.26838759828842224,0.01594429305026679
39,[0.17041045],0.29016445702388804,0.3708730281545356
40,[0.43161885],0.33613690082751047,0.2001643025026445
41,[0.65216532],0.25607117982645267,0.08314403609214638
42,[0.96081439],0.539464164414506,0.430884750405907
43,[0.06193287],0.8757838089853859,0.5902324478427854
44,[0.05863633],0.384862789456624,0.5564271460661855
45,[0.06210796],0.5869406777518892,0.5655333683830981
46,[0.66126838],0.2208279957295421,0.17938619762304453
47,[0.83582055],0.45901152854191807,0.33730309642875245
48,[0.78538516],0.5799380724712998,0.21636387454086825
49,[0.06807496],0.6393994710221114,0.535016499608898
