,0,1,2
0,[0.21266734],0.45304495311318205,0.4191158097636155
1,[0.21062014],0.545745004274732,0.44154518147829314
2,[0.81681712],0.5863219813518026,0.24028171982416668
3,[0.5840495],0.2921769453511319,0.01904195241777107
4,[0.71294852],0.2654515214853025,0.2144310687967661
5,[0.47580977],0.4080022321665792,0.12728168331528056
6,[0.01496551],0.8880404403794167,0.616817636839348
7,[0.19260548],0.3648566595470773,0.4391776732495417
8,[0.72487246],0.3934448422664316,0.15585116919120712
9,[0.90674801],0.5574826478998884,0.3377267188587192
10,[0.7576509],0.4058109830955753,0.1886296113112037
11,[0.42856743],0.42338148514465707,0.20321572206697402
12,[0.90900629],0.6710654682395513,0.33247089588646883
13,[0.92081687],0.6757430725190061,0.33676736507979665
14,[0.63178315],0.21888242306908312,0.047733646160153076
15,[0.39730719],0.3905619805201977,0.23447596461950448
16,[0.12498882],0.5956395442533906,0.5271765011996317
17,[0.56902129],0.30310242149856914,0.06276186438075193
18,[0.33123003],0.3637654243685791,0.2718614270056743
19,[0.97988002],0.6067017696349003,0.41085873309681487
20,[0.08574436],0.8009369936609689,0.5711944799198705
21,[0.99460262],0.4532525602811203,0.41055311428169006
22,[0.85625564],0.3216504956053675,0.28723434935346603
23,[0.60309146],0.24129288228426984,0.01904195241777107
24,[0.42510843],0.3932734191538903,0.20667472153350008
25,[0.49851745],0.29511473569950075,0.10457400546683537
26,[0.84011698],0.531024318074433,0.2560674795509501
27,[0.65693884],0.2500866445038462,0.07288933885528137
28,[0.5983438],0.2354734518632294,0.004747653202419433
29,[0.84641863],0.49982404783263423,0.27739734190998155
30,[0.83580067],0.7074635863187984,0.33728321870644495
31,[0.45150262],0.2800997062086112,0.200662704421407
32,[0.98409461],0.5924573616013802,0.41507332195803026
33,[0.16380795],0.5371483712298029,0.4883573736911767
34,[0.48188218],0.4018367787972584,0.1212092724163516
35,[0.68754394],0.3629605862677575,0.10349443271781467
36,[0.97016277],0.6469057202822752,0.40114148228150925
37,[0.24224603],0.5969353160146567,0.4099192876545493
38,[0.58714716],0.42002569216406227,0.01594429305026679
39,[0.17041045],0.652862920992016,0.4326810070968389
40,[0.43161885],0.397371922836124,0.2001643025026445
41,[0.65216532],0.43363373476804395,0.08314403609214638
42,[0.96081439],0.5006573527641693,0.4270450205919839
43,[0.06193287],0.5202236146025931,0.5698502761313909
44,[0.05863633],0.7120973680817664,0.5935289912499807
45,[0.06210796],0.7163506673847573,0.5696751955079347
46,[0.66126838],0.4324638139341115,0.1627509306735283
47,[0.83582055],0.45318221805294473,0.33730309642875245
48,[0.78538516],0.5737702404200998,0.2013356563202694
49,[0.06807496],0.468286935648594,0.56370819335128
