,0,1,2
0,[0.21266734],0.33512758517964214,0.4191158097636155
1,[0.21062014],0.545745004274732,0.44154518147829314
2,[0.81681712],0.61762231560812,0.24028171982416668
3,[0.5840495],0.2921769453511319,0.01904195241777107
4,[0.71294852],0.26631080871955487,0.2144310687967661
5,[0.47580977],0.4080022321665792,0.12728168331528056
6,[0.01496551],0.8880404403794167,0.616817636839348
7,[0.19260548],0.411425862730548,0.4391776732495417
8,[0.72487246],0.47058013483019445,0.15585116919120712
9,[0.90674801],0.5574826478998884,0.3377267188587192
10,[0.7576509],0.40581098309557523,0.1886296113112037
11,[0.42856743],0.48082835501535026,0.20321572206697402
12,[0.90900629],0.6649444494670446,0.33247089588646883
13,[0.92081687],0.7789379819572315,0.33676736507979665
14,[0.63178315],0.255449133140199,0.047733646160153076
15,[0.39730719],0.39056198052019775,0.23447596461950448
16,[0.12498882],0.46265667937127014,0.5271765011996317
17,[0.56902129],0.3031024214985691,0.06276186438075193
18,[0.33123003],0.3637654243685791,0.2718614270056743
19,[0.97988002],0.6959655101273057,0.41085873309681487
20,[0.08574436],0.535049170928962,0.5664209589361366
21,[0.99460262],0.4532525602811203,0.41055311428169006
22,[0.85625564],0.3816203424923923,0.28723434935346603
23,[0.60309146],0.2286864128423381,0.01904195241777107
24,[0.42510843],0.3932734191538903,0.20667472153350008
25,[0.49851745],0.3505407736306688,0.10457400546683537
26,[0.84011698],0.531024318074433,0.2560674795509501
27,[0.65693884],0.30445892990498113,0.07288933885528137
28,[0.5983438],0.2354734518632294,0.004747653202419433
29,[0.84641863],0.5719225420894954,0.27739734190998155
30,[0.83580067],0.7074635863187984,0.33728321870644495
31,[0.45150262],0.3469834930468747,0.200662704421407
32,[0.98409461],0.5924573616013803,0.41507332195803026
33,[0.16380795],0.4541337068381968,0.4883573736911767
34,[0.48188218],0.357421104882646,0.1212092724163516
35,[0.68754394],0.36296058626775746,0.10349443271781467
36,[0.97016277],0.6469057202822752,0.40114148228150925
37,[0.24224603],0.5095419606472609,0.4099192876545493
38,[0.58714716],0.42002569216406227,0.01594429305026679
39,[0.17041045],0.5678897568646759,0.4326810070968389
40,[0.43161885],0.397371922836124,0.2001643025026445
41,[0.65216532],0.4126592562438461,0.08314403609214638
42,[0.96081439],0.5582368148757056,0.3917931031777512
43,[0.06193287],0.6581388026589394,0.5698502761313909
44,[0.05863633],0.7120973680817664,0.5935289912499807
45,[0.06210796],0.7163506673847572,0.5696751955079347
46,[0.66126838],0.4095424596789535,0.12749901325929558
47,[0.83582055],0.45318221805294473,0.33730309642875245
48,[0.78538516],0.46398856753901174,0.2013356563202694
49,[0.06807496],0.468286935648594,0.56370819335128
