,0,1,2
0,[0.21266734],0.5484251138667868,0.43949798147500996
1,[0.21062014],0.6073656158040978,0.44154518147829314
2,[0.81681712],0.5553097510870725,0.24779582893446606
3,[0.5840495],0.2921769453511319,0.01904195241777107
4,[0.71294852],0.2880063237779889,0.14392723396830065
5,[0.47580977],0.3143405639540454,0.12728168331528056
6,[0.01496551],0.8772271635156104,0.616817636839348
7,[0.19260548],0.4065234262252367,0.4391776732495417
8,[0.72487246],0.47058013483019445,0.15585116919120712
9,[0.90674801],0.46082726333109036,0.3377267188587192
10,[0.7576509],0.5205268561886941,0.1886296113112037
11,[0.42856743],0.5036097816009589,0.20321572206697402
12,[0.90900629],0.6649444494670446,0.32495678677616935
13,[0.92081687],0.6021124258316647,0.34428147419009614
14,[0.63178315],0.361106228276169,0.047733646160153076
15,[0.39730719],0.3970545044573127,0.23447596461950448
16,[0.12498882],0.46265667937127014,0.5271765011996317
17,[0.56902129],0.3723254807049817,0.06276186438075193
18,[0.33123003],0.384818420241796,0.2862072738768653
19,[0.97988002],0.5786109980976558,0.41085873309681487
20,[0.08574436],0.6030158896081856,0.5460387872247422
21,[0.99460262],0.3667976715302095,0.41055311428169006
22,[0.85625564],0.3576781115183235,0.28723434935346603
23,[0.60309146],0.39173025130293054,0.01904195241777107
24,[0.42510843],0.3644575493101232,0.20667472153350008
25,[0.49851745],0.3309725289101779,0.10457400546683537
26,[0.84011698],0.39982398096592664,0.2560674795509501
27,[0.65693884],0.37506365683078524,0.07288933885528137
28,[0.5983438],0.2354734518632294,0.004747653202419433
29,[0.84641863],0.4429460861507601,0.27739734190998155
30,[0.83580067],0.4779111492121251,0.33728321870644495
31,[0.45150262],0.3648235197473674,0.200662704421407
32,[0.98409461],0.5643665900641359,0.41507332195803026
33,[0.16380795],0.48714435980640564,0.4883573736911767
34,[0.48188218],0.39854171124299054,0.1212092724163516
35,[0.68754394],0.275127130899955,0.10349443271781467
36,[0.97016277],0.68754886469567,0.40114148228150925
37,[0.24224603],0.4898210130388083,0.4099192876545493
38,[0.58714716],0.3897180279723066,0.01594429305026679
39,[0.17041045],0.5707836083445171,0.4326810070968389
40,[0.43161885],0.397371922836124,0.2001643025026445
41,[0.65216532],0.3284266542904663,0.08314403609214638
42,[0.96081439],0.6265567213957085,0.3917931031777512
43,[0.06193287],0.5430339989211289,0.5411585823890089
44,[0.05863633],0.6899117251444119,0.5983025122337146
45,[0.06210796],0.7163506673847573,0.5553293486367437
46,[0.66126838],0.4113511907556033,0.1627509306735283
47,[0.83582055],0.5821569306407104,0.33730309642875245
48,[0.78538516],0.5001834100234306,0.2013356563202694
49,[0.06807496],0.6283142277359846,0.56370819335128
