,0,1,2
0,[0.21266734],0.5593376589574778,0.43949798147500996
1,[0.21062014],0.39432398000103525,0.44154518147829314
2,[0.81681712],0.5444706647051741,0.24779582893446606
3,[0.5840495],0.2995093450565217,0.01904195241777107
4,[0.71294852],0.45729054656236967,0.14392723396830065
5,[0.47580977],0.3143405639540454,0.12728168331528056
6,[0.01496551],0.7523848359549591,0.616817636839348
7,[0.19260548],0.4065234262252367,0.4391776732495417
8,[0.72487246],0.47058013483019445,0.15585116919120712
9,[0.90674801],0.5441579301984312,0.3377267188587192
10,[0.7576509],0.28372302599460925,0.1886296113112037
11,[0.42856743],0.3986566083959874,0.20321572206697402
12,[0.90900629],0.6649444494670446,0.32495678677616935
13,[0.92081687],0.6244672495715378,0.3517955833003955
14,[0.63178315],0.32742328595867304,0.047733646160153076
15,[0.39730719],0.3970545044573126,0.23447596461950448
16,[0.12498882],0.5181013074944734,0.5271765011996317
17,[0.56902129],0.3425569937330685,0.06276186438075193
18,[0.33123003],0.4025719663615517,0.3005531207480563
19,[0.97988002],0.5786109980976558,0.41085873309681487
20,[0.08574436],0.6239276403730426,0.5562298730804394
21,[0.99460262],0.5385394544157251,0.41055311428169006
22,[0.85625564],0.4266583373484247,0.28723434935346603
23,[0.60309146],0.34501750352583216,0.01904195241777107
24,[0.42510843],0.3147268480521479,0.20667472153350008
25,[0.49851745],0.2942505881910916,0.10457400546683537
26,[0.84011698],0.531024318074433,0.2560674795509501
27,[0.65693884],0.34289974081255237,0.07288933885528137
28,[0.5983438],0.2354734518632294,0.004747653202419433
29,[0.84641863],0.5719225420894954,0.27739734190998155
30,[0.83580067],0.47791114921212496,0.33728321870644495
31,[0.45150262],0.3292664190338028,0.200662704421407
32,[0.98409461],0.4958019770325822,0.41507332195803026
33,[0.16380795],0.48714435980640564,0.4883573736911767
34,[0.48188218],0.3657856623151256,0.1212092724163516
35,[0.68754394],0.27512713089995494,0.10349443271781467
36,[0.97016277],0.5194657585721268,0.40114148228150925
37,[0.24224603],0.3560354535520549,0.4099192876545493
38,[0.58714716],0.42002569216406227,0.01594429305026679
39,[0.17041045],0.6353233084721412,0.4326810070968389
40,[0.43161885],0.3356910825515702,0.2001643025026445
41,[0.65216532],0.4126592562438461,0.08314403609214638
42,[0.96081439],0.4526850372189085,0.3917931031777512
43,[0.06193287],0.6134830123265338,0.5411585823890089
44,[0.05863633],0.6899117251444119,0.5983025122337146
45,[0.06210796],0.6761089022541796,0.5553293486367437
46,[0.66126838],0.4113511907556033,0.1627509306735283
47,[0.83582055],0.5163104848943554,0.33730309642875245
48,[0.78538516],0.5001834100234306,0.2013356563202694
49,[0.06807496],0.468286935648594,0.56370819335128
