,0,1,2
0,[0.21266734],0.4449749948885735,0.4191158097636155
1,[0.21062014],0.5568184056688363,0.38772366282209725
2,[0.81681712],0.5259951988711619,0.22407163142243924
3,[0.5840495],0.33431397880302305,0.016668125816561297
4,[0.71294852],0.4218892131922331,0.23106633574628233
5,[0.47580977],0.4126802924954557,0.18112906975279086
6,[0.01496551],0.7508652663413752,0.5944996434430236
7,[0.19260548],0.5243679183713039,0.42245799977714094
8,[0.72487246],0.5855869445902351,0.25818005424482826
9,[0.90674801],0.5045707466070917,0.4309382315356298
10,[0.7576509],0.467091799468042,0.25913344613966915
11,[0.42856743],0.4391304498902966,0.18886987519578302
12,[0.90900629],0.6413407544013529,0.3234079570924172
13,[0.92081687],0.5778854570630619,0.37953339160432886
14,[0.63178315],0.25607117982645267,0.044635986792648796
15,[0.39730719],0.33879676785315677,0.2902367511771661
16,[0.12498882],0.5814409224159846,0.5067943294882372
17,[0.56902129],0.3616127961942408,0.0855307965840133
18,[0.33123003],0.31858763427574277,0.3257088134431846
19,[0.97988002],0.48124095328384414,0.4544282839858057
20,[0.08574436],0.7664146911972001,0.5711944799198705
21,[0.99460262],0.3383679656901631,0.41806722339198954
22,[0.85625564],0.27882596821293043,0.27972024024316666
23,[0.60309146],0.32423969877799486,0.004747653202419433
24,[0.42510843],0.4440047829840766,0.20667472153350008
25,[0.49851745],0.32642118233155626,0.09422803234049226
26,[0.84011698],0.38779722813557266,0.2560674795509501
27,[0.65693884],0.36143336064070714,0.06979167948777709
28,[0.5983438],0.38417996549922284,0.004773323006466157
29,[0.84641863],0.5067126743771257,0.32709373728056035
30,[0.83580067],0.5571689471038844,0.34560085218120307
31,[0.45150262],0.32023101698535783,0.20543622540514084
32,[0.98409461],0.5253292745864486,0.41507332195803026
33,[0.16380795],0.657504912912941,0.4952956640595019
34,[0.48188218],0.3303240534993436,0.10216731999858053
35,[0.68754394],0.4229646545242501,0.10349443271781467
36,[0.97016277],0.6196312240384433,0.37181896484555876
37,[0.24224603],0.4241578042884283,0.3782481392106425
38,[0.58714716],0.36516256747908,0.01594429305026679
39,[0.17041045],0.6705392363646813,0.4061249455687683
40,[0.43161885],0.33613690082751047,0.2001643025026445
41,[0.65216532],0.25607117982645267,0.08314403609214638
42,[0.96081439],0.6702773447774973,0.4383988595162065
43,[0.06193287],0.6380651224857387,0.5902324478427854
44,[0.05863633],0.5706850930374079,0.5588009726673953
45,[0.06210796],0.5869406777518892,0.5655333683830981
46,[0.66126838],0.2697693327466437,0.17938619762304453
47,[0.83582055],0.5106160771509177,0.33730309642875245
48,[0.78538516],0.39076976566941773,0.21636387454086825
49,[0.06807496],0.813488672159264,0.5840903650626744
