,0,1,2
0,[0.21266734],0.6051971017297815,0.43949798147500996
1,[0.21062014],0.5177234688176903,0.44154518147829314
2,[0.81681712],0.5636172629794737,0.24779582893446606
3,[0.5840495],0.22338097759194184,0.01904195241777107
4,[0.71294852],0.4097082429327587,0.14392723396830065
5,[0.47580977],0.4130144056925342,0.12728168331528056
6,[0.01496551],0.810493222373152,0.616817636839348
7,[0.19260548],0.444384521789163,0.4391776732495417
8,[0.72487246],0.36487796828100694,0.15585116919120712
9,[0.90674801],0.6249942945984055,0.3377267188587192
10,[0.7576509],0.45821429166764654,0.1886296113112037
11,[0.42856743],0.4231343071617176,0.20321572206697402
12,[0.90900629],0.5618634768923233,0.32495678677616935
13,[0.92081687],0.6296861088277229,0.3517955833003955
14,[0.63178315],0.3080425316132834,0.047733646160153076
15,[0.39730719],0.38288040949479313,0.25485813633089893
16,[0.12498882],0.5428501355687789,0.5271765011996317
17,[0.56902129],0.37163368081167647,0.06276186438075193
18,[0.33123003],0.4025719663615517,0.2862072738768653
19,[0.97988002],0.5786109980976558,0.41085873309681487
20,[0.08574436],0.582113219417127,0.5562298730804394
21,[0.99460262],0.5140537301416078,0.41055311428169006
22,[0.85625564],0.4845265821265977,0.28723434935346603
23,[0.60309146],0.37393345226391084,0.01904195241777107
24,[0.42510843],0.36808272482774385,0.20667472153350008
25,[0.49851745],0.287972363713406,0.10457400546683537
26,[0.84011698],0.5096520952793928,0.2560674795509501
27,[0.65693884],0.3585124578615443,0.07288933885528137
28,[0.5983438],0.3564943468278231,0.004747653202419433
29,[0.84641863],0.4594115188803157,0.27739734190998155
30,[0.83580067],0.546554455228253,0.33728321870644495
31,[0.45150262],0.32401130801513267,0.18028053271001254
32,[0.98409461],0.438355107161889,0.41507332195803026
33,[0.16380795],0.48714435980640564,0.4883573736911767
34,[0.48188218],0.3929967968296463,0.1212092724163516
35,[0.68754394],0.275127130899955,0.10349443271781467
36,[0.97016277],0.6302531127360569,0.40114148228150925
37,[0.24224603],0.33090152442774695,0.4099192876545493
38,[0.58714716],0.29622788748304546,0.01594429305026679
39,[0.17041045],0.5912418884365755,0.4326810070968389
40,[0.43161885],0.3906840534471637,0.2001643025026445
41,[0.65216532],0.4126592562438461,0.08314403609214638
42,[0.96081439],0.567789840956719,0.3917931031777512
43,[0.06193287],0.6832990739349789,0.5411585823890089
44,[0.05863633],0.7120973680817665,0.5935289912499807
45,[0.06210796],0.653327475668571,0.5553293486367437
46,[0.66126838],0.4113511907556033,0.1627509306735283
47,[0.83582055],0.5532384539231775,0.33730309642875245
48,[0.78538516],0.45924306829742323,0.2013356563202694
49,[0.06807496],0.7308583145920386,0.56370819335128
