,0,1,2
0,[0.21266734],0.6051971017297815,0.43949798147500996
1,[0.21062014],0.44237049182625976,0.44154518147829314
2,[0.81681712],0.560083381754166,0.24779582893446606
3,[0.5840495],0.26990226011916935,0.01904195241777107
4,[0.71294852],0.3570797563915681,0.14392723396830065
5,[0.47580977],0.39804179003715257,0.12728168331528056
6,[0.01496551],0.8194204197316817,0.616817636839348
7,[0.19260548],0.4321778283153403,0.4391776732495417
8,[0.72487246],0.36487796828100694,0.14833706008090775
9,[0.90674801],0.6249942945984055,0.3377267188587192
10,[0.7576509],0.4575734822701927,0.1886296113112037
11,[0.42856743],0.4231343071617176,0.20321572206697402
12,[0.90900629],0.5618634768923233,0.32495678677616935
13,[0.92081687],0.7143352795036935,0.3517955833003955
14,[0.63178315],0.30108230668522157,0.047733646160153076
15,[0.39730719],0.38288040949479313,0.24466705047520165
16,[0.12498882],0.5303326029514215,0.5271765011996317
17,[0.56902129],0.3418651938397633,0.06276186438075193
18,[0.33123003],0.4025719663615517,0.2718614270056743
19,[0.97988002],0.5786109980976558,0.41085873309681487
20,[0.08574436],0.5742255153333271,0.5460387872247422
21,[0.99460262],0.5140537301416078,0.41055311428169006
22,[0.85625564],0.4845265821265977,0.28723434935346603
23,[0.60309146],0.407417868510256,0.01904195241777107
24,[0.42510843],0.3130897539321504,0.20667472153350008
25,[0.49851745],0.19884002950206592,0.10457400546683537
26,[0.84011698],0.4862006525703763,0.2560674795509501
27,[0.65693884],0.28090919001670395,0.07288933885528137
28,[0.5983438],0.3564943468278231,0.004747653202419433
29,[0.84641863],0.40678050435967095,0.27739734190998155
30,[0.83580067],0.546554455228253,0.33728321870644495
31,[0.45150262],0.32401130801513267,0.18028053271001254
32,[0.98409461],0.438355107161889,0.41507332195803026
33,[0.16380795],0.48714435980640564,0.4883573736911767
34,[0.48188218],0.32554015308835726,0.1212092724163516
35,[0.68754394],0.275127130899955,0.10349443271781467
36,[0.97016277],0.6302531127360569,0.40114148228150925
37,[0.24224603],0.33090152442774695,0.4099192876545493
38,[0.58714716],0.3500873185597124,0.01594429305026679
39,[0.17041045],0.5912418884365755,0.4326810070968389
40,[0.43161885],0.3906840534471637,0.2001643025026445
41,[0.65216532],0.4126592562438461,0.08314403609214638
42,[0.96081439],0.567789840956719,0.3917931031777512
43,[0.06193287],0.6832990739349791,0.5555044292601999
44,[0.05863633],0.7120973680817665,0.5935289912499807
45,[0.06210796],0.6114839840762868,0.5553293486367437
46,[0.66126838],0.4304977890299028,0.1627509306735283
47,[0.83582055],0.5734805070052349,0.33730309642875245
48,[0.78538516],0.4952706842103791,0.2013356563202694
49,[0.06807496],0.7308583145920386,0.56370819335128
