,0,1,2
0,[0.21266734],0.619684429844295,0.4191158097636155
1,[0.21062014],0.5036290828469188,0.44154518147829314
2,[0.81681712],0.4808558175409644,0.24779582893446606
3,[0.5840495],0.21295425233289614,0.01904195241777107
4,[0.71294852],0.33543181021206625,0.14392723396830065
5,[0.47580977],0.4234754827978023,0.14162753018647156
6,[0.01496551],0.8258069852368244,0.616817636839348
7,[0.19260548],0.4321778283153403,0.4104859795071597
8,[0.72487246],0.36487796828100694,0.15585116919120712
9,[0.90674801],0.5143487966221201,0.3377267188587192
10,[0.7576509],0.41641662809476826,0.1886296113112037
11,[0.42856743],0.41249904767911244,0.20321572206697402
12,[0.90900629],0.6963791615717253,0.32495678677616935
13,[0.92081687],0.6664080495468091,0.3517955833003955
14,[0.63178315],0.21549563590633766,0.047733646160153076
15,[0.39730719],0.38288040949479313,0.25485813633089893
16,[0.12498882],0.6224974051812782,0.5067943294882372
17,[0.56902129],0.3418651938397633,0.06276186438075193
18,[0.33123003],0.40576082497160504,0.2718614270056743
19,[0.97988002],0.5786109980976558,0.41085873309681487
20,[0.08574436],0.7653798929474043,0.5460387872247422
21,[0.99460262],0.5889284203678973,0.41055311428169006
22,[0.85625564],0.44717811843472743,0.28723434935346603
23,[0.60309146],0.388375891582763,0.01904195241777107
24,[0.42510843],0.3130897539321504,0.20667472153350008
25,[0.49851745],0.26297359539791315,0.10457400546683537
26,[0.84011698],0.49396447807206734,0.2635815886612496
27,[0.65693884],0.2711721649870794,0.07288933885528137
28,[0.5983438],0.3076794584873713,0.004747653202419433
29,[0.84641863],0.5306743003414592,0.27739734190998155
30,[0.83580067],0.634454051523255,0.30203130129221223
31,[0.45150262],0.32401130801513267,0.200662704421407
32,[0.98409461],0.4812085292434,0.41507332195803026
33,[0.16380795],0.6355140745104922,0.4883573736911767
34,[0.48188218],0.33525405317872725,0.1355551192875426
35,[0.68754394],0.35472845607007236,0.10349443271781467
36,[0.97016277],0.5475327297815821,0.40114148228150925
37,[0.24224603],0.42226943194610556,0.4099192876545493
38,[0.58714716],0.36344139193985486,0.01594429305026679
39,[0.17041045],0.5884281155482403,0.4326810070968389
40,[0.43161885],0.33569108255157026,0.2001643025026445
41,[0.65216532],0.3405607619869849,0.08314403609214638
42,[0.96081439],0.5584274025141425,0.3917931031777512
43,[0.06193287],0.6716636888936405,0.5555044292601999
44,[0.05863633],0.7291006079662496,0.5959157517418476
45,[0.06210796],0.6251471817816285,0.5696751955079347
46,[0.66126838],0.46876017402407155,0.1627509306735283
47,[0.83582055],0.4131330840569798,0.33730309642875245
48,[0.78538516],0.4691711797587005,0.2013356563202694
49,[0.06807496],0.7254165049439346,0.56370819335128
