,0,1,2
0,[0.21266734],0.619684429844295,0.4293068956193127
1,[0.21062014],0.4840119983706474,0.44154518147829314
2,[0.81681712],0.6367689138824196,0.24779582893446606
3,[0.5840495],0.2557281651566498,0.01904195241777107
4,[0.71294852],0.26362755741820987,0.14392723396830065
5,[0.47580977],0.41967479626463805,0.12728168331528056
6,[0.01496551],0.8852266674910816,0.616817636839348
7,[0.19260548],0.5017580636630297,0.4104859795071597
8,[0.72487246],0.36487796828100694,0.15585116919120712
9,[0.90674801],0.5454377838221454,0.3377267188587192
10,[0.7576509],0.4164166280947682,0.18111550220090433
11,[0.42856743],0.38266046566740847,0.22359789377836847
12,[0.90900629],0.674374500101503,0.32495678677616935
13,[0.92081687],0.6147766537923597,0.3517955833003955
14,[0.63178315],0.31016663241502485,0.047733646160153076
15,[0.39730719],0.3117451900716229,0.25485813633089893
16,[0.12498882],0.4282720680547669,0.5067943294882372
17,[0.56902129],0.3410508227762591,0.06276186438075193
18,[0.33123003],0.4025719663615517,0.3005531207480563
19,[0.97988002],0.5876953238274591,0.41085873309681487
20,[0.08574436],0.6059414623881921,0.5460387872247422
21,[0.99460262],0.6668073529274817,0.41055311428169006
22,[0.85625564],0.4857148471549941,0.28723434935346603
23,[0.60309146],0.38054942437401157,0.01904195241777107
24,[0.42510843],0.3130897539321504,0.20667472153350008
25,[0.49851745],0.22897046041993044,0.10457400546683537
26,[0.84011698],0.6050868040649428,0.2560674795509501
27,[0.65693884],0.2711721649870794,0.07288933885528137
28,[0.5983438],0.23729609695766243,0.011196639847847356
29,[0.84641863],0.5583992108417564,0.27739734190998155
30,[0.83580067],0.634454051523255,0.2667793838779795
31,[0.45150262],0.32401130801513267,0.18028053271001254
32,[0.98409461],0.5480620731218387,0.41507332195803026
33,[0.16380795],0.6355140745104924,0.47816628783547943
34,[0.48188218],0.38987091007789704,0.1212092724163516
35,[0.68754394],0.43260738862965675,0.10349443271781467
36,[0.97016277],0.6302531127360569,0.40114148228150925
37,[0.24224603],0.4599220262115198,0.4099192876545493
38,[0.58714716],0.2982068463635975,0.01594429305026679
39,[0.17041045],0.5238884154206163,0.4326810070968389
40,[0.43161885],0.2865219359327042,0.2001643025026445
41,[0.65216532],0.2873414443696506,0.08314403609214638
42,[0.96081439],0.6333280483139296,0.3917931031777512
43,[0.06193287],0.677859750267392,0.5698502761313909
44,[0.05863633],0.7120973680817665,0.5935289912499807
45,[0.06210796],0.5881916602335003,0.5696751955079347
46,[0.66126838],0.4385397272443673,0.1627509306735283
47,[0.83582055],0.3954012678586238,0.266799261600287
48,[0.78538516],0.588137357399313,0.20884976543056888
49,[0.06807496],0.7806791692205113,0.56370819335128
