,0,1,2
0,[0.21266734],0.4549767239866025,0.4293068956193127
1,[0.21062014],0.6294750890966646,0.38057651321442143
2,[0.81681712],0.4870142655838845,0.22966995134636292
3,[0.5840495],0.37180876782417543,0.01904195241777107
4,[0.71294852],0.47430303002859303,0.23106633574628233
5,[0.47580977],0.353588757755927,0.17874230926092394
6,[0.01496551],0.5177963202412676,0.6270087226950452
7,[0.19260548],0.5673535121818443,0.4493687591052389
8,[0.72487246],0.5578620340899378,0.24906268186811775
9,[0.90674801],0.7347604334200291,0.4309382315356298
10,[0.7576509],0.3803944262885842,0.17360139309060485
11,[0.42856743],0.449778274851462,0.18886987519578302
12,[0.90900629],0.4596515817582241,0.3234079570924172
13,[0.92081687],0.7790098491837486,0.37953339160432886
14,[0.63178315],0.2683654133252632,0.044635986792648796
15,[0.39730719],0.3387967678531568,0.2596316573146328
16,[0.12498882],0.5814409224159846,0.5067943294882372
17,[0.56902129],0.35216432719237856,0.08314403609214638
18,[0.33123003],0.40179335561094864,0.2987851202244295
19,[0.97988002],0.6336649484661836,0.49799783487479654
20,[0.08574436],0.722573877613139,0.5755240186890531
21,[0.99460262],0.597661260901399,0.4255813325022889
22,[0.85625564],0.48698367438234075,0.28723434935346603
23,[0.60309146],0.257601493977864,0.004747653202419433
24,[0.42510843],0.5419891748922206,0.20667472153350008
25,[0.49851745],0.32642118233155626,0.09422803234049226
26,[0.84011698],0.5126395556962239,0.2560674795509501
27,[0.65693884],0.3830845333623999,0.06979167948777709
28,[0.5983438],0.38417996549922284,0.003224493322713906
29,[0.84641863],0.6300762017449953,0.32709373728056035
30,[0.83580067],0.643326497403518,0.34560085218120307
31,[0.45150262],0.2958346653166166,0.23604131926767413
32,[0.98409461],0.5649768739770017,0.4000451037374314
33,[0.16380795],0.6248717185151025,0.49313089467491056
34,[0.48188218],0.4066249099014331,0.1362252289343543
35,[0.68754394],0.48706284237417885,0.10349443271781467
36,[0.97016277],0.6196312240384433,0.3936273731712099
37,[0.24224603],0.36665791749951876,0.3877691154195281
38,[0.58714716],0.39359498129742054,0.01594429305026679
39,[0.17041045],0.67630620049238,0.39861083645846895
40,[0.43161885],0.3361369008275104,0.2001643025026445
41,[0.65216532],0.3352670082314427,0.06501815850404324
42,[0.96081439],0.5881298396623496,0.47893220495573285
43,[0.06193287],0.7022521809776288,0.5698502761313909
44,[0.05863633],0.5749531696122404,0.5731468195385863
45,[0.06210796],0.6308781225032875,0.594830888203063
46,[0.66126838],0.36233974519217493,0.17938619762304453
47,[0.83582055],0.5153315403984174,0.29453706990422035
48,[0.78538516],0.47534331861396506,0.2013356563202694
49,[0.06807496],0.790567728852794,0.56370819335128
