,0,1,2
0,[0.21266734],0.619684429844295,0.4191158097636155
1,[0.21062014],0.4202896709202969,0.44154518147829314
2,[0.81681712],0.5600833817541662,0.24779582893446606
3,[0.5840495],0.26080908176262724,0.01904195241777107
4,[0.71294852],0.26362755741820976,0.14392723396830065
5,[0.47580977],0.37145128937631083,0.12728168331528056
6,[0.01496551],0.8482198745803385,0.616817636839348
7,[0.19260548],0.5017580636630297,0.4391776732495417
8,[0.72487246],0.36487796828100694,0.15585116919120712
9,[0.90674801],0.5454377838221454,0.3377267188587192
10,[0.7576509],0.4164166280947682,0.18111550220090433
11,[0.42856743],0.40024397708258447,0.20321572206697402
12,[0.90900629],0.6743745001015031,0.32495678677616935
13,[0.92081687],0.43604470006787543,0.3517955833003955
14,[0.63178315],0.31502826890903873,0.047733646160153076
15,[0.39730719],0.38288040949479313,0.25485813633089893
16,[0.12498882],0.49789144179797945,0.5067943294882372
17,[0.56902129],0.39400271875882076,0.06276186438075193
18,[0.33123003],0.38484602387823796,0.3005531207480563
19,[0.97988002],0.5876953238274591,0.41085873309681487
20,[0.08574436],0.7187527114280389,0.5460387872247422
21,[0.99460262],0.6668073529274817,0.41806722339198954
22,[0.85625564],0.3724391167348462,0.28723434935346603
23,[0.60309146],0.3907943904148693,0.01904195241777107
24,[0.42510843],0.25377961972822705,0.20667472153350008
25,[0.49851745],0.23524868489761608,0.11891985233802638
26,[0.84011698],0.5134652212632055,0.2560674795509501
27,[0.65693884],0.23832822818102137,0.07288933885528137
28,[0.5983438],0.23729609695766243,0.011196639847847356
29,[0.84641863],0.5057681963211115,0.27739734190998155
30,[0.83580067],0.6645659286721187,0.2667793838779795
31,[0.45150262],0.32401130801513267,0.200662704421407
32,[0.98409461],0.47341125655603805,0.41507332195803026
33,[0.16380795],0.5920814009938997,0.46797520197978226
34,[0.48188218],0.3997400898741198,0.1212092724163516
35,[0.68754394],0.4278801069730183,0.10349443271781467
36,[0.97016277],0.5588744400701562,0.40114148228150925
37,[0.24224603],0.4840615072927603,0.4099192876545493
38,[0.58714716],0.3446657120969435,0.011196639847847356
39,[0.17041045],0.5238884154206163,0.4326810070968389
40,[0.43161885],0.3191978536019024,0.2001643025026445
41,[0.65216532],0.2873414443696506,0.08314403609214638
42,[0.96081439],0.5628967886431222,0.3917931031777512
43,[0.06193287],0.7034275447883048,0.5698502761313909
44,[0.05863633],0.7120973680817665,0.5935289912499807
45,[0.06210796],0.615861056863265,0.5696751955079347
46,[0.66126838],0.3956635735482778,0.1627509306735283
47,[0.83582055],0.3751592147765664,0.266799261600287
48,[0.78538516],0.4738209360684794,0.21636387454086825
49,[0.06807496],0.7294941514084501,0.56370819335128
