,0,1,2
0,[0.21266734],0.6338585248068145,0.4191158097636155
1,[0.21062014],0.4994557738955402,0.44154518147829314
2,[0.81681712],0.6810323584865079,0.24779582893446606
3,[0.5840495],0.20682209558484105,0.01904195241777107
4,[0.71294852],0.3390347429085948,0.14392723396830065
5,[0.47580977],0.3833590835601596,0.12728168331528056
6,[0.01496551],0.7555002514775584,0.616817636839348
7,[0.19260548],0.43860530129419384,0.4104859795071597
8,[0.72487246],0.38593096415422384,0.15585116919120712
9,[0.90674801],0.4621071169548047,0.3377267188587192
10,[0.7576509],0.45137045852825974,0.18111550220090433
11,[0.42856743],0.4390946382461515,0.20321572206697402
12,[0.90900629],0.6650120616589265,0.32495678677616935
13,[0.92081687],0.7143352795036934,0.3517955833003955
14,[0.63178315],0.31502826890903873,0.047733646160153076
15,[0.39730719],0.3866887999783473,0.25485813633089893
16,[0.12498882],0.4282720680547668,0.5067943294882372
17,[0.56902129],0.39400271875882076,0.06276186438075193
18,[0.33123003],0.3459953627146709,0.3005531207480563
19,[0.97988002],0.5705690598831914,0.41085873309681487
20,[0.08574436],0.6104336434344926,0.5173470934823602
21,[0.99460262],0.6192198479527699,0.41055311428169006
22,[0.85625564],0.341632914779852,0.28723434935346603
23,[0.60309146],0.3542472738670567,0.01904195241777107
24,[0.42510843],0.3130897539321504,0.20667472153350008
25,[0.49851745],0.2586257825523052,0.11891985233802638
26,[0.84011698],0.6411144199778988,0.2560674795509501
27,[0.65693884],0.32924927671811677,0.07288933885528137
28,[0.5983438],0.25590003037946546,0.011196639847847356
29,[0.84641863],0.4585758060845981,0.27739734190998155
30,[0.83580067],0.6348634915239115,0.2667793838779795
31,[0.45150262],0.32401130801513267,0.1904716185657097
32,[0.98409461],0.6507818392781376,0.41507332195803026
33,[0.16380795],0.5743311076388127,0.46797520197978226
34,[0.48188218],0.3388368420962304,0.1212092724163516
35,[0.68754394],0.43714892419934587,0.10349443271781467
36,[0.97016277],0.6302531127360569,0.40114148228150925
37,[0.24224603],0.4241523058262226,0.4099192876545493
38,[0.58714716],0.3709423481293953,0.013570466449057017
39,[0.17041045],0.38369001656799345,0.4326810070968389
40,[0.43161885],0.3191978536019024,0.2001643025026445
41,[0.65216532],0.2873414443696506,0.08314403609214638
42,[0.96081439],0.7138736367801432,0.3917931031777512
43,[0.06193287],0.7285878160643444,0.5698502761313909
44,[0.05863633],0.7120973680817665,0.5983025122337146
45,[0.06210796],0.5920396528863705,0.5696751955079347
46,[0.66126838],0.3956635735482778,0.09224709584506285
47,[0.83582055],0.4917545013471655,0.266799261600287
48,[0.78538516],0.4738209360684795,0.21636387454086825
49,[0.06807496],0.7294941514084501,0.56370819335128
