,0,1,2
0,[0.21266734],0.4549767239866025,0.4293068956193127
1,[0.21062014],0.49829145446215584,0.38057651321442143
2,[0.81681712],0.40427390189383,0.23121878103011506
3,[0.5840495],0.3709494805899231,0.01904195241777107
4,[0.71294852],0.3483098012260516,0.23106633574628233
5,[0.47580977],0.38852152069520113,0.176355548769057
6,[0.01496551],0.7656608565875481,0.616817636839348
7,[0.19260548],0.5673535121818443,0.45955984496093616
8,[0.72487246],0.5578620340899378,0.24906268186811775
9,[0.90674801],0.6629468270352706,0.4309382315356298
10,[0.7576509],0.38105373497002326,0.1886296113112037
11,[0.42856743],0.4233814851446572,0.18886987519578302
12,[0.90900629],0.5319346030618828,0.32495678677616935
13,[0.92081687],0.6567640099223977,0.38704750071462823
14,[0.63178315],0.1610832274879453,0.044635986792648796
15,[0.39730719],0.36474001202524536,0.24466705047520165
16,[0.12498882],0.5715717426197617,0.5067943294882372
17,[0.56902129],0.29724043433801695,0.08314403609214638
18,[0.33123003],0.26546737675827403,0.2987851202244295
19,[0.97988002],0.6640617104205211,0.49799783487479654
20,[0.08574436],0.6821018131333225,0.5733592493044618
21,[0.99460262],0.6709556805024162,0.4255813325022889
22,[0.85625564],0.4325740761125168,0.27972024024316666
23,[0.60309146],0.27938333567345214,0.011972020269981232
24,[0.42510843],0.5419891748922206,0.19232887466230908
25,[0.49851745],0.32642118233155626,0.09422803234049226
26,[0.84011698],0.5593523034733223,0.2560674795509501
27,[0.65693884],0.2381658922902031,0.06419335956385341
28,[0.5983438],0.186219170666106,0.004747653202419433
29,[0.84641863],0.5738102673269566,0.3286425669643124
30,[0.83580067],0.6788544901214792,0.3539184856559612
31,[0.45150262],0.2661793431842419,0.2030494649132739
32,[0.98409461],0.6125378458493658,0.39849627405367927
33,[0.16380795],0.6867867959586584,0.49313089467491056
34,[0.48188218],0.36990296918234683,0.17028313787012805
35,[0.68754394],0.48706284237417885,0.10349443271781467
36,[0.97016277],0.3918726928816464,0.40114148228150925
37,[0.24224603],0.46478235922440947,0.4146928086382832
38,[0.58714716],0.4343891118712241,0.01594429305026679
39,[0.17041045],0.39653735288677655,0.4136390546790678
40,[0.43161885],0.28652193593270414,0.2001643025026445
41,[0.65216532],0.22798482239412476,0.06501815850404324
42,[0.96081439],0.5096956774425927,0.435362654066742
43,[0.06193287],0.7457723155454392,0.5698502761313909
44,[0.05863633],0.6372025485631717,0.5731468195385863
45,[0.06210796],0.6099663717384305,0.5798662813636318
46,[0.66126838],0.44591217858002263,0.17106856414828642
47,[0.83582055],0.4312832292344916,0.29453706990422035
48,[0.78538516],0.5218439089571734,0.2013356563202694
49,[0.06807496],0.8075669931928158,0.56370819335128
