,0,1,2
0,[0.21266734],0.619684429844295,0.4191158097636155
1,[0.21062014],0.4994557738955402,0.44154518147829314
2,[0.81681712],0.5740290585647283,0.24779582893446606
3,[0.5840495],0.26080908176262724,0.016668125816561297
4,[0.71294852],0.3511006182983423,0.14392723396830065
5,[0.47580977],0.35622982832954697,0.12728168331528056
6,[0.01496551],0.6726683783170522,0.616817636839348
7,[0.19260548],0.43860530129419384,0.4104859795071597
8,[0.72487246],0.40284596384637805,0.15585116919120712
9,[0.90674801],0.48539769331302624,0.3377267188587192
10,[0.7576509],0.5029528295141359,0.1886296113112037
11,[0.42856743],0.3965538153488547,0.20321572206697402
12,[0.90900629],0.5730156342038557,0.32495678677616935
13,[0.92081687],0.6138453608739242,0.3517955833003955
14,[0.63178315],0.3150282689090388,0.047733646160153076
15,[0.39730719],0.3866887999783474,0.23447596461950448
16,[0.12498882],0.4282720680547669,0.5067943294882372
17,[0.56902129],0.42377120573073396,0.06276186438075193
18,[0.33123003],0.3459953627146709,0.3005531207480563
19,[0.97988002],0.5569823374601259,0.41085873309681487
20,[0.08574436],0.6460456589382547,0.5173470934823602
21,[0.99460262],0.5790204159118063,0.41055311428169006
22,[0.85625564],0.5351886349812364,0.28723434935346603
23,[0.60309146],0.3608591833053353,0.01904195241777107
24,[0.42510843],0.2476586009557204,0.20667472153350008
25,[0.49851745],0.27131131693526334,0.13326569920921738
26,[0.84011698],0.5424882410429166,0.2560674795509501
27,[0.65693884],0.19942925646983206,0.07288933885528137
28,[0.5983438],0.3286227394294121,0.011196639847847356
29,[0.84641863],0.38731302462345446,0.27739734190998155
30,[0.83580067],0.6040572895689175,0.2667793838779795
31,[0.45150262],0.32401130801513267,0.200662704421407
32,[0.98409461],0.6507818392781377,0.41507332195803026
33,[0.16380795],0.5743311076388127,0.46797520197978226
34,[0.48188218],0.29704068651570115,0.1212092724163516
35,[0.68754394],0.46365830150931775,0.10349443271781467
36,[0.97016277],0.5272908497916386,0.40114148228150925
37,[0.24224603],0.4840615072927603,0.4099192876545493
38,[0.58714716],0.25738878371133356,0.011196639847847356
39,[0.17041045],0.4305852094918944,0.4326810070968389
40,[0.43161885],0.3191978536019024,0.2001643025026445
41,[0.65216532],0.2873414443696506,0.08314403609214638
42,[0.96081439],0.7509653584845379,0.3917931031777512
43,[0.06193287],0.7580816352361722,0.5698502761313909
44,[0.05863633],0.7121013436262279,0.5983025122337146
45,[0.06210796],0.6945837397424246,0.5696751955079347
46,[0.66126838],0.3956635735482778,0.09224709584506285
47,[0.83582055],0.42043539277159747,0.266799261600287
48,[0.78538516],0.411526589132382,0.21636387454086825
49,[0.06807496],0.7379340375612922,0.56370819335128
