,0,1,2
0,[0.21266734],0.5939951663512972,0.4191158097636155
1,[0.21062014],0.47445303003558587,0.44154518147829314
2,[0.81681712],0.5740290585647283,0.24779582893446606
3,[0.5840495],0.26913466010588855,0.01904195241777107
4,[0.71294852],0.3821970334797065,0.14392723396830065
5,[0.47580977],0.35622982832954697,0.15597337705766257
6,[0.01496551],0.7217643029197836,0.616817636839348
7,[0.19260548],0.43860530129419384,0.4104859795071597
8,[0.72487246],0.40284596384637805,0.15585116919120712
9,[0.90674801],0.5687283601803669,0.3377267188587192
10,[0.7576509],0.5384984445765083,0.1886296113112037
11,[0.42856743],0.31134682282715137,0.20321572206697402
12,[0.90900629],0.5870370262784137,0.32495678677616935
13,[0.92081687],0.6835480946593177,0.3517955833003955
14,[0.63178315],0.25431254742478615,0.047733646160153076
15,[0.39730719],0.3866887999783474,0.23447596461950448
16,[0.12498882],0.4282720680547669,0.5067943294882372
17,[0.56902129],0.2900207632863987,0.06276186438075193
18,[0.33123003],0.38272243227183755,0.3005531207480563
19,[0.97988002],0.5705690598831914,0.41085873309681487
20,[0.08574436],0.6661250136083169,0.5173470934823602
21,[0.99460262],0.7381860255933825,0.41055311428169006
22,[0.85625564],0.4026007187928672,0.28723434935346603
23,[0.60309146],0.2887606890484741,0.01904195241777107
24,[0.42510843],0.3130897539321504,0.20667472153350008
25,[0.49851745],0.28831058127528497,0.13326569920921738
26,[0.84011698],0.5424882410429166,0.2635815886612496
27,[0.65693884],0.3594441263815894,0.07288933885528137
28,[0.5983438],0.3547222438810907,0.011196639847847356
29,[0.84641863],0.38731302462345446,0.27739734190998155
30,[0.83580067],0.6184244065481306,0.2667793838779795
31,[0.45150262],0.32401130801513267,0.200662704421407
32,[0.98409461],0.6060622605224639,0.41507332195803026
33,[0.16380795],0.5990553337299926,0.46797520197978226
34,[0.48188218],0.29704068651570115,0.1212092724163516
35,[0.68754394],0.5368099524122636,0.10349443271781467
36,[0.97016277],0.5926459001041192,0.40114148228150925
37,[0.24224603],0.5109339269734663,0.4099192876545493
38,[0.58714716],0.25738878371133356,0.011196639847847356
39,[0.17041045],0.4713887133913399,0.4326810070968389
40,[0.43161885],0.3191978536019024,0.2001643025026445
41,[0.65216532],0.2873414443696506,0.08314403609214638
42,[0.96081439],0.6671608890030447,0.3917931031777512
43,[0.06193287],0.5406907131050049,0.5698502761313909
44,[0.05863633],0.7121013436262279,0.5983025122337146
45,[0.06210796],0.6945837397424246,0.5696751955079347
46,[0.66126838],0.4304977890299028,0.1627509306735283
47,[0.83582055],0.4873772933257105,0.266799261600287
48,[0.78538516],0.39562822113321344,0.21636387454086825
49,[0.06807496],0.8014791200936973,0.56370819335128
