,0,1,2
0,[0.21266734],0.5599818451307567,0.4191158097636155
1,[0.21062014],0.46259556792193635,0.38772366282209725
2,[0.81681712],0.4035795770876997,0.23121878103011506
3,[0.5840495],0.309605628619311,0.01904195241777107
4,[0.71294852],0.41950150502545575,0.2227487022715242
5,[0.47580977],0.38852152069520113,0.176355548769057
6,[0.01496551],0.6548611494488477,0.5944996434430236
7,[0.19260548],0.5324470545752609,0.4619466054528031
8,[0.72487246],0.47321286341396734,0.2429902709691888
9,[0.90674801],0.5793018645175352,0.4309382315356298
10,[0.7576509],0.4461954976586601,0.22388152872543643
11,[0.42856743],0.3579503321682271,0.20321572206697402
12,[0.90900629],0.5319346030618828,0.32495678677616935
13,[0.92081687],0.4941970820269745,0.38704750071462823
14,[0.63178315],0.22485764961444063,0.044635986792648796
15,[0.39730719],0.310298785798672,0.25485813633089893
16,[0.12498882],0.5709614587068959,0.5067943294882372
17,[0.56902129],0.3616127961942408,0.04044387098442759
18,[0.33123003],0.3270390124908638,0.3257088134431846
19,[0.97988002],0.5820335527117341,0.4544282839858057
20,[0.08574436],0.7414119473372458,0.5460387872247422
21,[0.99460262],0.5863065098264457,0.4255813325022889
22,[0.85625564],0.3946060805471457,0.28723434935346603
23,[0.60309146],0.34020994672461813,0.011972020269981232
24,[0.42510843],0.5419891748922206,0.20667472153350008
25,[0.49851745],0.3903854290802422,0.09982635226441594
26,[0.84011698],0.5593523034733223,0.2560674795509501
27,[0.65693884],0.2895639152471906,0.06979167948777709
28,[0.5983438],0.323505540546939,0.004747653202419433
29,[0.84641863],0.4551044690769605,0.2623691236893827
30,[0.83580067],0.5821441025954531,0.33728321870644495
31,[0.45150262],0.24833931648374935,0.2030494649132739
32,[0.98409461],0.4381042882623641,0.4000451037374314
33,[0.16380795],0.6867867959586584,0.48055304832734647
34,[0.48188218],0.34537111445037066,0.17028313787012805
35,[0.68754394],0.48706284237417885,0.10349443271781467
36,[0.97016277],0.5099191824502035,0.40114148228150925
37,[0.24224603],0.46478235922440947,0.4146928086382832
38,[0.58714716],0.40807643419602213,0.01594429305026679
39,[0.17041045],0.5979171568067229,0.4136390546790678
40,[0.43161885],0.3271141395468849,0.2001643025026445
41,[0.65216532],0.2560711798264526,0.06501815850404324
42,[0.96081439],0.6613318342610528,0.47893220495573285
43,[0.06193287],0.7317509234708812,0.5698502761313909
44,[0.05863633],0.5927567242060495,0.5833379053942834
45,[0.06210796],0.728677298826507,0.5798662813636318
46,[0.66126838],0.4082170185952029,0.17938619762304453
47,[0.83582055],0.29336804117814524,0.33730309642875245
48,[0.78538516],0.4639885675390117,0.2013356563202694
49,[0.06807496],0.6622612932042428,0.56370819335128
