,0,1,2
0,[0.21266734],0.5828464745234005,0.4191158097636155
1,[0.21062014],0.43868066467516603,0.44154518147829314
2,[0.81681712],0.5786160964361207,0.24779582893446606
3,[0.5840495],0.32312164628367473,0.014294299215351636
4,[0.71294852],0.29511906774140556,0.14392723396830065
5,[0.47580977],0.36838646790477786,0.15597337705766257
6,[0.01496551],0.6503856302538827,0.616817636839348
7,[0.19260548],0.49004815095683557,0.4104859795071597
8,[0.72487246],0.38593096415422384,0.15585116919120712
9,[0.90674801],0.5153685078603095,0.3377267188587192
10,[0.7576509],0.47822860342295603,0.1886296113112037
11,[0.42856743],0.3609967146352901,0.20321572206697402
12,[0.90900629],0.6230931328204161,0.3399850049967682
13,[0.92081687],0.5258691368080504,0.3517955833003955
14,[0.63178315],0.3150282689090388,0.047733646160153076
15,[0.39730719],0.4008628949408669,0.23447596461950448
16,[0.12498882],0.49789144179797945,0.5067943294882372
17,[0.56902129],0.2892063922228945,0.06276186438075193
18,[0.33123003],0.39239472655008323,0.3005531207480563
19,[0.97988002],0.551469135688982,0.41085873309681487
20,[0.08574436],0.6136379119900844,0.5173470934823602
21,[0.99460262],0.5790204159118063,0.41055311428169006
22,[0.85625564],0.43266874692524826,0.28723434935346603
23,[0.60309146],0.2887606890484741,0.01904195241777107
24,[0.42510843],0.35273735332270345,0.20667472153350008
25,[0.49851745],0.28831058127528497,0.13326569920921738
26,[0.84011698],0.49271797488780783,0.27109569777154896
27,[0.65693884],0.35516308055345036,0.08791755707588023
28,[0.5983438],0.28193117660769945,0.011196639847847356
29,[0.84641863],0.5049049644386117,0.27739734190998155
30,[0.83580067],0.5305248102531286,0.2667793838779795
31,[0.45150262],0.3119345338609659,0.18028053271001254
32,[0.98409461],0.6060622605224639,0.41507332195803026
33,[0.16380795],0.5990553337299926,0.46797520197978226
34,[0.48188218],0.3237999930812923,0.1212092724163516
35,[0.68754394],0.4482249758500966,0.11852265093841352
36,[0.97016277],0.5880081433722933,0.40114148228150925
37,[0.24224603],0.4840654828372218,0.4099192876545493
38,[0.58714716],0.25331234936905467,0.011196639847847356
39,[0.17041045],0.4305852094918944,0.4326810070968389
40,[0.43161885],0.3191978536019024,0.2001643025026445
41,[0.65216532],0.2873414443696506,0.08314403609214638
42,[0.96081439],0.6608357102382959,0.3917931031777512
43,[0.06193287],0.5406907131050049,0.5698502761313909
44,[0.05863633],0.7884450416933488,0.5935289912499807
45,[0.06210796],0.6945837397424246,0.5696751955079347
46,[0.66126838],0.3956635735482778,0.09224709584506285
47,[0.83582055],0.3146932477652802,0.266799261600287
48,[0.78538516],0.47958306700305364,0.21636387454086825
49,[0.06807496],0.7036395158092397,0.56370819335128
