,0,1,2
0,[0.21266734],0.5254457165039405,0.4191158097636155
1,[0.21062014],0.684954557478661,0.4146344221501952
2,[0.81681712],0.6285688421721591,0.23121878103011506
3,[0.5840495],0.41240041013643874,0.01904195241777107
4,[0.71294852],0.4560621300063475,0.23106633574628233
5,[0.47580977],0.35711084452697534,0.12728168331528056
6,[0.01496551],0.7803019808113059,0.616817636839348
7,[0.19260548],0.557270410314422,0.45955984496093616
8,[0.72487246],0.38085992658460915,0.22635500401967257
9,[0.90674801],0.5793018645175352,0.4309382315356298
10,[0.7576509],0.36085763697344975,0.25913344613966915
11,[0.42856743],0.35545606675513497,0.20321572206697402
12,[0.90900629],0.5286672852015302,0.32495678677616935
13,[0.92081687],0.6856824866399306,0.3517955833003955
14,[0.63178315],0.22485764961444063,0.044635986792648796
15,[0.39730719],0.28264224406019867,0.25485813633089893
16,[0.12498882],0.5709614587068959,0.5067943294882372
17,[0.56902129],0.3701608635733134,0.06276186438075193
18,[0.33123003],0.3814328395267642,0.2987851202244295
19,[0.97988002],0.5512925346402853,0.41085873309681487
20,[0.08574436],0.7414119473372459,0.5711944799198705
21,[0.99460262],0.6584050040833069,0.4255813325022889
22,[0.85625564],0.35837243632445376,0.27972024024316666
23,[0.60309146],0.34020994672461813,0.004747653202419433
24,[0.42510843],0.5102287851673587,0.20667472153350008
25,[0.49851745],0.30304368965820144,0.10457400546683537
26,[0.84011698],0.5593523034733223,0.2560674795509501
27,[0.65693884],0.2831652441317753,0.07288933885528137
28,[0.5983438],0.323505540546939,0.012745469531599496
29,[0.84641863],0.5434135053726192,0.3286425669643124
30,[0.83580067],0.56217883214257,0.33728321870644495
31,[0.45150262],0.2779761146022108,0.20760099478973215
32,[0.98409461],0.357227843423307,0.4075592128477309
33,[0.16380795],0.6304185711610354,0.47816628783547943
34,[0.48188218],0.36743196462510996,0.1212092724163516
35,[0.68754394],0.5637483745024323,0.10349443271781467
36,[0.97016277],0.5099191824502035,0.40114148228150925
37,[0.24224603],0.5471657430503514,0.4146928086382832
38,[0.58714716],0.3879302461378781,0.01594429305026679
39,[0.17041045],0.4856962192149929,0.4207862042867436
40,[0.43161885],0.23403411562458204,0.2001643025026445
41,[0.65216532],0.2855498259991235,0.06656698818779538
42,[0.96081439],0.5664997213396508,0.4270450205919839
43,[0.06193287],0.7317509234708813,0.5698502761313909
44,[0.05863633],0.6285308997894183,0.5935289912499807
45,[0.06210796],0.6770949324430038,0.5696751955079347
46,[0.66126838],0.3272052523216612,0.1627509306735283
47,[0.83582055],0.37964899609236724,0.34562072990351056
48,[0.78538516],0.5218439089571734,0.2013356563202694
49,[0.06807496],0.7708812933705527,0.549362346480089
