,0,1,2
0,[17.41095701 19.36237268 16.0616634 ],26.07770946868687,3.3603147670259212
1,[15.20354812 16.98597231 16.16566099],24.713054642439385,2.2366855624995505
2,[19.20870362 16.03541172 18.71234767],17.793565926168988,2.9962499738991726
3,[16.96077064 15.9112826  18.71769707],25.620710758198264,2.4691919255851786
4,[15.3479104  19.42668602 19.763222  ],28.187895897392373,27.52456426863701
5,[19.65571717 17.07715477 15.1449083 ],27.844642677334434,24.94674976753802
6,[19.91013742 16.69818842 18.53343597],23.55239723149684,2.2847408881913362
7,[16.80938534 15.17552949 19.27529127],16.86972700364049,2.9537936011513315
8,[18.28626754 18.82841497 17.77043619],23.34536653571032,2.379315343416963
9,[19.42546468 19.52098808 15.0521085 ],28.26210844738489,4.256267475918527
10,[15.37278368 16.22314605 15.66652376],24.269828668312236,0.938667632148239
11,[18.4896255  16.99102442 19.41561096],28.794650305429364,4.116245835004384
12,[15.90503755 17.16249586 15.09071601],16.17294860395282,4.4184671734679375
13,[18.45718931 17.34845326 15.64111095],21.62353010096324,2.090626030489526
14,[19.45668526 19.59101812 15.36560497],23.117575415274263,4.10246018391057
15,[0.22723972 2.19286448 3.00860465],18.05103349729944,23.185817673268186
16,[1.55113517 3.40954121 1.04506575],23.196916819389095,28.611781870206126
17,[2.59802149 2.82994415 2.20583696],21.82247082293668,24.97352374414246
18,[0.68778079 1.06771596 0.66685946],24.71432794656549,28.181758327204076
19,[1.61148351 1.16943558 2.63749078],12.520128353563141,3.016349756570336
20,[2.82985581 2.19112642 1.60936312],25.974950670290998,24.236879093566962
21,[2.79820405 4.32672791 4.23641439],20.030115943332703,22.183859715596363
22,[0.53908583 1.58159742 2.04739329],22.725664953770867,24.22309770916037
23,[3.43544507 3.51117644 2.23098972],21.25791689059874,22.543816161142384
24,[2.10161039 4.01315296 2.69308783],25.883332169069575,24.60614545542956
25,[4.61750245 0.30953769 1.83791727],23.135688089066456,27.49431633142106
26,[4.85199386 3.49551974 4.4548779 ],15.980641551791573,22.786551634682187
27,[1.26776359 3.62763553 1.01747217],17.76778628158292,23.301825362985785
28,[2.68755912 1.18471502 2.1824608 ],22.020015851631193,25.903801647173395
29,[3.99012257 1.54204582 3.10758314],17.200162995452686,25.229499461872635
30,[2.19824059 4.56661853 3.29342952],20.256092982313284,23.629293545362067
31,[3.26815724 1.79228892 2.61470784],22.376543517747827,27.61353211699176
32,[0.22543656 0.47154831 4.60806097],18.327330902127944,23.819491923083394
33,[0.36522251 4.64708677 3.58507569],21.56418568750864,24.61601599874906
34,[3.11155273 3.77494857 0.70834954],22.38753498186809,25.148158902229298
35,[3.96911099 3.62701575 2.7071964 ],12.189179901876923,1.4047231593604976
36,[2.41292247 2.38238805 2.23016415],25.743238179214153,24.501459287145305
37,[4.08035031 1.37175747 0.30981004],26.981454795103843,24.601642175654813
38,[4.80148171 2.29059065 3.78946032],16.122824156445386,20.422281457284303
39,[3.40579301 2.70888963 0.66416245],23.08569448242242,26.26795427761413
40,[1.26602817 2.21927797 2.79374953],23.339541234115604,27.622371754068016
41,[4.06932177 1.58914168 1.98522547],21.643916198044217,25.157114174193293
42,[4.45084124 4.12708104 0.53343542],20.574211110197638,21.837950022119617
43,[0.79887938 3.25609654 2.84532107],26.364937455878085,24.850239924808736
44,[4.92041837 3.74579506 4.01199815],23.90772155726303,24.58246448435584
45,[1.1415494  2.59356723 3.15054202],12.162685415638084,1.7283953230021822
46,[0.01092681 2.56607383 2.24595084],19.098895663027964,27.442831841341363
47,[1.74678175 1.3684063  4.51041433],26.315760830902644,25.13525101764123
48,[0.1548723  1.62084545 1.43296374],13.357078895602779,3.2398740397909664
49,[4.78568039 0.08266533 2.28661837],27.426165572003594,28.167193733066675
