,0,1,2
0,[17.41095701 19.36237268 16.0616634 ],21.471636941874,3.7658545415750684
1,[15.20354812 16.98597231 16.16566099],20.922288234967702,2.026663657111921
2,[19.20870362 16.03541172 18.71234767],16.88280445044482,2.9655101426863966
3,[16.96077064 15.9112826  18.71769707],17.824669833670423,2.006209984117413
4,[15.3479104  19.42668602 19.763222  ],23.06397155345762,5.604314827658387
5,[19.65571717 17.07715477 15.1449083 ],22.222611023987845,25.253672799070113
6,[19.91013742 16.69818842 18.53343597],23.277018081386068,5.956012550736802
7,[16.80938534 15.17552949 19.27529127],17.48708781305783,3.564917535309799
8,[18.28626754 18.82841497 17.77043619],22.015091462293647,26.851731932742602
9,[19.42546468 19.52098808 15.0521085 ],27.34295916789315,26.521379118427035
10,[15.37278368 16.22314605 15.66652376],18.751558195928038,0.931756719219021
11,[18.4896255  16.99102442 19.41561096],17.171047978354004,2.388131153582383
12,[15.90503755 17.16249586 15.09071601],15.94686116645958,1.9739189966681128
13,[18.45718931 17.34845326 15.64111095],21.41695842655563,2.024762020412997
14,[19.45668526 19.59101812 15.36560497],17.500994179521154,4.10246018391057
15,[0.22723972 2.19286448 3.00860465],12.133198651451131,25.86699204571792
16,[1.55113517 3.40954121 1.04506575],22.11960349047091,26.021538459535627
17,[2.59802149 2.82994415 2.20583696],11.616914436897904,23.696135346991017
18,[0.68778079 1.06771596 0.66685946],12.905614189377314,26.70267191819325
19,[1.61148351 1.16943558 2.63749078],8.006821051598997,26.31381124269889
20,[2.82985581 2.19112642 1.60936312],7.130807601830682,22.814751217756143
21,[2.79820405 4.32672791 4.23641439],12.769362096755824,25.87969604293894
22,[0.53908583 1.58159742 2.04739329],7.5944555807303065,28.082787681024158
23,[3.43544507 3.51117644 2.23098972],7.311600413005611,24.448728410262923
24,[2.10161039 4.01315296 2.69308783],11.606961356686458,26.91917612856749
25,[4.61750245 0.30953769 1.83791727],8.123993154185015,22.591182951598363
26,[4.85199386 3.49551974 4.4548779 ],15.605576744918576,22.05991112403245
27,[1.26776359 3.62763553 1.01747217],17.76778628158292,24.76939376837765
28,[2.68755912 1.18471502 2.1824608 ],7.608416691666089,24.076933864490893
29,[3.99012257 1.54204582 3.10758314],11.827125981268072,27.037538878854
30,[2.19824059 4.56661853 3.29342952],7.417778370130911,23.977824396645175
31,[3.26815724 1.79228892 2.61470784],17.422952415125376,25.4409592655709
32,[0.22543656 0.47154831 4.60806097],9.130525259406726,26.74331453591661
33,[0.36522251 4.64708677 3.58507569],16.834994706866883,25.282116203459474
34,[3.11155273 3.77494857 0.70834954],13.198277265718167,25.296729318833584
35,[3.96911099 3.62701575 2.7071964 ],10.970953193128771,20.68598219305958
36,[2.41292247 2.38238805 2.23016415],11.88564503031196,23.943986753417537
37,[4.08035031 1.37175747 0.30981004],14.460316675948118,23.966819043379786
38,[4.80148171 2.29059065 3.78946032],11.694242537037415,23.206981314828184
39,[3.40579301 2.70888963 0.66416245],8.246339835405351,25.089405035114616
40,[1.26602817 2.21927797 2.79374953],12.474744922278472,27.176003188394965
41,[4.06932177 1.58914168 1.98522547],7.593124707019838,25.704474372130054
42,[4.45084124 4.12708104 0.53343542],17.39038656890497,26.590686936399006
43,[0.79887938 3.25609654 2.84532107],12.683994066422851,26.85998617710164
44,[4.92041837 3.74579506 4.01199815],16.154513274646167,22.774999096825546
45,[1.1415494  2.59356723 3.15054202],7.272318274511458,26.843966416759226
46,[0.01092681 2.56607383 2.24595084],17.987358457179674,26.708685376727324
47,[1.74678175 1.3684063  4.51041433],21.290445093721225,25.091804556662787
48,[0.1548723  1.62084545 1.43296374],8.641859783721694,25.28585129953346
49,[4.78568039 0.08266533 2.28661837],3.9627997793341394,27.742129703207855
