,0,1,2
0,[17.41095701 19.36237268 16.0616634 ],21.471636941874,3.3603147670259212
1,[15.20354812 16.98597231 16.16566099],20.922288234967702,1.7390448977665323
2,[19.20870362 16.03541172 18.71234767],12.180640093582664,2.8817939041293625
3,[16.96077064 15.9112826  18.71769707],18.068972331924076,2.006209984117413
4,[15.3479104  19.42668602 19.763222  ],23.512640158402625,5.04617884402115
5,[19.65571717 17.07715477 15.1449083 ],22.222611023987845,25.253748689416273
6,[19.91013742 16.69818842 18.53343597],23.604952610624213,3.3208741290662105
7,[16.80938534 15.17552949 19.27529127],17.63633532982302,2.924015637653253
8,[18.28626754 18.82841497 17.77043619],22.520132031624932,23.29605564134885
9,[19.42546468 19.52098808 15.0521085 ],27.34295916789315,5.4517615139243345
10,[15.37278368 16.22314605 15.66652376],23.049711897081398,0.931756719219021
11,[18.4896255  16.99102442 19.41561096],22.149620553735158,2.388131153582383
12,[15.90503755 17.16249586 15.09071601],15.94686116645958,2.7772368672342123
13,[18.45718931 17.34845326 15.64111095],25.99760870164211,2.024762020412997
14,[19.45668526 19.59101812 15.36560497],18.260619301212433,3.622310795402843
15,[0.22723972 2.19286448 3.00860465],12.93648559587893,24.947553914463498
16,[1.55113517 3.40954121 1.04506575],22.57564532369691,25.707660196807243
17,[2.59802149 2.82994415 2.20583696],16.73371850436272,24.97352374414246
18,[0.68778079 1.06771596 0.66685946],18.45938701341792,27.114041747657815
19,[1.61148351 1.16943558 2.63749078],7.74658383370178,24.66883129526558
20,[2.82985581 2.19112642 1.60936312],7.130807601830682,22.802326233613172
21,[2.79820405 4.32672791 4.23641439],12.055092923438021,24.25017059212266
22,[0.53908583 1.58159742 2.04739329],18.394533401280118,28.393872822640244
23,[3.43544507 3.51117644 2.23098972],7.311600413005611,23.837664672596443
24,[2.10161039 4.01315296 2.69308783],7.141325491123736,25.9602993791336
25,[4.61750245 0.30953769 1.83791727],12.52033539252327,25.206318752354214
26,[4.85199386 3.49551974 4.4548779 ],16.044828108299328,22.786551634682187
27,[1.26776359 3.62763553 1.01747217],17.76778628158292,25.27540710635627
28,[2.68755912 1.18471502 2.1824608 ],7.648964833002486,27.30502342646882
29,[3.99012257 1.54204582 3.10758314],12.146000675689098,22.853345436407547
30,[2.19824059 4.56661853 3.29342952],11.508230919744383,23.629293545362067
31,[3.26815724 1.79228892 2.61470784],17.422952415125376,21.665023843671722
32,[0.22543656 0.47154831 4.60806097],12.958762524361969,26.595409583346065
33,[0.36522251 4.64708677 3.58507569],16.834994706866883,25.102716729627737
34,[3.11155273 3.77494857 0.70834954],13.198277265718167,25.296729318833584
35,[3.96911099 3.62701575 2.7071964 ],15.70141203698287,21.89045625700606
36,[2.41292247 2.38238805 2.23016415],16.124293586727134,23.50339796646587
37,[4.08035031 1.37175747 0.30981004],14.24978337711826,24.601642175654813
38,[4.80148171 2.29059065 3.78946032],11.694242537037415,23.3644484410452
39,[3.40579301 2.70888963 0.66416245],8.246339835405353,22.46160233723516
40,[1.26602817 2.21927797 2.79374953],12.474744922278472,26.445713118112977
41,[4.06932177 1.58914168 1.98522547],17.008239447610865,25.08709614990037
42,[4.45084124 4.12708104 0.53343542],13.062583575251534,27.015968548414527
43,[0.79887938 3.25609654 2.84532107],12.683994066422851,22.165425737638188
44,[4.92041837 3.74579506 4.01199815],12.21578738449124,22.074337389511616
45,[1.1415494  2.59356723 3.15054202],7.879350488523403,25.645045699551424
46,[0.01092681 2.56607383 2.24595084],18.376207512461708,26.665153736475173
47,[1.74678175 1.3684063  4.51041433],21.290445093721225,24.639168380057153
48,[0.1548723  1.62084545 1.43296374],3.594670727702708,27.983666043818
49,[4.78568039 0.08266533 2.28661837],8.474372117814127,26.855348359144173
