,0,1,2
0,[17.41095701 19.36237268 16.0616634 ],21.820439841639175,2.6036040268257965
1,[15.20354812 16.98597231 16.16566099],25.16416235746408,1.7390448977665323
2,[19.20870362 16.03541172 18.71234767],12.670406347541661,2.654207498015932
3,[16.96077064 15.9112826  18.71769707],17.617028933830788,2.0114099260127465
4,[15.3479104  19.42668602 19.763222  ],19.00020929917765,5.245272782565975
5,[19.65571717 17.07715477 15.1449083 ],25.793025923132507,24.94674976753802
6,[19.91013742 16.69818842 18.53343597],23.604952610624213,3.3527585792010126
7,[16.80938534 15.17552949 19.27529127],17.63633532982302,3.4402401185101885
8,[18.28626754 18.82841497 17.77043619],22.58670893044381,5.128794807560038
9,[19.42546468 19.52098808 15.0521085 ],27.515638187711023,4.960704267225332
10,[15.37278368 16.22314605 15.66652376],23.0497118970814,22.393714665422657
11,[18.4896255  16.99102442 19.41561096],22.149620553735158,2.388131153582383
12,[15.90503755 17.16249586 15.09071601],15.94686116645958,1.9739189966681128
13,[18.45718931 17.34845326 15.64111095],22.0400473933768,2.2767796168955337
14,[19.45668526 19.59101812 15.36560497],18.674643850932704,3.961356474448321
15,[0.22723972 2.19286448 3.00860465],17.164031806916643,24.947553914463498
16,[1.55113517 3.40954121 1.04506575],17.210017877266004,25.707660196807243
17,[2.59802149 2.82994415 2.20583696],11.99255706586089,24.71135899795479
18,[0.68778079 1.06771596 0.66685946],23.764049196840833,27.114041747657815
19,[1.61148351 1.16943558 2.63749078],7.74658383370178,24.66883129526558
20,[2.82985581 2.19112642 1.60936312],7.1989779024612774,23.32316751336075
21,[2.79820405 4.32672791 4.23641439],12.055092923438021,24.696344687194316
22,[0.53908583 1.58159742 2.04739329],13.41389791119293,27.036197649725423
23,[3.43544507 3.51117644 2.23098972],7.355204891109869,22.38560155323897
24,[2.10161039 4.01315296 2.69308783],6.569950870181157,25.001523707660986
25,[4.61750245 0.30953769 1.83791727],8.027228778933452,26.431999340407767
26,[4.85199386 3.49551974 4.4548779 ],19.970469242157634,22.786551634682187
27,[1.26776359 3.62763553 1.01747217],22.07160112134621,26.08639958173123
28,[2.68755912 1.18471502 2.1824608 ],7.376464825629983,26.252899356427573
29,[3.99012257 1.54204582 3.10758314],11.941925674081029,23.07828531767138
30,[2.19824059 4.56661853 3.29342952],3.2887159464765015,23.830373177983784
31,[3.26815724 1.79228892 2.61470784],7.725709839659343,1.3045866044796322
32,[0.22543656 0.47154831 4.60806097],12.958762524361969,27.934327545502327
33,[0.36522251 4.64708677 3.58507569],16.834994706866883,24.815951885690872
34,[3.11155273 3.77494857 0.70834954],8.02831832014507,26.12878348006045
35,[3.96911099 3.62701575 2.7071964 ],15.83262987900972,23.184461307071945
36,[2.41292247 2.38238805 2.23016415],16.016901973527048,23.718392216382984
37,[4.08035031 1.37175747 0.30981004],14.24978337711826,24.64682706467814
38,[4.80148171 2.29059065 3.78946032],15.300855317998222,23.206981314828184
39,[3.40579301 2.70888963 0.66416245],12.516884262247649,23.720322677397323
40,[1.26602817 2.21927797 2.79374953],7.462432796411638,27.622371754068016
41,[4.06932177 1.58914168 1.98522547],16.48039329452336,25.08709614990037
42,[4.45084124 4.12708104 0.53343542],13.519795858359284,26.590686936399006
43,[0.79887938 3.25609654 2.84532107],3.216132363690336,2.0753473033603447
44,[4.92041837 3.74579506 4.01199815],12.215787384491238,22.074337389511616
45,[1.1415494  2.59356723 3.15054202],7.923866776026317,25.792620211069803
46,[0.01092681 2.56607383 2.24595084],17.977666762758282,26.708685376727324
47,[1.74678175 1.3684063  4.51041433],25.0864275906765,24.639168380057153
48,[0.1548723  1.62084545 1.43296374],9.04650736412154,27.599849125607452
49,[4.78568039 0.08266533 2.28661837],8.549347560658934,26.855348359144173
