,0,1,2
0,[17.41095701 19.36237268 16.0616634 ],21.471636941874,2.7274018607690826
1,[15.20354812 16.98597231 16.16566099],25.16416235746408,1.7390448977665323
2,[19.20870362 16.03541172 18.71234767],17.10560671957024,2.8817939041293625
3,[16.96077064 15.9112826  18.71769707],17.617028933830788,2.8401323681794945
4,[15.3479104  19.42668602 19.763222  ],19.00020929917765,5.569853778118349
5,[19.65571717 17.07715477 15.1449083 ],22.37316573283902,25.253672799070113
6,[19.91013742 16.69818842 18.53343597],23.604952610624213,3.3527585792010126
7,[16.80938534 15.17552949 19.27529127],17.48708781305783,3.326340616459568
8,[18.28626754 18.82841497 17.77043619],17.46077645216416,3.4225863973543635
9,[19.42546468 19.52098808 15.0521085 ],27.48565980854064,5.118202160438797
10,[15.37278368 16.22314605 15.66652376],23.452075432513443,22.393714665422657
11,[18.4896255  16.99102442 19.41561096],21.55134925788786,2.9804345095455593
12,[15.90503755 17.16249586 15.09071601],15.033150005267041,4.837276770913423
13,[18.45718931 17.34845326 15.64111095],22.0400473933768,2.8116833523602165
14,[19.45668526 19.59101812 15.36560497],18.674643850932704,3.961356474448321
15,[0.22723972 2.19286448 3.00860465],17.164031806916643,25.04679469977388
16,[1.55113517 3.40954121 1.04506575],16.827042546183613,25.707660196807243
17,[2.59802149 2.82994415 2.20583696],12.183156336323863,24.97352374414246
18,[0.68778079 1.06771596 0.66685946],18.89382516644784,28.032585803516334
19,[1.61148351 1.16943558 2.63749078],7.571488020371474,24.894221173015268
20,[2.82985581 2.19112642 1.60936312],7.1989779024612774,23.32316751336075
21,[2.79820405 4.32672791 4.23641439],7.951747567626986,23.050952951830883
22,[0.53908583 1.58159742 2.04739329],13.41389791119293,27.403948778348774
23,[3.43544507 3.51117644 2.23098972],16.266848561205006,22.543816161142384
24,[2.10161039 4.01315296 2.69308783],6.569950870181157,23.055675574293403
25,[4.61750245 0.30953769 1.83791727],2.8672718295992596,23.84348837483989
26,[4.85199386 3.49551974 4.4548779 ],19.588485071681646,22.356615347542732
27,[1.26776359 3.62763553 1.01747217],17.38202468843808,26.08639958173123
28,[2.68755912 1.18471502 2.1824608 ],7.648964833002488,25.449399572577033
29,[3.99012257 1.54204582 3.10758314],15.727297232115186,21.417047570057203
30,[2.19824059 4.56661853 3.29342952],3.2887159464765015,22.861393371600474
31,[3.26815724 1.79228892 2.61470784],7.725709839659342,1.1467718914539757
32,[0.22543656 0.47154831 4.60806097],8.362977642609776,26.74331453591661
33,[0.36522251 4.64708677 3.58507569],16.834994706866883,24.58595412713529
34,[3.11155273 3.77494857 0.70834954],8.261620297548557,25.443945373603423
35,[3.96911099 3.62701575 2.7071964 ],6.829370590106178,22.07042648424102
36,[2.41292247 2.38238805 2.23016415],16.016901973527048,23.763860691400303
37,[4.08035031 1.37175747 0.30981004],18.03791573213387,24.601642175654813
38,[4.80148171 2.29059065 3.78946032],16.162469121020273,23.3644484410452
39,[3.40579301 2.70888963 0.66416245],12.922488649850274,26.94100517300477
40,[1.26602817 2.21927797 2.79374953],7.462432796411638,28.068751598846227
41,[4.06932177 1.58914168 1.98522547],11.733140844674733,22.00107072621016
42,[4.45084124 4.12708104 0.53343542],18.18896526628849,26.590686936399006
43,[0.79887938 3.25609654 2.84532107],8.734554045804089,25.662209381985893
44,[4.92041837 3.74579506 4.01199815],12.215787384491238,0.8711666945857192
45,[1.1415494  2.59356723 3.15054202],7.617159235424646,26.843966416759226
46,[0.01092681 2.56607383 2.24595084],12.70089629663088,26.866190954770495
47,[1.74678175 1.3684063  4.51041433],25.0864275906765,24.639168380057153
48,[0.1548723  1.62084545 1.43296374],9.17246797990283,26.935416395726232
49,[4.78568039 0.08266533 2.28661837],13.069508377322853,25.664235433055186
