,0,1,2
0,[17.41095701 19.36237268 16.0616634 ],25.521987259007417,3.3603147670259212
1,[15.20354812 16.98597231 16.16566099],25.16416235746408,1.7390448977665323
2,[19.20870362 16.03541172 18.71234767],17.200570287630523,2.770141757110414
3,[16.96077064 15.9112826  18.71769707],17.617028933830788,2.006209984117413
4,[15.3479104  19.42668602 19.763222  ],18.859096251251493,4.604157863595071
5,[19.65571717 17.07715477 15.1449083 ],22.37316573283902,25.253672799070113
6,[19.91013742 16.69818842 18.53343597],23.425016199186622,3.3527585792010126
7,[16.80938534 15.17552949 19.27529127],17.48708781305783,2.9235063919639055
8,[18.28626754 18.82841497 17.77043619],17.46077645216416,2.8652357230808607
9,[19.42546468 19.52098808 15.0521085 ],22.914373772060692,4.929633589781999
10,[15.37278368 16.22314605 15.66652376],19.225269460808768,23.474316368888022
11,[18.4896255  16.99102442 19.41561096],21.551349257887864,2.857296349105996
12,[15.90503755 17.16249586 15.09071601],16.35810700110762,2.156935260563057
13,[18.45718931 17.34845326 15.64111095],25.99760870164211,3.1265862538381604
14,[19.45668526 19.59101812 15.36560497],18.674643850932704,4.10246018391057
15,[0.22723972 2.19286448 3.00860465],13.393161185063605,26.34219102979862
16,[1.55113517 3.40954121 1.04506575],16.827042546183613,26.012808008461572
17,[2.59802149 2.82994415 2.20583696],16.73371850436272,24.71135899795479
18,[0.68778079 1.06771596 0.66685946],18.560044721467243,29.382483145898767
19,[1.61148351 1.16943558 2.63749078],7.571488020371474,1.8693515228023374
20,[2.82985581 2.19112642 1.60936312],12.028175393959344,24.286631089035243
21,[2.79820405 4.32672791 4.23641439],3.667509944888819,25.57015650292934
22,[0.53908583 1.58159742 2.04739329],13.691494099048214,26.99258277214029
23,[3.43544507 3.51117644 2.23098972],20.76077493514573,23.837664672596443
24,[2.10161039 4.01315296 2.69308783],6.844306512686453,21.585641933204112
25,[4.61750245 0.30953769 1.83791727],3.271885522667419,25.7010366962601
26,[4.85199386 3.49551974 4.4548779 ],19.588485071681646,22.051169364388493
27,[1.26776359 3.62763553 1.01747217],17.503896672534655,26.08639958173123
28,[2.68755912 1.18471502 2.1824608 ],7.648964833002488,26.105210443932577
29,[3.99012257 1.54204582 3.10758314],11.592903894826907,22.172471375031957
30,[2.19824059 4.56661853 3.29342952],7.707022320007172,23.367754532134743
31,[3.26815724 1.79228892 2.61470784],2.897766473623439,23.151533467844466
32,[0.22543656 0.47154831 4.60806097],12.634457107484964,25.68499395137995
33,[0.36522251 4.64708677 3.58507569],12.17007720125461,25.102716729627737
34,[3.11155273 3.77494857 0.70834954],8.261620297548557,24.643087158721578
35,[3.96911099 3.62701575 2.7071964 ],11.293407454619038,23.490079612130184
36,[2.41292247 2.38238805 2.23016415],16.016901973527048,23.943986753417537
37,[4.08035031 1.37175747 0.30981004],9.359701395387958,24.64682706467814
38,[4.80148171 2.29059065 3.78946032],16.162469121020273,22.710036659040018
39,[3.40579301 2.70888963 0.66416245],12.482007915136755,27.83202854002979
40,[1.26602817 2.21927797 2.79374953],7.462432796411638,28.068751598846227
41,[4.06932177 1.58914168 1.98522547],12.115652372417188,25.0783703636414
42,[4.45084124 4.12708104 0.53343542],22.059790185829993,27.015968548414527
43,[0.79887938 3.25609654 2.84532107],8.42869197362138,22.3255959982845
44,[4.92041837 3.74579506 4.01199815],11.916202375078333,18.77146518323033
45,[1.1415494  2.59356723 3.15054202],3.4077730570290803,27.73612067944822
46,[0.01092681 2.56607383 2.24595084],22.885777535045243,26.708685376727324
47,[1.74678175 1.3684063  4.51041433],21.00428473806144,25.091804556662787
48,[0.1548723  1.62084545 1.43296374],14.184695087711782,24.405304314480087
49,[4.78568039 0.08266533 2.28661837],8.710228549077145,28.167193733066675
