,0,1,2
0,[17.41095701 19.36237268 16.0616634 ],21.636421229798447,3.600205990187302
1,[15.20354812 16.98597231 16.16566099],20.305373163059397,1.7390448977665323
2,[19.20870362 16.03541172 18.71234767],16.91826781175197,2.9655101426863966
3,[16.96077064 15.9112826  18.71769707],22.271731357212666,2.0394265600371955
4,[15.3479104  19.42668602 19.763222  ],23.582364249513375,5.604314827658387
5,[19.65571717 17.07715477 15.1449083 ],21.84694333922706,24.94674976753802
6,[19.91013742 16.69818842 18.53343597],23.425016199186622,4.846209751801111
7,[16.80938534 15.17552949 19.27529127],17.264717506223725,2.924015637653253
8,[18.28626754 18.82841497 17.77043619],22.750016299976085,2.8652357230808607
9,[19.42546468 19.52098808 15.0521085 ],22.784152940842397,26.521379118427035
10,[15.37278368 16.22314605 15.66652376],19.66591460904152,22.393867622994414
11,[18.4896255  16.99102442 19.41561096],21.800832264298307,1.9573747703100701
12,[15.90503755 17.16249586 15.09071601],16.454661259763135,4.140612106446142
13,[18.45718931 17.34845326 15.64111095],25.99760870164211,2.8116833523602165
14,[19.45668526 19.59101812 15.36560497],18.674643850932704,3.961356474448321
15,[0.22723972 2.19286448 3.00860465],8.054793075094791,26.320430188499333
16,[1.55113517 3.40954121 1.04506575],16.827042546183613,25.969257715921433
17,[2.59802149 2.82994415 2.20583696],12.054268958648608,25.753148742739537
18,[0.68778079 1.06771596 0.66685946],14.388604731737065,29.382483145898767
19,[1.61148351 1.16943558 2.63749078],11.747829365220095,23.229428161506995
20,[2.82985581 2.19112642 1.60936312],7.198977902461276,23.804892878947886
21,[2.79820405 4.32672791 4.23641439],3.667509944888819,25.57015650292934
22,[0.53908583 1.58159742 2.04739329],18.55331317107905,27.036197649725423
23,[3.43544507 3.51117644 2.23098972],7.421235252108346,22.498393184609476
24,[2.10161039 4.01315296 2.69308783],7.178723549273116,22.09339190625692
25,[4.61750245 0.30953769 1.83791727],3.853308664374886,25.3974769844313
26,[4.85199386 3.49551974 4.4548779 ],16.115905732669496,22.571581532812317
27,[1.26776359 3.62763553 1.01747217],17.36618264807752,26.08639958173123
28,[2.68755912 1.18471502 2.1824608 ],16.930155267395502,28.197790599251928
29,[3.99012257 1.54204582 3.10758314],15.727297232115186,22.194410664976687
30,[2.19824059 4.56661853 3.29342952],7.238762950069476,23.830373177983784
31,[3.26815724 1.79228892 2.61470784],2.8977664736234394,3.716685382356687
32,[0.22543656 0.47154831 4.60806097],9.300295122332656,26.586734429017795
33,[0.36522251 4.64708677 3.58507569],20.50371495398768,25.389534110101383
34,[3.11155273 3.77494857 0.70834954],8.093464380988106,25.296729318833584
35,[3.96911099 3.62701575 2.7071964 ],11.293407454619038,23.795594308496476
36,[2.41292247 2.38238805 2.23016415],16.04573542601735,23.079470714641097
37,[4.08035031 1.37175747 0.30981004],9.35970139538796,26.238391188072335
38,[4.80148171 2.29059065 3.78946032],12.447163198134188,23.206981314828184
39,[3.40579301 2.70888963 0.66416245],17.48885902551175,26.212213908165694
40,[1.26602817 2.21927797 2.79374953],7.462432796411639,28.80620035100165
41,[4.06932177 1.58914168 1.98522547],16.256579212265013,25.08709614990037
42,[4.45084124 4.12708104 0.53343542],26.127262198116064,24.97794836100065
43,[0.79887938 3.25609654 2.84532107],2.440486398066736,2.2295289955105915
44,[4.92041837 3.74579506 4.01199815],12.22865521636356,21.81233699668058
45,[1.1415494  2.59356723 3.15054202],6.88994054930252,26.22228249854429
46,[0.01092681 2.56607383 2.24595084],17.645603359034443,26.708685376727324
47,[1.74678175 1.3684063  4.51041433],16.442255105700657,24.83083865779013
48,[0.1548723  1.62084545 1.43296374],9.17246797990283,24.405304314480087
49,[4.78568039 0.08266533 2.28661837],8.710228549077145,26.855348359144173
