,0,1,2
0,[17.41095701 19.36237268 16.0616634 ],25.79956523208266,2.468534082395516
1,[15.20354812 16.98597231 16.16566099],20.178260522934988,1.2746718639383325
2,[19.20870362 16.03541172 18.71234767],26.48706554351954,4.002279742209141
3,[16.96077064 15.9112826  18.71769707],25.707525853852804,2.238149583241214
4,[15.3479104  19.42668602 19.763222  ],28.030745220653507,6.216619659878211
5,[19.65571717 17.07715477 15.1449083 ],19.154333215427965,4.737778175902788
6,[19.91013742 16.69818842 18.53343597],27.88863977430188,2.2847408881913362
7,[16.80938534 15.17552949 19.27529127],17.115809466816735,2.9269453708617252
8,[18.28626754 18.82841497 17.77043619],17.630676792393963,2.8652357230808607
9,[19.42546468 19.52098808 15.0521085 ],28.688579049684012,4.74362051731846
10,[15.37278368 16.22314605 15.66652376],19.331995238584927,2.219284998462891
11,[18.4896255  16.99102442 19.41561096],23.259256293421963,4.558142891089658
12,[15.90503755 17.16249586 15.09071601],16.443410858723308,2.156935260563057
13,[18.45718931 17.34845326 15.64111095],21.55818832112583,2.7829045725277233
14,[19.45668526 19.59101812 15.36560497],23.019839875326973,3.899671920525876
15,[0.22723972 2.19286448 3.00860465],27.200742914949604,24.03750507530993
16,[1.55113517 3.40954121 1.04506575],22.942595414928192,27.814390199039643
17,[2.59802149 2.82994415 2.20583696],12.152308772150738,24.71135899795479
18,[0.68778079 1.06771596 0.66685946],8.696860812220185,29.382483145898767
19,[1.61148351 1.16943558 2.63749078],7.807659335945246,22.967406058606652
20,[2.82985581 2.19112642 1.60936312],21.887539598411724,25.607092943891274
21,[2.79820405 4.32672791 4.23641439],7.02806081205947,23.050952951830883
22,[0.53908583 1.58159742 2.04739329],13.37963791578245,24.476761255096473
23,[3.43544507 3.51117644 2.23098972],11.920544586066562,22.82323172653981
24,[2.10161039 4.01315296 2.69308783],7.139781923706879,25.9602993791336
25,[4.61750245 0.30953769 1.83791727],13.325235660980656,28.085376584920134
26,[4.85199386 3.49551974 4.4548779 ],11.010546937618173,20.591633267980512
27,[1.26776359 3.62763553 1.01747217],12.936099691947945,23.7648378251773
28,[2.68755912 1.18471502 2.1824608 ],22.033536628054836,26.939866167419147
29,[3.99012257 1.54204582 3.10758314],12.272785404904695,24.57400194254914
30,[2.19824059 4.56661853 3.29342952],20.296044594628153,24.6637246801156
31,[3.26815724 1.79228892 2.61470784],12.469186850027127,24.96757932566591
32,[0.22543656 0.47154831 4.60806097],9.55640177657786,23.674514008635068
33,[0.36522251 4.64708677 3.58507569],16.80845297176902,24.789285984824467
34,[3.11155273 3.77494857 0.70834954],13.651164366282794,24.891255341236043
35,[3.96911099 3.62701575 2.7071964 ],8.097888859116264,21.137380223523653
36,[2.41292247 2.38238805 2.23016415],12.53428557349009,24.0435521439793
37,[4.08035031 1.37175747 0.30981004],13.393711800054387,24.785807062601506
38,[4.80148171 2.29059065 3.78946032],7.819033504928514,20.422281457284303
39,[3.40579301 2.70888963 0.66416245],12.818895089402321,24.404797893955273
40,[1.26602817 2.21927797 2.79374953],12.614499699420922,28.216662864888264
41,[4.06932177 1.58914168 1.98522547],8.138972974663288,25.23585937533995
42,[4.45084124 4.12708104 0.53343542],9.389358055913865,21.586127756006004
43,[0.79887938 3.25609654 2.84532107],12.106279666354462,23.56715312144692
44,[4.92041837 3.74579506 4.01199815],15.774537341028813,24.368545925847446
45,[1.1415494  2.59356723 3.15054202],7.782582550206638,1.9178888341639704
46,[0.01092681 2.56607383 2.24595084],13.807559380386175,26.02813812871341
47,[1.74678175 1.3684063  4.51041433],17.790043629735848,25.091804556662787
48,[0.1548723  1.62084545 1.43296374],8.979577735886243,27.189290228843216
49,[4.78568039 0.08266533 2.28661837],8.52611818248146,26.855348359144173
