,0,1,2
0,[17.41095701 19.36237268 16.0616634 ],17.221185803750636,3.3603147670259212
1,[15.20354812 16.98597231 16.16566099],20.363720619660672,1.4847319192823876
2,[19.20870362 16.03541172 18.71234767],13.061549459079604,2.803448855992618
3,[16.96077064 15.9112826  18.71769707],22.178271443520643,2.006209984117413
4,[15.3479104  19.42668602 19.763222  ],19.0699333902884,5.245272782565975
5,[19.65571717 17.07715477 15.1449083 ],22.6027676601583,24.94674976753802
6,[19.91013742 16.69818842 18.53343597],23.55285918382157,5.725795944758652
7,[16.80938534 15.17552949 19.27529127],17.50458941975331,3.564917535309799
8,[18.28626754 18.82841497 17.77043619],17.46077645216416,5.128794807560038
9,[19.42546468 19.52098808 15.0521085 ],22.84549117089882,3.782470518821862
10,[15.37278368 16.22314605 15.66652376],19.862412986327847,19.95865369499699
11,[18.4896255  16.99102442 19.41561096],17.205992369778475,1.7304409149958244
12,[15.90503755 17.16249586 15.09071601],16.454661259763135,2.156935260563057
13,[18.45718931 17.34845326 15.64111095],22.0400473933768,2.0082342976465677
14,[19.45668526 19.59101812 15.36560497],18.260619301212433,3.961356474448321
15,[0.22723972 2.19286448 3.00860465],12.721842784953122,24.50843314467777
16,[1.55113517 3.40954121 1.04506575],17.035426320023056,25.969257715921433
17,[2.59802149 2.82994415 2.20583696],7.269132794978314,24.71135899795479
18,[0.68778079 1.06771596 0.66685946],8.575624432077237,29.382483145898767
19,[1.61148351 1.16943558 2.63749078],11.747829365220095,24.454035597969966
20,[2.82985581 2.19112642 1.60936312],16.130903644818268,25.764936360650786
21,[2.79820405 4.32672791 4.23641439],11.855202444727343,25.14253827766576
22,[0.53908583 1.58159742 2.04739329],13.012991132671214,25.716077799063786
23,[3.43544507 3.51117644 2.23098972],7.484775287642369,21.816162405808225
24,[2.10161039 4.01315296 2.69308783],7.510523244400106,23.87704038174946
25,[4.61750245 0.30953769 1.83791727],3.7622302933289453,24.291168187001173
26,[4.85199386 3.49551974 4.4548779 ],12.185664925631082,22.786551634682187
27,[1.26776359 3.62763553 1.01747217],22.111792972712742,26.08639958173123
28,[2.68755912 1.18471502 2.1824608 ],8.002539556132282,27.30502342646882
29,[3.99012257 1.54204582 3.10758314],7.243765685865736,23.99808633516836
30,[2.19824059 4.56661853 3.29342952],15.869351749092354,23.629293545362067
31,[3.26815724 1.79228892 2.61470784],7.60210645422463,1.8075548396583934
32,[0.22543656 0.47154831 4.60806097],9.459603842373841,26.09265384683112
33,[0.36522251 4.64708677 3.58507569],17.195970803052948,24.355992350743616
34,[3.11155273 3.77494857 0.70834954],8.487653172454966,25.13944449590406
35,[3.96911099 3.62701575 2.7071964 ],3.3300407877550002,23.184461307071945
36,[2.41292247 2.38238805 2.23016415],16.04573542601735,23.903706403965607
37,[4.08035031 1.37175747 0.30981004],9.531503612015674,26.1949813592292
38,[4.80148171 2.29059065 3.78946032],3.9280928974540275,22.710036659040018
39,[3.40579301 2.70888963 0.66416245],22.173032166921512,25.59500553225568
40,[1.26602817 2.21927797 2.79374953],7.681361590034371,28.420714915421982
41,[4.06932177 1.58914168 1.98522547],21.43118122736458,26.433458075811334
42,[4.45084124 4.12708104 0.53343542],26.127262198116064,24.511688082400056
43,[0.79887938 3.25609654 2.84532107],3.07443825466842,25.007594761830177
44,[4.92041837 3.74579506 4.01199815],8.034847153937683,23.47569240707243
45,[1.1415494  2.59356723 3.15054202],2.2125621947857264,26.843966416759226
46,[0.01092681 2.56607383 2.24595084],22.111455881245913,26.866190954770495
47,[1.74678175 1.3684063  4.51041433],21.00428473806144,23.820505887112606
48,[0.1548723  1.62084545 1.43296374],4.327353308699654,25.94615077968419
49,[4.78568039 0.08266533 2.28661837],8.833513839328202,26.855348359144173
