,0,1,2
0,[17.41095701 19.36237268 16.0616634 ],17.221185803750636,3.3603147670259212
1,[15.20354812 16.98597231 16.16566099],20.586726578493465,1.4847319192823876
2,[19.20870362 16.03541172 18.71234767],8.151483710719438,2.803448855992618
3,[16.96077064 15.9112826  18.71769707],22.178271443520643,2.8081173502663024
4,[15.3479104  19.42668602 19.763222  ],22.903408218116788,5.245272782565975
5,[19.65571717 17.07715477 15.1449083 ],22.23275084631641,25.253824579766157
6,[19.91013742 16.69818842 18.53343597],23.55285918382157,26.030559208533273
7,[16.80938534 15.17552949 19.27529127],17.179201037020928,3.416390703295006
8,[18.28626754 18.82841497 17.77043619],17.46077645216416,26.796930811401296
9,[19.42546468 19.52098808 15.0521085 ],22.84549117089882,5.1105410159522915
10,[15.37278368 16.22314605 15.66652376],19.976645836939156,0.931756719219021
11,[18.4896255  16.99102442 19.41561096],17.250136676633208,1.7304409149958244
12,[15.90503755 17.16249586 15.09071601],16.454661259763135,2.7772368672342123
13,[18.45718931 17.34845326 15.64111095],21.43612059515815,2.056906370931926
14,[19.45668526 19.59101812 15.36560497],18.260619301212433,3.9346459844117176
15,[0.22723972 2.19286448 3.00860465],12.58021021450649,24.50843314467777
16,[1.55113517 3.40954121 1.04506575],11.879866698826163,25.969257715921433
17,[2.59802149 2.82994415 2.20583696],12.010294233480145,24.97352374414246
18,[0.68778079 1.06771596 0.66685946],8.575624432077237,28.32956401107632
19,[1.61148351 1.16943558 2.63749078],7.266858298753552,24.454035597969966
20,[2.82985581 2.19112642 1.60936312],6.997797168672432,26.965090721985025
21,[2.79820405 4.32672791 4.23641439],11.855202444727343,25.57015650292934
22,[0.53908583 1.58159742 2.04739329],17.696414256334144,26.99258277214029
23,[3.43544507 3.51117644 2.23098972],11.838946028176483,21.816162405808225
24,[2.10161039 4.01315296 2.69308783],7.510523244400106,22.09339190625692
25,[4.61750245 0.30953769 1.83791727],4.127032328619225,26.375659387931368
26,[4.85199386 3.49551974 4.4548779 ],8.024976252010005,22.007562563023047
27,[1.26776359 3.62763553 1.01747217],22.111792972712742,26.08639958173123
28,[2.68755912 1.18471502 2.1824608 ],12.558111383186853,26.252899356427573
29,[3.99012257 1.54204582 3.10758314],6.679843322204045,24.503965600158082
30,[2.19824059 4.56661853 3.29342952],16.2041564473383,23.629293545362067
31,[3.26815724 1.79228892 2.61470784],7.501879165600007,1.8258977175637725
32,[0.22543656 0.47154831 4.60806097],9.459603842373841,25.277455205644312
33,[0.36522251 4.64708677 3.58507569],17.195970803052948,24.61601599874906
34,[3.11155273 3.77494857 0.70834954],13.242349979380302,25.13944449590406
35,[3.96911099 3.62701575 2.7071964 ],12.034466568259656,23.184461307071945
36,[2.41292247 2.38238805 2.23016415],16.04573542601735,24.0435521439793
37,[4.08035031 1.37175747 0.30981004],4.754826082489023,26.1949813592292
38,[4.80148171 2.29059065 3.78946032],8.1203433789249,22.710036659040018
39,[3.40579301 2.70888963 0.66416245],22.173032166921512,25.59500553225568
40,[1.26602817 2.21927797 2.79374953],7.681361590034371,28.80620035100165
41,[4.06932177 1.58914168 1.98522547],16.91460182392344,27.324705517996094
42,[4.45084124 4.12708104 0.53343542],26.127262198116064,24.511688082400056
43,[0.79887938 3.25609654 2.84532107],3.07443825466842,12.147828678691624
44,[4.92041837 3.74579506 4.01199815],7.890661303975607,22.126697761854032
45,[1.1415494  2.59356723 3.15054202],8.097357221420184,27.73612067944822
46,[0.01092681 2.56607383 2.24595084],22.885777535045243,26.708685376727324
47,[1.74678175 1.3684063  4.51041433],21.00428473806144,23.820505887112606
48,[0.1548723  1.62084545 1.43296374],4.308339665334506,24.75654377916065
49,[4.78568039 0.08266533 2.28661837],13.433881079400297,27.742129703207855
