,0,1,2
0,[17.41095701 19.36237268 16.0616634 ],17.221185803750636,2.7274018607690826
1,[15.20354812 16.98597231 16.16566099],20.864558589412013,1.4847319192823876
2,[19.20870362 16.03541172 18.71234767],12.82471030713989,2.803448855992618
3,[16.96077064 15.9112826  18.71769707],22.198880587360474,3.7521779104536557
4,[15.3479104  19.42668602 19.763222  ],23.401532556820207,5.409987231281782
5,[19.65571717 17.07715477 15.1449083 ],26.208648423609066,25.488821257118737
6,[19.91013742 16.69818842 18.53343597],23.55285918382157,24.6041913492893
7,[16.80938534 15.17552949 19.27529127],17.179201037020928,2.9537936011513315
8,[18.28626754 18.82841497 17.77043619],22.43754176382632,4.667127531463898
9,[19.42546468 19.52098808 15.0521085 ],27.18519795748166,3.6321972188809744
10,[15.37278368 16.22314605 15.66652376],20.111300778120686,0.6686903507600472
11,[18.4896255  16.99102442 19.41561096],17.420530984764454,1.9573747703100701
12,[15.90503755 17.16249586 15.09071601],16.121735195945377,2.156935260563057
13,[18.45718931 17.34845326 15.64111095],21.43612059515815,2.056906370931926
14,[19.45668526 19.59101812 15.36560497],13.646896786984783,3.9346459844117176
15,[0.22723972 2.19286448 3.00860465],17.727009350970462,23.53610804527675
16,[1.55113517 3.40954121 1.04506575],12.051345941047837,25.515517158523515
17,[2.59802149 2.82994415 2.20583696],16.691964789768157,24.97352374414246
18,[0.68778079 1.06771596 0.66685946],8.575624432077237,28.651631474746278
19,[1.61148351 1.16943558 2.63749078],12.06446872093836,23.50982716594625
20,[2.82985581 2.19112642 1.60936312],11.829575463189787,25.912668938567677
21,[2.79820405 4.32672791 4.23641439],7.770855300699855,21.98471608660206
22,[0.53908583 1.58159742 2.04739329],12.716367932280672,25.716077799063786
23,[3.43544507 3.51117644 2.23098972],12.090832989199303,22.498393184609476
24,[2.10161039 4.01315296 2.69308783],7.237511435043601,21.585641933204112
25,[4.61750245 0.30953769 1.83791727],3.7622302933289453,25.301895137395558
26,[4.85199386 3.49551974 4.4548779 ],11.610249225119887,22.356615347542732
27,[1.26776359 3.62763553 1.01747217],16.544309841067665,24.76939376837765
28,[2.68755912 1.18471502 2.1824608 ],12.996555418652672,25.449399572577033
29,[3.99012257 1.54204582 3.10758314],7.218623085141108,23.07828531767138
30,[2.19824059 4.56661853 3.29342952],15.776455410787857,23.629293545362067
31,[3.26815724 1.79228892 2.61470784],7.501879165600009,21.665023843671722
32,[0.22543656 0.47154831 4.60806097],8.57377617672628,26.09265384683112
33,[0.36522251 4.64708677 3.58507569],17.195970803052948,24.61601599874906
34,[3.11155273 3.77494857 0.70834954],8.487653172454966,25.13944449590406
35,[3.96911099 3.62701575 2.7071964 ],12.08758094239583,23.490079612130184
36,[2.41292247 2.38238805 2.23016415],16.04573542601735,24.866336473607724
37,[4.08035031 1.37175747 0.30981004],8.902712242679884,26.1949813592292
38,[4.80148171 2.29059065 3.78946032],8.041377693464652,21.790651445505546
39,[3.40579301 2.70888963 0.66416245],18.01946202876418,28.18334189418924
40,[1.26602817 2.21927797 2.79374953],7.681361590034371,27.176003188394965
41,[4.06932177 1.58914168 1.98522547],12.174439429362767,25.81244398546563
42,[4.45084124 4.12708104 0.53343542],26.24237162566201,24.511688082400056
43,[0.79887938 3.25609654 2.84532107],3.304529506135836,25.513422506130176
44,[4.92041837 3.74579506 4.01199815],7.66691390856042,20.47291451491351
45,[1.1415494  2.59356723 3.15054202],12.982806776734742,26.843966416759226
46,[0.01092681 2.56607383 2.24595084],22.99439322623862,26.71741209488922
47,[1.74678175 1.3684063  4.51041433],25.086427590676504,23.820505887112606
48,[0.1548723  1.62084545 1.43296374],9.091768139718237,24.799580882465346
49,[4.78568039 0.08266533 2.28661837],8.913720262736375,27.742129703207855
