,0,1,2
0,[17.41095701 19.36237268 16.0616634 ],17.221185803750636,3.3603147670259212
1,[15.20354812 16.98597231 16.16566099],20.29318849072372,1.4847319192823876
2,[19.20870362 16.03541172 18.71234767],12.82471030713989,2.803448855992618
3,[16.96077064 15.9112826  18.71769707],21.889204452189816,3.7521779104536557
4,[15.3479104  19.42668602 19.763222  ],23.401532556820207,5.569853778118349
5,[19.65571717 17.07715477 15.1449083 ],25.714753196048328,25.253672799070113
6,[19.91013742 16.69818842 18.53343597],23.55285918382157,24.6041913492893
7,[16.80938534 15.17552949 19.27529127],21.799221220930246,2.921750643910864
8,[18.28626754 18.82841497 17.77043619],17.46077645216416,5.128794807560038
9,[19.42546468 19.52098808 15.0521085 ],22.84549117089882,3.6321972188809744
10,[15.37278368 16.22314605 15.66652376],20.111300778120683,1.1325047655707257
11,[18.4896255  16.99102442 19.41561096],17.34133070930239,2.388131153582383
12,[15.90503755 17.16249586 15.09071601],16.121735195945377,3.321175055641557
13,[18.45718931 17.34845326 15.64111095],22.0400473933768,2.7829045725277233
14,[19.45668526 19.59101812 15.36560497],18.260619301212436,3.622310795402843
15,[0.22723972 2.19286448 3.00860465],13.031429913599457,24.947553914463498
16,[1.55113517 3.40954121 1.04506575],12.188347264138244,25.515517158523515
17,[2.59802149 2.82994415 2.20583696],16.82529291080228,24.97352374414246
18,[0.68778079 1.06771596 0.66685946],13.954166578707145,29.382483145898767
19,[1.61148351 1.16943558 2.63749078],12.06446872093836,24.454035597969966
20,[2.82985581 2.19112642 1.60936312],11.865909756313371,26.073623918242642
21,[2.79820405 4.32672791 4.23641439],8.032944130035935,25.14253827766576
22,[0.53908583 1.58159742 2.04739329],17.68761870937299,27.036197649725423
23,[3.43544507 3.51117644 2.23098972],12.090832989199304,22.543816161142384
24,[2.10161039 4.01315296 2.69308783],12.17797149210921,24.33109573800278
25,[4.61750245 0.30953769 1.83791727],4.315925513501034,24.291168187001173
26,[4.85199386 3.49551974 4.4548779 ],11.610249225119887,22.356615347542732
27,[1.26776359 3.62763553 1.01747217],21.409272290103278,24.670165249801148
28,[2.68755912 1.18471502 2.1824608 ],12.996555418652672,26.105210443932577
29,[3.99012257 1.54204582 3.10758314],7.218623085141108,21.417047570057203
30,[2.19824059 4.56661853 3.29342952],15.802826049324944,23.830373177983784
31,[3.26815724 1.79228892 2.61470784],7.501879165600009,21.665023843671722
32,[0.22543656 0.47154831 4.60806097],8.57377617672628,26.09265384683112
33,[0.36522251 4.64708677 3.58507569],17.195970803052948,23.34951198475661
34,[3.11155273 3.77494857 0.70834954],13.242349979380302,24.891255341236043
35,[3.96911099 3.62701575 2.7071964 ],7.555038596666219,23.795594308496476
36,[2.41292247 2.38238805 2.23016415],16.04573542601735,25.373535598339394
37,[4.08035031 1.37175747 0.30981004],8.902712242679884,26.1949813592292
38,[4.80148171 2.29059065 3.78946032],8.041377693464652,21.88988481020152
39,[3.40579301 2.70888963 0.66416245],22.1184038365148,28.18334189418924
40,[1.26602817 2.21927797 2.79374953],7.5088442220633,28.364575292428196
41,[4.06932177 1.58914168 1.98522547],17.30716832096653,26.433458075811334
42,[4.45084124 4.12708104 0.53343542],26.24237162566201,25.085388107115833
43,[0.79887938 3.25609654 2.84532107],8.136014344504229,26.23888237411674
44,[4.92041837 3.74579506 4.01199815],7.66691390856042,20.47291451491351
45,[1.1415494  2.59356723 3.15054202],12.242202159049441,26.843966416759226
46,[0.01092681 2.56607383 2.24595084],17.792029752813594,26.708685376727324
47,[1.74678175 1.3684063  4.51041433],25.086427590676504,25.113527698667873
48,[0.1548723  1.62084545 1.43296374],9.091768139718237,27.599849125607452
49,[4.78568039 0.08266533 2.28661837],8.913720262736375,26.855348359144173
