,0,1,2
0,[17.41095701 19.36237268 16.0616634 ],25.93488159689602,2.7274018607690826
1,[15.20354812 16.98597231 16.16566099],24.818298334527547,1.7390448977665323
2,[19.20870362 16.03541172 18.71234767],16.86476341789036,2.803448855992618
3,[16.96077064 15.9112826  18.71769707],26.110309039103136,3.3233477757461514
4,[15.3479104  19.42668602 19.763222  ],23.703202788913746,4.319997768594939
5,[19.65571717 17.07715477 15.1449083 ],25.714753196048328,25.253824579766157
6,[19.91013742 16.69818842 18.53343597],23.299030747915122,26.030559208533273
7,[16.80938534 15.17552949 19.27529127],21.799221220930246,3.416390703295006
8,[18.28626754 18.82841497 17.77043619],17.46077645216416,24.20539127897852
9,[19.42546468 19.52098808 15.0521085 ],22.845491170898825,5.817899080925621
10,[15.37278368 16.22314605 15.66652376],24.05676863367216,1.1736630889046078
11,[18.4896255  16.99102442 19.41561096],16.743059413455097,2.857296349105996
12,[15.90503755 17.16249586 15.09071601],11.804047546981913,2.7772368672342123
13,[18.45718931 17.34845326 15.64111095],22.0400473933768,2.277644644954918
14,[19.45668526 19.59101812 15.36560497],17.944976407196517,4.8170532364490635
15,[0.22723972 2.19286448 3.00860465],13.031429913599457,24.947553914463498
16,[1.55113517 3.40954121 1.04506575],22.141868866923115,25.969257715921433
17,[2.59802149 2.82994415 2.20583696],16.82529291080228,24.97352374414246
18,[0.68778079 1.06771596 0.66685946],18.409434565068672,29.829180249218755
19,[1.61148351 1.16943558 2.63749078],17.35610497755814,22.967406058606652
20,[2.82985581 2.19112642 1.60936312],11.865909756313373,25.764936360650786
21,[2.79820405 4.32672791 4.23641439],11.718769674127504,25.57015650292934
22,[0.53908583 1.58159742 2.04739329],17.7560460862663,26.53815588239047
23,[3.43544507 3.51117644 2.23098972],16.266340488325206,23.837664672596443
24,[2.10161039 4.01315296 2.69308783],12.17797149210921,21.191777421599138
25,[4.61750245 0.30953769 1.83791727],3.9571914174279597,27.050467682687607
26,[4.85199386 3.49551974 4.4548779 ],8.024976252010003,22.678393905357392
27,[1.26776359 3.62763553 1.01747217],17.47691544141645,24.76939376837765
28,[2.68755912 1.18471502 2.1824608 ],18.08566673719142,22.761757182982166
29,[3.99012257 1.54204582 3.10758314],7.023860617349699,23.177565826566088
30,[2.19824059 4.56661853 3.29342952],15.802826049324944,23.49852217760674
31,[3.26815724 1.79228892 2.61470784],7.265000926711123,1.8443310349708637
32,[0.22543656 0.47154831 4.60806097],13.806743599503118,25.277455205644312
33,[0.36522251 4.64708677 3.58507569],17.195970803052948,24.61601599874906
34,[3.11155273 3.77494857 0.70834954],17.992330064632895,25.296048591271152
35,[3.96911099 3.62701575 2.7071964 ],12.034466568259656,23.49882337029909
36,[2.41292247 2.38238805 2.23016415],21.068871875462087,24.0435521439793
37,[4.08035031 1.37175747 0.30981004],8.902712242679884,24.924796771476842
38,[4.80148171 2.29059065 3.78946032],8.2645699840191,21.88988481020152
39,[3.40579301 2.70888963 0.66416245],17.96483369835747,25.891091355226656
40,[1.26602817 2.21927797 2.79374953],7.5088442220633,28.364575292428196
41,[4.06932177 1.58914168 1.98522547],12.060697102252469,25.0783703636414
42,[4.45084124 4.12708104 0.53343542],25.76190694150049,26.590686936399006
43,[0.79887938 3.25609654 2.84532107],3.304529506135836,25.513422506130176
44,[4.92041837 3.74579506 4.01199815],7.66691390856042,23.47569240707243
45,[1.1415494  2.59356723 3.15054202],12.301588868638506,27.73612067944822
46,[0.01092681 2.56607383 2.24595084],18.9799008215893,26.71741209488922
47,[1.74678175 1.3684063  4.51041433],20.896032121180546,23.820505887112606
48,[0.1548723  1.62084545 1.43296374],14.110638815289263,24.799580882465346
49,[4.78568039 0.08266533 2.28661837],13.525551201076658,27.742129703207855
