,0,1,2
0,[17.41095701 19.36237268 16.0616634 ],21.650434611730077,24.419549495712467
1,[15.20354812 16.98597231 16.16566099],21.181595969900304,22.395168356289133
2,[19.20870362 16.03541172 18.71234767],27.31507456267886,4.337302965690259
3,[16.96077064 15.9112826  18.71769707],25.82767989726893,24.9644219960421
4,[15.3479104  19.42668602 19.763222  ],28.798037734889796,5.759146810566223
5,[19.65571717 17.07715477 15.1449083 ],23.070923901652776,4.646363639316876
6,[19.91013742 16.69818842 18.53343597],27.95934879956958,3.2083091904863887
7,[16.80938534 15.17552949 19.27529127],21.357447658064252,3.8468475128740756
8,[18.28626754 18.82841497 17.77043619],27.92821864245125,2.379315343416963
9,[19.42546468 19.52098808 15.0521085 ],27.52837025895986,3.986767456549298
10,[15.37278368 16.22314605 15.66652376],19.686077025413994,0.8104117813414403
11,[18.4896255  16.99102442 19.41561096],22.075174718019237,1.7304409149958244
12,[15.90503755 17.16249586 15.09071601],15.358228593344657,4.837276770913423
13,[18.45718931 17.34845326 15.64111095],25.240726375872647,4.257664351123681
14,[19.45668526 19.59101812 15.36560497],26.486926764774307,5.147003176826317
15,[0.22723972 2.19286448 3.00860465],17.428069924169087,26.363951977638322
16,[1.55113517 3.40954121 1.04506575],26.926035996236198,25.991032820137665
17,[2.59802149 2.82994415 2.20583696],7.194364260863884,24.518791920014483
18,[0.68778079 1.06771596 0.66685946],13.344282544886076,28.023835857877117
19,[1.61148351 1.16943558 2.63749078],13.257066671435544,11.8087808539046
20,[2.82985581 2.19112642 1.60936312],12.370796919727754,24.1468719149073
21,[2.79820405 4.32672791 4.23641439],11.97990540850575,21.29470778032913
22,[0.53908583 1.58159742 2.04739329],18.212425263071076,25.716077799063786
23,[3.43544507 3.51117644 2.23098972],16.505921667196766,24.878710589967845
24,[2.10161039 4.01315296 2.69308783],12.719270383753498,22.049462242839805
25,[4.61750245 0.30953769 1.83791727],13.467999082534774,24.29802075036617
26,[4.85199386 3.49551974 4.4548779 ],14.711879615977324,20.40653056026266
27,[1.26776359 3.62763553 1.01747217],17.360204961140106,26.08639958173123
28,[2.68755912 1.18471502 2.1824608 ],17.146365613799244,27.13364161694323
29,[3.99012257 1.54204582 3.10758314],21.660011392948768,25.229499461872635
30,[2.19824059 4.56661853 3.29342952],19.91729348915279,23.629293545362067
31,[3.26815724 1.79228892 2.61470784],12.439220005834624,25.0199345090077
32,[0.22543656 0.47154831 4.60806097],14.145287560504396,5.635791754638886
33,[0.36522251 4.64708677 3.58507569],8.524394391176996,3.1872144299714846
34,[3.11155273 3.77494857 0.70834954],13.651164366282794,27.734105611797496
35,[3.96911099 3.62701575 2.7071964 ],12.539240872452451,22.992016542991504
36,[2.41292247 2.38238805 2.23016415],21.234103000792192,26.100869653152195
37,[4.08035031 1.37175747 0.30981004],13.695331950957575,25.267834464542805
38,[4.80148171 2.29059065 3.78946032],16.270801324632664,23.21134358944674
39,[3.40579301 2.70888963 0.66416245],7.795255523773989,25.089405035114616
40,[1.26602817 2.21927797 2.79374953],22.791506703126117,28.80620035100165
41,[4.06932177 1.58914168 1.98522547],13.283523014202695,26.879063548767512
42,[4.45084124 4.12708104 0.53343542],4.774290251343747,3.4126796549014315
43,[0.79887938 3.25609654 2.84532107],2.7923173883227284,1.9316138820825828
44,[4.92041837 3.74579506 4.01199815],19.184689594283615,24.58246448435584
45,[1.1415494  2.59356723 3.15054202],13.239993123238014,26.843966416759226
46,[0.01092681 2.56607383 2.24595084],22.761008824160783,26.708685376727324
47,[1.74678175 1.3684063  4.51041433],21.490289436965405,27.963198596274182
48,[0.1548723  1.62084545 1.43296374],9.312108052220188,27.093074091400908
49,[4.78568039 0.08266533 2.28661837],18.1296206276781,28.48413320224891
