,0,1,2
0,[17.41095701 19.36237268 16.0616634 ],21.650434611730077,23.129556329096378
1,[15.20354812 16.98597231 16.16566099],20.71237914830203,2.0636978021751724
2,[19.20870362 16.03541172 18.71234767],23.116122606101733,2.9962499738991726
3,[16.96077064 15.9112826  18.71769707],25.82767989726893,2.006209984117413
4,[15.3479104  19.42668602 19.763222  ],28.939150782815954,5.569853778118349
5,[19.65571717 17.07715477 15.1449083 ],23.076116076883455,4.830698678412957
6,[19.91013742 16.69818842 18.53343597],28.206509644964818,3.54956037094459
7,[16.80938534 15.17552949 19.27529127],22.238173132352337,2.924015637653253
8,[18.28626754 18.82841497 17.77043619],27.24496317741578,2.8652357230808607
9,[19.42546468 19.52098808 15.0521085 ],27.66284907103691,3.895770637122484
10,[15.37278368 16.22314605 15.66652376],19.255207510025166,2.933955133802939
11,[18.4896255  16.99102442 19.41561096],28.67633215807628,4.876459803303167
12,[15.90503755 17.16249586 15.09071601],12.438044158678567,2.156935260563057
13,[18.45718931 17.34845326 15.64111095],26.748917858527953,3.3701348240003255
14,[19.45668526 19.59101812 15.36560497],22.48542262712497,3.961356474448321
15,[0.22723972 2.19286448 3.00860465],22.884040707280423,26.363951977638322
16,[1.55113517 3.40954121 1.04506575],22.03711053653991,25.969257715921433
17,[2.59802149 2.82994415 2.20583696],21.25292651762384,24.97352374414246
18,[0.68778079 1.06771596 0.66685946],18.949965622331632,28.107172052603193
19,[1.61148351 1.16943558 2.63749078],13.154469616681734,11.855543616244349
20,[2.82985581 2.19112642 1.60936312],12.370796919727754,23.32316751336075
21,[2.79820405 4.32672791 4.23641439],16.01363609050009,23.628334120532912
22,[0.53908583 1.58159742 2.04739329],18.52205665566382,24.22309770916037
23,[3.43544507 3.51117644 2.23098972],16.61356968042953,22.543816161142384
24,[2.10161039 4.01315296 2.69308783],16.268797290276517,24.53235525388659
25,[4.61750245 0.30953769 1.83791727],17.348636778172658,25.206318752354214
26,[4.85199386 3.49551974 4.4548779 ],14.714063164119926,22.732472648713475
27,[1.26776359 3.62763553 1.01747217],17.360204961140106,24.670165249801148
28,[2.68755912 1.18471502 2.1824608 ],17.146365613799244,24.076933864490893
29,[3.99012257 1.54204582 3.10758314],21.721744275419677,25.229499461872635
30,[2.19824059 4.56661853 3.29342952],16.358459606744876,25.47407749385493
31,[3.26815724 1.79228892 2.61470784],12.234217917981528,26.368795705333206
32,[0.22543656 0.47154831 4.60806097],9.779205352310635,26.586734429017795
33,[0.36522251 4.64708677 3.58507569],13.19686571780681,24.355992350743616
34,[3.11155273 3.77494857 0.70834954],13.562341326486878,26.492854484300107
35,[3.96911099 3.62701575 2.7071964 ],3.125241954554569,1.6604911677623095
36,[2.41292247 2.38238805 2.23016415],17.0740126050868,24.0435521439793
37,[4.08035031 1.37175747 0.30981004],22.719561402104915,24.924796771476842
38,[4.80148171 2.29059065 3.78946032],16.668780197757208,23.21570586895115
39,[3.40579301 2.70888963 0.66416245],12.313502489331904,25.089405035114616
40,[1.26602817 2.21927797 2.79374953],12.706127447347194,28.39264508339734
41,[4.06932177 1.58914168 1.98522547],13.372454891304717,22.280743038717016
42,[4.45084124 4.12708104 0.53343542],9.55560716723156,3.286384740176704
43,[0.79887938 3.25609654 2.84532107],3.675417446167832,1.8685595393577987
44,[4.92041837 3.74579506 4.01199815],18.962134681468445,22.423467873233655
45,[1.1415494  2.59356723 3.15054202],13.30436781436291,24.74939741353182
46,[0.01092681 2.56607383 2.24595084],17.662458741051285,26.55617495185191
47,[1.74678175 1.3684063  4.51041433],21.62319797910225,25.091804556662787
48,[0.1548723  1.62084545 1.43296374],19.422211468818755,29.17787925528817
49,[4.78568039 0.08266533 2.28661837],13.17766262854185,26.855348359144173
