,0,1,2
0,[17.41095701 19.36237268 16.0616634 ],21.944571174158927,4.105908166942014
1,[15.20354812 16.98597231 16.16566099],20.77010879385772,1.7390448977665323
2,[19.20870362 16.03541172 18.71234767],18.389397720982018,2.8961871311892105
3,[16.96077064 15.9112826  18.71769707],21.60857937396882,3.3036368172368284
4,[15.3479104  19.42668602 19.763222  ],29.067970770218515,5.604314827658387
5,[19.65571717 17.07715477 15.1449083 ],22.69043059745051,24.258209628898758
6,[19.91013742 16.69818842 18.53343597],28.206509644964818,2.5120122041890895
7,[16.80938534 15.17552949 19.27529127],22.185916086342907,2.924015637653253
8,[18.28626754 18.82841497 17.77043619],26.558551112669676,5.666531623256563
9,[19.42546468 19.52098808 15.0521085 ],27.765280363050987,4.03390892441439
10,[15.37278368 16.22314605 15.66652376],19.030131588007865,2.933955133802939
11,[18.4896255  16.99102442 19.41561096],28.413273627684042,3.9897867726920735
12,[15.90503755 17.16249586 15.09071601],12.438044158678569,2.156935260563057
13,[18.45718931 17.34845326 15.64111095],26.378300110015545,4.408918610741608
14,[19.45668526 19.59101812 15.36560497],22.82679386608803,3.961356474448321
15,[0.22723972 2.19286448 3.00860465],22.07557573529379,26.363951977638322
16,[1.55113517 3.40954121 1.04506575],22.076988883201945,25.707660196807243
17,[2.59802149 2.82994415 2.20583696],17.09574414616722,25.025916481171127
18,[0.68778079 1.06771596 0.66685946],13.700329218293575,28.107172052603193
19,[1.61148351 1.16943558 2.63749078],17.846143515719273,23.12796829055826
20,[2.82985581 2.19112642 1.60936312],17.206149096338805,24.1468719149073
21,[2.79820405 4.32672791 4.23641439],11.711281118983553,24.25017059212266
22,[0.53908583 1.58159742 2.04739329],23.20332091534835,25.436636810273335
23,[3.43544507 3.51117644 2.23098972],16.245637295773854,24.77054158971052
24,[2.10161039 4.01315296 2.69308783],11.903740647192999,22.049462242839805
25,[4.61750245 0.30953769 1.83791727],17.730216178747366,25.3974769844313
26,[4.85199386 3.49551974 4.4548779 ],11.624697014776038,22.732472648713475
27,[1.26776359 3.62763553 1.01747217],17.76778628158292,23.009836891212668
28,[2.68755912 1.18471502 2.1824608 ],8.25962982612101,27.327442721823086
29,[3.99012257 1.54204582 3.10758314],7.234453152049073,25.229499461872635
30,[2.19824059 4.56661853 3.29342952],8.031547392695142,23.977824396645175
31,[3.26815724 1.79228892 2.61470784],12.56806220205361,25.4409592655709
32,[0.22543656 0.47154831 4.60806097],13.702589335039338,26.669360281207897
33,[0.36522251 4.64708677 3.58507569],4.194481955775666,24.64200091178701
34,[3.11155273 3.77494857 0.70834954],13.562341326486878,25.148158902229298
35,[3.96911099 3.62701575 2.7071964 ],3.34058759340437,21.137380223523653
36,[2.41292247 2.38238805 2.23016415],17.133600492794834,23.763860691400303
37,[4.08035031 1.37175747 0.30981004],9.091997166840939,26.064605734598004
38,[4.80148171 2.29059065 3.78946032],15.988218124083605,23.21570586895115
39,[3.40579301 2.70888963 0.66416245],12.702843746450332,22.75898653320336
40,[1.26602817 2.21927797 2.79374953],7.7466344997343715,28.364575292428196
41,[4.06932177 1.58914168 1.98522547],13.029795243416993,22.756259650907396
42,[4.45084124 4.12708104 0.53343542],13.966876094636806,3.7107931661562374
43,[0.79887938 3.25609654 2.84532107],8.243554985710926,2.0072203896852554
44,[4.92041837 3.74579506 4.01199815],7.533061886456075,23.47569240707243
45,[1.1415494  2.59356723 3.15054202],22.3961425983834,25.792620211069803
46,[0.01092681 2.56607383 2.24595084],13.02037490224962,26.68691950803598
47,[1.74678175 1.3684063  4.51041433],20.711717377583845,25.091804556662787
48,[0.1548723  1.62084545 1.43296374],19.545997260896318,28.218428028797764
49,[4.78568039 0.08266533 2.28661837],8.914247607911587,27.954650104387536
