,0,1,2
0,[17.41095701 19.36237268 16.0616634 ],21.348758761096732,4.105908166942014
1,[15.20354812 16.98597231 16.16566099],24.160826910498763,1.6125615154710469
2,[19.20870362 16.03541172 18.71234767],21.802760606760213,2.725093823897449
3,[16.96077064 15.9112826  18.71769707],16.319136043457224,3.018718830505983
4,[15.3479104  19.42668602 19.763222  ],28.4084650262366,5.975842323310119
5,[19.65571717 17.07715477 15.1449083 ],22.79196777755157,4.830698678412957
6,[19.91013742 16.69818842 18.53343597],28.206509644964825,3.54956037094459
7,[16.80938534 15.17552949 19.27529127],22.033689093646082,2.9203663571115475
8,[18.28626754 18.82841497 17.77043619],26.92831356439742,2.4042009334861083
9,[19.42546468 19.52098808 15.0521085 ],26.65766201907956,4.03390892441439
10,[15.37278368 16.22314605 15.66652376],18.69843614585244,2.8281572522042064
11,[18.4896255  16.99102442 19.41561096],22.800609927140577,3.6234848982133174
12,[15.90503755 17.16249586 15.09071601],12.339479380619295,2.0632922308323485
13,[18.45718931 17.34845326 15.64111095],26.55872125237291,3.068771962099386
14,[19.45668526 19.59101812 15.36560497],13.788026033978408,3.7933945547425383
15,[0.22723972 2.19286448 3.00860465],22.07557573529379,26.320430188499333
16,[1.55113517 3.40954121 1.04506575],16.893823879366817,25.83845741183489
17,[2.59802149 2.82994415 2.20583696],7.414379316024577,23.696135346991017
18,[0.68778079 1.06771596 0.66685946],8.498525305987354,28.023835857877117
19,[1.61148351 1.16943558 2.63749078],12.396020254677287,24.97533106482936
20,[2.82985581 2.19112642 1.60936312],12.53043049506383,23.73600731842631
21,[2.79820405 4.32672791 4.23641439],11.910044080998926,25.14253827766576
22,[0.53908583 1.58159742 2.04739329],8.384645978912015,25.306523943497577
23,[3.43544507 3.51117644 2.23098972],11.317950373403423,22.498393184609476
24,[2.10161039 4.01315296 2.69308783],6.898397708465214,26.91917612856749
25,[4.61750245 0.30953769 1.83791727],12.86058738385691,26.00464896725734
26,[4.85199386 3.49551974 4.4548779 ],11.624697014776038,22.678393905357392
27,[1.26776359 3.62763553 1.01747217],17.76778628158292,24.670165249801148
28,[2.68755912 1.18471502 2.1824608 ],3.015783217359709,26.179054722118043
29,[3.99012257 1.54204582 3.10758314],7.234453152049073,25.121502674650586
30,[2.19824059 4.56661853 3.29342952],8.195426051081688,23.629293545362067
31,[3.26815724 1.79228892 2.61470784],17.206207981683654,21.665023843671722
32,[0.22543656 0.47154831 4.60806097],13.702589335039338,26.595409583346065
33,[0.36522251 4.64708677 3.58507569],4.3812934497924605,24.355992350743616
34,[3.11155273 3.77494857 0.70834954],13.631169810367771,26.492854484300107
35,[3.96911099 3.62701575 2.7071964 ],7.899327042081374,20.21034586634179
36,[2.41292247 2.38238805 2.23016415],21.04890811207921,23.741126453521456
37,[4.08035031 1.37175747 0.30981004],14.311369940627879,24.785807062601506
38,[4.80148171 2.29059065 3.78946032],15.988218124083605,23.21570586895115
39,[3.40579301 2.70888963 0.66416245],7.998355556163941,24.177018689677553
40,[1.26602817 2.21927797 2.79374953],17.604323866001874,28.420714915421982
41,[4.06932177 1.58914168 1.98522547],12.999284449060827,22.756259650907396
42,[4.45084124 4.12708104 0.53343542],16.5732199357062,21.036514940850992
43,[0.79887938 3.25609654 2.84532107],8.529871580994975,22.165425737638188
44,[4.92041837 3.74579506 4.01199815],15.846366733487411,23.47569240707243
45,[1.1415494  2.59356723 3.15054202],17.008443985470635,26.22228249854429
46,[0.01092681 2.56607383 2.24595084],22.612870708060953,26.708685376727324
47,[1.74678175 1.3684063  4.51041433],21.62319797910225,24.7350017159645
48,[0.1548723  1.62084545 1.43296374],13.966331686375867,26.271012482392035
49,[4.78568039 0.08266533 2.28661837],13.419955840461792,27.742129703207855
