,0,1,2
0,[17.41095701 19.36237268 16.0616634 ],21.471636941874,3.3603147670259212
1,[15.20354812 16.98597231 16.16566099],20.579327805501105,2.0855543616913406
2,[19.20870362 16.03541172 18.71234767],16.88280445044482,2.803448855992618
3,[16.96077064 15.9112826  18.71769707],22.027674871588097,2.006209984117413
4,[15.3479104  19.42668602 19.763222  ],23.700929184553928,5.604314827658387
5,[19.65571717 17.07715477 15.1449083 ],17.81274822867505,24.258209628898758
6,[19.91013742 16.69818842 18.53343597],22.970985684989895,5.195990828449999
7,[16.80938534 15.17552949 19.27529127],17.782829515896957,2.918882785218999
8,[18.28626754 18.82841497 17.77043619],16.946498320826233,24.361744618380545
9,[19.42546468 19.52098808 15.0521085 ],26.508395178916334,25.769644959487632
10,[15.37278368 16.22314605 15.66652376],18.751558195928034,0.8104117813414403
11,[18.4896255  16.99102442 19.41561096],17.51278107935275,2.857296349105996
12,[15.90503755 17.16249586 15.09071601],11.720113954186752,2.156935260563057
13,[18.45718931 17.34845326 15.64111095],21.41695842655563,2.024762020412997
14,[19.45668526 19.59101812 15.36560497],17.500994179521157,4.10246018391057
15,[0.22723972 2.19286448 3.00860465],17.015841768381346,26.363951977638322
16,[1.55113517 3.40954121 1.04506575],16.835329655247847,25.707660196807243
17,[2.59802149 2.82994415 2.20583696],16.152177695886753,23.214173523385707
18,[0.68778079 1.06771596 0.66685946],13.706933948313756,27.77462400227342
19,[1.61148351 1.16943558 2.63749078],8.006821051598997,27.886645309046955
20,[2.82985581 2.19112642 1.60936312],7.13080760183068,22.802326233613172
21,[2.79820405 4.32672791 4.23641439],8.413224518893124,25.14253827766576
22,[0.53908583 1.58159742 2.04739329],13.861498908079351,27.715022297005273
23,[3.43544507 3.51117644 2.23098972],11.806034859826136,24.77054158971052
24,[2.10161039 4.01315296 2.69308783],11.561291219338537,25.001523707660986
25,[4.61750245 0.30953769 1.83791727],8.124615006474492,22.518424311685035
26,[4.85199386 3.49551974 4.4548779 ],15.980641551791573,22.05991112403245
27,[1.26776359 3.62763553 1.01747217],17.76778628158292,26.24385303011338
28,[2.68755912 1.18471502 2.1824608 ],2.6144008291457013,24.076933864490893
29,[3.99012257 1.54204582 3.10758314],11.827125981268072,25.121502674650586
30,[2.19824059 4.56661853 3.29342952],11.835686953469382,22.355092857431465
31,[3.26815724 1.79228892 2.61470784],17.479846265059244,23.151533467844466
32,[0.22543656 0.47154831 4.60806097],9.130525259406726,26.74331453591661
33,[0.36522251 4.64708677 3.58507569],11.857100542455331,25.282116203459474
34,[3.11155273 3.77494857 0.70834954],4.303960131924351,25.894737826976364
35,[3.96911099 3.62701575 2.7071964 ],10.970953193128771,22.16990682441293
36,[2.41292247 2.38238805 2.23016415],11.847015279547543,23.763860691400303
37,[4.08035031 1.37175747 0.30981004],14.249783377118263,24.601642175654813
38,[4.80148171 2.29059065 3.78946032],15.126604321061555,25.8801354285062
39,[3.40579301 2.70888963 0.66416245],7.612413919992757,22.46160233723516
40,[1.26602817 2.21927797 2.79374953],17.31023129659725,26.123903170089168
41,[4.06932177 1.58914168 1.98522547],7.593124707019838,25.704474372130054
42,[4.45084124 4.12708104 0.53343542],21.03861998550851,26.940581088851815
43,[0.79887938 3.25609654 2.84532107],13.406343065470036,25.007594761830177
44,[4.92041837 3.74579506 4.01199815],16.154513274646167,24.737309884901816
45,[1.1415494  2.59356723 3.15054202],21.81986866442214,25.645045699551424
46,[0.01092681 2.56607383 2.24595084],18.376207512461708,26.534409768787086
47,[1.74678175 1.3684063  4.51041433],12.07212132019555,25.091804556662787
48,[0.1548723  1.62084545 1.43296374],13.251848682056817,24.799580882465346
49,[4.78568039 0.08266533 2.28661837],3.8740048777420326,27.742129703207855
