,0,1,2
0,[0.54547015],0.4095367823518572,0.3736048360013018
1,[0.17186532],0.40953678235185725,0.3736048360013018
2,[0.85293181],0.34703997560537664,0.4353110704139258
3,[0.18022341],0.3738819742678325,0.37447533966725755
4,[0.58870005],0.30300677771547474,0.34660642443154077
5,[0.1207749],0.4135143143287576,0.4339238497586453
6,[0.55469875],0.3738819742678324,0.37447533966725755
7,[0.08202618],0.372558385065231,0.45093383545617516
8,[0.99270517],0.7076934648276216,0.8208398597149483
9,[0.25271926],0.4682427167059453,0.5272308808375995
10,[0.53296001],0.2658467532959053,0.29086638780218665
11,[0.8921391],0.37317816760828254,0.4745183584182846
12,[0.24209363],0.2658467532959053,0.29086638780218665
13,[0.41762074],0.34703997560537664,0.4353110704139258
14,[0.86794548],0.5827131298528955,0.687722073044852
15,[0.28633024],0.434566974261323,0.5666015683978454
16,[0.13769966],0.43231388324473835,0.4077704873406234
17,[0.0507936],0.6028598227531807,0.7291565399084525
18,[0.92829087],0.5671365362871347,0.6755716102093834
19,[0.77995014],0.4682427167059453,0.5272308808375995
