,0,1,2
0,[0.54547015],0.380340309171063,0.33317786281499107
1,[0.17186532],0.3273660733570483,0.3736048360013018
2,[0.85293181],0.3449879555704297,0.5009563194058856
3,[0.18022341],0.36859563137608653,0.36360597118405324
4,[0.58870005],0.2228201887723375,0.25884286774192933
5,[0.1207749],0.4131820139446273,0.423054481275441
6,[0.55469875],0.34627930132309076,0.255776675528315
7,[0.08202618],0.38518845773029764,0.46180320393937957
8,[0.99270517],0.715766576956298,0.7804128865286376
9,[0.25271926],0.48749299061776863,0.40999088523314
10,[0.53296001],0.3683414818190901,0.32180149525151774
11,[0.8921391],0.54306388635546,0.5401636074102444
12,[0.24209363],0.3892469920462287,0.3187364061168637
13,[0.41762074],0.3107162624614224,0.15407866122084513
14,[0.86794548],0.5207812149756723,0.687722073044852
15,[0.28633024],0.36831148786684953,0.5301107347764105
16,[0.13769966],0.5789425402943801,0.5811049605686973
17,[0.0507936],0.5473662049548267,0.7852510175320669
18,[0.92829087],0.5056305181814571,0.7330814090653549
19,[0.77995014],0.48724091356461807,0.5104253909962875
