,0,1,2
0,[0.54547015],0.2735949813863797,0.29806370748502
1,[0.17186532],0.598606289042695,0.3782191357149196
2,[0.85293181],0.505451540811136,0.5834070582391574
3,[0.18022341],0.5364390295155781,0.37447533966725755
4,[0.58870005],0.3287361557486982,0.34660642443154077
5,[0.1207749],0.5160796732905839,0.4339238497586453
6,[0.55469875],0.41964472867057,0.31260512476859537
7,[0.08202618],0.5524063728452642,0.46805827270896594
8,[0.99270517],0.8200486644220539,0.7399859133423269
9,[0.25271926],0.631645434980658,0.5272308808375995
10,[0.53296001],0.370178374844558,0.29086638780218665
11,[0.8921391],0.5519112094345207,0.6058088564022042
12,[0.24209363],0.39708844964710044,0.31260512476859537
13,[0.41762074],0.3487083249173476,0.13707801138937248
14,[0.86794548],0.47247405872346765,0.6152262224335106
15,[0.28633024],0.40755533222255835,0.26836850937329204
16,[0.13769966],0.5484858397341741,0.4077704873406234
17,[0.0507936],0.5056280762574419,0.5039051481267691
18,[0.92829087],0.6237993129810447,0.6755716102093834
19,[0.77995014],0.5213795302379516,0.49361990115497545
