,0,1,2
0,[0.54547015],0.42884142432997036,0.29275088962868034
1,[0.17186532],0.6704421058417591,0.3782191357149196
2,[0.85293181],0.505451540811136,0.6002125480804694
3,[0.18022341],0.5364390295155781,0.37447533966725755
4,[0.58870005],0.3287361557486982,0.3359807887188615
5,[0.1207749],0.4241306410400201,0.4339238497586453
6,[0.55469875],0.41964472867057,0.3019794890559161
7,[0.08202618],0.5524063728452641,0.4634439729953481
8,[0.99270517],0.7398007043483467,0.7399859133423269
9,[0.25271926],0.631645434980658,0.43160583477823056
10,[0.53296001],0.3566321254524135,0.285553569945847
11,[0.8921391],0.5659568715665091,0.6058088564022042
12,[0.24209363],0.27592667836665963,0.31260512476859537
13,[0.41762074],0.3487083249173476,0.13707801138937248
14,[0.86794548],0.47247405872346765,0.6152262224335106
15,[0.28633024],0.29647567106778544,0.2637542096596741
16,[0.13769966],0.5484858397341741,0.4077704873406234
17,[0.0507936],0.6637463178417072,0.5039051481267691
18,[0.92829087],0.6411805252528266,0.6755716102093834
19,[0.77995014],0.5213795302379516,0.49361990115497545
