,0,1,2
0,[0.54547015],0.3892112974031323,0.3736048360013018
1,[0.17186532],0.2721109415516602,0.3736048360013018
2,[0.85293181],0.511698055951973,0.5009563194058856
3,[0.18022341],0.44448999726501415,0.36360597118405324
4,[0.58870005],0.22282018877233747,0.34660642443154077
5,[0.1207749],0.41548466122198374,0.41844018156182305
6,[0.55469875],0.3256639589778053,0.31260512476859537
7,[0.08202618],0.38518845773029764,0.47267257242258387
8,[0.99270517],0.7138882482969789,0.7231804235010149
9,[0.25271926],0.5701531032903001,0.40999088523314
10,[0.53296001],0.38923437588262794,0.285553569945847
11,[0.8921391],0.54306388635546,0.5401636074102444
12,[0.24209363],0.39359473943951045,0.31260512476859537
13,[0.41762074],0.37843444039626106,0.15407866122084513
14,[0.86794548],0.53967021646724,0.6514741477391812
15,[0.28633024],0.5007391515197295,0.5301107347764105
16,[0.13769966],0.640434871984738,0.5615013165665179
17,[0.0507936],0.6674087145709204,0.7656473735298875
18,[0.92829087],0.6974116812703095,0.6755716102093834
19,[0.77995014],0.5001237741912068,0.49361990115497545
