,0,1,2
0,[0.54547015],0.42884142432997036,0.29275088962868034
1,[0.17186532],0.6704421058417591,0.38283343542853754
2,[0.85293181],0.6338233821008823,0.6002125480804694
3,[0.18022341],0.44699202477284883,0.37447533966725755
4,[0.58870005],0.32689043586325106,0.3191752988775495
5,[0.1207749],0.5031968126639953,0.4339238497586453
6,[0.55469875],0.41964472867057,0.31260512476859537
7,[0.08202618],0.5567541202385458,0.46805827270896594
8,[0.99270517],0.7398007043483467,0.7399859133423269
9,[0.25271926],0.631645434980658,0.43160583477823056
10,[0.53296001],0.386358240931327,0.2802407520895074
11,[0.8921391],0.5659568715665091,0.6058088564022042
12,[0.24209363],0.5073558123264321,0.31260512476859537
13,[0.41762074],0.3487083249173476,0.13707801138937248
14,[0.86794548],0.53967021646724,0.6152262224335106
15,[0.28633024],0.41602047409407666,0.2591399099460563
16,[0.13769966],0.5484858397341741,0.4077704873406234
17,[0.0507936],0.6637463178417072,0.5039051481267691
18,[0.92829087],0.6411805252528268,0.6755716102093834
19,[0.77995014],0.5213795302379516,0.49361990115497545
