,0,1,2
0,[0.54547015],0.4243334696535229,0.29806370748502
1,[0.17186532],0.6704421058417591,0.38283343542853754
2,[0.85293181],0.6371589322406759,0.6002125480804694
3,[0.18022341],0.4469920247728488,0.37447533966725755
4,[0.58870005],0.32689043586325106,0.3191752988775495
5,[0.1207749],0.42663266854785464,0.4339238497586453
6,[0.55469875],0.41964472867057,0.31260512476859537
7,[0.08202618],0.6242421896443282,0.47267257242258387
8,[0.99270517],0.7398007043483467,0.7399859133423269
9,[0.25271926],0.6394868925815297,0.43160583477823056
10,[0.53296001],0.386358240931327,0.285553569945847
11,[0.8921391],0.7201379978559366,0.6058088564022042
12,[0.24209363],0.5073558123264321,0.31260512476859537
13,[0.41762074],0.3487083249173476,0.13707801138937248
14,[0.86794548],0.53967021646724,0.6152262224335106
15,[0.28633024],0.29425704433710415,0.2591399099460563
16,[0.13769966],0.5484858397341741,0.4077704873406234
17,[0.0507936],0.6100726159670489,0.5039051481267691
18,[0.92829087],0.6411805252528268,0.6755716102093834
19,[0.77995014],0.5213795302379516,0.49361990115497545
