,0,1,2
0,[0.54547015],0.4069522573817409,0.29806370748502
1,[0.17186532],0.5972955944674491,0.3998340852600102
2,[0.85293181],0.6614226772386859,0.6002125480804694
3,[0.18022341],0.5345933096301309,0.37447533966725755
4,[0.58870005],0.42767146548860485,0.3191752988775495
5,[0.1207749],0.4769769929123416,0.4339238497586453
6,[0.55469875],0.41964472867057,0.3019794890559161
7,[0.08202618],0.5798219751231386,0.47267257242258387
8,[0.99270517],0.795784919424044,0.7399859133423269
9,[0.25271926],0.5277737146390884,0.3359807887188615
10,[0.53296001],0.3768462312392104,0.2802407520895074
11,[0.8921391],0.7201379978559366,0.6058088564022042
12,[0.24209363],0.5073558123264321,0.3033765253413596
13,[0.41762074],0.3540552933449165,0.13707801138937248
14,[0.86794548],0.53967021646724,0.6152262224335106
15,[0.28633024],0.32627053386790184,0.2591399099460563
16,[0.13769966],0.7691028237420466,0.4123847870542412
17,[0.0507936],0.6971348300498339,0.5039051481267691
18,[0.92829087],0.6237993129810447,0.6755716102093834
19,[0.77995014],0.5213795302379516,0.49361990115497545
