,0,1,2
0,[0.54547015],0.4037104675254006,0.3694257881206618
1,[0.17186532],0.44294292714374156,0.3736048360013018
2,[0.85293181],0.511698055951973,0.5666015683978454
3,[0.18022341],0.4444899972650142,0.37447533966725755
4,[0.58870005],0.32689043586325106,0.3244881167338891
5,[0.1207749],0.4283649788790056,0.42469525033140954
6,[0.55469875],0.36379564192764025,0.2904868170709437
7,[0.08202618],0.45702427452936173,0.47267257242258387
8,[0.99270517],0.7469993163740495,0.7399859133423269
9,[0.25271926],0.631645434980658,0.5272308808375995
10,[0.53296001],0.4083637516500537,0.285553569945847
11,[0.8921391],0.5839246989653184,0.5401636074102444
12,[0.24209363],0.4890374818976643,0.31260512476859537
13,[0.41762074],0.37843444039626106,0.15407866122084513
14,[0.86794548],0.42189378960312335,0.6152262224335106
15,[0.28633024],0.5908041004731228,0.3979948550956065
16,[0.13769966],0.5254179848495812,0.7152321457924125
17,[0.0507936],0.5803465004881354,0.5039051481267691
18,[0.92829087],0.6304145872015088,0.6755716102093834
19,[0.77995014],0.5791897331323055,0.49361990115497545
