,0,1,2
0,[0.54547015],0.44073112634824785,0.29806370748502
1,[0.17186532],0.506937286341934,0.3736048360013018
2,[0.85293181],0.511698055951973,0.5666015683978454
3,[0.18022341],0.45737285789160287,0.37447533966725755
4,[0.58870005],0.32689043586325106,0.3359807887188615
5,[0.1207749],0.5074311505029808,0.4339238497586453
6,[0.55469875],0.4064649839024984,0.31260512476859537
7,[0.08202618],0.5791919112879915,0.47267257242258387
8,[0.99270517],0.8200486644220538,0.7506115490550062
9,[0.25271926],0.5492031783555267,0.43160583477823056
10,[0.53296001],0.38893034690330086,0.26343526224819536
11,[0.8921391],0.5839246989653184,0.4745183584182846
12,[0.24209363],0.39708844964710044,0.329605774600068
13,[0.41762074],0.37843444039626106,0.13707801138937248
14,[0.86794548],0.611922026494941,0.6152262224335106
15,[0.28633024],0.429639347423077,0.2637542096596741
16,[0.13769966],0.6404348719847379,0.5661156162801357
17,[0.0507936],0.48162252025714025,0.4884214799299469
18,[0.92829087],0.7798487038287567,0.6755716102093834
19,[0.77995014],0.613328349805639,0.49361990115497545
