,0,1,2
0,[0.54547015],0.34988805163462544,0.29275088962868034
1,[0.17186532],0.5366054322162908,0.3782191357149196
2,[0.85293181],0.5228327530829179,0.5666015683978454
3,[0.18022341],0.5364390295155781,0.37447533966725755
4,[0.58870005],0.4017855037967025,0.34660642443154077
5,[0.1207749],0.5160796732905839,0.4339238497586453
6,[0.55469875],0.3207094189306634,0.2904868170709437
7,[0.08202618],0.5791919112879915,0.47267257242258387
8,[0.99270517],0.8200486644220539,0.7399859133423269
9,[0.25271926],0.5519880571787347,0.5272308808375995
10,[0.53296001],0.37349041841365416,0.2802407520895074
11,[0.8921391],0.5839246989653184,0.6058088564022042
12,[0.24209363],0.4872425968749325,0.329605774600068
13,[0.41762074],0.3487083249173476,0.13707801138937248
14,[0.86794548],0.6230700338208118,0.6152262224335106
15,[0.28633024],0.33473567573942015,0.2637542096596741
16,[0.13769966],0.6154829338029748,0.41699908676785913
17,[0.0507936],0.7233929296466178,0.49467654869953337
18,[0.92829087],0.7798487038287567,0.6755716102093834
19,[0.77995014],0.5063077178121688,0.49361990115497545
