,0,1,2
0,[0.54547015],0.2333315206682373,0.01251013753917296
1,[0.17186532],0.6343312482853316,0.4638363493945358
2,[0.85293181],0.47972309382146816,0.27034881858351767
3,[0.18022341],0.425506148203751,0.3652467402400218
4,[0.58870005],0.28895889660284685,0.0031362409603821195
5,[0.1207749],0.3513846121673965,0.42469525033140954
6,[0.55469875],0.28189123960854934,0.12137735776804837
7,[0.08202618],0.47080493152079644,0.45093383545617516
8,[0.99270517],0.6066764560431634,0.42667802329487303
9,[0.25271926],0.4140737733536185,0.34385975796230017
10,[0.53296001],0.2287313788959441,0.01251013753917296
11,[0.8921391],0.26610872043148837,0.3175904985301695
12,[0.24209363],0.2532284446778007,0.3033765253413596
13,[0.41762074],0.3709404937130304,0.13707801138937248
14,[0.86794548],0.40272478865778993,0.4149819211329613
15,[0.28633024],0.41514656712955367,0.30236980903623745
16,[0.13769966],0.3145663711245299,0.41699908676785913
17,[0.0507936],0.537201857085855,0.5849080620927674
18,[0.92829087],0.3469658999209294,0.36226372016192954
19,[0.77995014],0.25085564900767476,0.2054015432829408
20,[0.69447451],0.299278382394408,0.16151449538653895
21,[0.95343867],0.47671532557921503,0.3788900684342247
22,[0.93194228],0.5278545682427778,0.398982265708558
23,[0.20739954],0.47612631064466804,0.42830212717932714
24,[0.22335698],0.4139735615439083,0.3653430676883348
25,[0.99751836],0.39857741750441744,0.4149353740397336
26,[0.4920633],0.19678932898806653,0.053406846246271455
27,[0.22577487],0.3595396723806864,0.31969527646607443
28,[0.98771616],0.5381745384242462,0.4330174117530001
29,[0.75659074],0.15875926627786757,0.174007750341429
30,[0.58258299],0.3218703040378309,0.03711283986827141
31,[0.56602715],0.25920187755627905,0.03306713795794647
32,[0.37184337],0.28189123960854934,0.17824107706919146
33,[0.45296356],0.2776895067211373,0.11306358874690459
34,[0.81726831],0.47961893838072533,0.2346853150505226
35,[0.10200653],0.6209176889250514,0.48669352418407474
36,[0.91715646],0.498166307143304,0.35112931353259147
37,[0.04387119],0.3707181118102493,0.46864047176047274
38,[0.5745486],0.3338695247289657,0.08248529417224981
39,[0.18049899],0.5449865827303548,0.41608003260879234
40,[0.63570166],0.3221122780838862,0.05713586949610916
41,[0.89414345],0.431416609710466,0.348673295479596
42,[0.65555994],0.27898937570477794,0.08101134180499037
43,[0.25422487],0.3895329307414678,0.2912452806677768
44,[0.59657902],0.31983703942987907,0.007878969243438672
45,[0.91987718],0.5747255421329748,0.42781387059741527
46,[0.77454108],0.2968938825527994,0.3215775127399003
47,[0.29099454],0.16675727832363543,0.2215171141513429
48,[0.68682978],0.2615072404412686,0.21431634162480567
49,[0.43332139],0.3213960166963433,0.05874191209454116
