,0,1,2
0,[0.54547015],0.22515217892681766,0.01251013753917296
1,[0.17186532],0.6343312482853316,0.4638363493945358
2,[0.85293181],0.48840955322542196,0.27034881858351767
3,[0.18022341],0.4255061482037509,0.3652467402400218
4,[0.58870005],0.32560979196646844,0.034001299662945406
5,[0.1207749],0.5641208952773944,0.4121851127922366
6,[0.55469875],0.27869975057096147,0.12137735776804837
7,[0.08202618],0.37167436003549503,0.45093383545617516
8,[0.99270517],0.5455553188452503,0.42667802329487303
9,[0.25271926],0.4262092862954372,0.32986372949695175
10,[0.53296001],0.2287313788959441,0.01251013753917296
11,[0.8921391],0.24806241775284157,0.3175904985301695
12,[0.24209363],0.3052623994536363,0.31260512476859537
13,[0.41762074],0.4429986567016537,0.13707801138937248
14,[0.86794548],0.40272478865778993,0.33498547034400317
15,[0.28633024],0.4398297275828316,0.30236980903623745
16,[0.13769966],0.42072954445968486,0.422663287263628
17,[0.0507936],0.6851990397543204,0.5457854170331532
18,[0.92829087],0.3469658999209294,0.36226372016192954
19,[0.77995014],0.32017693389398294,0.2054015432829408
20,[0.69447451],0.2651430829001274,0.16151449538653895
21,[0.95343867],0.5371892873864625,0.3788900684342247
22,[0.93194228],0.37397933009661194,0.398982265708558
23,[0.20739954],0.47612631064466804,0.42830212717932714
24,[0.22335698],0.44906093530287877,0.35922600846642505
25,[0.99751836],0.6838924355461294,0.4229697659820266
26,[0.4920633],0.19678932898806653,0.053406846246271455
27,[0.22577487],0.18632396699729958,0.31344020769648795
28,[0.98771616],0.5381745384242462,0.4330174117530001
29,[0.75659074],0.2335431526606012,0.174007750341429
30,[0.58258299],0.3218703040378309,0.03711283986827141
31,[0.56602715],0.2137641399286904,0.03306713795794647
32,[0.37184337],0.28189123960854934,0.1828553767828094
33,[0.45296356],0.27768950672113735,0.11306358874690459
34,[0.81726831],0.47056845482266096,0.2346853150505226
35,[0.10200653],0.6209176889250514,0.48363499457311987
36,[0.91715646],0.4122092939038954,0.35112931353259147
37,[0.04387119],0.3366741829527804,0.48908882611402194
38,[0.5745486],0.29057691311662126,0.04158858546515132
39,[0.18049899],0.5449865827303548,0.40820106336535367
40,[0.63570166],0.3221122780838862,0.06115306546725563
41,[0.89414345],0.49332783102804145,0.348673295479596
42,[0.65555994],0.2574627406134522,0.08953278931219522
43,[0.25422487],0.38265149746351806,0.2912452806677768
44,[0.59657902],0.31777130596226527,0.01399602846534842
45,[0.91987718],0.5606798800009863,0.3869171618903168
46,[0.77454108],0.2922969199507105,0.2824777706580407
47,[0.29099454],0.269117831079981,0.2010687597977936
48,[0.68682978],0.2615072404412686,0.19476647058387586
49,[0.43332139],0.36294083108058317,0.05874191209454116
