,0,1,2
0,[0.54547015],0.21772486989493248,0.10232767333447185
1,[0.17186532],0.5037691541442804,0.4836946257322705
2,[0.85293181],0.25064184914139753,0.09634106824208866
3,[0.18022341],0.39826662453210293,0.2727401519118907
4,[0.58870005],0.37521601639424634,0.06685989064078757
5,[0.1207749],0.4310298891902768,0.35173853304420827
6,[0.55469875],0.2886025104538083,0.15996669408609093
7,[0.08202618],0.5314752226265378,0.45093383545617516
8,[0.99270517],0.09002086092530323,0.3961261553800267
9,[0.25271926],0.2756342091440911,0.5038714798383808
10,[0.53296001],0.14200074654430092,0.07999645078895812
11,[0.8921391],0.3737031775195284,0.2564374330629139
12,[0.24209363],0.19382026827572832,0.191227767000547
13,[0.41762074],0.21772486989493248,0.09489092006941457
14,[0.86794548],0.6051473302655099,0.4346240911456428
15,[0.28633024],0.42616897111860225,0.369229699677025
16,[0.13769966],0.27474157875486577,0.29562172899981076
17,[0.0507936],0.39654171495438734,0.7057971389092338
18,[0.92829087],0.25064184914139753,0.17170013037100262
19,[0.77995014],0.32882759542063694,0.14424847781568517
20,[0.69447451],0.40063669700579396,0.24151094617549707
21,[0.95343867],0.5925462528042235,0.31773700296696905
22,[0.93194228],0.5906109132634092,0.4789787164975161
23,[0.20739954],0.628277670060067,0.4481604035170619
24,[0.22335698],0.2756342091440911,0.5332337588078541
25,[0.99751836],0.282253727563426,0.24092762369830456
26,[0.4920633],0.2760754213191069,0.03909974208185962
27,[0.22577487],0.34702991009800865,0.24673855917887316
28,[0.98771616],0.2744119653812107,0.23112542097053546
29,[0.75659074],0.289178276438233,0.06067756470909358
30,[0.58258299],0.40757970094287177,0.174007750341429
31,[0.56602715],0.22594767006244193,0.12288467375324535
32,[0.37184337],0.2886025104538083,0.10067006006837237
33,[0.45296356],0.3831002687596511,0.07999645078895812
34,[0.81726831],0.556478735492378,0.22068928658517417
35,[0.10200653],0.573627943236872,0.5535534148248623
36,[0.91715646],0.3937170715157021,0.281454800558131
37,[0.04387119],0.5619992151528154,0.48908882611402194
38,[0.5745486],0.37042982236242855,0.14122720626679097
39,[0.18049899],0.29277740741489866,0.5760917544848729
40,[0.63570166],0.32882759542063694,0.019858276337734737
41,[0.89414345],0.5332510319236163,0.25844178208636204
42,[0.65555994],0.3885879945224039,0.019858276337734737
43,[0.25422487],0.342847181574326,0.18891760733330493
44,[0.59657902],0.3949262449296242,0.19035050423062738
45,[0.91987718],0.5278928404287873,0.5251451190099989
46,[0.77454108],0.5392000598475358,0.3215775127399003
47,[0.29099454],0.3134314418753566,0.1521479327095932
48,[0.68682978],0.3414549204179558,0.2920977189964596
49,[0.43332139],0.3630435207779098,0.019642170012681537
