,0,1,2
0,[0.08878534],0.5190519520149861,0.4302666142354551
1,[0.09295097],0.5190519520149861,0.42610097844114314
2,[0.89782793],0.44349611620525015,0.4543318102957456
3,[0.81635293],0.44095210649588834,0.3754008212334996
4,[0.90041064],0.44095210649588834,0.4594585382636833
5,[0.35886222],0.601098732123362,0.24223651546687286
6,[0.43749945],0.49294137443791164,0.05544192564134265
7,[0.6101322],0.4492637546901823,0.16086844155110103
8,[0.48969282],0.3979632968491681,0.09172952271646762
9,[0.57398158],0.46369738903099106,0.11028419263050543
10,[0.29073797],0.4896928195656357,0.19895485216391295
11,[0.3166807],0.601098732123362,0.2844180361794868
12,[0.57368368],0.46369738903099106,0.1099862938728467
13,[0.28206134],0.601098732123362,0.3190373871551403
14,[0.99801645],0.3979632968491681,0.600053156094337
15,[0.95011579],0.3979632968491681,0.5521524888389665
16,[0.0649733],0.4896928195656357,0.42471952282911174
17,[0.54624784],0.4492637546901823,0.09698408367127687
18,[0.38407998],0.5634028400594606,0.17932286263739095
19,[0.11713638],0.5190519520149861,0.4019155710238155
20,[0.63463823],0.4492637546901823,0.18537447133364449
21,[0.35568641],0.5190519520149861,0.1633655389736982
22,[0.73682591],0.3979632968491681,0.3388626106225462
23,[0.31822861],0.5634028400594606,0.24517422834009628
24,[0.94365746],0.3979632968491681,0.5456941590595685
25,[0.82683833],0.44349611620525015,0.3833422168980604
26,[0.44095211],0.601098732123362,0.16014662562747362
27,[0.19871102],0.601098732123362,0.4023877104632898
28,[0.37498408],0.4896928195656357,0.11470874146551613
29,[0.84860918],0.46369738903099106,0.3849117932931175
30,[0.8511587],0.44095210649588834,0.4102065908337693
31,[0.49294137],0.4492637546901823,0.043677619747729324
32,[0.72074961],0.3979632968491681,0.32278631699812643
33,[0.29858781],0.4896928195656357,0.19110501428166005
34,[0.05854268],0.49294137443791164,0.4343986962350418
35,[0.84592796],0.3979632968491681,0.4479646674876391
36,[0.01086539],0.5634028400594606,0.552537447582091
37,[0.73565609],0.44349611620525015,0.29215997132443444
38,[0.46442022],0.5183291199198428,0.053908898793708415
39,[0.86737853],0.4492637546901823,0.4181147755061112
40,[0.21455362],0.49294137443791164,0.278387754519823
41,[0.20482779],0.5190519520149861,0.31422416398552666
42,[0.78411517],0.44349611620525015,0.34061905448544755
43,[0.69524159],0.44095210649588834,0.2542894829925131
44,[0.17132228],0.49294137443791164,0.321619091774519
45,[0.84170351],0.4492637546901823,0.3924397584385825
46,[0.08305532],0.601098732123362,0.5180434101734256
47,[0.82614309],0.44349611620525015,0.3826469771736067
48,[0.26375457],0.5190519520149861,0.25529738521616574
49,[0.25695841],0.5190519520149861,0.2620935467541019
50,[0.44926375],0.49294137443791164,0.043677619747729324
51,[0.89892088],0.44095210649588834,0.45796877542879677
52,[0.90882824],0.46369738903099106,0.4451308538314534
53,[0.00752469],0.4896928195656357,0.48216812535996145
54,[0.73942569],0.4492637546901823,0.2901619360000294
55,[0.46297456],0.5190519520149861,0.05607739507913834
56,[0.5805376],0.46369738903099106,0.11684021120964833
57,[0.63119071],0.44095210649588834,0.19023860484272892
58,[0.34122285],0.4896928195656357,0.1484699667421283
59,[0.60142986],0.46369738903099106,0.1377324693670539
60,[0.37421888],0.5634028400594606,0.1891839640559717
61,[0.11056515],0.5634028400594606,0.45283769412682706
62,[0.10309835],0.5634028400594606,0.4603044896502013
63,[0.3810216],0.601098732123362,0.22007712760536846
64,[0.97528976],0.44349611620525015,0.5317936405706105
65,[0.95755283],0.46369738903099106,0.4938554428549978
66,[0.06302135],0.5190519520149861,0.4560306023432539
67,[0.62695734],0.4492637546901823,0.17769358846582528
68,[0.00214272],0.49294137443791164,0.4907986554918442
69,[0.69227294],0.46369738903099106,0.22857555464335605
70,[0.23546251],0.49294137443791164,0.25747886600672354
71,[0.3979633],0.4896928195656357,0.09172952271646762
72,[0.3897063],0.4896928195656357,0.09998651494836774
73,[0.25939797],0.4896928195656357,0.23029485318257414
74,[0.98466852],0.44095210649588834,0.5437164159707736
75,[0.66228842],0.44349611620525015,0.2187923017072077
76,[0.820811],0.3979632968491681,0.42284770453021037
77,[0.08843692],0.5634028400594606,0.4749659210745768
78,[0.31334864],0.4896928195656357,0.17634417973148453
79,[0.39741737],0.601098732123362,0.20368136592629782
80,[0.6140309],0.3979632968491681,0.21606759907789486
81,[0.60109873],0.44095210649588834,0.16014662562747362
82,[0.3089135],0.5634028400594606,0.254489337852536
83,[0.77219086],0.44349611620525015,0.3286947437276228
84,[0.02611013],0.601098732123362,0.5749886021926307
85,[0.32960784],0.49294137443791164,0.16333353573833664
86,[0.78209472],0.3979632968491681,0.3841314189572128
87,[0.42247497],0.5634028400594606,0.14092786985542383
88,[0.69448015],0.46369738903099106,0.23078276490802657
89,[0.00404014],0.49294137443791164,0.4889012317897813
90,[0.9660392],0.4492637546901823,0.5167754492354459
91,[0.74635251],0.44095210649588834,0.3054004077817253
92,[0.46451726],0.5423816940582473,0.07786443185178382
93,[0.66996545],0.44349611620525015,0.2264693339080403
