,0,1,2
0,[0.08878534],0.46442022112613435,0.37563488334660333
1,[0.09295097],0.46442022112613435,0.3714692475522914
2,[0.89782793],0.4427247635699423,0.45510316293105346
3,[0.81635293],0.450183293747747,0.36616963398164093
4,[0.90041064],0.4527346843511759,0.44767596040839575
5,[0.39283095],0.437499448796569,0.0446685023995298
6,[0.35886222],0.5736732852424106,0.21481106858592147
7,[0.43749945],0.471102564564047,0.03360311576747799
8,[0.6101322],0.44338160174337565,0.1667505944979077
9,[0.48969282],0.450183293747747,0.03950952581788869
10,[0.57398158],0.437499448796569,0.1364821328649275
11,[0.29073797],0.4896928195656357,0.19895485216391295
12,[0.3166807],0.48412426268198505,0.1674435667381099
13,[0.57368368],0.46297455693584777,0.11070912596798999
14,[0.28206134],0.46442022112613435,0.18235887615791269
15,[0.99801645],0.4527346843511759,0.5452817685923291
16,[0.0613587],0.6101321962412833,0.5487735007134438
17,[0.95011579],0.3979632968491681,0.5521524888389665
18,[0.0649733],0.5499125079034595,0.4849392111669355
19,[0.54624784],0.4568905084483229,0.08935732991313627
20,[0.38407998],0.4644687416662989,0.08038876424422925
21,[0.11713638],0.46442022112613435,0.3472838401349637
22,[0.63463823],0.4568905084483229,0.1777477175755039
23,[0.35568641],0.46442022112613435,0.10873380808484645
24,[0.73682591],0.450183293747747,0.28664261372396727
25,[0.31822861],0.6101321962412833,0.291903584521919
26,[0.94365746],0.393834800733218,0.5498226551755185
27,[0.82683833],0.4427247635699423,0.3841135695333683
28,[0.44095211],0.5736732852424106,0.13272117874652223
29,[0.19871102],0.48412426268198505,0.2854132410219129
30,[0.37498408],0.5179703289635474,0.14298625086342787
31,[0.84860918],0.437499448796569,0.41110973352753954
32,[0.8511587],0.4527346843511759,0.39842401297848173
33,[0.49294137],0.450183293747747,0.042758080690164624
34,[0.72074961],0.450183293747747,0.2705663200995475
35,[0.29858781],0.4896928195656357,0.19110501428166005
36,[0.05854268],0.5195946063996855,0.4610519281968156
37,[0.84592796],0.450183293747747,0.39574467058906015
38,[0.01086539],0.4644687416662989,0.4536033491889293
39,[0.73565609],0.4224749702040368,0.3131811173256478
40,[0.46442022],0.46297455693584777,0.0014456641902865774
41,[0.86737853],0.4568905084483229,0.4104880217479706
42,[0.21455362],0.5195946063996855,0.30504098648159683
43,[0.20482779],0.46442022112613435,0.2595924330966749
44,[0.52729642],0.3928309463970392,0.13446547247104257
45,[0.78411517],0.4224749702040368,0.3616402004866609
46,[0.69524159],0.4527346843511759,0.2425069051372255
47,[0.17132228],0.5195946063996855,0.3482723237362928
48,[0.84170351],0.44338160174337565,0.39832191138538914
49,[0.08305532],0.46442022112613435,0.381364899176198
50,[0.82614309],0.4224749702040368,0.40366812317482004
51,[0.26375457],0.46442022112613435,0.20066565432731398
52,[0.25695841],0.5736836829038378,0.31672527764295355
53,[0.91453038],0.3742188760034889,0.5403115080721316
54,[0.44926375],0.49294137443791164,0.043677619747729324
55,[0.89892088],0.4527346843511759,0.4461861975735092
56,[0.90882824],0.437499448796569,0.47132879406587547
57,[0.00752469],0.5179703289635474,0.5104456347578732
58,[0.73942569],0.44338160174337565,0.29604408894683604
59,[0.46297456],0.46442022112613435,0.0014456641902865774
60,[0.5805376],0.437499448796569,0.1430381514440704
61,[0.63119071],0.4527346843511759,0.17845602698744134
62,[0.34122285],0.4896928195656357,0.1484699667421283
63,[0.60142986],0.46369738903099106,0.1377324693670539
64,[0.37421888],0.6101321962412833,0.23591332023779443
65,[0.11056515],0.6101321962412833,0.4995670503086498
66,[0.10309835],0.4644687416662989,0.3613703912570396
67,[0.3810216],0.5736732852424106,0.19265168072441707
68,[0.45018329],0.4913170970017737,0.04113380325402666
69,[0.551185],0.3928309463970392,0.15835405737260178
70,[0.97528976],0.4427247635699423,0.5325649932059183
71,[0.95755283],0.46297455693584777,0.49457827495014106
72,[0.06302135],0.5462478383614592,0.48322648868972695
73,[0.62695734],0.4568905084483229,0.1700668347076847
74,[0.00214272],0.5195946063996855,0.517451887453618
75,[0.69227294],0.437499448796569,0.2547734948777781
76,[0.23546251],0.5195946063996855,0.28413209796849737
77,[0.3979633],0.46442022112613435,0.06645692427696626
78,[0.3897063],0.4896928195656357,0.09998651494836774
79,[0.25939797],0.4896928195656357,0.23029485318257414
80,[0.98466852],0.4527346843511759,0.531933838115486
81,[0.66228842],0.4427247635699423,0.21956365434251557
82,[0.820811],0.393834800733218,0.42697620064616043
83,[0.08843692],0.4644687416662989,0.3760318226814151
84,[0.31334864],0.4896928195656357,0.17634417973148453
85,[0.39741737],0.5736732852424106,0.17625591904534643
86,[0.6140309],0.450183293747747,0.16384760217931593
87,[0.60109873],0.44095210649588834,0.16014662562747362
88,[0.3089135],0.4644687416662989,0.15555523945937433
89,[0.77219086],0.4427247635699423,0.32946609636293067
90,[0.02611013],0.5736732852424106,0.5475631553116793
91,[0.32960784],0.49294137443791164,0.16333353573833664
92,[0.78209472],0.3979632968491681,0.3841314189572128
93,[0.42247497],0.4644687416662989,0.04199377146226213
94,[0.69448015],0.46369738903099106,0.23078276490802657
95,[0.00404014],0.5195946063996855,0.5155544637515551
96,[0.9660392],0.4568905084483229,0.5091486954773053
97,[0.74635251],0.4527346843511759,0.2936178299264377
98,[0.46451726],0.5462478383614592,0.08173057615499568
99,[0.66996545],0.44349611620525015,0.2264693339080403
