,0,1,2
0,[0.08878534],0.46442022112613435,0.37563488334660333
1,[0.09295097],0.46442022112613435,0.3714692475522914
2,[0.89782793],0.46297455693584777,0.434853369565148
3,[0.81635293],0.44095210649588834,0.3754008212334996
4,[0.90041064],0.4913170970017737,0.409093547757798
5,[0.39283095],0.49294137443791164,0.10011042804087245
6,[0.35886222],0.5462478383614592,0.18738562170497008
7,[0.43749945],0.5462478383614592,0.10874838956489019
8,[0.6101322],0.46297455693584777,0.14715763930543557
9,[0.48969282],0.5736836829038378,0.08399086333820205
10,[0.57398158],0.4224749702040368,0.1515066114574597
11,[0.29073797],0.5909837293193422,0.3002457619176194
12,[0.3166807],0.4645172622064635,0.14783656626258834
13,[0.57368368],0.46442022112613435,0.10926346177770341
14,[0.28206134],0.46442022112613435,0.18235887615791269
15,[0.99801645],0.4896928195656357,0.5083236333778693
16,[0.0613587],0.4896928195656357,0.42833412403779614
17,[0.95011579],0.4896928195656357,0.4604229661224989
18,[0.0649733],0.4645172622064635,0.39954396546993953
19,[0.54624784],0.4645172622064635,0.08173057615499568
20,[0.38407998],0.4913170970017737,0.107237119579704
21,[0.11713638],0.49294137443791164,0.375804993446741
22,[0.63463823],0.49294137443791164,0.14169685158591516
23,[0.35568641],0.5272964188680818,0.17161000582679387
24,[0.73682591],0.49294137443791164,0.24388453303380264
25,[0.31822861],0.4645172622064635,0.14628865048709916
26,[0.94365746],0.469478287127909,0.4741791687808276
27,[0.82683833],0.46442022112613435,0.3624181119771762
28,[0.44095211],0.4492637546901823,0.008311648194293975
29,[0.19871102],0.4645172622064635,0.26580624054639135
30,[0.37498408],0.5805376002406394,0.2055535221405198
31,[0.84860918],0.450183293747747,0.3984258885763615
32,[0.8511587],0.44510793059303533,0.4060507667366223
33,[0.49294137],0.44095210649588834,0.0519892679420233
34,[0.72074961],0.4492637546901823,0.2714858591571122
35,[0.29858781],0.4896928195656357,0.19110501428166005
36,[0.05854268],0.49294137443791164,0.4343986962350418
37,[0.84592796],0.4644687416662989,0.38145922267050825
38,[0.01086539],0.46297455693584777,0.45210916445847815
39,[0.73565609],0.437499448796569,0.2981566387331156
40,[0.46442022],0.450183293747747,0.014236927378387332
41,[0.86737853],0.49294137443791164,0.3744371557583819
42,[0.21455362],0.5487164210655501,0.33416280114746144
43,[0.20482779],0.46297455693584777,0.2581467689063883
44,[0.52729642],0.4224749702040368,0.10482144866404497
45,[0.78411517],0.44972352421896467,0.33439164647173303
46,[0.69524159],0.44095210649588834,0.2542894829925131
47,[0.17132228],0.5462478383614592,0.3749255556980665
48,[0.84170351],0.4645172622064635,0.3771862509223013
49,[0.08305532],0.46369738903099106,0.3806420670810547
50,[0.82614309],0.4896928195656357,0.3364502738132211
51,[0.26375457],0.4645172622064635,0.20076269540764313
52,[0.25695841],0.46442022112613435,0.20746181586525014
53,[0.91453038],0.4645172622064635,0.450013121869157
54,[0.44926375],0.49294137443791164,0.043677619747729324
55,[0.89892088],0.4645172622064635,0.4344036197182216
56,[0.90882824],0.46297455693584777,0.4458536859265967
57,[0.00752469],0.4896928195656357,0.48216812535996145
58,[0.73942569],0.4645172622064635,0.2749084284837482
59,[0.46297456],0.4896928195656357,0.026718262629787937
60,[0.5805376],0.4565789253417974,0.12395867489884199
61,[0.63119071],0.4645172622064635,0.16667344913215376
62,[0.34122285],0.4896928195656357,0.1484699667421283
63,[0.60142986],0.46442022112613435,0.13700963727191062
64,[0.37421888],0.4645172622064635,0.09029838620297459
65,[0.11056515],0.5462478383614592,0.4356826924288256
66,[0.10309835],0.4896928195656357,0.3865944691563764
67,[0.3810216],0.4913170970017737,0.11029549248378018
68,[0.45018329],0.4896928195656357,0.03950952581788869
69,[0.551185],0.450183293747747,0.10100171002189395
70,[0.97528976],0.45611915581301504,0.5191706009628456
71,[0.95755283],0.46369738903099106,0.4938554428549978
72,[0.06302135],0.5272964188680818,0.46427506919634953
73,[0.62695734],0.49294137443791164,0.13401596871809596
74,[0.00214272],0.5462478383614592,0.5441051194153917
75,[0.69227294],0.46297455693584777,0.22929838673849934
76,[0.23546251],0.5462478383614592,0.3107853299302711
77,[0.3979633],0.4896928195656357,0.09172952271646762
78,[0.3897063],0.5462478383614592,0.15654153374419122
79,[0.25939797],0.4913170970017737,0.2319191306187121
80,[0.98466852],0.4645172622064635,0.5201512602601984
81,[0.66228842],0.450183293747747,0.21210512416471083
82,[0.820811],0.450183293747747,0.37062770763163144
83,[0.08843692],0.46442022112613435,0.37598330214125053
84,[0.31334864],0.5462478383614592,0.232899198527308
85,[0.39741737],0.551185003769641,0.15376763757257683
86,[0.6140309],0.4896928195656357,0.12433807636142724
87,[0.60109873],0.450183293747747,0.15091543837561494
88,[0.3089135],0.49294137443791164,0.18402787223098704
89,[0.77219086],0.46442022112613435,0.3077706388067386
90,[0.02611013],0.4645172622064635,0.43840713227573225
91,[0.32960784],0.5739815816614965,0.2443737429619215
92,[0.78209472],0.44095210649588834,0.34114260931049256
93,[0.42247497],0.5487164210655501,0.12624145086151328
94,[0.69448015],0.46442022112613435,0.23005993281288328
95,[0.00404014],0.5462478383614592,0.5422076957133288
96,[0.9660392],0.44972352421896467,0.5163156797066636
97,[0.74635251],0.4644687416662989,0.2818837726113147
98,[0.46451726],0.46442022112613435,9.704108032915215e-05
99,[0.66996545],0.4565789253417974,0.21338652477149306
