,0,1,2
0,[0.08878534],0.4913170970017737,0.40253175922224266
1,[0.09295097],0.46442022112613435,0.3714692475522914
2,[0.89782793],0.4565789253417974,0.44124900115919835
3,[0.81635293],0.4492637546901823,0.36708917303920563
4,[0.90041064],0.4913170970017737,0.409093547757798
5,[0.39283095],0.49294137443791164,0.10011042804087245
6,[0.35886222],0.5272964188680818,0.16843420221159267
7,[0.43749945],0.5462478383614592,0.10874838956489019
8,[0.6101322],0.46297455693584777,0.14715763930543557
9,[0.48969282],0.5462478383614592,0.056555018795823475
10,[0.57398158],0.44095210649588834,0.13302947516560815
11,[0.29073797],0.49294137443791164,0.2022034070361889
12,[0.3166807],0.4645172622064635,0.14783656626258834
13,[0.57368368],0.46442022112613435,0.10926346177770341
14,[0.28206134],0.46442022112613435,0.18235887615791269
15,[0.99801645],0.46442022112613435,0.5335962318173707
16,[0.0613587],0.4913170970017737,0.4299584014739341
17,[0.95011579],0.4896928195656357,0.4604229661224989
18,[0.0649733],0.4896928195656357,0.42471952282911174
19,[0.54624784],0.4645172622064635,0.08173057615499568
20,[0.38407998],0.49294137443791164,0.10886139701584197
21,[0.11713638],0.49294137443791164,0.375804993446741
22,[0.63463823],0.49294137443791164,0.14169685158591516
23,[0.35568641],0.49294137443791164,0.13725496139662374
24,[0.73682591],0.4896928195656357,0.24713308790607857
25,[0.31822861],0.4771050408860496,0.15887642916668526
26,[0.94365746],0.4896928195656357,0.4539646363431009
27,[0.82683833],0.46442022112613435,0.3624181119771762
28,[0.44095211],0.4644687416662989,0.023516635170410582
29,[0.19871102],0.4645172622064635,0.26580624054639135
30,[0.37498408],0.5599657606326485,0.1849816825325289
31,[0.84860918],0.4565789253417974,0.39203025698231114
32,[0.8511587],0.4492637546901823,0.40189494263947534
33,[0.49294137],0.43922577764622867,0.053715596791682974
34,[0.72074961],0.43922577764622867,0.28152383620106586
35,[0.29858781],0.49294137443791164,0.19435356915393598
36,[0.05854268],0.49294137443791164,0.4343986962350418
37,[0.84592796],0.46442022112613435,0.3815077432106728
38,[0.01086539],0.46442022112613435,0.45355482864876473
39,[0.73565609],0.450183293747747,0.2854727937819376
40,[0.46442022],0.450183293747747,0.014236927378387332
41,[0.86737853],0.49294137443791164,0.3744371557583819
42,[0.21455362],0.49294137443791164,0.278387754519823
43,[0.20482779],0.47872931832218757,0.2739015302927281
44,[0.52729642],0.44095210649588834,0.08634431237219342
45,[0.78411517],0.4492637546901823,0.3348514160005154
46,[0.69524159],0.44095210649588834,0.2542894829925131
47,[0.17132228],0.5462478383614592,0.3749255556980665
48,[0.84170351],0.4645172622064635,0.3771862509223013
49,[0.08305532],0.4644687416662989,0.38141341971636256
50,[0.82614309],0.46442022112613435,0.3617228722527225
51,[0.26375457],0.4913170970017737,0.2275625302029533
52,[0.25695841],0.4645172622064635,0.2075588569455793
53,[0.91453038],0.46297455693584777,0.4515558271397727
54,[0.44926375],0.49294137443791164,0.043677619747729324
55,[0.89892088],0.4645172622064635,0.4344036197182216
56,[0.90882824],0.450183293747747,0.45864494911469744
57,[0.00752469],0.5179703289635474,0.5104456347578732
58,[0.73942569],0.46442022112613435,0.27500546956407734
59,[0.46297456],0.5272964188680818,0.06432186193223399
60,[0.5805376],0.46297455693584777,0.11756304330479161
61,[0.63119071],0.46442022112613435,0.1667704902124829
62,[0.34122285],0.4896928195656357,0.1484699667421283
63,[0.60142986],0.46297455693584777,0.1384553014621972
64,[0.37421888],0.4645172622064635,0.09029838620297459
65,[0.11056515],0.5101188966529967,0.39955375072036314
66,[0.10309835],0.4645172622064635,0.3614189117972042
67,[0.3810216],0.49294137443791164,0.11191976991991814
68,[0.45018329],0.4896928195656357,0.03950952581788869
69,[0.551185],0.4565789253417974,0.09460607842784358
70,[0.97528976],0.4492637546901823,0.5260260020856783
71,[0.95755283],0.46297455693584777,0.49457827495014106
72,[0.06302135],0.5462478383614592,0.48322648868972695
73,[0.62695734],0.4645172622064635,0.1624400809495441
74,[0.00214272],0.49294137443791164,0.4907986554918442
75,[0.69227294],0.450183293747747,0.2420896499266001
76,[0.23546251],0.5272964188680818,0.29183391043689366
77,[0.3979633],0.4896928195656357,0.09172952271646762
78,[0.3897063],0.5462478383614592,0.15654153374419122
79,[0.25939797],0.4896928195656357,0.23029485318257414
80,[0.98466852],0.4645172622064635,0.5201512602601984
81,[0.66228842],0.44095210649588834,0.2213363114165695
82,[0.820811],0.44510793059303533,0.37570307078634313
83,[0.08843692],0.4644687416662989,0.3760318226814151
84,[0.31334864],0.5462478383614592,0.232899198527308
85,[0.39741737],0.551185003769641,0.15376763757257683
86,[0.6140309],0.4771050408860496,0.13692585504101334
87,[0.60109873],0.450183293747747,0.15091543837561494
88,[0.3089135],0.4913170970017737,0.18240359479484908
89,[0.77219086],0.46442022112613435,0.3077706388067386
90,[0.02611013],0.4645172622064635,0.43840713227573225
91,[0.32960784],0.5736836829038378,0.24407584420426276
92,[0.78209472],0.44095210649588834,0.34114260931049256
93,[0.42247497],0.5462478383614592,0.12377286815742239
94,[0.69448015],0.46442022112613435,0.23005993281288328
95,[0.00404014],0.49294137443791164,0.4889012317897813
96,[0.9660392],0.4492637546901823,0.5167754492354459
97,[0.74635251],0.46297455693584777,0.28337795734176585
98,[0.46451726],0.46442022112613435,9.704108032915215e-05
99,[0.66996545],0.450183293747747,0.21978215636554344
