,0,1,2
0,[0.08878534],0.4771050408860496,0.3883197031065186
1,[0.09295097],0.4645172622064635,0.37156628863262053
2,[0.89782793],0.46297455693584777,0.434853369565148
3,[0.81635293],0.46297455693584777,0.3533783707935402
4,[0.90041064],0.5272964188680818,0.3731142258914899
5,[0.39283095],0.49294137443791164,0.10011042804087245
6,[0.35886222],0.5272964188680818,0.16843420221159267
7,[0.43749945],0.5367721286147704,0.09927267981820143
8,[0.6101322],0.46369738903099106,0.14643480721029228
9,[0.48969282],0.5462478383614592,0.056555018795823475
10,[0.57398158],0.450183293747747,0.12379828791374947
11,[0.29073797],0.4913170970017737,0.20057912960005092
12,[0.3166807],0.4645172622064635,0.14783656626258834
13,[0.57368368],0.4645172622064635,0.10916642069737426
14,[0.28206134],0.46369738903099106,0.1816360440627694
15,[0.99801645],0.46442022112613435,0.5335962318173707
16,[0.0613587],0.4896928195656357,0.42833412403779614
17,[0.95011579],0.4896928195656357,0.4604229661224989
18,[0.0649733],0.4896928195656357,0.42471952282911174
19,[0.54624784],0.4645172622064635,0.08173057615499568
20,[0.38407998],0.49294137443791164,0.10886139701584197
21,[0.11713638],0.47872931832218757,0.36159293733101694
22,[0.63463823],0.4771050408860496,0.1575331851377772
23,[0.35568641],0.49294137443791164,0.13725496139662374
24,[0.73682591],0.4896928195656357,0.24713308790607857
25,[0.31822861],0.5272964188680818,0.20906780714871742
26,[0.94365746],0.49294137443791164,0.450716081470825
27,[0.82683833],0.46442022112613435,0.3624181119771762
28,[0.44095211],0.4573017574369407,0.01634965094105234
29,[0.19871102],0.4771050408860496,0.27839401922597745
30,[0.37498408],0.5739815816614965,0.1989975035613769
31,[0.84860918],0.46297455693584777,0.38563462538826077
32,[0.8511587],0.4492637546901823,0.40189494263947534
33,[0.49294137],0.44510793059303533,0.04783344384487631
34,[0.72074961],0.437499448796569,0.28325016505072553
35,[0.29858781],0.4896928195656357,0.19110501428166005
36,[0.05854268],0.4896928195656357,0.43115014136276586
37,[0.84592796],0.46297455693584777,0.3829534074009594
38,[0.01086539],0.46442022112613435,0.45355482864876473
39,[0.73565609],0.46297455693584777,0.2726815305938368
40,[0.46442022],0.46297455693584777,0.0014456641902865774
41,[0.86737853],0.49294137443791164,0.3744371557583819
42,[0.21455362],0.49294137443791164,0.278387754519823
43,[0.20482779],0.49294137443791164,0.2881135864084522
44,[0.52729642],0.4492637546901823,0.07803266417789945
45,[0.78411517],0.450183293747747,0.3339318769429507
46,[0.69524159],0.44095210649588834,0.2542894829925131
47,[0.17132228],0.5462478383614592,0.3749255556980665
48,[0.84170351],0.4913170970017737,0.3503864161269911
49,[0.08305532],0.49294137443791164,0.40988605248797527
50,[0.82614309],0.46297455693584777,0.36316853644300906
51,[0.26375457],0.49294137443791164,0.22918680763909127
52,[0.25695841],0.46442022112613435,0.20746181586525014
53,[0.91453038],0.4645172622064635,0.450013121869157
54,[0.44926375],0.49294137443791164,0.043677619747729324
55,[0.89892088],0.4645172622064635,0.4344036197182216
56,[0.90882824],0.450183293747747,0.45864494911469744
57,[0.00752469],0.4896928195656357,0.48216812535996145
58,[0.73942569],0.4645172622064635,0.2749084284837482
59,[0.46297456],0.5462478383614592,0.08327328142561141
60,[0.5805376],0.46442022112613435,0.11611737911450504
61,[0.63119071],0.450183293747747,0.18100741759087025
62,[0.34122285],0.4896928195656357,0.1484699667421283
63,[0.60142986],0.46369738903099106,0.1377324693670539
64,[0.37421888],0.4645172622064635,0.09029838620297459
65,[0.11056515],0.49294137443791164,0.3823762285052781
66,[0.10309835],0.4645172622064635,0.3614189117972042
67,[0.3810216],0.49294137443791164,0.11191976991991814
68,[0.45018329],0.4771050408860496,0.026921747138302587
69,[0.551185],0.4645172622064635,0.08666774156317747
70,[0.97528976],0.4492637546901823,0.5260260020856783
71,[0.95755283],0.46442022112613435,0.4931326107598545
72,[0.06302135],0.5367721286147704,0.4737507789430382
73,[0.62695734],0.4896928195656357,0.1372645235903719
74,[0.00214272],0.49294137443791164,0.4907986554918442
75,[0.69227294],0.450183293747747,0.2420896499266001
76,[0.23546251],0.5272964188680818,0.29183391043689366
77,[0.3979633],0.4645172622064635,0.06655396535729541
78,[0.3897063],0.49294137443791164,0.10323506982064368
79,[0.25939797],0.49294137443791164,0.23354340805485008
80,[0.98466852],0.4645172622064635,0.5201512602601984
81,[0.66228842],0.43922577764622867,0.22306264026622918
82,[0.820811],0.4645172622064635,0.35629373917291496
83,[0.08843692],0.46442022112613435,0.37598330214125053
84,[0.31334864],0.5462478383614592,0.232899198527308
85,[0.39741737],0.551185003769641,0.15376763757257683
86,[0.6140309],0.4896928195656357,0.12433807636142724
87,[0.60109873],0.4492637546901823,0.15183497743317964
88,[0.3089135],0.49294137443791164,0.18402787223098704
89,[0.77219086],0.46297455693584777,0.3092163029970252
90,[0.02611013],0.4896928195656357,0.46358268963490445
91,[0.32960784],0.5736836829038378,0.24407584420426276
92,[0.78209472],0.44095210649588834,0.34114260931049256
93,[0.42247497],0.5272964188680818,0.10482144866404497
94,[0.69448015],0.46297455693584777,0.23150559700316986
95,[0.00404014],0.5462478383614592,0.5422076957133288
96,[0.9660392],0.46442022112613435,0.5016189827994939
97,[0.74635251],0.450183293747747,0.2961692205298666
98,[0.46451726],0.4896928195656357,0.025175557359172207
99,[0.66996545],0.450183293747747,0.21978215636554344
