,0,1,2
0,[0.08878534],0.49585831999710805,0.40707298221757704
1,[0.09295097],0.46297455693584777,0.3700235833620048
2,[0.89782793],0.46297455693584777,0.434853369565148
3,[0.81635293],0.44095210649588834,0.3754008212334996
4,[0.90041064],0.5805376002406394,0.3198730445189323
5,[0.39283095],0.49513548790196477,0.10230454150492557
6,[0.35886222],0.6269573431560076,0.2680951264995185
7,[0.43749945],0.551185003769641,0.11368555497307198
8,[0.6101322],0.4299872095003029,0.18014498674098045
9,[0.48969282],0.607730377162554,0.11803755759691825
10,[0.57398158],0.4502370028662084,0.12374457879528811
11,[0.29073797],0.4896928195656357,0.19895485216391295
12,[0.3166807],0.44510793059303533,0.12842723464916017
13,[0.57368368],0.46297455693584777,0.11070912596798999
14,[0.28206134],0.46442022112613435,0.18235887615791269
15,[0.99801645],0.5462478383614592,0.45176861458204587
16,[0.0613587],0.450183293747747,0.38882459821990745
17,[0.95011579],0.5972842480838512,0.35283153760428343
18,[0.0649733],0.46993805665669136,0.4049647599201674
19,[0.54624784],0.6101321962412833,0.06388435787982416
20,[0.38407998],0.46442022112613435,0.08034024370406467
21,[0.11713638],0.49585831999710805,0.3787219390059374
22,[0.63463823],0.5462478383614592,0.08839038766236762
23,[0.35568641],0.5738326322826671,0.21814621924137922
24,[0.73682591],0.5195946063996855,0.21723130107202882
25,[0.31822861],0.5392407113188613,0.22101209959949697
26,[0.94365746],0.5805376002406394,0.36311985566809724
27,[0.82683833],0.4224749702040368,0.40436336289927377
28,[0.44095211],0.47872931832218757,0.03777721182629923
29,[0.19871102],0.44510793059303533,0.24639690893296318
30,[0.37498408],0.614030895927063,0.23904681782694337
31,[0.84860918],0.4502370028662084,0.39837217945790016
32,[0.8511587],0.44095210649588834,0.4102065908337693
33,[0.49294137],0.4492637546901823,0.043677619747729324
34,[0.72074961],0.4224749702040368,0.29827464364325773
35,[0.29858781],0.4896928195656357,0.19110501428166005
36,[0.05854268],0.47872931832218757,0.4201866401193177
37,[0.84592796],0.4224749702040368,0.4234529941327704
38,[0.01086539],0.46442022112613435,0.45355482864876473
39,[0.73565609],0.4299872095003029,0.3056688780293817
40,[0.46442022],0.46297455693584777,0.0014456641902865774
41,[0.86737853],0.5462478383614592,0.32113069183483434
42,[0.21455362],0.6101321962412833,0.3955785763231947
43,[0.20482779],0.46297455693584777,0.2581467689063883
44,[0.52729642],0.41773137282286854,0.10956504604521322
45,[0.78411517],0.4224749702040368,0.3616402004866609
46,[0.69524159],0.44095210649588834,0.2542894829925131
47,[0.17132228],0.47872931832218757,0.3074070356587949
48,[0.84170351],0.5462478383614592,0.2954556747673056
49,[0.08305532],0.49585831999710805,0.4128029980471717
50,[0.82614309],0.4224749702040368,0.40366812317482004
51,[0.26375457],0.46297455693584777,0.1992199901370274
52,[0.25695841],0.46442022112613435,0.20746181586525014
53,[0.91453038],0.39741736619706414,0.5171130178785563
54,[0.44926375],0.44095210649588834,0.008311648194293975
55,[0.89892088],0.44095210649588834,0.45796877542879677
56,[0.90882824],0.437499448796569,0.47132879406587547
57,[0.00752469],0.4645172622064635,0.45699256800078925
58,[0.73942569],0.43922577764622867,0.300199913043983
59,[0.46297456],0.46442022112613435,0.0014456641902865774
60,[0.5805376],0.5367721286147704,0.04376547162586897
61,[0.63119071],0.5805376002406394,0.050653111097977876
62,[0.34122285],0.4896928195656357,0.1484699667421283
63,[0.60142986],0.450183293747747,0.15124656465029795
64,[0.37421888],0.4645172622064635,0.09029838620297459
65,[0.11056515],0.5392407113188613,0.42867556538622775
66,[0.10309835],0.4645172622064635,0.3614189117972042
67,[0.3810216],0.47872931832218757,0.09770771380419407
68,[0.45018329],0.45608389488483625,0.005900601137089234
69,[0.551185],0.41773137282286854,0.13345363094677243
70,[0.97528976],0.46297455693584777,0.5123151998400128
71,[0.95755283],0.46297455693584777,0.49457827495014106
72,[0.06302135],0.5805376002406394,0.5175162505689072
73,[0.62695734],0.5462478383614592,0.08070950479454841
74,[0.00214272],0.47872931832218757,0.47658659937612013
75,[0.69227294],0.4502370028662084,0.24203594080813873
76,[0.23546251],0.6101321962412833,0.37466968781009524
77,[0.3979633],0.477056520345885,0.07909322349671694
78,[0.3897063],0.4896928195656357,0.09998651494836774
79,[0.25939797],0.4896928195656357,0.23029485318257414
80,[0.98466852],0.5805376002406394,0.40413092222602254
81,[0.66228842],0.4224749702040368,0.23981344770842106
82,[0.820811],0.393834800733218,0.42697620064616043
83,[0.08843692],0.4645172622064635,0.3760803432215797
84,[0.31334864],0.4896928195656357,0.17634417973148453
85,[0.39741737],0.47872931832218757,0.08131195212512343
86,[0.6140309],0.5195946063996855,0.09443628952737748
87,[0.60109873],0.43171353834996257,0.1693851937733994
88,[0.3089135],0.46442022112613435,0.15550671891920975
89,[0.77219086],0.5462478383614592,0.22594302157141377
90,[0.02611013],0.5736732852424106,0.5475631553116793
91,[0.32960784],0.5909837293193422,0.2613758906197672
92,[0.78209472],0.3979632968491681,0.3841314189572128
93,[0.42247497],0.46369738903099106,0.041222418826954266
94,[0.69448015],0.5462478383614592,0.14823231557755845
95,[0.00404014],0.47872931832218757,0.4746891756740572
96,[0.9660392],0.44510793059303533,0.5209312733325929
97,[0.74635251],0.5805376002406394,0.16581491403697424
98,[0.46451726],0.45268616381101134,0.011831098395452155
99,[0.66996545],0.46297455693584777,0.20699089317744268
