,0,1,2
0,[0.08878534],0.4645172622064635,0.3757319244269325
1,[0.09295097],0.4645172622064635,0.37156628863262053
2,[0.89782793],0.46297455693584777,0.434853369565148
3,[0.81635293],0.46442022112613435,0.3519327066032536
4,[0.90041064],0.49294137443791164,0.40746927032166
5,[0.39283095],0.4896928195656357,0.09686187316859651
6,[0.35886222],0.4896928195656357,0.1308306029091466
7,[0.43749945],0.5272964188680818,0.08979697007151277
8,[0.6101322],0.4645172622064635,0.14561493403481984
9,[0.48969282],0.49294137443791164,0.0032485548722759328
10,[0.57398158],0.450183293747747,0.12379828791374947
11,[0.29073797],0.49294137443791164,0.2022034070361889
12,[0.3166807],0.49294137443791164,0.17626067849403648
13,[0.57368368],0.46297455693584777,0.11070912596798999
14,[0.28206134],0.46442022112613435,0.18235887615791269
15,[0.99801645],0.450183293747747,0.547833159195758
16,[0.0613587],0.4896928195656357,0.42833412403779614
17,[0.95011579],0.4896928195656357,0.4604229661224989
18,[0.0649733],0.4896928195656357,0.42471952282911174
19,[0.54624784],0.4771050408860496,0.06914279747540958
20,[0.38407998],0.4913170970017737,0.107237119579704
21,[0.11713638],0.4645172622064635,0.34738088121529287
22,[0.63463823],0.4645172622064635,0.1701209638173633
23,[0.35568641],0.5487164210655501,0.19303000802426218
24,[0.73682591],0.4645172622064635,0.2723086452652508
25,[0.31822861],0.4771050408860496,0.15887642916668526
26,[0.94365746],0.49294137443791164,0.450716081470825
27,[0.82683833],0.46442022112613435,0.3624181119771762
28,[0.44095211],0.4771050408860496,0.03615293439016126
29,[0.19871102],0.4896928195656357,0.29098179790556356
30,[0.37498408],0.5462478383614592,0.1712637602613396
31,[0.84860918],0.46442022112613435,0.3841889611979742
32,[0.8511587],0.44510793059303533,0.4060507667366223
33,[0.49294137],0.46369738903099106,0.02924398540692058
34,[0.72074961],0.44095210649588834,0.2797975073514062
35,[0.29858781],0.4896928195656357,0.19110501428166005
36,[0.05854268],0.4896928195656357,0.43115014136276586
37,[0.84592796],0.46297455693584777,0.3829534074009594
38,[0.01086539],0.46442022112613435,0.45355482864876473
39,[0.73565609],0.46442022112613435,0.27123586640355024
40,[0.46442022],0.46297455693584777,0.0014456641902865774
41,[0.86737853],0.4896928195656357,0.3776857106306578
42,[0.21455362],0.49294137443791164,0.278387754519823
43,[0.20482779],0.49294137443791164,0.2881135864084522
44,[0.52729642],0.450183293747747,0.07711312512033475
45,[0.78411517],0.450183293747747,0.3339318769429507
46,[0.69524159],0.44095210649588834,0.2542894829925131
47,[0.17132228],0.5272964188680818,0.3559741362046891
48,[0.84170351],0.4644687416662989,0.37723477146246587
49,[0.08305532],0.49294137443791164,0.40988605248797527
50,[0.82614309],0.46442022112613435,0.3617228722527225
51,[0.26375457],0.49294137443791164,0.22918680763909127
52,[0.25695841],0.49294137443791164,0.23598296917702744
53,[0.91453038],0.46297455693584777,0.4515558271397727
54,[0.44926375],0.49294137443791164,0.043677619747729324
55,[0.89892088],0.4645172622064635,0.4344036197182216
56,[0.90882824],0.450183293747747,0.45864494911469744
57,[0.00752469],0.5462478383614592,0.5387231441557849
58,[0.73942569],0.4645172622064635,0.2749084284837482
59,[0.46297456],0.49294137443791164,0.02996681750206387
60,[0.5805376],0.46297455693584777,0.11756304330479161
61,[0.63119071],0.450183293747747,0.18100741759087025
62,[0.34122285],0.4896928195656357,0.1484699667421283
63,[0.60142986],0.4645172622064635,0.13691259619158147
64,[0.37421888],0.4913170970017737,0.11709822099828476
65,[0.11056515],0.4896928195656357,0.37912767363300215
66,[0.10309835],0.49294137443791164,0.38984302402865234
67,[0.3810216],0.49294137443791164,0.11191976991991814
68,[0.45018329],0.4771050408860496,0.026921747138302587
69,[0.551185],0.46374590957115563,0.08743909419848533
70,[0.97528976],0.4492637546901823,0.5260260020856783
71,[0.95755283],0.46442022112613435,0.4931326107598545
72,[0.06302135],0.5272964188680818,0.46427506919634953
73,[0.62695734],0.4645172622064635,0.1624400809495441
74,[0.00214272],0.49294137443791164,0.4907986554918442
75,[0.69227294],0.450183293747747,0.2420896499266001
76,[0.23546251],0.49294137443791164,0.25747886600672354
77,[0.3979633],0.4896928195656357,0.09172952271646762
78,[0.3897063],0.4896928195656357,0.09998651494836774
79,[0.25939797],0.49294137443791164,0.23354340805485008
80,[0.98466852],0.450183293747747,0.5344852287189149
81,[0.66228842],0.450183293747747,0.21210512416471083
82,[0.820811],0.46297455693584777,0.3578364444435307
83,[0.08843692],0.46442022112613435,0.37598330214125053
84,[0.31334864],0.4896928195656357,0.17634417973148453
85,[0.39741737],0.5462478383614592,0.14883047216439504
86,[0.6140309],0.4645172622064635,0.14951363372059945
87,[0.60109873],0.450183293747747,0.15091543837561494
88,[0.3089135],0.4896928195656357,0.1807793173587111
89,[0.77219086],0.450183293747747,0.32200756618512594
90,[0.02611013],0.4896928195656357,0.46358268963490445
91,[0.32960784],0.551185003769641,0.22157716507006597
92,[0.78209472],0.44095210649588834,0.34114260931049256
93,[0.42247497],0.49294137443791164,0.07046640423387485
94,[0.69448015],0.46297455693584777,0.23150559700316986
95,[0.00404014],0.4913170970017737,0.4872769543536433
96,[0.9660392],0.450183293747747,0.5158559101778812
97,[0.74635251],0.450183293747747,0.2961692205298666
98,[0.46451726],0.4896928195656357,0.025175557359172207
99,[0.66996545],0.450183293747747,0.21978215636554344
