,0,1,2
0,[0.08878534],0.5272964188680818,0.43851108108855075
1,[0.09295097],0.44095210649588834,0.3480011329220454
2,[0.89782793],0.4224749702040368,0.47535295629695895
3,[0.81635293],0.4492637546901823,0.36708917303920563
4,[0.90041064],0.5599657606326485,0.3404448841269232
5,[0.39283095],0.4645172622064635,0.0716863158094243
6,[0.35886222],0.601098732123362,0.24223651546687286
7,[0.43749945],0.5805376002406394,0.1430381514440704
8,[0.6101322],0.4224749702040368,0.18765722603724655
9,[0.48969282],0.614030895927063,0.12433807636142724
10,[0.57398158],0.3979632968491681,0.1760182848123284
11,[0.29073797],0.601429858398045,0.3106918909963222
12,[0.3166807],0.4492637546901823,0.13258305874630716
13,[0.57368368],0.46297455693584777,0.11070912596798999
14,[0.28206134],0.45196333171586806,0.1699019867476464
15,[0.99801645],0.601429858398045,0.3965865945454601
16,[0.0613587],0.6101321962412833,0.5487735007134438
17,[0.95011579],0.614030895927063,0.33608488976107165
18,[0.0649733],0.4645172622064635,0.39954396546993953
19,[0.54624784],0.5953348982409614,0.04908705987950224
20,[0.38407998],0.46297455693584777,0.0788945795137781
21,[0.11713638],0.5272964188680818,0.41016003787691113
22,[0.63463823],0.5462478383614592,0.08839038766236762
23,[0.35568641],0.5367721286147704,0.18108571557348252
24,[0.73682591],0.5909837293193422,0.1458421781523721
25,[0.31822861],0.46369738903099106,0.14546877731162672
26,[0.94365746],0.6101321962412833,0.3335252596674533
27,[0.82683833],0.46369738903099106,0.3631409440723195
28,[0.44095211],0.4236135257696752,0.017338580726213138
29,[0.19871102],0.450183293747747,0.25147227208767486
30,[0.37498408],0.6269573431560076,0.251973265055888
31,[0.84860918],0.3979632968491681,0.45064588547494044
32,[0.8511587],0.4771050408860496,0.37405365644360805
33,[0.49294137],0.44510793059303533,0.04783344384487631
34,[0.72074961],0.4896928195656357,0.23105679428165882
35,[0.29858781],0.4913170970017737,0.192729291717798
36,[0.05854268],0.5462478383614592,0.48770516015858933
37,[0.84592796],0.4896928195656357,0.35623514477117146
38,[0.01086539],0.46297455693584777,0.45210916445847815
39,[0.73565609],0.4771050408860496,0.258551046643635
40,[0.46442022],0.3979632968491681,0.06645692427696626
41,[0.86737853],0.5805376002406394,0.28684092995565413
42,[0.21455362],0.5953348982409614,0.3807812783228728
43,[0.20482779],0.44095210649588834,0.2361243184664289
44,[0.52729642],0.437499448796569,0.08979697007151277
45,[0.78411517],0.40994616820055046,0.37416900249014723
46,[0.69524159],0.4492637546901823,0.2459778347982191
47,[0.17132228],0.49294137443791164,0.321619091774519
48,[0.84170351],0.49294137443791164,0.34876213869085315
49,[0.08305532],0.46297455693584777,0.3799192349859114
50,[0.82614309],0.43586936244710955,0.3902737309317473
51,[0.26375457],0.44095210649588834,0.17719753969706797
52,[0.25695841],0.4644687416662989,0.20751033640541472
53,[0.91453038],0.39512415629705167,0.5194062277785688
54,[0.44926375],0.49294137443791164,0.043677619747729324
55,[0.89892088],0.44095210649588834,0.45796877542879677
56,[0.90882824],0.39741736619706414,0.5114108766653803
57,[0.00752469],0.5179703289635474,0.5104456347578732
58,[0.73942569],0.437499448796569,0.3019262418936427
59,[0.46297456],0.46442022112613435,0.0014456641902865774
60,[0.5805376],0.46369738903099106,0.11684021120964833
61,[0.63119071],0.5462478383614592,0.08494287297715808
62,[0.34122285],0.601429858398045,0.2602070055745376
63,[0.60142986],0.477056520345885,0.12437333805215994
64,[0.37421888],0.4645172622064635,0.09029838620297459
65,[0.11056515],0.49294137443791164,0.3823762285052781
66,[0.10309835],0.46297455693584777,0.35987620652658847
67,[0.3810216],0.5462478383614592,0.1652262338434657
68,[0.45018329],0.4896928195656357,0.03950952581788869
69,[0.551185],0.437499448796569,0.11368555497307198
70,[0.97528976],0.46297455693584777,0.5123151998400128
71,[0.95755283],0.46297455693584777,0.49457827495014106
72,[0.06302135],0.5805376002406394,0.5175162505689072
73,[0.62695734],0.5462478383614592,0.08070950479454841
74,[0.00214272],0.47872931832218757,0.47658659937612013
75,[0.69227294],0.46297455693584777,0.22929838673849934
76,[0.23546251],0.5953348982409614,0.3598723898097733
77,[0.3979633],0.46297455693584777,0.06501126008667968
78,[0.3897063],0.601429858398045,0.211723553780777
79,[0.25939797],0.4896928195656357,0.23029485318257414
80,[0.98466852],0.5462478383614592,0.43842068410520274
81,[0.66228842],0.3979632968491681,0.26432512106328976
82,[0.820811],0.46993805665669136,0.3508729447226871
83,[0.08843692],0.46297455693584777,0.37453763795096395
84,[0.31334864],0.601429858398045,0.2880812185638938
85,[0.39741737],0.49294137443791164,0.0955240082408475
86,[0.6140309],0.5909837293193422,0.02304716660772077
87,[0.60109873],0.44095210649588834,0.16014662562747362
88,[0.3089135],0.4645172622064635,0.1556037599995389
89,[0.77219086],0.46442022112613435,0.3077706388067386
90,[0.02611013],0.5462478383614592,0.5201377084307279
91,[0.32960784],0.6120815460841731,0.2824737073845981
92,[0.78209472],0.4896928195656357,0.2924018962407452
93,[0.42247497],0.5873912075135999,0.16491623730956306
94,[0.69448015],0.5739815816614965,0.12049857227752114
95,[0.00404014],0.5462478383614592,0.5422076957133288
96,[0.9660392],0.4492637546901823,0.5167754492354459
97,[0.74635251],0.5462478383614592,0.20010467591615444
98,[0.46451726],0.44095210649588834,0.02356515571057516
99,[0.66996545],0.4565789253417974,0.21338652477149306
