,0,1,2
0,[0.08878534],0.4896928195656357,0.4009074817861047
1,[0.09295097],0.4645172622064635,0.37156628863262053
2,[0.89782793],0.4492637546901823,0.44856417181081343
3,[0.81635293],0.46297455693584777,0.3533783707935402
4,[0.90041064],0.4645172622064635,0.43589338255310817
5,[0.39283095],0.4896928195656357,0.09686187316859651
6,[0.35886222],0.4896928195656357,0.1308306029091466
7,[0.43749945],0.5101188966529967,0.07261944785642771
8,[0.6101322],0.46442022112613435,0.145711975115149
9,[0.48969282],0.49294137443791164,0.0032485548722759328
10,[0.57398158],0.450183293747747,0.12379828791374947
11,[0.29073797],0.4896928195656357,0.19895485216391295
12,[0.3166807],0.49294137443791164,0.17626067849403648
13,[0.57368368],0.450183293747747,0.12350038915609074
14,[0.28206134],0.4645172622064635,0.18245591723824184
15,[0.99801645],0.46297455693584777,0.5350418960076573
16,[0.0613587],0.4896928195656357,0.42833412403779614
17,[0.95011579],0.450183293747747,0.4999324919403876
18,[0.0649733],0.49294137443791164,0.4279680777013877
19,[0.54624784],0.44972352421896467,0.09652431414249452
20,[0.38407998],0.49294137443791164,0.10886139701584197
21,[0.11713638],0.4645172622064635,0.34738088121529287
22,[0.63463823],0.4645172622064635,0.1701209638173633
23,[0.35568641],0.5272964188680818,0.17161000582679387
24,[0.73682591],0.46297455693584777,0.2738513505358665
25,[0.31822861],0.4645172622064635,0.14628865048709916
26,[0.94365746],0.46297455693584777,0.48068289897288885
27,[0.82683833],0.44972352421896467,0.3771148088843459
28,[0.44095211],0.4645172622064635,0.02356515571057516
29,[0.19871102],0.4645172622064635,0.26580624054639135
30,[0.37498408],0.5462478383614592,0.1712637602613396
31,[0.84860918],0.46297455693584777,0.38563462538826077
32,[0.8511587],0.44095210649588834,0.4102065908337693
33,[0.49294137],0.44972352421896467,0.043217850218946974
34,[0.72074961],0.450183293747747,0.2705663200995475
35,[0.29858781],0.4645172622064635,0.16592945692248784
36,[0.05854268],0.4896928195656357,0.43115014136276586
37,[0.84592796],0.450183293747747,0.39574467058906015
38,[0.01086539],0.46442022112613435,0.45355482864876473
39,[0.73565609],0.450183293747747,0.2854727937819376
40,[0.46442022],0.46297455693584777,0.0014456641902865774
41,[0.86737853],0.46369738903099106,0.40368114116530246
42,[0.21455362],0.4645172622064635,0.24996364228837487
43,[0.20482779],0.49294137443791164,0.2881135864084522
44,[0.52729642],0.46442022112613435,0.06287619774194741
45,[0.78411517],0.46297455693584777,0.3211406137548499
46,[0.69524159],0.4492637546901823,0.2459778347982191
47,[0.17132228],0.49294137443791164,0.321619091774519
48,[0.84170351],0.4645172622064635,0.3771862509223013
49,[0.08305532],0.49294137443791164,0.40988605248797527
50,[0.82614309],0.4492637546901823,0.3768793386886745
51,[0.26375457],0.4896928195656357,0.22593825276681534
52,[0.25695841],0.49294137443791164,0.23598296917702744
53,[0.91453038],0.450183293747747,0.46434709032787347
54,[0.44926375],0.4913170970017737,0.04205334231159136
55,[0.89892088],0.4644687416662989,0.4344521402583862
56,[0.90882824],0.46297455693584777,0.4458536859265967
57,[0.00752469],0.5462478383614592,0.5387231441557849
58,[0.73942569],0.4645172622064635,0.2749084284837482
59,[0.46297456],0.49294137443791164,0.02996681750206387
60,[0.5805376],0.46297455693584777,0.11756304330479161
61,[0.63119071],0.46297455693584777,0.1682161544027695
62,[0.34122285],0.49294137443791164,0.15171852161440424
63,[0.60142986],0.46297455693584777,0.1384553014621972
64,[0.37421888],0.46442022112613435,0.09020134512264544
65,[0.11056515],0.4896928195656357,0.37912767363300215
66,[0.10309835],0.4896928195656357,0.3865944691563764
67,[0.3810216],0.4896928195656357,0.10867121504764221
68,[0.45018329],0.4645172622064635,0.014333968458716484
69,[0.551185],0.46442022112613435,0.08676478264350662
70,[0.97528976],0.46297455693584777,0.5123151998400128
71,[0.95755283],0.46442022112613435,0.4931326107598545
72,[0.06302135],0.4645172622064635,0.40149591253473127
73,[0.62695734],0.46442022112613435,0.16253712202987325
74,[0.00214272],0.4896928195656357,0.48755010061956827
75,[0.69227294],0.46297455693584777,0.22929838673849934
76,[0.23546251],0.4896928195656357,0.2542303111344476
77,[0.3979633],0.4645172622064635,0.06655396535729541
78,[0.3897063],0.49294137443791164,0.10323506982064368
79,[0.25939797],0.4645172622064635,0.20511929582340194
80,[0.98466852],0.4492637546901823,0.5354047677764796
81,[0.66228842],0.450183293747747,0.21210512416471083
82,[0.820811],0.4492637546901823,0.37154724668919614
83,[0.08843692],0.4896928195656357,0.4012559005807519
84,[0.31334864],0.4896928195656357,0.17634417973148453
85,[0.39741737],0.4644687416662989,0.06705137546923479
86,[0.6140309],0.46297455693584777,0.15105633899121518
87,[0.60109873],0.46297455693584777,0.1381241751875142
88,[0.3089135],0.4645172622064635,0.1556037599995389
89,[0.77219086],0.46297455693584777,0.3092163029970252
90,[0.02611013],0.4896928195656357,0.46358268963490445
91,[0.32960784],0.4896928195656357,0.1600849808660607
92,[0.78209472],0.44095210649588834,0.34114260931049256
93,[0.42247497],0.4896928195656357,0.06721784936159891
94,[0.69448015],0.46297455693584777,0.23150559700316986
95,[0.00404014],0.49294137443791164,0.4889012317897813
96,[0.9660392],0.46297455693584777,0.5030646469897805
97,[0.74635251],0.450183293747747,0.2961692205298666
98,[0.46451726],0.46297455693584777,0.0015427052706157296
99,[0.66996545],0.450183293747747,0.21978215636554344
