,0,1,2
0,[0.08878534],0.4896928195656357,0.4009074817861047
1,[0.09295097],0.46297455693584777,0.3700235833620048
2,[0.89782793],0.437499448796569,0.46032847770442675
3,[0.81635293],0.4492637546901823,0.36708917303920563
4,[0.90041064],0.5195946063996855,0.3808160383598862
5,[0.39283095],0.49294137443791164,0.10011042804087245
6,[0.35886222],0.551185003769641,0.19232278711315187
7,[0.43749945],0.5805376002406394,0.1430381514440704
8,[0.6101322],0.437499448796569,0.17263274744471435
9,[0.48969282],0.5805376002406394,0.09084478067500368
10,[0.57398158],0.3979632968491681,0.1760182848123284
11,[0.29073797],0.5195946063996855,0.2288566389979627
12,[0.3166807],0.4896928195656357,0.17301212362176055
13,[0.57368368],0.4565789253417974,0.11710475756204036
14,[0.28206134],0.46442022112613435,0.18235887615791269
15,[0.99801645],0.5462478383614592,0.45176861458204587
16,[0.0613587],0.5462478383614592,0.4848891428336196
17,[0.95011579],0.5101188966529967,0.4399968890351379
18,[0.0649733],0.4896928195656357,0.42471952282911174
19,[0.54624784],0.4896928195656357,0.056555018795823475
20,[0.38407998],0.4644687416662989,0.08038876424422925
21,[0.11713638],0.5272964188680818,0.41016003787691113
22,[0.63463823],0.49294137443791164,0.14169685158591516
23,[0.35568641],0.5272964188680818,0.17161000582679387
24,[0.73682591],0.49294137443791164,0.24388453303380264
25,[0.31822861],0.4644687416662989,0.14624012994693458
26,[0.94365746],0.5101188966529967,0.4335385592557399
27,[0.82683833],0.4455677001218177,0.3812706329814929
28,[0.44095211],0.4492637546901823,0.008311648194293975
29,[0.19871102],0.4645172622064635,0.26580624054639135
30,[0.37498408],0.6012642952607035,0.22628021716058389
31,[0.84860918],0.437499448796569,0.41110973352753954
32,[0.8511587],0.4492637546901823,0.40189494263947534
33,[0.49294137],0.4492637546901823,0.043677619747729324
34,[0.72074961],0.46369738903099106,0.25705222481630347
35,[0.29858781],0.49294137443791164,0.19435356915393598
36,[0.05854268],0.49294137443791164,0.4343986962350418
37,[0.84592796],0.450183293747747,0.39574467058906015
38,[0.01086539],0.46442022112613435,0.45355482864876473
39,[0.73565609],0.46297455693584777,0.2726815305938368
40,[0.46442022],0.4492637546901823,0.015156466435952032
41,[0.86737853],0.5462478383614592,0.32113069183483434
42,[0.21455362],0.5462478383614592,0.33169421844337055
43,[0.20482779],0.46297455693584777,0.2581467689063883
44,[0.52729642],0.44972352421896467,0.0775728946491171
45,[0.78411517],0.44510793059303533,0.33900724009766237
46,[0.69524159],0.45684198790815833,0.2383996015802431
47,[0.17132228],0.5462478383614592,0.3749255556980665
48,[0.84170351],0.4896928195656357,0.3520106935631291
49,[0.08305532],0.46442022112613435,0.381364899176198
50,[0.82614309],0.46442022112613435,0.3617228722527225
51,[0.26375457],0.4771050408860496,0.21335047408722924
52,[0.25695841],0.46442022112613435,0.20746181586525014
53,[0.91453038],0.44510793059303533,0.46942245348258516
54,[0.44926375],0.5462478383614592,0.09698408367127687
55,[0.89892088],0.4492637546901823,0.4496571272345028
56,[0.90882824],0.437499448796569,0.47132879406587547
57,[0.00752469],0.4896928195656357,0.48216812535996145
58,[0.73942569],0.4492637546901823,0.2901619360000294
59,[0.46297456],0.46442022112613435,0.0014456641902865774
60,[0.5805376],0.4455677001218177,0.1349699001188217
61,[0.63119071],0.4896928195656357,0.14149789177298155
62,[0.34122285],0.4896928195656357,0.1484699667421283
63,[0.60142986],0.46369738903099106,0.1377324693670539
64,[0.37421888],0.49294137443791164,0.11872249843442273
65,[0.11056515],0.5272964188680818,0.4167312729354482
66,[0.10309835],0.46442022112613435,0.36132187071687505
67,[0.3810216],0.4913170970017737,0.11029549248378018
68,[0.45018329],0.4644687416662989,0.014285447918551908
69,[0.551185],0.44095210649588834,0.11023289727375263
70,[0.97528976],0.46297455693584777,0.5123151998400128
71,[0.95755283],0.46297455693584777,0.49457827495014106
72,[0.06302135],0.551185003769641,0.48816365409790874
73,[0.62695734],0.4913170970017737,0.13564024615423392
74,[0.00214272],0.49294137443791164,0.4907986554918442
75,[0.69227294],0.44972352421896467,0.24254941945538244
76,[0.23546251],0.5462478383614592,0.3107853299302711
77,[0.3979633],0.46442022112613435,0.06645692427696626
78,[0.3897063],0.5462478383614592,0.15654153374419122
79,[0.25939797],0.49294137443791164,0.23354340805485008
80,[0.98466852],0.5272964188680818,0.45737210359858016
81,[0.66228842],0.4224749702040368,0.23981344770842106
82,[0.820811],0.44972352421896467,0.3710874771604138
83,[0.08843692],0.46442022112613435,0.37598330214125053
84,[0.31334864],0.5736836829038378,0.2603350430696866
85,[0.39741737],0.49294137443791164,0.0955240082408475
86,[0.6140309],0.4896928195656357,0.12433807636142724
87,[0.60109873],0.4492637546901823,0.15183497743317964
88,[0.3089135],0.49294137443791164,0.18402787223098704
89,[0.77219086],0.46442022112613435,0.3077706388067386
90,[0.02611013],0.4896928195656357,0.46358268963490445
91,[0.32960784],0.5772595909510679,0.24765175225149294
92,[0.78209472],0.4492637546901823,0.3328309611161986
93,[0.42247497],0.5738326322826671,0.15135766207863033
94,[0.69448015],0.4896928195656357,0.20478733437338192
95,[0.00404014],0.5462478383614592,0.5422076957133288
96,[0.9660392],0.44972352421896467,0.5163156797066636
97,[0.74635251],0.4896928195656357,0.2566596947119779
98,[0.46451726],0.46442022112613435,9.704108032915215e-05
99,[0.66996545],0.46369738903099106,0.2062680610822994
