,0,1,2
0,[0.08878534],0.46442022112613435,0.37563488334660333
1,[0.09295097],0.46442022112613435,0.3714692475522914
2,[0.89782793],0.46369738903099106,0.4341305374700047
3,[0.81635293],0.44095210649588834,0.3754008212334996
4,[0.90041064],0.4913170970017737,0.409093547757798
5,[0.39283095],0.5101188966529967,0.11728795025595751
6,[0.35886222],0.551185003769641,0.19232278711315187
7,[0.43749945],0.5462478383614592,0.10874838956489019
8,[0.6101322],0.46374590957115563,0.1463862866701277
9,[0.48969282],0.5772595909510679,0.08756677138543223
10,[0.57398158],0.4224749702040368,0.1515066114574597
11,[0.29073797],0.5738388483797521,0.2831008809780293
12,[0.3166807],0.4896928195656357,0.17301212362176055
13,[0.57368368],0.46442022112613435,0.10926346177770341
14,[0.28206134],0.46442022112613435,0.18235887615791269
15,[0.99801645],0.4896928195656357,0.5083236333778693
16,[0.0613587],0.4913170970017737,0.4299584014739341
17,[0.95011579],0.4896928195656357,0.4604229661224989
18,[0.0649733],0.4896928195656357,0.42471952282911174
19,[0.54624784],0.4896928195656357,0.056555018795823475
20,[0.38407998],0.4896928195656357,0.10561284214356603
21,[0.11713638],0.4644687416662989,0.3473323606751283
22,[0.63463823],0.4913170970017737,0.14332112902205313
23,[0.35568641],0.5101188966529967,0.1544324836117088
24,[0.73682591],0.49294137443791164,0.24388453303380264
25,[0.31822861],0.4645172622064635,0.14628865048709916
26,[0.94365746],0.4896928195656357,0.4539646363431009
27,[0.82683833],0.46297455693584777,0.3638637761674628
28,[0.44095211],0.44338160174337565,0.002429495247487312
29,[0.19871102],0.4645172622064635,0.26580624054639135
30,[0.37498408],0.601098732123362,0.22611465402324238
31,[0.84860918],0.4565789253417974,0.39203025698231114
32,[0.8511587],0.4492637546901823,0.40189494263947534
33,[0.49294137],0.437499448796569,0.05544192564134265
34,[0.72074961],0.450183293747747,0.2705663200995475
35,[0.29858781],0.4896928195656357,0.19110501428166005
36,[0.05854268],0.5462478383614592,0.48770516015858933
37,[0.84592796],0.4896928195656357,0.35623514477117146
38,[0.01086539],0.46369738903099106,0.45283199655362144
39,[0.73565609],0.4565789253417974,0.2790771621878872
40,[0.46442022],0.450183293747747,0.014236927378387332
41,[0.86737853],0.49294137443791164,0.3744371557583819
42,[0.21455362],0.5462478383614592,0.33169421844337055
43,[0.20482779],0.46297455693584777,0.2581467689063883
44,[0.52729642],0.437499448796569,0.08979697007151277
45,[0.78411517],0.4492637546901823,0.3348514160005154
46,[0.69524159],0.4492637546901823,0.2459778347982191
47,[0.17132228],0.5462478383614592,0.3749255556980665
48,[0.84170351],0.45735027797710526,0.38435323515165953
49,[0.08305532],0.46297455693584777,0.3799192349859114
50,[0.82614309],0.4771050408860496,0.3490380524928072
51,[0.26375457],0.46442022112613435,0.20066565432731398
52,[0.25695841],0.46442022112613435,0.20746181586525014
53,[0.91453038],0.4645172622064635,0.450013121869157
54,[0.44926375],0.5462478383614592,0.09698408367127687
55,[0.89892088],0.4645172622064635,0.4344036197182216
56,[0.90882824],0.46297455693584777,0.4458536859265967
57,[0.00752469],0.4896928195656357,0.48216812535996145
58,[0.73942569],0.4645172622064635,0.2749084284837482
59,[0.46297456],0.5272964188680818,0.06432186193223399
60,[0.5805376],0.450183293747747,0.13035430649289237
61,[0.63119071],0.4645172622064635,0.16667344913215376
62,[0.34122285],0.4896928195656357,0.1484699667421283
63,[0.60142986],0.4645172622064635,0.13691259619158147
64,[0.37421888],0.4645172622064635,0.09029838620297459
65,[0.11056515],0.5624343433367394,0.4518691974041058
66,[0.10309835],0.4896928195656357,0.3865944691563764
67,[0.3810216],0.4913170970017737,0.11029549248378018
68,[0.45018329],0.4896928195656357,0.03950952581788869
69,[0.551185],0.46297455693584777,0.0882104468337932
70,[0.97528976],0.4492637546901823,0.5260260020856783
71,[0.95755283],0.46297455693584777,0.49457827495014106
72,[0.06302135],0.5462478383614592,0.48322648868972695
73,[0.62695734],0.5462478383614592,0.08070950479454841
74,[0.00214272],0.5462478383614592,0.5441051194153917
75,[0.69227294],0.46297455693584777,0.22929838673849934
76,[0.23546251],0.5462478383614592,0.3107853299302711
77,[0.3979633],0.4896928195656357,0.09172952271646762
78,[0.3897063],0.5462478383614592,0.15654153374419122
79,[0.25939797],0.49294137443791164,0.23354340805485008
80,[0.98466852],0.4896928195656357,0.4949757029010262
81,[0.66228842],0.450183293747747,0.21210512416471083
82,[0.820811],0.44972352421896467,0.3710874771604138
83,[0.08843692],0.46442022112613435,0.37598330214125053
84,[0.31334864],0.5462478383614592,0.232899198527308
85,[0.39741737],0.5462478383614592,0.14883047216439504
86,[0.6140309],0.4896928195656357,0.12433807636142724
87,[0.60109873],0.450183293747747,0.15091543837561494
88,[0.3089135],0.49294137443791164,0.18402787223098704
89,[0.77219086],0.46442022112613435,0.3077706388067386
90,[0.02611013],0.4645172622064635,0.43840713227573225
91,[0.32960784],0.5739815816614965,0.2443737429619215
92,[0.78209472],0.44095210649588834,0.34114260931049256
93,[0.42247497],0.5487164210655501,0.12624145086151328
94,[0.69448015],0.46442022112613435,0.23005993281288328
95,[0.00404014],0.5195946063996855,0.5155544637515551
96,[0.9660392],0.450183293747747,0.5158559101778812
97,[0.74635251],0.4645172622064635,0.2818352520711501
98,[0.46451726],0.4896928195656357,0.025175557359172207
99,[0.66996545],0.46297455693584777,0.20699089317744268
