,0,1,2
0,[17.72735076],15.756645154752599,15.062550687695865
1,[15.85932658],14.434531406170219,15.170828256696607
2,[19.26465905],17.039315265521374,15.364908336214349
3,[15.90111705],13.7457533376656,12.564494822209504
4,[17.94350025],12.462427774221325,13.603772831426756
5,[15.6038745],12.820168675338644,12.830380751206775
6,[2.77349375],3.948022694110441,1.8679606057673368
7,[0.41013089],12.789132450153565,4.553394983544973
8,[4.96352587],8.260268258373216,10.64034862977472
9,[1.26359631],7.640085156521117,2.6361544041879976
10,[2.66480007],7.218891898363056,1.515423031858532
11,[4.46069549],6.896379379795457,1.7958954199766044
12,[1.21046813],10.621618888496926,15.455144500878275
13,[2.0881037],4.575807461170154,1.8116470158552795
14,[4.33972742],8.58936487723932,1.566233666887972
15,[1.43165121],6.7185940630781475,2.9080762137544323
16,[0.68849832],4.055621595892976,3.6512291007272673
17,[0.25396801],10.953350701750354,15.605358563491157
18,[4.64145436],6.490496774119633,0.7729445450513097
19,[3.89975071],7.028907623593559,5.383207849507417
