,0,1,2
0,[17.72735076],15.712408539357295,15.062550687695865
1,[15.85932658],14.434531406170223,15.170828256696607
2,[19.26465905],17.039315265521374,16.59985897995481
3,[15.90111705],13.85794229291283,14.690648925506688
4,[17.94350025],14.742907144905123,13.30204589254739
5,[15.6038745],13.446020533484836,12.830380751206775
6,[2.77349375],4.187787615132729,1.6872017351445612
7,[0.41013089],12.789132450153566,4.05056459725748
8,[4.96352587],9.528762116797107,10.64034862977472
9,[1.26359631],8.1146035149394,1.5098974452795804
10,[2.66480007],7.218891898363056,1.7958954199766044
11,[4.46069549],6.952052865450182,1.7958954199766044
12,[1.21046813],13.268882285796076,14.690648925506688
13,[2.0881037],7.846217053917536,1.8116470158552795
14,[4.33972742],8.853596636600928,11.264147084318802
15,[1.43165121],9.709365463650911,3.209803152633797
16,[0.68849832],7.011239281634667,2.197190993850051
17,[0.25396801],10.953350701750354,9.906043019634781
18,[4.64145436],8.908604329459564,0.32207151566471737
19,[3.89975071],9.06685148897356,12.001366342755293
