,0,1,2
0,[17.72735076],16.00327492715948,15.062550687695865
1,[15.85932658],14.434531406170223,15.170828256696607
2,[19.26465905],17.039315265521374,15.98238365808458
3,[15.90111705],13.85794229291283,13.12762330166371
4,[17.94350025],14.742907144905123,13.30204589254739
5,[15.6038745],13.446020533484836,12.830380751206775
6,[2.77349375],6.340639703042887,1.8679606057673368
7,[0.41013089],10.476854523198417,4.231323467880256
8,[4.96352587],7.414003564797165,10.64034862977472
9,[1.26359631],8.1146035149394,1.5098974452795804
10,[2.66480007],7.218891898363056,1.7958954199766044
11,[4.46069549],6.781359782083513,1.7958954199766044
12,[1.21046813],13.268882285796076,14.39340637504975
13,[2.0881037],7.846217053917536,1.8116470158552795
14,[4.33972742],6.654529616754147,1.566233666887972
15,[1.43165121],9.709365463650911,3.5318746682985145
16,[0.68849832],7.011239281634668,2.197190993850051
17,[0.25396801],10.953350701750354,4.206727475778407
18,[4.64145436],9.112908392508857,0.32207151566471737
19,[3.89975071],9.06685148897356,12.001366342755293
