,0,1,2
0,[17.72735076],16.00327492715948,15.062550687695865
1,[15.85932658],14.434531406170223,15.170828256696607
2,[19.26465905],16.528645132978536,15.364908336214349
3,[15.90111705],12.94343541146207,13.12762330166371
4,[17.94350025],14.53860308185583,13.30204589254739
5,[15.6038745],12.820168675338644,12.830380751206775
6,[2.77349375],6.211222477611394,1.6872017351445612
7,[0.41013089],7.421114486569063,3.929596529000891
8,[4.96352587],7.414003564797165,10.64034862977472
9,[1.26359631],7.744934568577511,3.1970991804241415
10,[2.66480007],7.3895849817297234,1.2349506437404605
11,[4.46069549],6.781359782083513,1.7958954199766044
12,[1.21046813],13.381071241043305,14.39340637504975
13,[2.0881037],7.819482211779691,0.5766963721148191
14,[4.33972742],6.654529616754147,4.848956708715415
15,[1.43165121],12.430120029936262,14.172223298073234
16,[0.68849832],4.055621595892977,3.6512291007272673
17,[0.25396801],10.953350701750354,15.349906491840619
18,[4.64145436],9.05723490685413,0.32207151566471737
19,[3.89975071],9.06685148897356,1.063775162523637
