,0,1,2
0,[17.72735076],16.00327492715948,15.062550687695865
1,[15.85932658],14.434531406170223,14.427675369723772
2,[19.26465905],16.528645132978536,16.59985897995481
3,[15.90111705],12.94343541146207,12.001366342755293
4,[17.94350025],14.53860308185583,13.30204589254739
5,[15.6038745],12.820168675338644,14.172223298073234
6,[2.77349375],4.058370389701236,1.566233666887972
7,[0.41013089],7.3057752121460995,2.3633628621129192
8,[4.96352587],7.562344294168949,10.64034862977472
9,[1.26359631],11.135459033392019,3.377858051046917
10,[2.66480007],7.3895849817297234,1.7958954199766044
11,[4.46069549],6.781359782083513,1.7958954199766044
12,[1.21046813],13.381071241043305,14.39340637504975
13,[2.0881037],7.819482211779691,0.6310432145308407
14,[4.33972742],6.654529616754147,0.30172693887936486
15,[1.43165121],12.430120029936262,14.172223298073234
16,[0.68849832],6.951790771543282,3.6512291007272673
17,[0.25396801],10.953350701750354,4.206727475778407
18,[4.64145436],8.942215309142188,0.010172288392676698
19,[3.89975071],6.470856613597027,1.063775162523637
