,0,1,2
0,[17.72735076],16.00327492715948,15.679125118713074
1,[15.85932658],14.434531406170223,14.099449124763973
2,[19.26465905],16.528645132978532,15.364908336214349
3,[15.90111705],13.047829373461331,12.001366342755293
4,[17.94350025],9.069928911434022,12.979974376882673
5,[15.6038745],13.446020533484836,14.172223298073234
6,[2.77349375],4.058370389701236,1.566233666887972
7,[0.41013089],7.3057752121460995,2.3633628621129192
8,[4.96352587],7.917908712923934,10.64034862977472
9,[1.26359631],10.470513058895316,3.377858051046917
10,[2.66480007],7.3895849817297234,1.7958954199766044
11,[4.46069549],8.219740504470384,1.7958954199766044
12,[1.21046813],10.341378136407418,14.39340637504975
13,[2.0881037],5.761110456219072,1.677972805166057
14,[4.33972742],6.654529616754147,1.566233666887972
15,[1.43165121],12.430120029936262,14.172223298073234
16,[0.68849832],7.011239281634668,3.6512291007272673
17,[0.25396801],11.564586911550693,4.7095578620659
18,[4.64145436],9.14414096821304,6.703983956380601
19,[3.89975071],6.470856613597027,6.532570752639466
