,0,1,2
0,[17.72735076],16.00327492715948,15.679125118713074
1,[15.85932658],14.434531406170223,13.771222879804174
2,[19.26465905],16.528645132978532,15.364908336214349
3,[15.90111705],13.047829373461331,13.12762330166371
4,[17.94350025],11.696363164299083,12.979974376882673
5,[15.6038745],13.5504144954841,14.172223298073234
6,[2.77349375],6.370648316656384,1.8679606057673368
7,[0.41013089],7.3057752121460995,2.254669177280876
8,[4.96352587],7.917908712923934,5.159138557055001
9,[1.26359631],10.470513058895316,3.1970991804241415
10,[2.66480007],7.3895849817297234,1.7958954199766044
11,[4.46069549],8.219740504470384,1.7958954199766044
12,[1.21046813],10.341378136407418,3.250227358987538
13,[2.0881037],4.91398079018716,1.677972805166057
14,[4.33972742],10.992735960135391,11.264147084318802
15,[1.43165121],9.439348629363497,14.172223298073234
16,[0.68849832],6.960148867304561,3.6512291007272673
17,[0.25396801],11.564586911550693,4.548522104233541
18,[4.64145436],10.518576238112079,0.32207151566471737
19,[3.89975071],6.785332461929899,1.063775162523637
