,0,1,2
0,[17.72735076],15.361314296632722,15.062550687695865
1,[15.85932658],14.434531406170223,14.427675369723772
2,[19.26465905],16.35372711028852,15.364908336214349
3,[15.90111705],12.856529350103159,13.12762330166371
4,[17.94350025],14.313529728870549,13.30204589254739
5,[15.6038745],13.39034704783011,13.515770808153636
6,[2.77349375],6.271567865387267,2.190032121432054
7,[0.41013089],5.126615071861048,3.929596529000891
8,[4.96352587],6.606184955409861,0.32207151566471737
9,[1.26359631],7.781086342702066,3.377858051046917
10,[2.66480007],9.585914543572699,1.515423031858532
11,[4.46069549],8.00374861247373,1.7958954199766044
12,[1.21046813],7.015338684171754,14.39340637504975
13,[2.0881037],4.242423620990676,1.8116470158552795
14,[4.33972742],9.057900699650217,11.264147084318802
15,[1.43165121],6.7185940630781475,3.209803152633797
16,[0.68849832],6.960148867304559,3.6512291007272673
17,[0.25396801],8.637082762162034,4.548522104233541
18,[4.64145436],9.75529827528948,0.32207151566471737
19,[3.89975071],6.9560255452965665,1.2349506437404605
