,0,1,2
0,[17.72735076],15.048709171864127,14.95385700286382
1,[15.85932658],14.319511808458278,14.427675369723772
2,[19.26465905],16.588990520754407,15.364908336214349
3,[15.90111705],12.94343541146207,13.12762330166371
4,[17.94350025],14.313529728870549,13.30204589254739
5,[15.6038745],13.39034704783011,13.515770808153636
6,[2.77349375],8.993970756586739,7.510206436319414
7,[0.41013089],7.880859647821883,3.929596529000891
8,[4.96352587],8.24827093498722,0.32207151566471737
9,[1.26359631],7.781086342702066,3.377858051046917
10,[2.66480007],9.585914543572699,1.2349506437404605
11,[4.46069549],8.00374861247373,1.7958954199766044
12,[1.21046813],9.976131396167395,8.821816867018644
13,[2.0881037],4.242423620990676,1.8116470158552795
14,[4.33972742],9.057900699650217,11.264147084318802
15,[1.43165121],6.7185940630781475,14.172223298073234
16,[0.68849832],6.960148867304559,3.6512291007272673
17,[0.25396801],10.824600998208364,4.7095578620659
18,[4.64145436],9.75529827528948,0.32207151566471737
19,[3.89975071],6.470856613597027,1.2349506437404605
