,0,1,2
0,[17.72735076],15.260748219375225,14.95385700286382
1,[15.85932658],14.434531406170223,14.427675369723772
2,[19.26465905],16.588990520754407,16.59985897995481
3,[15.90111705],12.4395302633353,13.12762330166371
4,[17.94350025],12.134369588585496,12.979974376882673
5,[15.6038745],13.077100314452514,13.515770808153636
6,[2.77349375],8.993970756586739,2.190032121432054
7,[0.41013089],5.6522238446094395,4.05056459725748
8,[4.96352587],8.217038359283034,0.32207151566471737
9,[1.26359631],7.781086342702065,3.377858051046917
10,[2.66480007],4.772335193992,1.2349506437404605
11,[4.46069549],6.160530478381374,1.7958954199766044
12,[1.21046813],9.976131396167395,14.39340637504975
13,[2.0881037],6.638199155975395,1.8116470158552795
14,[4.33972742],9.057900699650219,11.264147084318802
15,[1.43165121],6.7185940630781475,8.540149755913832
16,[0.68849832],6.960148867304559,3.6512291007272673
17,[0.25396801],10.824600998208364,4.7095578620659
18,[4.64145436],9.75529827528948,0.32207151566471737
19,[3.89975071],6.470856613597027,1.063775162523637
