,0,1,2
0,[17.72735076],15.260748219375222,14.95385700286382
1,[15.85932658],14.319511808458278,14.427675369723772
2,[19.26465905],16.588990520754407,15.364908336214349
3,[15.90111705],12.914048621753585,13.12762330166371
4,[17.94350025],9.143598188012731,12.979974376882673
5,[15.6038745],13.077100314452514,13.515770808153636
6,[2.77349375],8.993970756586739,2.190032121432054
7,[0.41013089],6.04748419441089,3.929596529000891
8,[4.96352587],8.217038359283034,0.4124509509761056
9,[1.26359631],10.689606760616766,3.377858051046917
10,[2.66480007],4.772335193992001,1.2349506437404605
11,[4.46069549],6.160530478381374,1.7958954199766044
12,[1.21046813],10.615551232252223,3.250227358987538
13,[2.0881037],6.638199155975395,2.3725917920914235
14,[4.33972742],9.057900699650219,11.264147084318802
15,[1.43165121],6.7185940630781475,8.540149755913832
16,[0.68849832],6.960148867304559,3.6512291007272673
17,[0.25396801],10.824600998208364,4.7095578620659
18,[4.64145436],9.755298275289482,0.32207151566471737
19,[3.89975071],6.470856613597027,1.063775162523637
