,0,1,2
0,[17.72735076],15.252740006625828,14.95385700286382
1,[15.85932658],12.068186688420994,14.511702818930331
2,[19.26465905],16.424089043087868,15.364908336214349
3,[15.90111705],12.172402053782752,14.469465848530172
4,[17.94350025],12.797413244565329,13.141010134715032
5,[15.6038745],11.035264407896474,10.962420145439438
6,[2.77349375],6.670425585309914,1.8679606057673368
7,[0.41013089],12.937763027548135,4.3019797904012265
8,[4.96352587],6.2742423368492,5.159138557055001
9,[1.26359631],7.828867878606187,3.1970991804241415
10,[2.66480007],10.22956746531517,1.7958954199766044
11,[4.46069549],8.838500898632718,1.7958954199766044
12,[1.21046813],13.319972700126181,14.648858446700288
13,[2.0881037],8.166663308103153,2.3725917920914235
14,[4.33972742],11.079642021494303,0.09191087328226377
15,[1.43165121],8.966807543709294,1.34184254686646
16,[0.68849832],4.063979691654255,0.7431528869728354
17,[0.25396801],8.391165308978149,4.146243441650112
18,[4.64145436],6.391166492424569,1.8679606057673368
19,[3.89975071],9.138960864306345,6.2206715253674245
