,0,1,2
0,[17.72735076],15.524996409527045,15.008203845279843
1,[15.85932658],14.478768021565525,14.648858446700288
2,[19.26465905],16.02875818496799,15.364908336214349
3,[15.90111705],14.496364886720608,14.469465848530172
4,[17.94350025],15.138238003024998,13.452909361987073
5,[15.6038745],10.875196960242487,12.830380751206775
6,[2.77349375],6.670425585309914,2.0289963635996955
7,[0.41013089],13.213827700484975,4.553394983544973
8,[4.96352587],7.779250305037186,10.64034862977472
9,[1.26359631],7.478046890372146,1.5098974452795804
10,[2.66480007],6.965285774714128,1.515423031858532
11,[4.46069549],8.421666163541236,1.7958954199766044
12,[1.21046813],12.895277449794772,14.39340637504975
13,[2.0881037],7.81006527979298,1.8116470158552795
14,[4.33972742],9.557058424775997,0.12096806825658923
15,[1.43165121],9.368312337062207,3.0290442820110215
16,[0.68849832],4.055621595892976,3.6512291007272673
17,[0.25396801],7.995904959176698,4.0857594075218175
18,[4.64145436],6.698628150876358,0.32207151566471737
19,[3.89975071],7.028907623593559,13.827600043955403
