,0,1,2
0,[17.72735076],15.720493380628042,15.062550687695865
1,[15.85932658],14.434531406170223,15.170828256696607
2,[19.26465905],17.039315265521374,15.364908336214349
3,[15.90111705],14.496364886720608,14.690648925506688
4,[17.94350025],12.462427774221325,13.603772831426756
5,[15.6038745],12.820168675338646,12.830380751206775
6,[2.77349375],6.670425585309914,2.190032121432054
7,[0.41013089],12.789132450153565,4.553394983544973
8,[4.96352587],6.137164325459827,0.32207151566471737
9,[1.26359631],7.640085156521117,1.5098974452795804
10,[2.66480007],7.218891898363056,1.7958954199766044
11,[4.46069549],4.7175666846698885,1.7958954199766044
12,[1.21046813],13.319972700126181,14.39340637504975
13,[2.0881037],7.50044839904124,1.8116470158552795
14,[4.33972742],8.79366894028861,2.9080762137544323
15,[1.43165121],6.654529616754148,2.124959380310446
16,[0.68849832],4.055621595892976,3.6512291007272673
17,[0.25396801],10.198911267953582,4.0857594075218175
18,[4.64145436],8.640235820086271,0.32207151566471737
19,[3.89975071],7.028907623593559,1.2349506437404605
