,0,1,2
0,[0.47316659],0.6375158429183219,0.16434924989610222
1,[0.98944145],0.5496616711566871,0.4397797778986118
2,[0.00852424],0.5643315894676557,0.5558073486518335
3,[0.75634219],0.5768810437142151,0.17946114308924643
4,[0.53733368],0.6710350407397534,0.13370135749399303
5,[0.89851905],0.5373336832457604,0.36118536672226786
6,[0.31189054],0.5842168970315935,0.27232635708277564
7,[0.75910295],0.5496616711566871,0.20944128260793837
8,[0.67103504],0.5373336832457604,0.13370135749399303
9,[0.96067348],0.4644495115038802,0.49622396451739353
10,[0.71130756],0.5768810437142151,0.1344265138083618
11,[0.20307828],0.5842168970315935,0.3811386136703441
12,[0.82332935],0.5496616711566871,0.2736676811056852
13,[0.01843941],0.6480638967417076,0.6296244871695613
14,[0.62226697],0.563090516285381,0.059176451772677274
15,[0.38783688],0.5842168970315935,0.19638001415211037
16,[0.69649899],0.5768810437142151,0.11961794825763516
17,[0.01827904],0.5643315894676557,0.546052553568994
18,[0.25463373],0.5842168970315935,0.32958316593718473
19,[0.34380165],0.6480638967417076,0.30426224683579495
20,[0.64887494],0.5496616711566871,0.09921326538880204
21,[0.10418396],0.6710350407397534,0.5668510782530671
22,[0.40801232],0.5643315894676557,0.15631926707465926
23,[0.09881147],0.5643315894676557,0.46552011575270935
24,[0.55413329],0.6480638967417076,0.09393061082484233
25,[0.19083789],0.6375158429183219,0.4466779506575851
26,[0.9209107],0.5496616711566871,0.37124902641377144
27,[0.90189254],0.5496616711566871,0.3522308692457976
28,[0.98535657],0.5373336832457604,0.44802288962674286
29,[0.79082846],0.4644495115038802,0.32637894379088955
30,[0.19653317],0.6710350407397534,0.4745018684513693
31,[0.18624508],0.6375158429183219,0.4512707584082536
32,[0.04824946],0.6710350407397534,0.622785579734425
33,[0.13263643],0.6710350407397534,0.5383986099934583
34,[0.99114772],0.563090516285381,0.42805720698480987
35,[0.32733212],0.6480638967417076,0.32073177538293585
36,[0.64260334],0.563090516285381,0.07951282705848162
37,[0.5996288],0.6253161389443578,0.025687337432792723
38,[0.60994559],0.563090516285381,0.04685507215914397
39,[0.20009704],0.6375158429183219,0.43741880296866975
40,[0.02582188],0.5643315894676557,0.5385097063787517
41,[0.18637736],0.5842168970315935,0.39783953738957456
42,[0.78917189],0.4644495115038802,0.32472237680094335
43,[0.90568517],0.5373336832457604,0.3683514838556845
44,[0.47532492],0.6710350407397534,0.19571011788286763
45,[0.10510452],0.6480638967417076,0.542959377097227
46,[0.36739522],0.6710350407397534,0.3036398212945558
47,[0.98676183],0.5768810437142151,0.40988078760964597
48,[0.94550472],0.4644495115038802,0.4810552110965855
49,[0.27620434],0.6375158429183219,0.36131150312679583
50,[0.03074612],0.6710350407397534,0.6402889161827736
51,[0.37662556],0.6375158429183219,0.260890284710688
52,[0.56433159],0.563090516285381,0.0012410731822747323
53,[0.56309052],0.5643315894676557,0.0012410731822747323
54,[0.77358357],0.5768810437142151,0.19670252263437316
55,[0.23257004],0.6375158429183219,0.4049457996340792
56,[0.39955062],0.5643315894676557,0.1647809738678444
57,[0.15043707],0.5842168970315935,0.43377982999536835
58,[0.33140564],0.5643315894676557,0.2329259493096817
59,[0.88323597],0.5373336832457604,0.34590228820176616
60,[0.88505078],0.5496616711566871,0.33538910833409497
61,[0.01131129],0.5842168970315935,0.5729056033758019
62,[0.0284209],0.5643315894676557,0.5359106870356869
63,[0.72533703],0.563090516285381,0.16224651065767992
64,[0.88549736],0.5373336832457604,0.34816367243568946
65,[0.9135657],0.563090516285381,0.35047518155205204
66,[0.29356445],0.6480638967417076,0.35449945134727867
67,[0.67300847],0.5373336832457604,0.13567478451245585
68,[0.53340903],0.5643315894676557,0.03092256251160197
69,[0.54106214],0.5076042684071964,0.033457871721080834
70,[0.19796629],0.5842168970315935,0.38625060943346845
71,[0.80333381],0.4644495115038802,0.3388843022085079
72,[0.64565216],0.563090516285381,0.0825616388215592
73,[0.99409691],0.4644495115038802,0.5296473973676734
74,[0.77858451],0.5768810437142151,0.20170346985042853
75,[0.12002436],0.6375158429183219,0.5174914859503814
76,[0.83819417],0.5496616711566871,0.28853249756126864
77,[0.03391581],0.6375158429183219,0.6036000331748276
78,[0.89163942],0.5373336832457604,0.3543057368652215
79,[0.02617281],0.5842168970315935,0.5580440867041947
80,[0.95300247],0.4644495115038802,0.4885529598568253
81,[0.1207105],0.6480638967417076,0.5273534015790454
82,[0.37318025],0.6480638967417076,0.274883646974704
83,[0.81970978],0.5373336832457604,0.2823760947282571
84,[0.59534139],0.563090516285381,0.03225086947988354
85,[0.62615675],0.5610207647838543,0.06513598450730018
86,[0.81591114],0.5768810437142151,0.2390300931575846
87,[0.62737165],0.4644495115038802,0.1629221424310296
88,[0.57978478],0.563090516285381,0.016694260349586543
89,[0.05398722],0.6480638967417076,0.5940766784870728
90,[0.73198679],0.5496616711566871,0.18232512066289608
91,[0.94110354],0.4644495115038802,0.47665402519799954
92,[0.00228421],0.6710350407397534,0.6687508305289013
93,[0.71975165],0.5768810437142151,0.14287060770812732
94,[0.41512548],0.6710350407397534,0.2559095604635132
95,[0.88548508],0.5373336832457604,0.34815139525534633
96,[0.92625755],0.5768810437142151,0.3493765036958416
