,0,1,2
0,[0.47316659],0.590112988042669,0.11694639502044935
1,[0.98944145],0.6261567492911545,0.36328469976414435
2,[0.00852424],0.587563081200116,0.5790388403842938
3,[0.75634219],0.5953413857652645,0.16100080103819703
4,[0.55406923],0.4202809062337086,0.13378832056047485
5,[0.53733368],0.445225201566563,0.09210848167919738
6,[0.89851905],0.445225201566563,0.45329384840146525
7,[0.31189054],0.6222669680580583,0.3103764281092404
8,[0.75910295],0.47316659302221964,0.2859363607424058
9,[0.67103504],0.6128927754013598,0.05814226533839362
10,[0.96067348],0.47453723126063685,0.4861362447606369
11,[0.71130756],0.5953413857652645,0.11596617175731239
12,[0.20307828],0.5604234583816223,0.3573451750203729
13,[0.82332935],0.4151254802762402,0.40820387198613206
14,[0.01843941],0.6710350407397534,0.6525956311676071
15,[0.98377885],0.38783688287948315,0.5959419714617382
16,[0.62226697],0.5643315894676557,0.05793537859040254
17,[0.38783688],0.5373336832457604,0.14949680036627722
18,[0.69649899],0.5953413857652645,0.10115760620658576
19,[0.01678453],0.6710350407397534,0.6542505145152889
20,[0.01827904],0.587563081200116,0.5692840453014543
21,[0.25463373],0.5604234583816223,0.30578972728721354
22,[0.34380165],0.6222669680580583,0.2784653181521456
23,[0.64887494],0.4151254802762402,0.23374945626924892
24,[0.10418396],0.6710350407397534,0.5668510782530671
25,[0.40801232],0.5643315894676557,0.15631926707465926
26,[0.09881147],0.5643315894676557,0.46552011575270935
27,[0.55413329],0.6222669680580583,0.06813368214119297
28,[0.19083789],0.5373336832457604,0.3464957909850236
29,[0.9209107],0.47316659302221964,0.4477441045482389
30,[0.90189254],0.5071143665752484,0.39477817382723623
31,[0.98535657],0.47532492285688577,0.5100316500156175
32,[0.79082846],0.38783688287948315,0.4029915724152866
33,[0.19653317],0.5540692267941835,0.3575360545057994
34,[0.18624508],0.5373336832457604,0.3510885987356921
35,[0.04824946],0.6710350407397534,0.622785579734425
36,[0.13263643],0.5540692267941835,0.4214327960478884
37,[0.99114772],0.5643315894676557,0.42681613380253514
38,[0.32733212],0.5541332859168653,0.22680116455809352
39,[0.64260334],0.5643315894676557,0.07827175387620688
40,[0.5996288],0.6710350407397534,0.07140623922818834
41,[0.60994559],0.5410621401282772,0.06888344831624771
42,[0.20009704],0.5948651825397462,0.3947681425900941
43,[0.02582188],0.5643315894676557,0.5385097063787517
44,[0.18637736],0.5373336832457604,0.3509563236037414
45,[0.78917189],0.47453723126063685,0.3146346570441867
46,[0.90568517],0.6128927754013598,0.2927923917000851
47,[0.47532492],0.6710350407397534,0.19571011788286763
48,[0.10510452],0.5541332859168653,0.44902876627238464
49,[0.36739522],0.5540692267941835,0.18667400734898587
50,[0.98676183],0.5953413857652645,0.39142044555859656
51,[0.94550472],0.38783688287948315,0.5576678397209825
52,[0.27620434],0.590112988042669,0.31390864825114295
53,[0.03074612],0.6710350407397534,0.6402889161827736
54,[0.37662556],0.5373336832457604,0.16070812503812648
55,[0.56433159],0.587563081200116,0.023231491732460308
56,[0.56309052],0.587563081200116,0.02447256491473504
57,[0.77358357],0.5953413857652645,0.17824218058332375
58,[0.23257004],0.5373336832457604,0.3047636399615177
59,[0.39955062],0.587563081200116,0.1880124656003047
60,[0.15043707],0.5475656834612304,0.3971286164250052
61,[0.33140564],0.587563081200116,0.256157441042142
62,[0.88323597],0.6128927754013598,0.27034319604616674
63,[0.88505078],0.4151254802762402,0.46992529921454185
64,[0.01131129],0.5604234583816223,0.5491121647258307
65,[0.0284209],0.587563081200116,0.5591421787681472
66,[0.72533703],0.5410621401282772,0.18427488681478366
67,[0.88549736],0.6128927754013598,0.27260458028009005
68,[0.9135657],0.5643315894676557,0.3492341083697773
69,[0.29356445],0.5541332859168653,0.26056884052243634
70,[0.67300847],0.6128927754013598,0.06011569235685643
71,[0.53340903],0.587563081200116,0.05415405424406228
72,[0.54106214],0.493898549513982,0.04716359061429526
73,[0.19796629],0.5604234583816223,0.36245717078349726
74,[0.80333381],0.47453723126063685,0.32879658245175125
75,[0.64565216],0.5334090269560537,0.11224312815088644
76,[0.99409691],0.47453723126063685,0.5195596776109168
77,[0.77858451],0.5953413857652645,0.18324312779937912
78,[0.12002436],0.5373336832457604,0.4173093262778199
79,[0.83819417],0.5071143665752484,0.33107980214270727
80,[0.03391581],0.590112988042669,0.5561971782991747
81,[0.89163942],0.6128927754013598,0.27874664470962207
82,[0.02617281],0.5604234583816223,0.5342506480542235
83,[0.95300247],0.4644495115038802,0.4885529598568253
84,[0.1207105],0.5541332859168653,0.4334227907542031
85,[0.37318025],0.6710350407397534,0.2978547909727498
86,[0.81970978],0.6128927754013598,0.20681700257265767
87,[0.59534139],0.5643315894676557,0.031009796297608805
88,[0.62615675],0.6488749365454891,0.02271818725433461
89,[0.81591114],0.5953413857652645,0.2205697511065352
90,[0.62737165],0.38783688287948315,0.23953477105542664
91,[0.57978478],0.5410621401282772,0.03872263650669028
92,[0.05398722],0.6222669680580583,0.5682797498034234
93,[0.73198679],0.4151254802762402,0.31686131154334296
94,[0.94110354],0.5643315894676557,0.376771947234224
95,[0.00228421],0.6710350407397534,0.6687508305289013
96,[0.71975165],0.5953413857652645,0.12441026565707791
97,[0.41512548],0.5373336832457604,0.12220820296952017
98,[0.88548508],0.47532492285688577,0.4101601556442209
99,[0.92625755],0.5996288015115651,0.32662874589849167
