,0,1,2
0,[0.47316659],0.5953413857652645,0.12217479274304488
1,[0.98944145],0.5714376464601743,0.4180038025951246
2,[0.00852424],0.5797847766349675,0.5712605358191453
3,[0.75634219],0.5720581830513116,0.18428400375214993
4,[0.55406923],0.5974850936384148,0.04341586684423138
5,[0.53733368],0.5720581830513116,0.03472449980555126
6,[0.89851905],0.5540692267941835,0.34444982317384476
7,[0.31189054],0.5953413857652645,0.28345084581644664
8,[0.75910295],0.5540692267941835,0.20503372697044198
9,[0.67103504],0.563090516285381,0.10794452445437241
10,[0.96067348],0.5410621401282772,0.4196113358929965
11,[0.71130756],0.587563081200116,0.12374447632246088
12,[0.20307828],0.6180511688678397,0.4149728855065903
13,[0.82332935],0.4151254802762402,0.40820387198613206
14,[0.01843941],0.604787194978045,0.5863477854058987
15,[0.98377885],0.5373336832457604,0.446445171095461
16,[0.62226697],0.5643315894676557,0.05793537859040254
17,[0.38783688],0.5541332859168653,0.16629640303738213
18,[0.69649899],0.5643315894676557,0.13216740250419456
19,[0.01678453],0.5953413857652645,0.5785568595408
20,[0.01827904],0.5643315894676557,0.546052553568994
21,[0.25463373],0.5541012563555243,0.29946752526111553
22,[0.34380165],0.5996288015115651,0.2558271516056524
23,[0.64887494],0.5334090269560537,0.11546590958943537
24,[0.10418396],0.5996288015115651,0.4954448390248788
25,[0.40801232],0.5643315894676557,0.15631926707465926
26,[0.09881147],0.5643315894676557,0.46552011575270935
27,[0.55413329],0.5953413857652645,0.04120809984839924
28,[0.19083789],0.5720581830513116,0.38122029079057485
29,[0.9209107],0.563090516285381,0.35782018128507753
30,[0.90189254],0.563090516285381,0.3388020241171037
31,[0.98535657],0.47532492285688577,0.5100316500156175
32,[0.79082846],0.5410621401282772,0.2497663151664925
33,[0.19653317],0.5996288015115651,0.403095629223181
34,[0.18624508],0.5797847766349675,0.39353969212489925
35,[0.04824946],0.604787194978045,0.5565377339727167
36,[0.13263643],0.5797847766349675,0.44714834588867247
37,[0.99114772],0.5643315894676557,0.42681613380253514
38,[0.32733212],0.5637110528765183,0.23637893151774658
39,[0.64260334],0.563090516285381,0.07951282705848162
40,[0.5996288],0.5643315894676557,0.03529721204390934
41,[0.60994559],0.563090516285381,0.04685507215914397
42,[0.20009704],0.5643315894676557,0.3642345495180036
43,[0.02582188],0.5797847766349675,0.5539628935460635
44,[0.18637736],0.5797847766349675,0.39340741699294857
45,[0.78917189],0.5586119011011231,0.2305599872037004
46,[0.90568517],0.5643315894676557,0.34135357763378915
47,[0.47532492],0.5996288015115651,0.12430387865467929
48,[0.10510452],0.5953413857652645,0.4902368661207839
49,[0.36739522],0.5953413857652645,0.22794616632006692
50,[0.98676183],0.5586119011011231,0.42814993022273795
51,[0.94550472],0.5410621401282772,0.40444258247218845
52,[0.27620434],0.563090516285381,0.28688617649385495
53,[0.03074612],0.6222669680580583,0.5915208435010785
54,[0.37662556],0.5953413857652645,0.21871582755763064
55,[0.56433159],0.5797847766349675,0.01545318716731181
56,[0.56309052],0.5797847766349675,0.016694260349586543
57,[0.77358357],0.5637110528765183,0.20987251347206992
58,[0.23257004],0.5643315894676557,0.331761546183413
59,[0.39955062],0.5643315894676557,0.1647809738678444
60,[0.15043707],0.5643315894676557,0.41389452243143054
61,[0.33140564],0.5996288015115651,0.26822316135359103
62,[0.88323597],0.5541012563555243,0.3291347150920022
63,[0.88505078],0.5540692267941835,0.33098155269659857
64,[0.01131129],0.587563081200116,0.5762517875443244
65,[0.0284209],0.5953413857652645,0.5669204833332957
66,[0.72533703],0.563090516285381,0.16224651065767992
67,[0.88549736],0.5541012563555243,0.3313960993259255
68,[0.9135657],0.5541332859168653,0.35943241192056774
69,[0.29356445],0.587563081200116,0.2939986358056871
70,[0.67300847],0.5540692267941835,0.11893924096403274
71,[0.53340903],0.5996288015115651,0.06621977455551131
72,[0.54106214],0.563090516285381,0.022028376157103735
73,[0.19796629],0.5475656834612304,0.3495993958631053
74,[0.80333381],0.5410621401282772,0.26227167358411085
75,[0.64565216],0.563090516285381,0.0825616388215592
76,[0.99409691],0.5410621401282772,0.4530347687432764
77,[0.77858451],0.5643315894676557,0.21425292409698793
78,[0.12002436],0.5953413857652645,0.47531702879732407
79,[0.83819417],0.5540692267941835,0.28412494192377225
80,[0.03391581],0.5797847766349675,0.5458689668914732
81,[0.89163942],0.5540692267941835,0.3375701933167984
82,[0.02617281],0.5643315894676557,0.5381587791402569
83,[0.95300247],0.5541012563555243,0.39890121500518116
84,[0.1207105],0.5643315894676557,0.4436210943049935
85,[0.37318025],0.5996288015115651,0.22644855174456147
86,[0.81970978],0.5797847766349675,0.23992500133904993
87,[0.59534139],0.563090516285381,0.03225086947988354
88,[0.62615675],0.563090516285381,0.06306623300577352
89,[0.81591114],0.5720581830513116,0.2438529538204881
90,[0.62737165],0.5373336832457604,0.09003797068914943
91,[0.57978478],0.5643315894676557,0.01545318716731181
92,[0.05398722],0.5643315894676557,0.5103443712130209
93,[0.73198679],0.5373336832457604,0.1946531085738228
94,[0.94110354],0.5643315894676557,0.376771947234224
95,[0.00228421],0.5996288015115651,0.5973445913007129
96,[0.71975165],0.5643315894676557,0.15542006195468672
97,[0.41512548],0.609945588444525,0.19482010816828477
98,[0.88548508],0.5541012563555243,0.3313838221455824
99,[0.92625755],0.5637110528765183,0.3625464945335384
