,0,1,2
0,[0.47316659],0.5797847766349675,0.10661818361274789
1,[0.98944145],0.5720581830513116,0.41738326600398723
2,[0.00852424],0.5797847766349675,0.5712605358191453
3,[0.75634219],0.5541332859168653,0.20220890088659627
4,[0.55406923],0.604787194978045,0.05071796818386154
5,[0.53733368],0.5797847766349675,0.04245109338920716
6,[0.89851905],0.5541332859168653,0.34438576405116295
7,[0.31189054],0.5643315894676557,0.25244104951883783
8,[0.75910295],0.5540692267941835,0.20503372697044198
9,[0.67103504],0.5586119011011231,0.11242313963863027
10,[0.96067348],0.5410621401282772,0.4196113358929965
11,[0.71130756],0.5953413857652645,0.11596617175731239
12,[0.20307828],0.5953413857652645,0.3922631024040151
13,[0.82332935],0.535371355100907,0.2879579971614652
14,[0.01843941],0.5996288015115651,0.5811893919394188
15,[0.98377885],0.5410621401282772,0.4427167142129441
16,[0.62226697],0.5643315894676557,0.05793537859040254
17,[0.38783688],0.563090516285381,0.17525363340589784
18,[0.69649899],0.563090516285381,0.1334084756864693
19,[0.01678453],0.5720581830513116,0.5552736568268472
20,[0.01827904],0.5643315894676557,0.546052553568994
21,[0.25463373],0.5720581830513116,0.31742445195690283
22,[0.34380165],0.5974850936384148,0.2536834437325022
23,[0.64887494],0.5373336832457604,0.11154125329972875
24,[0.10418396],0.5797847766349675,0.47560081414828126
25,[0.40801232],0.5643315894676557,0.15631926707465926
26,[0.09881147],0.563090516285381,0.4642790425704346
27,[0.55413329],0.5797847766349675,0.025651490718102243
28,[0.19083789],0.5797847766349675,0.38894688437423075
29,[0.9209107],0.5637110528765183,0.35719964469394017
30,[0.90189254],0.563090516285381,0.3388020241171037
31,[0.98535657],0.5373336832457604,0.44802288962674286
32,[0.79082846],0.5410621401282772,0.2497663151664925
33,[0.19653317],0.5797847766349675,0.38325160434658345
34,[0.18624508],0.587563081200116,0.40131799669004775
35,[0.04824946],0.5996288015115651,0.5513793405062367
36,[0.13263643],0.5643315894676557,0.43169515872136066
37,[0.99114772],0.5541332859168653,0.43701443735332557
38,[0.32733212],0.5541332859168653,0.22680116455809352
39,[0.64260334],0.5541332859168653,0.08847005742699732
40,[0.5996288],0.5643315894676557,0.03529721204390934
41,[0.60994559],0.563090516285381,0.04685507215914397
42,[0.20009704],0.5643315894676557,0.3642345495180036
43,[0.02582188],0.5797847766349675,0.5539628935460635
44,[0.18637736],0.5953413857652645,0.40896402612324556
45,[0.78917189],0.5720581830513116,0.21711370525351192
46,[0.90568517],0.563090516285381,0.3425946508160639
47,[0.47532492],0.5996288015115651,0.12430387865467929
48,[0.10510452],0.5996288015115651,0.4945242818670844
49,[0.36739522],0.5797847766349675,0.21238955718976993
50,[0.98676183],0.563090516285381,0.4236713150384801
51,[0.94550472],0.5540692267941835,0.39143549580628223
52,[0.27620434],0.563090516285381,0.28688617649385495
53,[0.03074612],0.6222669680580583,0.5915208435010785
54,[0.37662556],0.5953413857652645,0.21871582755763064
55,[0.56433159],0.563090516285381,0.0012410731822747323
56,[0.56309052],0.5643315894676557,0.0012410731822747323
57,[0.77358357],0.5643315894676557,0.20925197688093256
58,[0.23257004],0.5643315894676557,0.331761546183413
59,[0.39955062],0.5797847766349675,0.18023416103515622
60,[0.15043707],0.5953413857652645,0.44490431872903935
61,[0.33140564],0.5953413857652645,0.2639357456072905
62,[0.88323597],0.5540692267941835,0.32916674465334306
63,[0.88505078],0.5540692267941835,0.33098155269659857
64,[0.01131129],0.609945588444525,0.5986342947887333
65,[0.0284209],0.5953413857652645,0.5669204833332957
66,[0.72533703],0.5586119011011231,0.16672512584193777
67,[0.88549736],0.5586119011011231,0.3268854545803267
68,[0.9135657],0.5541332859168653,0.35943241192056774
69,[0.29356445],0.5643315894676557,0.2707671440732268
70,[0.67300847],0.5541332859168653,0.11887518184135093
71,[0.53340903],0.5996288015115651,0.06621977455551131
72,[0.54106214],0.5643315894676557,0.023269449339378467
73,[0.19796629],0.563090516285381,0.3651242286872559
74,[0.80333381],0.5410621401282772,0.26227167358411085
75,[0.64565216],0.5643315894676557,0.08132056563928447
76,[0.99409691],0.5410621401282772,0.4530347687432764
77,[0.77858451],0.5643315894676557,0.21425292409698793
78,[0.12002436],0.5643315894676557,0.44430723249971527
79,[0.83819417],0.5391979116870188,0.2989962570309369
80,[0.03391581],0.5797847766349675,0.5458689668914732
81,[0.89163942],0.5540692267941835,0.3375701933167984
82,[0.02617281],0.5541332859168653,0.5279604755894665
83,[0.95300247],0.5410621401282772,0.41194033123242824
84,[0.1207105],0.5720581830513116,0.45134768788864943
85,[0.37318025],0.5996288015115651,0.22644855174456147
86,[0.81970978],0.5643315894676557,0.25537818850636174
87,[0.59534139],0.563090516285381,0.03225086947988354
88,[0.62615675],0.5643315894676557,0.06182515982349879
89,[0.81591114],0.563090516285381,0.25282062058641874
90,[0.62737165],0.5410621401282772,0.08630951380663254
91,[0.57978478],0.563090516285381,0.016694260349586543
92,[0.05398722],0.5953413857652645,0.5413541675106297
93,[0.73198679],0.5540692267941835,0.17791756502539968
94,[0.94110354],0.5797847766349675,0.3613187600669122
95,[0.00228421],0.5996288015115651,0.5973445913007129
96,[0.71975165],0.5643315894676557,0.15542006195468672
97,[0.41512548],0.6242118586746064,0.2090863783983662
98,[0.88548508],0.5540692267941835,0.3314158517069232
99,[0.92625755],0.5643315894676557,0.361925957942401
