,0,1,2
0,[0.47316659],0.5540692267941835,0.08090263377196383
1,[0.98944145],0.6261567492911545,0.36328469976414435
2,[0.00852424],0.5797847766349675,0.5712605358191453
3,[0.75634219],0.587563081200116,0.16877910560334553
4,[0.55406923],0.47316659302221964,0.08090263377196383
5,[0.53733368],0.601025872346513,0.06369218910075258
6,[0.89851905],0.47532492285688577,0.42319412711114246
7,[0.31189054],0.5953413857652645,0.28345084581644664
8,[0.75910295],0.47316659302221964,0.2859363607424058
9,[0.67103504],0.5540692267941835,0.11696581394556993
10,[0.96067348],0.5410621401282772,0.4196113358929965
11,[0.71130756],0.5996288015115651,0.11167875601101185
12,[0.20307828],0.6273716539349098,0.42429337057366034
13,[0.82332935],0.5063293030513231,0.3170000492110492
14,[0.01843941],0.5996288015115651,0.5811893919394188
15,[0.98377885],0.5391979116870188,0.44458094265420256
16,[0.62226697],0.5797847766349675,0.04248219142309073
17,[0.38783688],0.5391979116870188,0.15136102880753566
18,[0.69649899],0.587563081200116,0.10893591077173426
19,[0.01678453],0.5974850936384148,0.5807005674139504
20,[0.01827904],0.587563081200116,0.5692840453014543
21,[0.25463373],0.5410621401282772,0.28642840903386846
22,[0.34380165],0.5974850936384148,0.2536834437325022
23,[0.64887494],0.4151254802762402,0.23374945626924892
24,[0.10418396],0.6488749365454891,0.5446909740588028
25,[0.40801232],0.5637110528765183,0.1556987304835219
26,[0.09881147],0.5797847766349675,0.48097330292002116
27,[0.55413329],0.5974850936384148,0.04335180772154956
28,[0.19083789],0.6261567492911545,0.4353188570304177
29,[0.9209107],0.5540692267941835,0.36684147077627505
30,[0.90189254],0.47316659302221964,0.42872594738026504
31,[0.98535657],0.47316659302221964,0.5121899798502836
32,[0.79082846],0.5391979116870188,0.25163054360775094
33,[0.19653317],0.5881680974261209,0.3916349251377368
34,[0.18624508],0.587563081200116,0.40131799669004775
35,[0.04824946],0.6426033433438626,0.5943538823385343
36,[0.13263643],0.5373336832457604,0.4046972524994653
37,[0.99114772],0.5797847766349675,0.4113629466352233
38,[0.32733212],0.5996288015115651,0.2722966801527933
39,[0.64260334],0.563090516285381,0.07951282705848162
40,[0.5996288],0.5081935314925815,0.09143527001898355
41,[0.60994559],0.5475977130225713,0.062347875421953636
42,[0.20009704],0.5669270017145756,0.36682996176492344
43,[0.02582188],0.5643315894676557,0.5385097063787517
44,[0.18637736],0.6273716539349098,0.44099429429289083
45,[0.78917189],0.47532492285688577,0.3138469654479378
46,[0.90568517],0.5540692267941835,0.3516159403072614
47,[0.47532492],0.5996288015115651,0.12430387865467929
48,[0.10510452],0.5996288015115651,0.4945242818670844
49,[0.36739522],0.5881680974261209,0.22077287798092327
50,[0.98676183],0.5637110528765183,0.42305077844734273
51,[0.94550472],0.47316659302221964,0.47233812957824606
52,[0.27620434],0.5540692267941835,0.27786488700265743
53,[0.03074612],0.6488749365454891,0.6181288119885093
54,[0.37662556],0.6273716539349098,0.2507460957272759
55,[0.56433159],0.5953413857652645,0.031009796297608805
56,[0.56309052],0.5953413857652645,0.03225086947988354
57,[0.77358357],0.5637110528765183,0.20987251347206992
58,[0.23257004],0.6242118586746064,0.3916418153903637
59,[0.39955062],0.5643315894676557,0.1647809738678444
60,[0.15043707],0.5540692267941835,0.4036321597579583
61,[0.33140564],0.5953413857652645,0.2639357456072905
62,[0.88323597],0.563090516285381,0.32014545516214554
63,[0.88505078],0.47316659302221964,0.4118841864685624
64,[0.01131129],0.5475656834612304,0.5362543898054387
65,[0.0284209],0.5953413857652645,0.5669204833332957
66,[0.72533703],0.563090516285381,0.16224651065767992
67,[0.88549736],0.5953413857652645,0.2901559699161853
68,[0.9135657],0.5643315894676557,0.3492341083697773
69,[0.29356445],0.6261567492911545,0.33259230389672556
70,[0.67300847],0.5410621401282772,0.13194632762993896
71,[0.53340903],0.5953413857652645,0.061932358809210775
72,[0.54106214],0.47532492285688577,0.06573721727139148
73,[0.19796629],0.5410621401282772,0.3430958525301522
74,[0.80333381],0.5410621401282772,0.26227167358411085
75,[0.64565216],0.563090516285381,0.0825616388215592
76,[0.99409691],0.5410621401282772,0.4530347687432764
77,[0.77858451],0.5637110528765183,0.2148734606881253
78,[0.12002436],0.6261567492911545,0.506132392323214
79,[0.83819417],0.5797847766349675,0.2584093920829882
80,[0.03391581],0.5540692267941835,0.5201534170506892
81,[0.89163942],0.5540692267941835,0.3375701933167984
82,[0.02617281],0.5410621401282772,0.5148893298008784
83,[0.95300247],0.47532492285688577,0.4776775485038197
84,[0.1207105],0.6273716539349098,0.5066611587722476
85,[0.37318025],0.5996288015115651,0.22644855174456147
86,[0.81970978],0.6222669680580583,0.1974428099159592
87,[0.59534139],0.5643315894676557,0.031009796297608805
88,[0.62615675],0.6381232952401994,0.011966545949044893
89,[0.81591114],0.587563081200116,0.2283480556716837
90,[0.62737165],0.5391979116870188,0.08817374224789098
91,[0.57978478],0.5643315894676557,0.01545318716731181
92,[0.05398722],0.5996288015115651,0.5456415832569302
93,[0.73198679],0.5391979116870188,0.19278888013256434
94,[0.94110354],0.5720581830513116,0.3690453536505681
95,[0.00228421],0.6710350407397534,0.6687508305289013
96,[0.71975165],0.587563081200116,0.1321885702222264
97,[0.41512548],0.6273716539349098,0.2122461736586696
98,[0.88548508],0.5063293030513231,0.3791557754497836
99,[0.92625755],0.5410621401282772,0.3851954072817795
