,0,1,2
0,[0.47316659],0.40801232239299645,0.06515427062922319
1,[0.98944145],0.6128927754013598,0.37654867365393907
2,[0.00852424],0.5720581830513116,0.5635339422354894
3,[0.75634219],0.563090516285381,0.19325167051808056
4,[0.55406923],0.44058945770760805,0.11347976908657542
5,[0.53733368],0.601025872346513,0.06369218910075258
6,[0.89851905],0.5373336832457604,0.36118536672226786
7,[0.31189054],0.5953413857652645,0.28345084581644664
8,[0.75910295],0.47316659302221964,0.2859363607424058
9,[0.67103504],0.5996288015115651,0.07140623922818834
10,[0.96067348],0.5410621401282772,0.4196113358929965
11,[0.71130756],0.5720581830513116,0.13924937447126529
12,[0.20307828],0.6180511688678397,0.4149728855065903
13,[0.82332935],0.47532492285688577,0.3480044294054865
14,[0.01843941],0.604787194978045,0.5863477854058987
15,[0.98377885],0.5391979116870188,0.44458094265420256
16,[0.62226697],0.5953413857652645,0.026925582292793737
17,[0.38783688],0.5410621401282772,0.1532252572487941
18,[0.69649899],0.5643315894676557,0.13216740250419456
19,[0.01678453],0.5797847766349675,0.5630002504105031
20,[0.01827904],0.5643315894676557,0.546052553568994
21,[0.25463373],0.5410621401282772,0.28642840903386846
22,[0.34380165],0.5797847766349675,0.23598312672905486
23,[0.64887494],0.4037814689964039,0.24509346754908523
24,[0.10418396],0.6710350407397534,0.5668510782530671
25,[0.40801232],0.5643315894676557,0.15631926707465926
26,[0.09881147],0.563090516285381,0.4642790425704346
27,[0.55413329],0.5953413857652645,0.04120809984839924
28,[0.19083789],0.5996288015115651,0.4087909092508283
29,[0.9209107],0.5996288015115651,0.32128189605889346
30,[0.90189254],0.47316659302221964,0.42872594738026504
31,[0.98535657],0.47316659302221964,0.5121899798502836
32,[0.79082846],0.5391979116870188,0.25163054360775094
33,[0.19653317],0.5643315894676557,0.36779841717927164
34,[0.18624508],0.5797847766349675,0.39353969212489925
35,[0.04824946],0.6267642016130321,0.5785147406077038
36,[0.13263643],0.5996288015115651,0.46699237076527
37,[0.99114772],0.5643315894676557,0.42681613380253514
38,[0.32733212],0.5592324376922605,0.23190031633348873
39,[0.64260334],0.563090516285381,0.07951282705848162
40,[0.5996288],0.5820394371806952,0.017589364330869883
41,[0.60994559],0.5541332859168653,0.055812302527659674
42,[0.20009704],0.563090516285381,0.36299347633572887
43,[0.02582188],0.5643315894676557,0.5385097063787517
44,[0.18637736],0.609945588444525,0.423568228802506
45,[0.78917189],0.47532492285688577,0.3138469654479378
46,[0.90568517],0.5996288015115651,0.3060563655898798
47,[0.47532492],0.609945588444525,0.1346206655876392
48,[0.10510452],0.5797847766349675,0.4746802569904869
49,[0.36739522],0.6339595615824992,0.2665643421373016
50,[0.98676183],0.563090516285381,0.4236713150384801
51,[0.94550472],0.47316659302221964,0.47233812957824606
52,[0.27620434],0.5540692267941835,0.27786488700265743
53,[0.03074612],0.6710350407397534,0.6402889161827736
54,[0.37662556],0.590112988042669,0.2134874298350351
55,[0.56433159],0.587563081200116,0.023231491732460308
56,[0.56309052],0.587563081200116,0.02447256491473504
57,[0.77358357],0.563090516285381,0.2104930500632073
58,[0.23257004],0.5643315894676557,0.331761546183413
59,[0.39955062],0.563090516285381,0.16353990068556967
60,[0.15043707],0.5540692267941835,0.4036321597579583
61,[0.33140564],0.5797847766349675,0.2483791364769935
62,[0.88323597],0.5797847766349675,0.303451194812559
63,[0.88505078],0.5373336832457604,0.3477170962450217
64,[0.01131129],0.5540692267941835,0.5427579331383918
65,[0.0284209],0.5953413857652645,0.5669204833332957
66,[0.72533703],0.5643315894676557,0.1610054374754052
67,[0.88549736],0.5996288015115651,0.28586855416988477
68,[0.9135657],0.5586119011011231,0.3549537967363099
69,[0.29356445],0.5996288015115651,0.3060643561171361
70,[0.67300847],0.5475656834612304,0.12544278429698585
71,[0.53340903],0.587563081200116,0.05415405424406228
72,[0.54106214],0.5334090269560537,0.007653113172223502
73,[0.19796629],0.5410621401282772,0.3430958525301522
74,[0.80333381],0.5410621401282772,0.26227167358411085
75,[0.64565216],0.563090516285381,0.0825616388215592
76,[0.99409691],0.5410621401282772,0.4530347687432764
77,[0.77858451],0.563090516285381,0.21549399727926266
78,[0.12002436],0.6261567492911545,0.506132392323214
79,[0.83819417],0.5797847766349675,0.2584093920829882
80,[0.03391581],0.5585798715397823,0.524664061796288
81,[0.89163942],0.5540692267941835,0.3375701933167984
82,[0.02617281],0.5410621401282772,0.5148893298008784
83,[0.95300247],0.5334090269560537,0.41959344440465174
84,[0.1207105],0.5996288015115651,0.47891830634890287
85,[0.37318025],0.604787194978045,0.23160694521104142
86,[0.81970978],0.6222669680580583,0.1974428099159592
87,[0.59534139],0.5637110528765183,0.03163033288874617
88,[0.62615675],0.6135002277232374,0.012656521567917078
89,[0.81591114],0.5974850936384148,0.21842604323338488
90,[0.62737165],0.5391979116870188,0.08817374224789098
91,[0.57978478],0.5643315894676557,0.01545318716731181
92,[0.05398722],0.5996288015115651,0.5456415832569302
93,[0.73198679],0.47316659302221964,0.2588201987973635
94,[0.94110354],0.5643315894676557,0.376771947234224
95,[0.00228421],0.6710350407397534,0.6687508305289013
96,[0.71975165],0.5797847766349675,0.1399668747873749
97,[0.41512548],0.6267642016130321,0.21163872133679196
98,[0.88548508],0.5540692267941835,0.3314158517069232
99,[0.92625755],0.5768810437142151,0.3493765036958416
