,0,1,2
0,[0.47316659],0.5643315894676557,0.09116499644543608
1,[0.98944145],0.5996288015115651,0.3898126475437338
2,[0.00852424],0.587563081200116,0.5790388403842938
3,[0.75634219],0.5797847766349675,0.17655741016849402
4,[0.55406923],0.4742457579395527,0.07982346885463076
5,[0.53733368],0.5720581830513116,0.03472449980555126
6,[0.89851905],0.5457014550199719,0.3528175949480563
7,[0.31189054],0.5720581830513116,0.26016764310249374
8,[0.75910295],0.47532492285688577,0.2837780309077397
9,[0.67103504],0.5798364876164601,0.09119855312329328
10,[0.96067348],0.5410621401282772,0.4196113358929965
11,[0.71130756],0.5797847766349675,0.13152278088760938
12,[0.20307828],0.6261567492911545,0.42307846592990506
13,[0.82332935],0.47316659302221964,0.3501627592401526
14,[0.01843941],0.5996288015115651,0.5811893919394188
15,[0.98377885],0.5373336832457604,0.446445171095461
16,[0.62226697],0.5643315894676557,0.05793537859040254
17,[0.38783688],0.5410621401282772,0.1532252572487941
18,[0.69649899],0.5797847766349675,0.11671421533688275
19,[0.01678453],0.5797847766349675,0.5630002504105031
20,[0.01827904],0.5643315894676557,0.546052553568994
21,[0.25463373],0.5540692267941835,0.2994354956997747
22,[0.34380165],0.609945588444525,0.2661439385386123
23,[0.64887494],0.5043669749064698,0.14450796163901936
24,[0.10418396],0.6426033433438626,0.5384193808571763
25,[0.40801232],0.5586119011011231,0.15059957870812668
26,[0.09881147],0.5643315894676557,0.46552011575270935
27,[0.55413329],0.5996288015115651,0.045495515594699776
28,[0.19083789],0.5540692267941835,0.3632313345334467
29,[0.9209107],0.5768490141528743,0.34406168341758425
30,[0.90189254],0.5797847766349675,0.32210776376751715
31,[0.98535657],0.47316659302221964,0.5121899798502836
32,[0.79082846],0.5373336832457604,0.2534947720490094
33,[0.19653317],0.5797847766349675,0.38325160434658345
34,[0.18624508],0.5720581830513116,0.38581309854124335
35,[0.04824946],0.6267642016130321,0.5785147406077038
36,[0.13263643],0.5996288015115651,0.46699237076527
37,[0.99114772],0.5720581830513116,0.41908954021887923
38,[0.32733212],0.5540692267941835,0.2267371054354117
39,[0.64260334],0.5643315894676557,0.07827175387620688
40,[0.5996288],0.5541332859168653,0.045495515594699776
41,[0.60994559],0.5643315894676557,0.04561399897686924
42,[0.20009704],0.5714376464601743,0.37134060651052214
43,[0.02582188],0.5797847766349675,0.5539628935460635
44,[0.18637736],0.5643315894676557,0.37795422982563676
45,[0.78917189],0.5541332859168653,0.23503860238795826
46,[0.90568517],0.5637110528765183,0.3419741142249265
47,[0.47532492],0.5996288015115651,0.12430387865467929
48,[0.10510452],0.5797847766349675,0.4746802569904869
49,[0.36739522],0.5996288015115651,0.23223358206636746
50,[0.98676183],0.563090516285381,0.4236713150384801
51,[0.94550472],0.5410621401282772,0.40444258247218845
52,[0.27620434],0.5585798715397823,0.28237553174825625
53,[0.03074612],0.6242118586746064,0.5934657341176266
54,[0.37662556],0.5540692267941835,0.17744366858654959
55,[0.56433159],0.5797847766349675,0.01545318716731181
56,[0.56309052],0.5953413857652645,0.03225086947988354
57,[0.77358357],0.5797847766349675,0.19379878971362074
58,[0.23257004],0.5643315894676557,0.331761546183413
59,[0.39955062],0.563090516285381,0.16353990068556967
60,[0.15043707],0.5540692267941835,0.4036321597579583
61,[0.33140564],0.5953413857652645,0.2639357456072905
62,[0.88323597],0.5643315894676557,0.3189043819798708
63,[0.88505078],0.47316659302221964,0.4118841864685624
64,[0.01131129],0.563090516285381,0.5517792226295893
65,[0.0284209],0.5953413857652645,0.5669204833332957
66,[0.72533703],0.563090516285381,0.16224651065767992
67,[0.88549736],0.5643315894676557,0.3211657662137941
68,[0.9135657],0.5541332859168653,0.35943241192056774
69,[0.29356445],0.5643315894676557,0.2707671440732268
70,[0.67300847],0.5475656834612304,0.12544278429698585
71,[0.53340903],0.604787194978045,0.07137816802199126
72,[0.54106214],0.445225201566563,0.09583693856171427
73,[0.19796629],0.5410621401282772,0.3430958525301522
74,[0.80333381],0.5410621401282772,0.26227167358411085
75,[0.64565216],0.5643315894676557,0.08132056563928447
76,[0.99409691],0.5410621401282772,0.4530347687432764
77,[0.77858451],0.5797847766349675,0.19879973692967612
78,[0.12002436],0.6222669680580583,0.5022426110901178
79,[0.83819417],0.5410621401282772,0.29713202858967847
80,[0.03391581],0.5540692267941835,0.5201534170506892
81,[0.89163942],0.5540692267941835,0.3375701933167984
82,[0.02617281],0.5540692267941835,0.5278964164667846
83,[0.95300247],0.5586119011011231,0.39439057025958235
84,[0.1207105],0.5541332859168653,0.4334227907542031
85,[0.37318025],0.5996288015115651,0.22644855174456147
86,[0.81970978],0.5996288015115651,0.2200809764624524
87,[0.59534139],0.563090516285381,0.03225086947988354
88,[0.62615675],0.5996288015115651,0.026527947779589445
89,[0.81591114],0.587563081200116,0.2283480556716837
90,[0.62737165],0.5373336832457604,0.09003797068914943
91,[0.57978478],0.5953413857652645,0.015556609130296994
92,[0.05398722],0.5798364876164601,0.5258492693618253
93,[0.73198679],0.4742457579395527,0.25774103388003045
94,[0.94110354],0.5643315894676557,0.376771947234224
95,[0.00228421],0.6222669680580583,0.6199827578472061
96,[0.71975165],0.5643315894676557,0.15542006195468672
97,[0.41512548],0.6222669680580583,0.20714148778181807
98,[0.88548508],0.5540692267941835,0.3314158517069232
99,[0.92625755],0.5541332859168653,0.37212426149319144
