,0,1,2
0,[0.47316659],0.5643315894676557,0.09116499644543608
1,[0.98944145],0.5797847766349675,0.4096566724203313
2,[0.00852424],0.5797847766349675,0.5712605358191453
3,[0.75634219],0.5797847766349675,0.17655741016849402
4,[0.55406923],0.5819801954896104,0.027910968695426974
5,[0.53733368],0.5643315894676557,0.02699790622189535
6,[0.89851905],0.5475656834612304,0.35095336650679787
7,[0.31189054],0.5643315894676557,0.25244104951883783
8,[0.75910295],0.47532492285688577,0.2837780309077397
9,[0.67103504],0.5643315894676557,0.10670345127209768
10,[0.96067348],0.5410621401282772,0.4196113358929965
11,[0.71130756],0.5797847766349675,0.13152278088760938
12,[0.20307828],0.6273716539349098,0.42429337057366034
13,[0.82332935],0.47316659302221964,0.3501627592401526
14,[0.01843941],0.5996288015115651,0.5811893919394188
15,[0.98377885],0.5373336832457604,0.446445171095461
16,[0.62226697],0.5643315894676557,0.05793537859040254
17,[0.38783688],0.5540692267941835,0.16623234391470032
18,[0.69649899],0.5797847766349675,0.11671421533688275
19,[0.01678453],0.5797847766349675,0.5630002504105031
20,[0.01827904],0.5643315894676557,0.546052553568994
21,[0.25463373],0.5475656834612304,0.29293195236682157
22,[0.34380165],0.609945588444525,0.2661439385386123
23,[0.64887494],0.5043669749064698,0.14450796163901936
24,[0.10418396],0.6267642016130321,0.5225802391263459
25,[0.40801232],0.563090516285381,0.15507819389238453
26,[0.09881147],0.5643315894676557,0.46552011575270935
27,[0.55413329],0.5996288015115651,0.045495515594699776
28,[0.19083789],0.5669270017145756,0.3760891094538388
29,[0.9209107],0.5819801954896104,0.3389305020808481
30,[0.90189254],0.563090516285381,0.3388020241171037
31,[0.98535657],0.47316659302221964,0.5121899798502836
32,[0.79082846],0.5373336832457604,0.2534947720490094
33,[0.19653317],0.5797847766349675,0.38325160434658345
34,[0.18624508],0.5797847766349675,0.39353969212489925
35,[0.04824946],0.6261567492911545,0.5779072882858262
36,[0.13263643],0.5996288015115651,0.46699237076527
37,[0.99114772],0.5643315894676557,0.42681613380253514
38,[0.32733212],0.5541332859168653,0.22680116455809352
39,[0.64260334],0.563090516285381,0.07951282705848162
40,[0.5996288],0.5541332859168653,0.045495515594699776
41,[0.60994559],0.563090516285381,0.04685507215914397
42,[0.20009704],0.5797847766349675,0.3796877366853154
43,[0.02582188],0.5797847766349675,0.5539628935460635
44,[0.18637736],0.5643315894676557,0.37795422982563676
45,[0.78917189],0.5541332859168653,0.23503860238795826
46,[0.90568517],0.5643315894676557,0.34135357763378915
47,[0.47532492],0.5996288015115651,0.12430387865467929
48,[0.10510452],0.5797847766349675,0.4746802569904869
49,[0.36739522],0.5996288015115651,0.23223358206636746
50,[0.98676183],0.563090516285381,0.4236713150384801
51,[0.94550472],0.5410621401282772,0.40444258247218845
52,[0.27620434],0.5714376464601743,0.2952333066686482
53,[0.03074612],0.6375158429183219,0.6067697183613421
54,[0.37662556],0.574705306279724,0.19807974807209017
55,[0.56433159],0.5797847766349675,0.01545318716731181
56,[0.56309052],0.5953413857652645,0.03225086947988354
57,[0.77358357],0.5720581830513116,0.20152538329727665
58,[0.23257004],0.5720581830513116,0.33948813976706893
59,[0.39955062],0.5643315894676557,0.1647809738678444
60,[0.15043707],0.5643315894676557,0.41389452243143054
61,[0.33140564],0.5953413857652645,0.2639357456072905
62,[0.88323597],0.5586119011011231,0.3246240703464034
63,[0.88505078],0.5373336832457604,0.3477170962450217
64,[0.01131129],0.5643315894676557,0.5530202958118641
65,[0.0284209],0.5953413857652645,0.5669204833332957
66,[0.72533703],0.5643315894676557,0.1610054374754052
67,[0.88549736],0.5643315894676557,0.3211657662137941
68,[0.9135657],0.5541332859168653,0.35943241192056774
69,[0.29356445],0.5643315894676557,0.2707671440732268
70,[0.67300847],0.5475656834612304,0.12544278429698585
71,[0.53340903],0.5996288015115651,0.06621977455551131
72,[0.54106214],0.5043669749064698,0.03669516522180749
73,[0.19796629],0.5410621401282772,0.3430958525301522
74,[0.80333381],0.5475656834612304,0.25576813025115774
75,[0.64565216],0.5643315894676557,0.08132056563928447
76,[0.99409691],0.5410621401282772,0.4530347687432764
77,[0.77858451],0.5643315894676557,0.21425292409698793
78,[0.12002436],0.5996288015115651,0.4796044445436246
79,[0.83819417],0.5410621401282772,0.29713202858967847
80,[0.03391581],0.5585798715397823,0.524664061796288
81,[0.89163942],0.5540692267941835,0.3375701933167984
82,[0.02617281],0.5643315894676557,0.5381587791402569
83,[0.95300247],0.5637110528765183,0.38929141848418714
84,[0.1207105],0.5747373358410649,0.4540268406784027
85,[0.37318025],0.5996288015115651,0.22644855174456147
86,[0.81970978],0.5897067890732663,0.2300029889007511
87,[0.59534139],0.563090516285381,0.03225086947988354
88,[0.62615675],0.5953413857652645,0.030815363525889983
89,[0.81591114],0.5797847766349675,0.2361263602368322
90,[0.62737165],0.5373336832457604,0.09003797068914943
91,[0.57978478],0.5953413857652645,0.015556609130296994
92,[0.05398722],0.5953413857652645,0.5413541675106297
93,[0.73198679],0.4742457579395527,0.25774103388003045
94,[0.94110354],0.5643315894676557,0.376771947234224
95,[0.00228421],0.6222669680580583,0.6199827578472061
96,[0.71975165],0.5643315894676557,0.15542006195468672
97,[0.41512548],0.604787194978045,0.18966171470180482
98,[0.88548508],0.5540692267941835,0.3314158517069232
99,[0.92625755],0.5541332859168653,0.37212426149319144
