,0,1,2
0,[17.41095701 19.36237268 16.0616634 ],17.712882961800666,3.3603147670259212
1,[15.20354812 16.98597231 16.16566099],19.973592551265483,2.0855543616913406
2,[19.20870362 16.03541172 18.71234767],25.831133392167835,2.5670691037073445
3,[16.96077064 15.9112826  18.71769707],21.327562947092687,3.3233477757461514
4,[15.3479104  19.42668602 19.763222  ],23.21413015478133,5.245272782565975
5,[19.65571717 17.07715477 15.1449083 ],20.921505877044616,3.24286149109956
6,[19.91013742 16.69818842 18.53343597],22.537724773744507,25.86870868837551
7,[16.80938534 15.17552949 19.27529127],26.090251030039962,3.0564073732031414
8,[18.28626754 18.82841497 17.77043619],29.24046614394731,5.1591167723484626
9,[19.42546468 19.52098808 15.0521085 ],17.882921089303217,4.776061032341651
10,[15.37278368 16.22314605 15.66652376],14.64611634851887,2.8281572522042064
11,[18.4896255  16.99102442 19.41561096],23.503273928447687,4.243545218728425
12,[15.90503755 17.16249586 15.09071601],14.377923051932651,2.156935260563057
13,[18.45718931 17.34845326 15.64111095],21.411669205235665,2.631587420955168
14,[19.45668526 19.59101812 15.36560497],22.958506537643917,5.498752361226068
15,[0.22723972 2.19286448 3.00860465],13.197621729096614,26.34219102979862
16,[1.55113517 3.40954121 1.04506575],8.263884545182856,26.74726134654852
17,[2.59802149 2.82994415 2.20583696],15.584746412815033,25.753148742739537
18,[0.68778079 1.06771596 0.66685946],9.311811533421364,4.5182328962604075
19,[1.61148351 1.16943558 2.63749078],12.963445117596839,27.671483696522895
20,[2.82985581 2.19112642 1.60936312],7.340072904623727,25.61583848371198
21,[2.79820405 4.32672791 4.23641439],7.593871830424801,26.08051132199238
22,[0.53908583 1.58159742 2.04739329],8.148543435473332,5.127143955857437
23,[3.43544507 3.51117644 2.23098972],19.585954113109956,24.09963613521086
24,[2.10161039 4.01315296 2.69308783],7.173035462629447,22.73639531962748
25,[4.61750245 0.30953769 1.83791727],13.343432691017824,23.390280863881216
26,[4.85199386 3.49551974 4.4548779 ],15.766471793615182,24.653242069869542
27,[1.26776359 3.62763553 1.01747217],13.683932575733229,28.683573966761358
28,[2.68755912 1.18471502 2.1824608 ],12.845601372895548,26.105210443932577
29,[3.99012257 1.54204582 3.10758314],8.247055343075354,25.020352375552566
30,[2.19824059 4.56661853 3.29342952],12.056186669063894,23.367754532134743
31,[3.26815724 1.79228892 2.61470784],12.288533676105521,24.7056048842302
32,[0.22543656 0.47154831 4.60806097],13.525858068005608,26.74331453591661
33,[0.36522251 4.64708677 3.58507569],12.516033834625318,23.25086094310568
34,[3.11155273 3.77494857 0.70834954],13.096333029462318,24.834864880891924
35,[3.96911099 3.62701575 2.7071964 ],18.972056083598673,23.490079612130184
36,[2.41292247 2.38238805 2.23016415],11.797637560795913,25.99261151714784
37,[4.08035031 1.37175747 0.30981004],8.866759131597798,24.64682706467814
38,[4.80148171 2.29059065 3.78946032],4.207127983340732,23.163460529112157
39,[3.40579301 2.70888963 0.66416245],12.177397072515678,23.51451701081542
40,[1.26602817 2.21927797 2.79374953],17.318302131997363,28.068751598846227
41,[4.06932177 1.58914168 1.98522547],12.625143985169073,23.482253892645957
42,[4.45084124 4.12708104 0.53343542],12.817234452300028,26.012749924861517
43,[0.79887938 3.25609654 2.84532107],16.14833065272525,25.46116136039687
44,[4.92041837 3.74579506 4.01199815],5.21795706843201,21.619893256686524
45,[1.1415494  2.59356723 3.15054202],16.707920099573876,28.03175596073598
46,[0.01092681 2.56607383 2.24595084],13.001210181275255,26.403669366775382
47,[1.74678175 1.3684063  4.51041433],12.71738051208176,25.13525101764123
48,[0.1548723  1.62084545 1.43296374],3.4805802177995355,25.720551508719318
49,[4.78568039 0.08266533 2.28661837],12.546921884844366,25.20443221611196
