,0,1,2
0,[17.41095701 19.36237268 16.0616634 ],17.712882961800666,2.581346128340226
1,[15.20354812 16.98597231 16.16566099],19.973592551265483,3.127235421507931
2,[19.20870362 16.03541172 18.71234767],25.831133392167835,2.442564296148871
3,[16.96077064 15.9112826  18.71769707],25.467431773449402,2.6199491710959433
4,[15.3479104  19.42668602 19.763222  ],23.387636234885612,3.9655441433458973
5,[19.65571717 17.07715477 15.1449083 ],17.41787224715892,3.2442824448480114
6,[19.91013742 16.69818842 18.53343597],22.99272851319429,24.6041913492893
7,[16.80938534 15.17552949 19.27529127],26.09025103003996,4.377052709263305
8,[18.28626754 18.82841497 17.77043619],29.24046614394731,2.379315343416963
9,[19.42546468 19.52098808 15.0521085 ],22.22964381641106,4.03390892441439
10,[15.37278368 16.22314605 15.66652376],14.64611634851887,2.3715167104587094
11,[18.4896255  16.99102442 19.41561096],22.863053850789406,4.285103005945546
12,[15.90503755 17.16249586 15.09071601],14.781939410868906,1.7467403256170715
13,[18.45718931 17.34845326 15.64111095],21.84633074509759,2.7515880608928525
14,[19.45668526 19.59101812 15.36560497],22.493449862436467,3.861486377551544
15,[0.22723972 2.19286448 3.00860465],12.840320591330675,26.363951977638322
16,[1.55113517 3.40954121 1.04506575],8.22400619852082,26.170380639776628
17,[2.59802149 2.82994415 2.20583696],15.813557830327994,25.025916481171127
18,[0.68778079 1.06771596 0.66685946],9.071084544412008,27.525412441884527
19,[1.61148351 1.16943558 2.63749078],12.94284182484021,26.619311315564033
20,[2.82985581 2.19112642 1.60936312],12.2112141771761,25.61583848371198
21,[2.79820405 4.32672791 4.23641439],11.829707384110733,25.57015650292934
22,[0.53908583 1.58159742 2.04739329],8.148543435473332,26.7305925873778
23,[3.43544507 3.51117644 2.23098972],19.58595411310996,23.645242317692922
24,[2.10161039 4.01315296 2.69308783],11.099758109502265,22.516509690092537
25,[4.61750245 0.30953769 1.83791727],13.343432691017824,23.390280863881216
26,[4.85199386 3.49551974 4.4548779 ],15.766471793615182,24.47727090574056
27,[1.26776359 3.62763553 1.01747217],18.344605131992,25.938302099366194
28,[2.68755912 1.18471502 2.1824608 ],7.972845323229151,24.347947012057357
29,[3.99012257 1.54204582 3.10758314],12.905381650122184,23.99808633516836
30,[2.19824059 4.56661853 3.29342952],7.543906616637874,23.367754532134743
31,[3.26815724 1.79228892 2.61470784],12.482716320525729,27.261561793243445
32,[0.22543656 0.47154831 4.60806097],13.915604511690693,27.934327545502327
33,[0.36522251 4.64708677 3.58507569],16.90159553862481,24.659307581053916
34,[3.11155273 3.77494857 0.70834954],12.981358853180794,23.545551053394657
35,[3.96911099 3.62701575 2.7071964 ],19.570316463793233,23.49882337029909
36,[2.41292247 2.38238805 2.23016415],7.263975682765138,24.0435521439793
37,[4.08035031 1.37175747 0.30981004],8.866759131597798,26.97054364306043
38,[4.80148171 2.29059065 3.78946032],4.207127983340732,22.936741754275005
39,[3.40579301 2.70888963 0.66416245],12.455985679440477,23.7311003298561
40,[1.26602817 2.21927797 2.79374953],12.71396406586857,27.176003188394965
41,[4.06932177 1.58914168 1.98522547],12.642207602203422,23.482253892645957
42,[4.45084124 4.12708104 0.53343542],12.77167935218018,24.511688082400056
43,[0.79887938 3.25609654 2.84532107],20.698939042685577,26.23888237411674
44,[4.92041837 3.74579506 4.01199815],5.2179570684320105,21.619893256686524
45,[1.1415494  2.59356723 3.15054202],12.043138513810417,28.47310713192107
46,[0.01092681 2.56607383 2.24595084],12.282733094153404,26.403669366775382
47,[1.74678175 1.3684063  4.51041433],12.71738051208176,23.497054272611454
48,[0.1548723  1.62084545 1.43296374],3.4805802177995355,27.547491917852728
49,[4.78568039 0.08266533 2.28661837],12.86252593308664,25.01353246329691
