,0,1,2
0,[17.41095701 19.36237268 16.0616634 ],17.712882961800666,2.581346128340226
1,[15.20354812 16.98597231 16.16566099],19.973592551265483,3.127235421507931
2,[19.20870362 16.03541172 18.71234767],25.831133392167835,26.361087045019612
3,[16.96077064 15.9112826  18.71769707],21.111879188195385,3.741674660802872
4,[15.3479104  19.42668602 19.763222  ],23.387636234885612,4.039474040472118
5,[19.65571717 17.07715477 15.1449083 ],22.189528084989995,4.646363639316876
6,[19.91013742 16.69818842 18.53343597],22.992728513194294,27.03089157140604
7,[16.80938534 15.17552949 19.27529127],26.27875288068676,4.194036789340473
8,[18.28626754 18.82841497 17.77043619],28.91615829910927,5.1591167723484626
9,[19.42546468 19.52098808 15.0521085 ],27.262198063689777,4.929633589781999
10,[15.37278368 16.22314605 15.66652376],14.64611634851887,0.8104117813414403
11,[18.4896255  16.99102442 19.41561096],22.863053850789406,4.285103005945546
12,[15.90503755 17.16249586 15.09071601],14.781939410868906,1.505313544154574
13,[18.45718931 17.34845326 15.64111095],21.84633074509759,2.5682738296764063
14,[19.45668526 19.59101812 15.36560497],27.427617045865883,4.946414402848646
15,[0.22723972 2.19286448 3.00860465],17.259860475923205,26.320430188499333
16,[1.55113517 3.40954121 1.04506575],8.22400619852082,26.317862704371617
17,[2.59802149 2.82994415 2.20583696],15.813557830327994,25.17507505300109
18,[0.68778079 1.06771596 0.66685946],9.071084544412008,26.37753003043679
19,[1.61148351 1.16943558 2.63749078],7.91002494507306,26.27019650558111
20,[2.82985581 2.19112642 1.60936312],12.211214177176103,28.28599923829606
21,[2.79820405 4.32672791 4.23641439],11.829707384110733,26.08051132199238
22,[0.53908583 1.58159742 2.04739329],8.441196296636374,3.033865183219154
23,[3.43544507 3.51117644 2.23098972],19.58595411310996,23.645242317692922
24,[2.10161039 4.01315296 2.69308783],7.515856394204244,22.956288859098493
25,[4.61750245 0.30953769 1.83791727],13.343432691017824,25.8578861846298
26,[4.85199386 3.49551974 4.4548779 ],11.513803254690544,22.05991112403245
27,[1.26776359 3.62763553 1.01747217],13.1340579203462,25.589494427549194
28,[2.68755912 1.18471502 2.1824608 ],7.972845323229153,25.956157127480747
29,[3.99012257 1.54204582 3.10758314],12.905381650122184,23.99808633516836
30,[2.19824059 4.56661853 3.29342952],7.543906616637874,23.367754532134743
31,[3.26815724 1.79228892 2.61470784],12.482716320525729,25.168987024059145
32,[0.22543656 0.47154831 4.60806097],13.915604511690693,27.934327545502327
33,[0.36522251 4.64708677 3.58507569],12.85666152345865,24.16502745420198
34,[3.11155273 3.77494857 0.70834954],12.98092514976604,22.35829135300257
35,[3.96911099 3.62701575 2.7071964 ],15.283327599631921,23.49882337029909
36,[2.41292247 2.38238805 2.23016415],7.2448949367018916,25.321135298397774
37,[4.08035031 1.37175747 0.30981004],8.885689108449505,26.395459448270884
38,[4.80148171 2.29059065 3.78946032],4.207127983340732,22.710036659040018
39,[3.40579301 2.70888963 0.66416245],12.455985679440477,2.959773377443678
40,[1.26602817 2.21927797 2.79374953],12.71396406586857,27.176003188394965
41,[4.06932177 1.58914168 1.98522547],12.486101623948203,25.23585937533995
42,[4.45084124 4.12708104 0.53343542],12.77167935218018,26.940581088851815
43,[0.79887938 3.25609654 2.84532107],20.698939042685577,25.46116136039687
44,[4.92041837 3.74579506 4.01199815],5.2179570684320105,20.51834268779015
45,[1.1415494  2.59356723 3.15054202],16.693484927397613,25.487373197093603
46,[0.01092681 2.56607383 2.24595084],12.282733094153404,26.403669366775382
47,[1.74678175 1.3684063  4.51041433],12.550567973345302,22.016189454228513
48,[0.1548723  1.62084545 1.43296374],3.8151470579669904,27.896600820216214
49,[4.78568039 0.08266533 2.28661837],17.276635428043175,25.20443221611196
