,0,1,2
0,[17.41095701 19.36237268 16.0616634 ],17.014174743581684,2.581346128340226
1,[15.20354812 16.98597231 16.16566099],19.973592551265483,1.8508254700683358
2,[19.20870362 16.03541172 18.71234767],26.069069119800226,3.2861523119475446
3,[16.96077064 15.9112826  18.71769707],21.102324980611684,3.004274444428448
4,[15.3479104  19.42668602 19.763222  ],28.12210577677443,5.245272782565975
5,[19.65571717 17.07715477 15.1449083 ],16.82814565688839,4.6352668683506195
6,[19.91013742 16.69818842 18.53343597],28.23905234978373,5.697693141327973
7,[16.80938534 15.17552949 19.27529127],25.880422612952877,3.8456335924732246
8,[18.28626754 18.82841497 17.77043619],28.91615829910927,5.1591167723484626
9,[19.42546468 19.52098808 15.0521085 ],23.070522506083403,5.118202160438797
10,[15.37278368 16.22314605 15.66652376],14.64611634851887,1.7454784252660165
11,[18.4896255  16.99102442 19.41561096],23.37506815052521,2.351150451326768
12,[15.90503755 17.16249586 15.09071601],18.591826966528817,1.4764030809042588
13,[18.45718931 17.34845326 15.64111095],21.62495178519556,2.0253576146944434
14,[19.45668526 19.59101812 15.36560497],22.832289167382605,4.213495835380156
15,[0.22723972 2.19286448 3.00860465],12.914747572786485,26.320430188499333
16,[1.55113517 3.40954121 1.04506575],8.22400619852082,26.317862704371617
17,[2.59802149 2.82994415 2.20583696],15.584746412815033,25.17507505300109
18,[0.68778079 1.06771596 0.66685946],9.071084544412008,27.525412441884527
19,[1.61148351 1.16943558 2.63749078],7.821564240463696,24.44322912614608
20,[2.82985581 2.19112642 1.60936312],8.17872596077235,25.30141132279203
21,[2.79820405 4.32672791 4.23641439],7.534956517437488,25.57015650292934
22,[0.53908583 1.58159742 2.04739329],8.441196296636374,24.959243015431543
23,[3.43544507 3.51117644 2.23098972],19.58595411310996,24.09963613521086
24,[2.10161039 4.01315296 2.69308783],12.05707891681738,24.069317865924347
25,[4.61750245 0.30953769 1.83791727],13.232013673736166,23.390280863881216
26,[4.85199386 3.49551974 4.4548779 ],11.513803254690544,23.408619873118717
27,[1.26776359 3.62763553 1.01747217],13.408171110065373,28.5457522342158
28,[2.68755912 1.18471502 2.1824608 ],7.875239373653796,26.46789183541859
29,[3.99012257 1.54204582 3.10758314],12.905381650122184,23.99808633516836
30,[2.19824059 4.56661853 3.29342952],7.0452582249232165,23.830373177983784
31,[3.26815724 1.79228892 2.61470784],12.35030047349445,25.316675205181316
32,[0.22543656 0.47154831 4.60806097],13.686756849301128,27.934327545502327
33,[0.36522251 4.64708677 3.58507569],12.85666152345865,24.355992350743616
34,[3.11155273 3.77494857 0.70834954],8.592458515429684,23.823946155238033
35,[3.96911099 3.62701575 2.7071964 ],15.740076231715483,23.446462812796494
36,[2.41292247 2.38238805 2.23016415],12.414876863579318,24.0435521439793
37,[4.08035031 1.37175747 0.30981004],8.885689108449505,26.97054364306043
38,[4.80148171 2.29059065 3.78946032],3.5910554894058704,22.710036659040018
39,[3.40579301 2.70888963 0.66416245],13.166077824815693,25.743727235447583
40,[1.26602817 2.21927797 2.79374953],12.71396406586857,27.176003188394965
41,[4.06932177 1.58914168 1.98522547],12.642207602203424,25.23585937533995
42,[4.45084124 4.12708104 0.53343542],12.489140277336244,26.940581088851815
43,[0.79887938 3.25609654 2.84532107],11.547511875103478,26.23888237411674
44,[4.92041837 3.74579506 4.01199815],5.21795706843201,21.06910564006899
45,[1.1415494  2.59356723 3.15054202],16.73346198535216,25.487373197093603
46,[0.01092681 2.56607383 2.24595084],17.579692921722394,26.708685376727324
47,[1.74678175 1.3684063  4.51041433],11.84251241442529,25.13525101764123
48,[0.1548723  1.62084545 1.43296374],3.7823063077799643,25.99157710488488
49,[4.78568039 0.08266533 2.28661837],18.01403319803172,25.507644261752834
