,0,1,2
0,[17.41095701 19.36237268 16.0616634 ],21.601582713548055,3.774319969022938
1,[15.20354812 16.98597231 16.16566099],23.78845966483063,1.4376283874480336
2,[19.20870362 16.03541172 18.71234767],26.60173712746366,5.285807216585374
3,[16.96077064 15.9112826  18.71769707],22.035254561285235,2.015981704901992
4,[15.3479104  19.42668602 19.763222  ],23.509069892538154,4.066422311956317
5,[19.65571717 17.07715477 15.1449083 ],22.5321088686673,3.24286149109956
6,[19.91013742 16.69818842 18.53343597],21.925630588037,24.448440469384625
7,[16.80938534 15.17552949 19.27529127],26.002632309687773,3.381889018229382
8,[18.28626754 18.82841497 17.77043619],23.108445657430455,2.554163254834087
9,[19.42546468 19.52098808 15.0521085 ],26.73650721197219,4.653203796939838
10,[15.37278368 16.22314605 15.66652376],19.52247856826912,2.219284998462891
11,[18.4896255  16.99102442 19.41561096],22.542504804081688,4.492614827131843
12,[15.90503755 17.16249586 15.09071601],19.95616863125597,2.1889670910783012
13,[18.45718931 17.34845326 15.64111095],25.760566384620898,4.090654532157142
14,[19.45668526 19.59101812 15.36560497],26.68490369355282,4.068559744771454
15,[0.22723972 2.19286448 3.00860465],23.050131553719694,25.2948066499561
16,[1.55113517 3.40954121 1.04506575],21.069706836758332,26.170380639776628
17,[2.59802149 2.82994415 2.20583696],20.302660563660986,25.17507505300109
18,[0.68778079 1.06771596 0.66685946],24.282843690154465,26.951470378986958
19,[1.61148351 1.16943558 2.63749078],22.89311494370402,26.94114413525188
20,[2.82985581 2.19112642 1.60936312],12.674722956710305,25.108925622295438
21,[2.79820405 4.32672791 4.23641439],12.47464031072993,24.078869510531284
22,[0.53908583 1.58159742 2.04739329],23.553509578392696,27.19400212240816
23,[3.43544507 3.51117644 2.23098972],16.984027631834483,27.14032084282876
24,[2.10161039 4.01315296 2.69308783],12.293500586057597,23.87704038174946
25,[4.61750245 0.30953769 1.83791727],13.177300116556832,25.549277412081114
26,[4.85199386 3.49551974 4.4548779 ],16.3125936929787,23.141043814546414
27,[1.26776359 3.62763553 1.01747217],13.609136605895106,28.72141930293461
28,[2.68755912 1.18471502 2.1824608 ],21.28896760447872,24.627370214457653
29,[3.99012257 1.54204582 3.10758314],12.769103514955138,24.19017439402581
30,[2.19824059 4.56661853 3.29342952],20.78470772264378,23.830373177983784
31,[3.26815724 1.79228892 2.61470784],7.131391916904802,24.96757932566591
32,[0.22543656 0.47154831 4.60806097],23.55843195255091,26.74331453591661
33,[0.36522251 4.64708677 3.58507569],11.92274708436336,26.450947450233617
34,[3.11155273 3.77494857 0.70834954],7.537401846661813,25.21808589516529
35,[3.96911099 3.62701575 2.7071964 ],11.107535082567036,21.16270804905749
36,[2.41292247 2.38238805 2.23016415],15.486616239078108,25.364785215883643
37,[4.08035031 1.37175747 0.30981004],23.31133542086268,26.395459448270884
38,[4.80148171 2.29059065 3.78946032],12.271902372924664,24.521596594832445
39,[1.26602817 2.21927797 2.79374953],11.701061411761028,26.864939092007152
40,[4.06932177 1.58914168 1.98522547],12.860339636041996,27.676104017016982
41,[4.45084124 4.12708104 0.53343542],12.539040199850355,26.940581088851815
42,[0.79887938 3.25609654 2.84532107],17.605068501861062,27.751353353706154
43,[4.92041837 3.74579506 4.01199815],15.984645584874627,22.638480700830094
44,[1.1415494  2.59356723 3.15054202],17.02799271530133,25.182028678727225
45,[0.01092681 2.56607383 2.24595084],12.249691232431733,27.699363653379567
46,[1.74678175 1.3684063  4.51041433],12.653574143708841,24.2760846957558
47,[0.1548723  1.62084545 1.43296374],17.291502035149094,27.591105927800673
48,[4.78568039 0.08266533 2.28661837],12.73592802812889,24.651940729217653
