,0,1,2
0,[17.41095701 19.36237268 16.0616634 ],16.274244202336085,3.7658545415750684
1,[15.20354812 16.98597231 16.16566099],19.49558384248123,2.0855543616913406
2,[19.20870362 16.03541172 18.71234767],26.596096375010955,4.3283205690006845
3,[16.96077064 15.9112826  18.71769707],21.102324980611684,3.3233477757461514
4,[15.3479104  19.42668602 19.763222  ],23.187940623015457,4.039474040472118
5,[19.65571717 17.07715477 15.1449083 ],17.22806329071656,3.3058009978808687
6,[19.91013742 16.69818842 18.53343597],22.972673226359298,25.985864974631166
7,[16.80938534 15.17552949 19.27529127],25.48529357858457,4.377052709263305
8,[18.28626754 18.82841497 17.77043619],23.81866389192422,24.20539127897852
9,[19.42546468 19.52098808 15.0521085 ],23.070522506083403,4.808798098851695
10,[15.37278368 16.22314605 15.66652376],14.573061956565777,0.8104117813414403
11,[18.4896255  16.99102442 19.41561096],23.503273928447687,3.9897867726920735
12,[15.90503755 17.16249586 15.09071601],18.591826966528817,1.505313544154574
13,[18.45718931 17.34845326 15.64111095],16.967921539155753,2.090626030489526
14,[19.45668526 19.59101812 15.36560497],13.702585650245698,4.213495835380156
15,[0.22723972 2.19286448 3.00860465],13.193831096865836,26.363951977638322
16,[1.55113517 3.40954121 1.04506575],7.9158630548341735,27.05791194867421
17,[2.59802149 2.82994415 2.20583696],15.53071824217472,23.696135346991017
18,[0.68778079 1.06771596 0.66685946],9.071084544412008,27.980188123335253
19,[1.61148351 1.16943558 2.63749078],7.462448036558198,24.454035597969966
20,[2.82985581 2.19112642 1.60936312],7.972414242372098,25.607092943891274
21,[2.79820405 4.32672791 4.23641439],7.534956517437488,25.494360209450534
22,[0.53908583 1.58159742 2.04739329],7.532976304533561,24.752883532595426
23,[3.43544507 3.51117644 2.23098972],15.17784878513803,24.09963613521086
24,[2.10161039 4.01315296 2.69308783],2.3237145409708164,24.33109573800278
25,[4.61750245 0.30953769 1.83791727],13.343432691017824,22.639257898601286
26,[4.85199386 3.49551974 4.4548779 ],10.912342644532204,24.301301798897633
27,[1.26776359 3.62763553 1.01747217],13.408171110065373,25.589494427549194
28,[2.68755912 1.18471502 2.1824608 ],17.050015971639127,26.68288723540527
29,[3.99012257 1.54204582 3.10758314],8.249625728789656,23.99808633516836
30,[2.19824059 4.56661853 3.29342952],7.243336863373588,23.367754532134743
31,[3.26815724 1.79228892 2.61470784],12.611129299386807,25.316675205181316
32,[0.22543656 0.47154831 4.60806097],13.038399372268287,27.934327545502327
33,[0.36522251 4.64708677 3.58507569],7.582171233685304,24.815951885690872
34,[3.11155273 3.77494857 0.70834954],12.518864546022078,24.834864880891924
35,[3.96911099 3.62701575 2.7071964 ],14.887270622882028,23.490079612130184
36,[2.41292247 2.38238805 2.23016415],12.356469071934672,24.0435521439793
37,[4.08035031 1.37175747 0.30981004],8.885689108449505,25.742732374402898
38,[4.80148171 2.29059065 3.78946032],6.957177367415331,21.88988481020152
39,[3.40579301 2.70888963 0.66416245],8.347594624623344,22.248701272557025
40,[1.26602817 2.21927797 2.79374953],7.920766268260354,26.553880949180346
41,[4.06932177 1.58914168 1.98522547],7.7971322246281405,25.23585937533995
42,[4.45084124 4.12708104 0.53343542],12.489140277336244,26.940581088851815
43,[0.79887938 3.25609654 2.84532107],11.456616928448362,24.187157262662847
44,[4.92041837 3.74579506 4.01199815],8.834004236923338,20.51834268779015
45,[1.1415494  2.59356723 3.15054202],16.73346198535216,25.496109211649063
46,[0.01092681 2.56607383 2.24595084],17.579692921722394,26.71741209488922
47,[1.74678175 1.3684063  4.51041433],7.973365637883265,25.760227064731996
48,[0.1548723  1.62084545 1.43296374],7.536067275254003,25.99157710488488
49,[4.78568039 0.08266533 2.28661837],17.276635428043175,25.507644261752834
