,0,1,2
0,[17.41095701 19.36237268 16.0616634 ],21.54240573238986,3.7658545415750684
1,[15.20354812 16.98597231 16.16566099],16.376486279400513,2.0855543616913406
2,[19.20870362 16.03541172 18.71234767],26.596096375010955,5.564754060579237
3,[16.96077064 15.9112826  18.71769707],21.102324980611684,3.3233477757461514
4,[15.3479104  19.42668602 19.763222  ],23.187940623015457,4.691179309269637
5,[19.65571717 17.07715477 15.1449083 ],17.22806329071656,3.2019806438515372
6,[19.91013742 16.69818842 18.53343597],22.56581935985386,5.697693141327973
7,[16.80938534 15.17552949 19.27529127],25.46975966377895,4.194036789340473
8,[18.28626754 18.82841497 17.77043619],23.81866389192422,5.507245775490449
9,[19.42546468 19.52098808 15.0521085 ],23.070522506083403,4.808798098851695
10,[15.37278368 16.22314605 15.66652376],15.013634499047033,0.8104117813414403
11,[18.4896255  16.99102442 19.41561096],23.593412333511075,4.285103005945546
12,[15.90503755 17.16249586 15.09071601],18.591826966528817,1.505313544154574
13,[18.45718931 17.34845326 15.64111095],16.967921539155753,2.152752023363395
14,[19.45668526 19.59101812 15.36560497],13.702585650245698,4.213495835380156
15,[0.22723972 2.19286448 3.00860465],13.19383109686584,26.363951977638322
16,[1.55113517 3.40954121 1.04506575],7.348891322686102,26.74726134654852
17,[2.59802149 2.82994415 2.20583696],15.53071824217472,23.696135346991017
18,[0.68778079 1.06771596 0.66685946],14.221730373965908,27.717998303990303
19,[1.61148351 1.16943558 2.63749078],7.462448036558198,26.322554586664427
20,[2.82985581 2.19112642 1.60936312],7.972414242372098,25.56346723262577
21,[2.79820405 4.32672791 4.23641439],7.534956517437488,25.494360209450534
22,[0.53908583 1.58159742 2.04739329],7.532976304533561,3.6655612848530366
23,[3.43544507 3.51117644 2.23098972],15.17784878513803,22.82323172653981
24,[2.10161039 4.01315296 2.69308783],7.287158094014423,24.200205640435378
25,[4.61750245 0.30953769 1.83791727],13.343432691017824,24.06741812504507
26,[4.85199386 3.49551974 4.4548779 ],10.912342644532204,23.408619873118717
27,[1.26776359 3.62763553 1.01747217],13.408171110065373,25.589494427549194
28,[2.68755912 1.18471502 2.1824608 ],11.635321918150122,26.993952448770603
29,[3.99012257 1.54204582 3.10758314],8.249625728789656,24.19017439402581
30,[2.19824059 4.56661853 3.29342952],7.243336863373588,23.629293545362067
31,[3.26815724 1.79228892 2.61470784],12.611129299386807,25.168987024059145
32,[0.22543656 0.47154831 4.60806097],13.31072506091993,26.74331453591661
33,[0.36522251 4.64708677 3.58507569],3.516356757573125,24.355992350743616
34,[3.11155273 3.77494857 0.70834954],16.496403703555178,23.823946155238033
35,[3.96911099 3.62701575 2.7071964 ],14.887270622882028,23.446462812796494
36,[2.41292247 2.38238805 2.23016415],12.356469071934672,24.0435521439793
37,[4.08035031 1.37175747 0.30981004],8.405470899299848,25.742732374402898
38,[4.80148171 2.29059065 3.78946032],11.511485917739204,22.299936369637656
39,[3.40579301 2.70888963 0.66416245],8.347594624623344,4.9216180880387705
40,[1.26602817 2.21927797 2.79374953],7.920766268260354,25.97621781740977
41,[4.06932177 1.58914168 1.98522547],7.750794062728092,25.81244398546563
42,[4.45084124 4.12708104 0.53343542],12.489140277336244,26.590686936399006
43,[0.79887938 3.25609654 2.84532107],11.456616928448364,23.90830030894813
44,[4.92041837 3.74579506 4.01199815],8.834004236923338,22.853496555997815
45,[1.1415494  2.59356723 3.15054202],16.73346198535216,25.496109211649063
46,[0.01092681 2.56607383 2.24595084],17.579692921722394,26.403669366775382
47,[1.74678175 1.3684063  4.51041433],7.973365637883265,25.13525101764123
48,[0.1548723  1.62084545 1.43296374],7.536067275254003,26.271012482392035
49,[4.78568039 0.08266533 2.28661837],16.873147457134188,25.20443221611196
