,0,1,2
0,[17.41095701 19.36237268 16.0616634 ],22.665593013722322,3.774319969022938
1,[15.20354812 16.98597231 16.16566099],12.497400431749483,2.0855543616913406
2,[19.20870362 16.03541172 18.71234767],26.14942729902308,23.7805074342815
3,[16.96077064 15.9112826  18.71769707],21.102324980611684,3.004274444428448
4,[15.3479104  19.42668602 19.763222  ],23.187940623015457,4.208482250486472
5,[19.65571717 17.07715477 15.1449083 ],17.028236057417896,3.2442824448480114
6,[19.91013742 16.69818842 18.53343597],23.438556187190247,4.462179693329815
7,[16.80938534 15.17552949 19.27529127],24.970319723521524,2.924015637653253
8,[18.28626754 18.82841497 17.77043619],23.81866389192422,5.1591167723484626
9,[19.42546468 19.52098808 15.0521085 ],22.318985536769087,4.808798098851695
10,[15.37278368 16.22314605 15.66652376],14.78795625982004,0.8104117813414403
11,[18.4896255  16.99102442 19.41561096],28.269829961467547,3.9897867726920735
12,[15.90503755 17.16249586 15.09071601],18.591826966528817,1.505313544154574
13,[18.45718931 17.34845326 15.64111095],16.967921539155753,2.0259624826811193
14,[19.45668526 19.59101812 15.36560497],8.67036111455673,4.8170532364490635
15,[0.22723972 2.19286448 3.00860465],18.28213255669961,26.320430188499333
16,[1.55113517 3.40954121 1.04506575],7.348891322686102,26.74726134654852
17,[2.59802149 2.82994415 2.20583696],15.223975576312355,25.025916481171127
18,[0.68778079 1.06771596 0.66685946],8.38004500716792,26.70267191819325
19,[1.61148351 1.16943558 2.63749078],7.356619698447817,26.322554586664427
20,[2.82985581 2.19112642 1.60936312],2.876978683066566,26.342781259155277
21,[2.79820405 4.32672791 4.23641439],7.534956517437488,25.87969604293894
22,[0.53908583 1.58159742 2.04739329],7.851307707397668,25.165605771963783
23,[3.43544507 3.51117644 2.23098972],15.331608114275245,22.543816161142384
24,[2.10161039 4.01315296 2.69308783],12.185306656071372,24.33109573800278
25,[4.61750245 0.30953769 1.83791727],13.343432691017824,23.390280863881216
26,[4.85199386 3.49551974 4.4548779 ],10.912342644532204,23.408619873118717
27,[1.26776359 3.62763553 1.01747217],13.408171110065373,23.289439080909183
28,[2.68755912 1.18471502 2.1824608 ],11.635321918150122,26.252899356427573
29,[3.99012257 1.54204582 3.10758314],8.249625728789656,24.19017439402581
30,[2.19824059 4.56661853 3.29342952],11.933788854288027,23.367754532134743
31,[3.26815724 1.79228892 2.61470784],17.51495094981741,25.0199345090077
32,[0.22543656 0.47154831 4.60806097],18.512725734684636,26.543460512892935
33,[0.36522251 4.64708677 3.58507569],3.516356757573125,24.355992350743616
34,[3.11155273 3.77494857 0.70834954],12.404681998800678,24.834864880891924
35,[3.96911099 3.62701575 2.7071964 ],15.030349723735991,22.07042648424102
36,[2.41292247 2.38238805 2.23016415],12.155863479157304,25.99261151714784
37,[4.08035031 1.37175747 0.30981004],3.660267404965205,24.64682706467814
38,[4.80148171 2.29059065 3.78946032],11.476569043519321,22.710036659040018
39,[3.40579301 2.70888963 0.66416245],8.347594624623344,22.801899410939765
40,[1.26602817 2.21927797 2.79374953],7.920766268260354,25.81842544681287
41,[4.06932177 1.58914168 1.98522547],2.6949097204986874,24.773387990365414
42,[4.45084124 4.12708104 0.53343542],11.870475505835866,26.940581088851815
43,[0.79887938 3.25609654 2.84532107],16.64553035165533,23.885634759409154
44,[4.92041837 3.74579506 4.01199815],12.58246929033081,22.11795403376443
45,[1.1415494  2.59356723 3.15054202],16.73346198535216,25.491741203128168
46,[0.01092681 2.56607383 2.24595084],17.579692921722394,26.71741209488922
47,[1.74678175 1.3684063  4.51041433],7.8078528307032355,24.83083865779013
48,[0.1548723  1.62084545 1.43296374],2.552476688135907,26.131294096184885
49,[4.78568039 0.08266533 2.28661837],17.24700758216995,25.507644261752834
