,0,1,2
0,[17.41095701 19.36237268 16.0616634 ],21.911488000814412,2.6036040268257965
1,[15.20354812 16.98597231 16.16566099],20.14559983775422,1.6125615154710469
2,[19.20870362 16.03541172 18.71234767],26.60173712746366,23.7805074342815
3,[16.96077064 15.9112826  18.71769707],21.63407255263898,2.0114099260127465
4,[15.3479104  19.42668602 19.763222  ],18.978200578552347,4.052885885769933
5,[19.65571717 17.07715477 15.1449083 ],18.31411428472176,3.241899999298721
6,[19.91013742 16.69818842 18.53343597],27.28515978709321,4.958186742443568
7,[16.80938534 15.17552949 19.27529127],26.53597523852966,2.962139462992792
8,[18.28626754 18.82841497 17.77043619],18.536448747145148,3.7633142825157835
9,[19.42546468 19.52098808 15.0521085 ],26.534049335844145,4.74362051731846
10,[15.37278368 16.22314605 15.66652376],19.522478568269122,2.3715167104587094
11,[18.4896255  16.99102442 19.41561096],23.281933913537692,2.6205349052941553
12,[15.90503755 17.16249586 15.09071601],19.95616863125597,2.1889670910783012
13,[18.45718931 17.34845326 15.64111095],21.233094530350396,2.631587420955168
14,[19.45668526 19.59101812 15.36560497],26.684903693552815,3.861486377551544
15,[0.22723972 2.19286448 3.00860465],8.823230911100024,26.989981154317608
16,[1.55113517 3.40954121 1.04506575],21.06970683675833,26.021538459535627
17,[2.59802149 2.82994415 2.20583696],20.302660563660986,23.416489370717702
18,[0.68778079 1.06771596 0.66685946],13.903868161802274,27.525412441884527
19,[1.61148351 1.16943558 2.63749078],13.530117906105644,26.397084740323297
20,[2.82985581 2.19112642 1.60936312],12.953940098938986,25.56346723262577
21,[2.79820405 4.32672791 4.23641439],12.389083561850097,25.87969604293894
22,[0.53908583 1.58159742 2.04739329],2.6218152431387187,24.201578748236624
23,[3.43544507 3.51117644 2.23098972],16.279797685917096,23.645242317692922
24,[2.10161039 4.01315296 2.69308783],6.99416809052494,23.87704038174946
25,[4.61750245 0.30953769 1.83791727],13.348489910291898,26.32448440807145
26,[4.85199386 3.49551974 4.4548779 ],16.3229424349312,20.40653056026266
27,[1.26776359 3.62763553 1.01747217],13.493585455213653,24.445344129134057
28,[2.68755912 1.18471502 2.1824608 ],26.61276176654162,25.947414216923438
29,[3.99012257 1.54204582 3.10758314],12.769103514955138,27.169325335937653
30,[2.19824059 4.56661853 3.29342952],8.49034777499604,25.028339916584333
31,[3.26815724 1.79228892 2.61470784],22.57808961922016,27.437546133831848
32,[0.22543656 0.47154831 4.60806097],23.163721302877835,27.934327545502327
33,[0.36522251 4.64708677 3.58507569],8.17717071280708,25.282116203459474
34,[3.11155273 3.77494857 0.70834954],7.4022439168379375,23.823946155238033
35,[3.96911099 3.62701575 2.7071964 ],10.908739781261326,22.16990682441293
36,[2.41292247 2.38238805 2.23016415],15.486616239078108,23.943986753417537
37,[4.08035031 1.37175747 0.30981004],13.620569752278774,26.295218291530098
38,[4.80148171 2.29059065 3.78946032],12.435170702924989,21.790651445505546
39,[3.40579301 2.70888963 0.66416245],20.865685728224424,23.994828135391277
40,[1.26602817 2.21927797 2.79374953],26.92261575272198,26.190520161326205
41,[4.06932177 1.58914168 1.98522547],12.860339636041996,24.581351567167342
42,[4.45084124 4.12708104 0.53343542],12.539040199850355,27.015968548414527
43,[0.79887938 3.25609654 2.84532107],17.06309590406188,25.809637352757562
44,[4.92041837 3.74579506 4.01199815],11.967596145959256,22.638480700830094
45,[1.1415494  2.59356723 3.15054202],21.782669472180405,23.162253656337448
46,[0.01092681 2.56607383 2.24595084],8.150019930448119,28.063899472375255
47,[1.74678175 1.3684063  4.51041433],12.640680209806144,24.83083865779013
48,[0.1548723  1.62084545 1.43296374],22.142582669239637,25.99157710488488
49,[4.78568039 0.08266533 2.28661837],8.40281033596025,25.507644261752834
