,0,1,2
0,[17.41095701 19.36237268 16.0616634 ],26.53747328951128,3.3603147670259212
1,[15.20354812 16.98597231 16.16566099],20.14559983775422,1.7619542443828398
2,[19.20870362 16.03541172 18.71234767],27.165065299574486,3.2215895840728623
3,[16.96077064 15.9112826  18.71769707],25.62046024521277,2.238149583241214
4,[15.3479104  19.42668602 19.763222  ],18.978200578552347,4.052885885769933
5,[19.65571717 17.07715477 15.1449083 ],22.967907223545797,3.204448819887859
6,[19.91013742 16.69818842 18.53343597],27.28515978709321,4.958186742443568
7,[16.80938534 15.17552949 19.27529127],26.073998873024266,3.0500035535554777
8,[18.28626754 18.82841497 17.77043619],23.032236317306236,2.429114178133588
9,[19.42546468 19.52098808 15.0521085 ],26.534049335844145,4.74362051731846
10,[15.37278368 16.22314605 15.66652376],19.522478568269122,2.933955133802939
11,[18.4896255  16.99102442 19.41561096],28.17969155640416,2.314844824262227
12,[15.90503755 17.16249586 15.09071601],19.95616863125597,2.156935260563057
13,[18.45718931 17.34845326 15.64111095],21.82630161573033,2.7515880608928525
14,[19.45668526 19.59101812 15.36560497],26.701069044871975,4.946414402848646
15,[0.22723972 2.19286448 3.00860465],13.668059801431877,26.115464882160232
16,[1.55113517 3.40954121 1.04506575],21.640760208815443,26.170380639776628
17,[2.59802149 2.82994415 2.20583696],12.224339728833304,23.696135346991017
18,[0.68778079 1.06771596 0.66685946],14.430994719650997,26.951470378986958
19,[1.61148351 1.16943558 2.63749078],13.351934604166974,27.671483696522895
20,[2.82985581 2.19112642 1.60936312],12.87919777320162,25.108925622295438
21,[2.79820405 4.32672791 4.23641439],12.004230686521321,25.35634532301469
22,[0.53908583 1.58159742 2.04739329],13.217281720077784,26.060885929919916
23,[3.43544507 3.51117644 2.23098972],16.279797685917096,22.272811094426174
24,[2.10161039 4.01315296 2.69308783],6.99416809052494,22.516509690092537
25,[4.61750245 0.30953769 1.83791727],8.263372309253572,24.291168187001173
26,[4.85199386 3.49551974 4.4548779 ],16.409719402866422,21.55322338046594
27,[1.26776359 3.62763553 1.01747217],13.493585455213653,25.589494427549194
28,[2.68755912 1.18471502 2.1824608 ],26.28796385164761,26.252899356427573
29,[3.99012257 1.54204582 3.10758314],12.56399582986255,27.169325335937653
30,[2.19824059 4.56661853 3.29342952],8.490347774996042,25.919849002632734
31,[3.26815724 1.79228892 2.61470784],12.313528714390072,27.437546133831848
32,[0.22543656 0.47154831 4.60806097],18.30798904653614,27.338714025036225
33,[0.36522251 4.64708677 3.58507569],8.17717071280708,25.33582426107007
34,[3.11155273 3.77494857 0.70834954],12.900308124980398,25.222443207855022
35,[3.96911099 3.62701575 2.7071964 ],7.381791089971218,23.490079612130184
36,[2.41292247 2.38238805 2.23016415],20.21440664656017,23.50339796646587
37,[4.08035031 1.37175747 0.30981004],13.329216206410948,26.395459448270884
38,[4.80148171 2.29059065 3.78946032],12.686449071964134,22.710036659040018
39,[3.40579301 2.70888963 0.66416245],20.865685728224424,24.906008013393965
40,[1.26602817 2.21927797 2.79374953],22.669815855896825,25.82716814224945
41,[4.06932177 1.58914168 1.98522547],17.368571035953305,24.581351567167342
42,[4.45084124 4.12708104 0.53343542],16.791455502234832,23.860626422088327
43,[0.79887938 3.25609654 2.84532107],17.06309590406188,24.187157262662847
44,[4.92041837 3.74579506 4.01199815],7.890264550908279,22.853496555997815
45,[1.1415494  2.59356723 3.15054202],8.154435997282128,23.162253656337448
46,[0.01092681 2.56607383 2.24595084],8.150019930448119,26.403669366775382
47,[1.74678175 1.3684063  4.51041433],12.375166527041412,22.75648326735384
48,[0.1548723  1.62084545 1.43296374],17.620429536558124,25.99157710488488
49,[4.78568039 0.08266533 2.28661837],17.410985093504017,25.20443221611196
