,0,1,2
0,[17.41095701 19.36237268 16.0616634 ],21.814846040040273,2.581346128340226
1,[15.20354812 16.98597231 16.16566099],20.14559983775422,1.6125615154710469
2,[19.20870362 16.03541172 18.71234767],26.60173712746366,3.2215895840728623
3,[16.96077064 15.9112826  18.71769707],25.62046024521277,2.006209984117413
4,[15.3479104  19.42668602 19.763222  ],28.193832179717077,4.066422311956317
5,[19.65571717 17.07715477 15.1449083 ],22.967907223545797,3.208441240764174
6,[19.91013742 16.69818842 18.53343597],27.03799894169797,5.263795574240206
7,[16.80938534 15.17552949 19.27529127],26.073998873024266,2.923757752222107
8,[18.28626754 18.82841497 17.77043619],23.275258119889816,2.308627188766191
9,[19.42546468 19.52098808 15.0521085 ],26.534049335844145,4.256267475918527
10,[15.37278368 16.22314605 15.66652376],15.311298664406532,2.723864311494598
11,[18.4896255  16.99102442 19.41561096],23.503273928447687,2.733289113890257
12,[15.90503755 17.16249586 15.09071601],15.454482369216027,2.156935260563057
13,[18.45718931 17.34845326 15.64111095],21.41166920523566,2.5682738296764063
14,[19.45668526 19.59101812 15.36560497],26.72517906734609,4.946414402848646
15,[0.22723972 2.19286448 3.00860465],12.840320591330675,26.989981154317608
16,[1.55113517 3.40954121 1.04506575],17.321664157804783,26.170380639776628
17,[2.59802149 2.82994415 2.20583696],15.444417704857198,25.17507505300109
18,[0.68778079 1.06771596 0.66685946],13.672274652032561,27.525412441884527
19,[1.61148351 1.16943558 2.63749078],13.351934604166974,27.071539155807468
20,[2.82985581 2.19112642 1.60936312],12.87919777320162,26.23457998849422
21,[2.79820405 4.32672791 4.23641439],8.104845939111929,25.14253827766576
22,[0.53908583 1.58159742 2.04739329],8.227390034019425,24.201578748236624
23,[3.43544507 3.51117644 2.23098972],15.482834043410005,24.301041704806316
24,[2.10161039 4.01315296 2.69308783],6.994168090524939,23.87704038174946
25,[4.61750245 0.30953769 1.83791727],13.343432691017824,24.06741812504507
26,[4.85199386 3.49551974 4.4548779 ],16.3229424349312,20.631868153021607
27,[1.26776359 3.62763553 1.01747217],13.493585455213656,22.961498081263827
28,[2.68755912 1.18471502 2.1824608 ],13.165838449559985,26.105210443932577
29,[3.99012257 1.54204582 3.10758314],7.72014411385413,27.169325335937653
30,[2.19824059 4.56661853 3.29342952],8.490347774996042,25.028339916584333
31,[3.26815724 1.79228892 2.61470784],12.717676051617001,27.68935977394546
32,[0.22543656 0.47154831 4.60806097],23.28114205791128,26.74331453591661
33,[0.36522251 4.64708677 3.58507569],8.17717071280708,25.282116203459474
34,[3.11155273 3.77494857 0.70834954],8.432005404781066,25.296729318833584
35,[3.96911099 3.62701575 2.7071964 ],14.74195954471262,23.573357065336047
36,[2.41292247 2.38238805 2.23016415],20.21440664656017,24.0435521439793
37,[4.08035031 1.37175747 0.30981004],18.346457323338818,26.295218291530098
38,[4.80148171 2.29059065 3.78946032],12.686449071964134,25.748388995575485
39,[3.40579301 2.70888963 0.66416245],20.865685728224424,24.906008013393965
40,[1.26602817 2.21927797 2.79374953],17.35657258457997,26.576099061865875
41,[4.06932177 1.58914168 1.98522547],12.860339636041996,24.581351567167342
42,[4.45084124 4.12708104 0.53343542],16.791455502234832,27.323861712458815
43,[0.79887938 3.25609654 2.84532107],16.333088412923427,28.178512143533425
44,[4.92041837 3.74579506 4.01199815],8.549872092928547,22.349616276981344
45,[1.1415494  2.59356723 3.15054202],21.332433801545054,23.162253656337448
46,[0.01092681 2.56607383 2.24595084],8.150019930448119,26.21161066678693
47,[1.74678175 1.3684063  4.51041433],12.535175237596526,23.497054272611454
48,[0.1548723  1.62084545 1.43296374],17.620429536558124,25.26386508989138
49,[4.78568039 0.08266533 2.28661837],13.152379148665304,25.20443221611196
