,0,1,2
0,[17.41095701 19.36237268 16.0616634 ],17.712882961800666,2.5511847952111917
1,[15.20354812 16.98597231 16.16566099],19.550353238803545,1.6125615154710469
2,[19.20870362 16.03541172 18.71234767],26.55287924620695,2.442564296148871
3,[16.96077064 15.9112826  18.71769707],21.44523382501906,2.015981704901992
4,[15.3479104  19.42668602 19.763222  ],28.193832179717084,3.5472510419153314
5,[19.65571717 17.07715477 15.1449083 ],22.967907223545797,3.24286149109956
6,[19.91013742 16.69818842 18.53343597],26.65789607242424,4.657563456214565
7,[16.80938534 15.17552949 19.27529127],26.57480035917345,3.326340616459568
8,[18.28626754 18.82841497 17.77043619],23.610644946739903,2.238192383412736
9,[19.42546468 19.52098808 15.0521085 ],26.534049335844145,5.019212847924258
10,[15.37278368 16.22314605 15.66652376],14.891194178656974,2.933955133802939
11,[18.4896255  16.99102442 19.41561096],23.503273928447687,2.314844824262227
12,[15.90503755 17.16249586 15.09071601],15.035279484885246,2.156935260563057
13,[18.45718931 17.34845326 15.64111095],21.41166920523566,2.152752023363395
14,[19.45668526 19.59101812 15.36560497],22.025339151858425,5.234460738208416
15,[0.22723972 2.19286448 3.00860465],12.840320591330675,26.320430188499333
16,[1.55113517 3.40954121 1.04506575],12.880206133594834,26.170380639776628
17,[2.59802149 2.82994415 2.20583696],15.444417704857202,25.322867086836634
18,[0.68778079 1.06771596 0.66685946],9.58249185454613,3.8258388435788873
19,[1.61148351 1.16943558 2.63749078],13.351934604166974,27.671483696522895
20,[2.82985581 2.19112642 1.60936312],12.87919777320162,28.153997963002553
21,[2.79820405 4.32672791 4.23641439],7.836715682985559,25.57015650292934
22,[0.53908583 1.58159742 2.04739329],8.227390034019425,26.7305925873778
23,[3.43544507 3.51117644 2.23098972],15.482834043410005,24.09963613521086
24,[2.10161039 4.01315296 2.69308783],6.994168090524939,23.055675574293403
25,[4.61750245 0.30953769 1.83791727],8.714721515046012,26.32448440807145
26,[4.85199386 3.49551974 4.4548779 ],11.41580775137291,21.55322338046594
27,[1.26776359 3.62763553 1.01747217],13.493585455213656,28.759264891142116
28,[2.68755912 1.18471502 2.1824608 ],13.165838449559985,27.30502342646882
29,[3.99012257 1.54204582 3.10758314],8.016578702151952,24.19017439402581
30,[2.19824059 4.56661853 3.29342952],8.478798630937808,23.830373177983784
31,[3.26815724 1.79228892 2.61470784],17.38905390531425,27.844191897487725
32,[0.22543656 0.47154831 4.60806097],18.925801271313652,27.338714025036225
33,[0.36522251 4.64708677 3.58507569],8.17717071280708,25.282116203459474
34,[3.11155273 3.77494857 0.70834954],8.432005404781064,25.095974413693497
35,[3.96911099 3.62701575 2.7071964 ],18.76910009139729,23.49882337029909
36,[2.41292247 2.38238805 2.23016415],15.507009561127825,24.0435521439793
37,[4.08035031 1.37175747 0.30981004],8.78217617154954,26.1949813592292
38,[4.80148171 2.29059065 3.78946032],7.899683644948446,23.833002559726886
39,[3.40579301 2.70888963 0.66416245],20.865685728224424,24.906008013393965
40,[1.26602817 2.21927797 2.79374953],17.35657258457997,25.97621781740977
41,[4.06932177 1.58914168 1.98522547],17.59564719726211,24.031763840883897
42,[4.45084124 4.12708104 0.53343542],12.785231496305231,26.940581088851815
43,[0.79887938 3.25609654 2.84532107],16.333088412923427,24.187157262662847
44,[4.92041837 3.74579506 4.01199815],8.24565559651805,22.423467873233655
45,[1.1415494  2.59356723 3.15054202],17.437455769571592,24.06904609145442
46,[0.01092681 2.56607383 2.24595084],8.150019930448119,26.21161066678693
47,[1.74678175 1.3684063  4.51041433],12.535175237596526,24.83083865779013
48,[0.1548723  1.62084545 1.43296374],8.801345216493473,25.720551508719318
49,[4.78568039 0.08266533 2.28661837],13.152379148665304,25.01353246329691
