,0,1,2
0,[17.41095701 19.36237268 16.0616634 ],17.712882961800666,2.581346128340226
1,[15.20354812 16.98597231 16.16566099],19.550353238803545,1.7390448977665323
2,[19.20870362 16.03541172 18.71234767],25.831133392167835,2.46957172692192
3,[16.96077064 15.9112826  18.71769707],21.407076015032768,2.1145116967053776
4,[15.3479104  19.42668602 19.763222  ],23.217352539148735,4.066422311956317
5,[19.65571717 17.07715477 15.1449083 ],26.24009407146375,3.2435690948913525
6,[19.91013742 16.69818842 18.53343597],22.537724773744507,24.526314832643557
7,[16.80938534 15.17552949 19.27529127],26.221668174300525,2.925399457097144
8,[18.28626754 18.82841497 17.77043619],29.052165303216093,2.429114178133588
9,[19.42546468 19.52098808 15.0521085 ],17.882921089303217,4.256267475918527
10,[15.37278368 16.22314605 15.66652376],14.64611634851887,2.933955133802939
11,[18.4896255  16.99102442 19.41561096],28.068411694190736,3.9897867726920735
12,[15.90503755 17.16249586 15.09071601],14.781939410868906,2.156935260563057
13,[18.45718931 17.34845326 15.64111095],21.41166920523566,2.631587420955168
14,[19.45668526 19.59101812 15.36560497],22.700069247228043,4.8170532364490635
15,[0.22723972 2.19286448 3.00860465],12.840320591330675,26.320430188499333
16,[1.55113517 3.40954121 1.04506575],13.00719244101989,26.74726134654852
17,[2.59802149 2.82994415 2.20583696],19.971567346507502,25.322867086836634
18,[0.68778079 1.06771596 0.66685946],9.311811533421364,25.63290624917195
19,[1.61148351 1.16943558 2.63749078],17.977170819289288,26.322554586664427
20,[2.82985581 2.19112642 1.60936312],8.123803105296824,26.23457998849422
21,[2.79820405 4.32672791 4.23641439],7.593871830424801,25.494360209450534
22,[0.53908583 1.58159742 2.04739329],8.730466932453378,2.673474077921756
23,[3.43544507 3.51117644 2.23098972],19.585954113109956,22.283616586465925
24,[2.10161039 4.01315296 2.69308783],7.062186943930354,22.516509690092537
25,[4.61750245 0.30953769 1.83791727],8.714721515046012,24.291168187001173
26,[4.85199386 3.49551974 4.4548779 ],11.405459009420408,21.55322338046594
27,[1.26776359 3.62763553 1.01747217],13.493585455213656,25.589494427549194
28,[2.68755912 1.18471502 2.1824608 ],18.041747141815456,26.105210443932577
29,[3.99012257 1.54204582 3.10758314],8.016578702151952,26.742123738456833
30,[2.19824059 4.56661853 3.29342952],12.432983310166614,22.255807368179507
31,[3.26815724 1.79228892 2.61470784],12.48123147862714,27.61353211699176
32,[0.22543656 0.47154831 4.60806097],18.499011079380747,26.74331453591661
33,[0.36522251 4.64708677 3.58507569],8.17717071280708,23.25086094310568
34,[3.11155273 3.77494857 0.70834954],12.981358853180794,25.148158902229298
35,[3.96911099 3.62701575 2.7071964 ],18.769100091397295,23.49882337029909
36,[2.41292247 2.38238805 2.23016415],15.507009561127822,26.046740583560847
37,[4.08035031 1.37175747 0.30981004],8.866759131597798,24.38800311573247
38,[4.80148171 2.29059065 3.78946032],7.648405275909303,22.710036659040018
39,[3.40579301 2.70888963 0.66416245],20.865685728224424,23.94532864782059
40,[1.26602817 2.21927797 2.79374953],22.319043650617036,25.8227967938692
41,[4.06932177 1.58914168 1.98522547],17.59564719726211,23.482253892645957
42,[4.45084124 4.12708104 0.53343542],12.817234452300028,24.363691615081912
43,[0.79887938 3.25609654 2.84532107],15.812242527269271,24.187157262662847
44,[4.92041837 3.74579506 4.01199815],8.83400423692334,22.853496555997815
45,[1.1415494  2.59356723 3.15054202],12.414967646121866,24.778173926340248
46,[0.01092681 2.56607383 2.24595084],13.001210181275258,26.21161066678693
47,[1.74678175 1.3684063  4.51041433],12.717380512081762,23.497054272611454
48,[0.1548723  1.62084545 1.43296374],8.695073138689953,26.131294096184885
49,[4.78568039 0.08266533 2.28661837],22.45610515698747,25.507644261752834
