,0,1,2
0,[17.72735076],13.045808401501692,14.449551051345157
1,[15.85932658],8.878548691931055,11.273544250236665
2,[19.26465905],14.634615803442106,16.281763950590847
3,[15.90111705],11.706882747826628,12.42874450956306
4,[17.94350025],15.28700898300362,14.960605153782808
5,[15.6038745],9.37792315871836,10.836681166541936
6,[17.77349375],12.306201995981809,13.12291087526096
7,[15.41013089],8.79308379943399,10.642937553222243
8,[19.96352587],11.516578245695836,15.492808641170253
9,[16.26359631],12.088086647974482,13.2807012101885
10,[17.66480007],7.3803958267500125,13.578458537710166
11,[19.46069549],14.837822155866368,15.560944776236145
12,[16.21046813],12.555277167224743,11.611082251537482
13,[17.0881037],8.968115586457921,12.488717818433596
14,[19.33972742],11.522898344127395,16.16121909705798
15,[1.43165121],6.653079005819331,3.335542131531297
16,[0.68849832],2.098559577800086,2.183027037420729
17,[0.25396801],5.165101430672148,3.528985694546169
18,[4.64145436],4.880587942427914,1.6585592612354163
19,[3.89975071],4.528376120810369,1.0270077164147042
20,[3.47237254],3.381618413990475,1.2948207925641855
21,[4.76719334],9.022612160816792,10.836681166541936
22,[4.6597114],2.6842531758664414,0.27886941505425433
23,[1.03699769],5.083816337240502,2.8627530249750617
24,[1.11678491],7.668808803286254,1.7961300423321251
25,[4.98759182],6.500125177995628,0.3278804286931001
26,[2.46031652],3.5489449634608485,0.4525984305727144
27,[1.12887437],4.50251002148474,2.148925330985216
28,[4.93858081],3.358542163106641,0.27886941505425433
29,[3.78295371],3.548376692388447,0.8767576897984228
30,[2.91291495],3.396901723963952,0.2655933676248128
31,[2.83013576],4.210127534919332,1.0425696199649788
32,[1.85921687],1.257507818835546,1.3192914537440381
33,[2.26481781],4.636930316209263,2.2058994190386354
34,[4.08634153],4.6645212392964615,0.38437570280401
35,[0.51003263],5.299560049715424,2.472862467137567
36,[4.58578232],2.7721561658074263,1.7130393301269335
37,[0.21935594],9.607499523238843,3.6803947743105705
38,[2.87274299],10.611963097679348,1.0270077164147042
39,[0.90249493],12.0775741131127,3.738959424279378
40,[3.17850832],1.1619837799277648,0.6941970550926766
41,[4.47071723],2.3732477288103864,1.3900155230808453
42,[3.2777997],7.543749291350851,0.3648847493134868
43,[1.27112435],10.445256225268066,2.6015810253977305
44,[2.9828951],4.681828333870335,1.6585592612354163
45,[4.59938588],6.64149104014933,0.6996351657111228
46,[3.87270538],4.743683971828573,1.0011800213412343
47,[1.45497272],13.500584035367513,14.404353850213816
48,[3.43414888],6.395029344371205,1.1652370000676968
49,[2.16660696],1.2347537039050631,0.7463079910454202
