,0,1,2
0,[17.72735076],13.227568308827315,14.854607760370108
1,[15.85932658],11.00621716481296,12.231663449850824
2,[19.26465905],14.08044053576711,15.792286503022115
3,[15.90111705],12.108966751970069,12.073287512246216
4,[17.94350025],12.789720242272498,14.960605153782808
5,[15.6038745],6.990371489561073,10.944163107496028
6,[17.77349375],9.920714021590346,12.785901927596154
7,[15.41013089],7.004131398296112,10.642937553222243
8,[19.96352587],11.812708360638274,15.37774354881141
9,[16.26359631],11.997566961859937,12.791223762619769
10,[17.66480007],10.503383153915049,13.765049356259539
11,[19.46069549],13.891894163665858,15.560944776236145
12,[16.21046813],12.555277167224741,11.550756732446276
13,[17.0881037],9.374651511622742,13.001762165595345
14,[19.33972742],15.040309262489483,16.48828804316227
15,[1.43165121],7.254520569394811,3.209803152633797
16,[0.68849832],2.3822761448866285,2.490010003669287
17,[0.25396801],5.2208414673015024,3.528985694546169
18,[4.64145436],4.435532510661675,1.3636546542486716
19,[3.89975071],7.112402190800255,0.465601834356574
20,[3.47237254],5.570451035489681,1.4662082666643492
21,[4.76719334],9.495284733239377,10.836681166541936
22,[4.6597114],4.695066537135015,0.10748194095409058
23,[1.03699769],4.986693328298201,2.3971511906184877
24,[1.11678491],7.39611146089419,1.7961300423321251
25,[4.98759182],5.232636743082159,0.3278804286931001
26,[2.46031652],3.8416958530895284,0.07944443505000454
27,[1.12887437],7.49139871529791,2.0992796401408786
28,[4.93858081],4.070457849802811,0.33919493414546054
29,[3.78295371],3.548376692388447,0.8028286187083231
30,[2.91291495],0.9485229022813293,0.5212339223466649
31,[2.83013576],9.75710148811755,1.6405814753041121
32,[1.85921687],3.9276440893385947,1.3192914537440381
33,[2.26481781],4.372698556847655,1.607887563699502
34,[4.08634153],1.6269686114689819,0.38437570280401
35,[0.51003263],5.299560049715424,3.27292107651797
36,[4.58578232],5.604523408772614,1.6929533502712006
37,[0.21935594],9.607499523238843,3.6803947743105705
38,[2.87274299],6.9460748124541025,0.9686092139166571
39,[0.90249493],9.542132464559877,3.7572164622227877
40,[3.17850832],4.279581801972144,0.6941970550926766
41,[4.47071723],1.4931470706889267,1.29220891043181
42,[3.2777997],4.290872855478402,0.4476639465609762
43,[1.27112435],13.672648923997182,3.3146579730957093
44,[2.9828951],4.24735249726678,1.4878221357298806
45,[4.59938588],4.9528215241390345,0.6996351657111228
46,[3.87270538],4.313898905631531,0.9597904227174894
47,[1.45497272],13.153915088911365,3.015744507618305
48,[3.43414888],5.931585371375858,1.1652370000676968
49,[2.16660696],1.2347537039050631,0.7463079910454202
