,0,1,2
0,[17.72735076],15.876014528096505,14.854607760370108
1,[15.85932658],10.471026110165251,11.273544250236665
2,[19.26465905],14.224689013582799,15.792286503022115
3,[15.90111705],10.46232146328197,11.315334729043066
4,[17.94350025],13.016908930410441,14.665700546796064
5,[15.6038745],7.13010174508247,11.517532973748983
6,[17.77349375],9.281156289308308,13.113782356289255
7,[15.41013089],5.741657327590971,10.642937553222243
8,[19.96352587],11.529154306668229,15.196332536767219
9,[16.26359631],11.42433101363396,12.829447430168576
10,[17.66480007],10.503383153915049,14.792057072674243
11,[19.46069549],13.361216752086687,14.819241129377225
12,[16.21046813],12.280244560761904,11.611082251537482
13,[17.0881037],6.137979971321059,13.001762165595345
14,[19.33972742],11.742603757355235,16.509591661930283
15,[1.43165121],9.880113545043667,3.1677346714860004
16,[0.68849832],2.7843562866124953,2.490010003669287
17,[0.25396801],5.212320019794296,3.528985694546169
18,[4.64145436],2.8235832569609594,1.3636546542486716
19,[3.89975071],4.07673868726726,0.465601834356574
20,[3.47237254],3.270462286245741,1.2948207925641855
21,[4.76719334],4.842247485901068,0.2203984877390095
22,[4.6597114],2.8687602473766214,0.10748194095409058
23,[1.03699769],7.448836811747922,2.6299521077967745
24,[1.11678491],1.2736410008859989,1.7133508450846358
25,[4.98759182],4.42541956762675,0.2203984877390095
26,[2.46031652],6.747463120362404,0.9738323529193793
27,[1.12887437],10.518360947659904,2.049633949296542
28,[4.93858081],2.585449193260484,0.4678635785031995
29,[3.78295371],2.520511640109026,0.31058116181167206
30,[2.91291495],3.532746953752914,0.5212339223466649
31,[2.83013576],7.5962685629959905,0.9528179489546345
32,[1.85921687],3.9042399965773895,1.4185828354327121
33,[2.26481781],4.636930316209262,1.2075547308774857
34,[4.08634153],1.2332983035550973,0.38437570280401
35,[0.51003263],1.509419498923817,2.472862467137567
36,[4.58578232],7.341167182864126,1.4072740027906554
37,[0.21935594],2.8120912141026126,3.2147929399539965
38,[2.87274299],7.76062291041641,0.510181406728409
39,[0.90249493],9.542132464559876,3.5682222987738426
40,[3.17850832],6.433469292621214,1.4072740027906554
41,[4.47071723],4.512607973339639,1.4878221357298806
42,[3.2777997],6.5587690654501305,0.5949056734040026
43,[1.27112435],14.383837047851241,3.4960689851398996
44,[2.9828951],3.9534698302164886,1.4878221357298806
45,[4.59938588],3.0839605908475236,2.3345680633963743
46,[3.87270538],4.170499555294833,0.6941970550926766
47,[1.45497272],10.449939365817789,2.444777986264921
48,[3.43414888],8.664604179207275,1.1652370000676968
49,[2.16660696],1.3680258678657942,0.2937095604727058
