,0,1,2
0,[17.72735076],15.876014528096505,14.744455658331901
1,[15.85932658],8.611565855930946,11.273544250236665
2,[19.26465905],13.906952010615829,15.792286503022115
3,[15.90111705],8.485936024760994,11.259662695896374
4,[17.94350025],13.653750342162832,14.665700546796064
5,[15.6038745],9.280185643917738,11.517532973748983
6,[17.77349375],12.37980781877226,13.17410787538046
7,[15.41013089],5.0178208179547905,10.750419494176334
8,[19.96352587],10.866222712049089,14.975934049028208
9,[16.26359631],10.894153360305758,12.829447430168576
10,[17.66480007],10.330819773813671,14.792057072674243
11,[19.46069549],10.816695005719943,14.819241129377225
12,[16.21046813],12.280244560761904,11.611082251537482
13,[17.0881037],6.137979971321059,13.001762165595345
14,[19.33972742],11.666338115022166,16.509591661930283
15,[1.43165121],9.880113545043667,2.6546903243242514
16,[0.68849832],5.7174963959717084,2.490010003669287
17,[0.25396801],8.627301940927257,3.528985694546169
18,[4.64145436],5.753284057735297,0.768748980844669
19,[3.89975071],6.278936690490564,0.465601834356574
20,[3.47237254],3.2671188983375385,1.2948207925641855
21,[4.76719334],4.842247485901068,0.2203984877390095
22,[4.6597114],2.6279195932156454,0.18899416344894515
23,[1.03699769],7.448836811747922,2.3971511906184877
24,[1.11678491],1.3867045896329036,1.7133508450846358
25,[4.98759182],5.12463336465473,0.3278804286931001
26,[2.46031652],6.779240894382406,0.5225785728994565
27,[1.12887437],7.666397833055969,2.049633949296542
28,[4.93858081],2.585449193260484,0.4678635785031995
29,[3.78295371],2.520511640109026,0.31058116181167206
30,[2.91291495],3.798322957515551,0.5212339223466649
31,[2.83013576],7.608404544820016,0.9528179489546345
32,[1.85921687],1.24809975453969,1.4185828354327121
33,[2.26481781],7.370496843256172,1.2075547308774857
34,[4.08634153],1.2590320324266453,0.18659081854937387
35,[0.51003263],5.20913185886386,1.9502838942381104
36,[4.58578232],7.341167182864126,0.8028286187083231
37,[0.21935594],2.0456165104842854,3.3891953546342366
38,[2.87274299],7.937105737114544,0.9999623824289547
39,[0.90249493],11.734639713139618,3.6968909431315815
40,[3.17850832],3.2750119920167906,0.6941970550926766
41,[4.47071723],4.512607973339639,0.9983446881611497
42,[3.2777997],9.185176944296662,0.5949056734040026
43,[1.27112435],8.772182663200898,3.4960689851398996
44,[2.9828951],4.092309241235023,0.9168556143764968
45,[4.59938588],4.883060558266938,1.1652370000676968
46,[3.87270538],4.170499555294833,0.8898102803907473
47,[1.45497272],3.8140768586097678,3.015744507618305
48,[3.43414888],10.580370343750625,1.1652370000676968
49,[2.16660696],3.9774593263205853,0.2937095604727058
