,0,1,2
0,[17.72735076],13.235416557455157,14.421022155672905
1,[15.85932658],13.634870634449243,11.22977793869217
2,[19.26465905],16.290675621287054,16.37183007277332
3,[15.90111705],11.576954695033,11.241405657952965
4,[17.94350025],12.654411529037608,14.509351373762884
5,[15.6038745],11.269909941848294,10.836681166541936
6,[17.77349375],12.385132699821847,13.17410787538046
7,[15.41013089],9.024209220404526,10.47155007912208
8,[19.96352587],11.492384632044518,16.063775162523637
9,[16.26359631],14.720512200918156,13.950134563324308
10,[17.66480007],10.371762155023882,13.765049356259539
11,[19.46069549],11.090120323014522,15.560944776236145
12,[16.21046813],8.521109251139915,11.550756732446276
13,[17.0881037],10.366587464537368,12.3209103583883
14,[19.33972742],14.63122934668947,16.061927715369308
15,[1.43165121],4.695043891821965,3.1677346714860004
16,[0.68849832],1.9658538190404997,2.2244166360444737
17,[0.25396801],5.331450908325166,3.645782699542263
18,[4.64145436],9.513069649810529,1.6935493323987876
19,[3.89975071],9.882806557770897,1.330970307049978
20,[3.47237254],5.767298961640183,1.4662082666643492
21,[4.76719334],4.893942316875171,0.2203984877390095
22,[4.6597114],4.936935093256807,0.3278804286931001
23,[1.03699769],10.554702156511611,3.5623881906861845
24,[1.11678491],10.994856696034212,1.7559580826206598
25,[4.98759182],4.893942316875171,0.2203984877390095
26,[2.46031652],3.5467589665790675,0.07944443505000454
27,[1.12887437],4.740927126477741,1.784040581671729
28,[4.93858081],7.034082214189963,0.17138747410016375
29,[3.78295371],5.638341245095544,1.204638118491523
30,[2.91291495],1.0873623132998647,0.4525984305727144
31,[2.83013576],9.325735496489433,1.9370575797071479
32,[1.85921687],3.9923152074519392,1.3192914537440381
33,[2.26481781],10.463724267628198,1.6349328976852515
34,[4.08634153],10.129042448031067,0.8581875167834632
35,[0.51003263],6.214876079987045,2.5706690797866023
36,[4.58578232],6.982606389817393,1.6728673704154682
37,[0.21935594],8.500044843749649,3.6803947743105705
38,[2.87274299],10.37176215502388,1.1203031256893912
39,[0.90249493],11.869808093141383,3.090551186695145
40,[3.17850832],4.186062195437759,0.09929138168867402
41,[4.47071723],7.210241728405187,1.5578022780566227
42,[3.2777997],7.097756916903448,1.3079826211019814
43,[1.27112435],4.053364056179315,1.9073839703050537
44,[2.9828951],7.40475030439092,0.800058609380403
45,[4.59938588],8.971885472557062,1.1461251662932925
46,[3.87270538],3.848514795041319,0.9597904227174894
47,[1.45497272],10.938870262963968,2.8235566562163004
48,[3.43414888],4.135650071092305,0.465601834356574
49,[2.16660696],3.6642427907681503,0.520008775759063
