,0,1,2
0,[0.67808083],0.4791669924781782,0.19891384083920638
1,[0.36653678],0.5499457816316216,0.18340899887581918
2,[0.45072464],0.5320736104734851,0.08134897158876009
3,[0.67357207],0.49265147015312505,0.1809205967816503
4,[0.74559285],0.4791669924781782,0.2664258582425706
5,[0.58729088],0.49265147015312505,0.09463940713755348
6,[0.00724096],0.5320736104734851,0.5248326536240897
7,[0.20995561],0.5561795619321069,0.3462239481020061
8,[0.01953596],0.5455028949559074,0.5259669341121823
9,[0.54994578],0.450724638884725,0.09922114274689653
10,[0.65530104],0.49265147015312505,0.16264957427353877
11,[0.17741956],0.5087330376341465,0.3313134787458548
12,[0.32931383],0.5499457816316216,0.22063194955990095
13,[0.94394226],0.49265147015312505,0.45129078504912523
14,[0.83175223],0.5320736104734851,0.2996786201618662
15,[0.13091223],0.5455028949559074,0.4145906635803196
16,[0.47916699],0.5020396390797267,0.02287264660154853
17,[0.42067802],0.5561795619321069,0.13550154137806736
18,[0.82006474],0.4859092313156516,0.3341555071661753
19,[0.41079541],0.5455028949559074,0.1347074847542764
20,[0.97102882],0.450724638884725,0.5203041854056077
21,[0.09900491],0.49534624052530696,0.39634133495307067
22,[0.22909445],0.49534624052530696,0.26625179180495717
23,[0.1070933],0.5561795619321069,0.4490862587436045
24,[0.3645606],0.5477243382937644,0.18316373997798563
25,[0.80382782],0.4859092313156516,0.31791858844751136
26,[0.99939806],0.42116770528482206,0.5782303516417607
27,[0.08980084],0.5499457816316216,0.46014494135348394
28,[0.05263949],0.49534624052530696,0.4427067532109825
29,[0.49265147],0.5455028949559074,0.052851424802782376
30,[0.95959883],0.42116770528482206,0.5384311292791282
31,[0.54550289],0.43732785781693495,0.10817503713897247
32,[0.50873304],0.4791669924781782,0.02956604515596828
33,[0.9632315],0.4791669924781782,0.48406451065502554
34,[0.97992927],0.49534624052530696,0.4845830309840665
35,[0.55617956],0.49265147015312505,0.06352809177898189
36,[0.01580394],0.5204033240538157,0.5045993833039769
37,[0.79172907],0.4791669924781782,0.3125620755480034
38,[0.83104618],0.4649458156814516,0.3661003613449855
39,[0.09466266],0.5320736104734851,0.4374109497668446
40,[0.14958122],0.49534624052530696,0.3457650222389391
41,[0.90985324],0.49265147015312505,0.41720177442914397
42,[0.27956554],0.5561795619321069,0.2766140257433112
43,[0.8450961],0.4791669924781782,0.3659291043782792
44,[0.56247026],0.5087330376341465,0.05373722286547722
45,[0.13824696],0.5320736104734851,0.39382665298717767
46,[0.93580094],0.49534624052530696,0.4404547033480247
47,[0.43732786],0.5455028949559074,0.10817503713897247
48,[0.70034231],0.49534624052530696,0.20499607014400423
49,[0.75513806],0.49265147015312505,0.26248659282685116
50,[0.42116771],0.5087330376341465,0.0875653323493244
51,[0.94713141],0.450724638884725,0.4964067685640914
52,[0.99065393],0.4791669924781782,0.511486932545019
53,[0.53207361],0.450724638884725,0.08134897158876009
54,[0.76233399],0.49265147015312505,0.2696825227583568
55,[0.07574346],0.5320736104734851,0.45633015510234776
56,[0.09970828],0.5455028949559074,0.4457946149312926
57,[0.3629509],0.5455028949559074,0.18255199751227058
58,[0.08359594],0.5455028949559074,0.4619069578386268
59,[0.00298026],0.5320736104734851,0.5290933463277895
60,[0.95142178],0.43732785781693495,0.5140939262383288
61,[0.79761847],0.5087330376341465,0.28888542995859234
62,[0.6747991],0.49534624052530696,0.17945286341168143
63,[0.78730856],0.43732785781693495,0.3499807049747524
64,[0.71418983],0.43732785781693495,0.2768619727391024
65,[0.70809396],0.49265147015312505,0.21544248565382873
66,[0.49534624],0.5530626717818643,0.05771643125655734
67,[0.81507267],0.49265147015312505,0.3224212024441663
68,[0.23189004],0.5455028949559074,0.31361285014807117
69,[0.95139339],0.4791669924781782,0.47222639659917265
70,[0.6105017],0.4649458156814516,0.14555588484680487
71,[0.39037842],0.5320736104734851,0.14169518903466305
72,[0.68825328],0.44402624835083,0.24422702953573988
73,[0.61951417],0.49265147015312505,0.12686270380498887
74,[0.21024926],0.5455028949559074,0.3352536322575257
75,[0.81865564],0.450724638884725,0.3679310055617938
76,[0.01079416],0.5087330376341465,0.49793887770428213
77,[0.62796941],0.49265147015312505,0.13531794079886217
78,[0.93087387],0.4791669924781782,0.4517068735036006
79,[0.24950811],0.5387882527146963,0.2892801476365927
80,[0.8640874],0.43732785781693495,0.42675954029326146
81,[0.03481288],0.5087330376341465,0.4739201570565714
82,[0.0491482],0.5530626717818643,0.5039144699756949
83,[0.0133559],0.5320736104734851,0.5187177137918688
84,[0.75059006],0.49534624052530696,0.25524382138494006
85,[0.12054612],0.5387882527146963,0.4182421290492008
86,[0.88400384],0.450724638884725,0.433279200005954
87,[0.96099054],0.4791669924781782,0.4818235440148677
88,[0.98835845],0.49534624052530696,0.4930122122939756
89,[0.38088873],0.5320736104734851,0.15118488510848926
90,[0.16383532],0.5320736104734851,0.3682382925255758
91,[0.11598866],0.49534624052530696,0.3793575759653772
92,[0.19849053],0.5320736104734851,0.3335830794060024
93,[0.28466438],0.5530626717818643,0.2683982911386954
94,[0.30786486],0.4791669924781782,0.17130212774853038
95,[0.76247189],0.49265147015312505,0.26982042298172637
96,[0.04138218],0.5477243382937644,0.5063421599709508
97,[0.09864193],0.5087330376341465,0.4100911073958756
98,[0.16431308],0.49265147015312505,0.32833838569595675
99,[0.33595008],0.5499457816316216,0.21399569780455363
