,0,1,2
0,[0.67808083],0.43732785781693495,0.2407529755004496
1,[0.36653678],0.5562080210656226,0.18967123830982024
2,[0.45072464],0.39037842143882207,0.06034621744590296
3,[0.67357207],0.49534624052530696,0.17822582640946838
4,[0.74559285],0.4209228629194308,0.32466998780131795
5,[0.58729088],0.49265147015312505,0.09463940713755348
6,[0.00724096],0.450724638884725,0.4434836820353296
7,[0.20995561],0.5508412284440072,0.3408856146139063
8,[0.01953596],0.5872908772906785,0.5677549164469534
9,[0.54994578],0.4007833729595177,0.14916240867210384
10,[0.65530104],0.49534624052530696,0.15995480390135686
11,[0.17741956],0.5087330376341465,0.3313134787458548
12,[0.32931383],0.47972883825943574,0.15041500618771514
13,[0.94394226],0.39037842143882207,0.5535638337634282
14,[0.83175223],0.4791669924781782,0.35258523815717313
15,[0.13091223],0.5455028949559074,0.4145906635803196
16,[0.47916699],0.49265147015312505,0.013484477674946871
17,[0.42067802],0.5087330376341465,0.08805501708010688
18,[0.82006474],0.43732785781693495,0.382736880664892
19,[0.41079541],0.4791669924781782,0.06837158227654716
20,[0.97102882],0.410795410201631,0.5602334140887018
21,[0.09900491],0.49265147015312505,0.39364656458088876
22,[0.22909445],0.47972883825943574,0.25063438953908596
23,[0.1070933],0.566396886123293,0.45930358293479057
24,[0.3645606],0.49265147015312505,0.12809087183734624
25,[0.80382782],0.4791669924781782,0.3246608272849848
26,[0.99939806],0.4007833729595177,0.5986146839670651
27,[0.08980084],0.48725661650174257,0.39745577622360495
28,[0.05263949],0.566396886123293,0.5137573988089685
29,[0.49265147],0.49534624052530696,0.0026947703721819094
30,[0.95959883],0.39037842143882207,0.5692204131251282
31,[0.54550289],0.43732785781693495,0.10817503713897247
32,[0.50873304],0.43594617208477354,0.07278686554937291
33,[0.9632315],0.49265147015312505,0.47058003298007867
34,[0.97992927],0.43594617208477354,0.5439830994246
35,[0.55617956],0.42116770528482206,0.13501185664728488
36,[0.01580394],0.5455028949559074,0.5296989542060686
37,[0.79172907],0.4791669924781782,0.3125620755480034
38,[0.83104618],0.4292477815508785,0.4017983954755586
39,[0.09466266],0.5455028949559074,0.4508402342492669
40,[0.14958122],0.450724638884725,0.3011434205983572
41,[0.90985324],0.43732785781693495,0.47252538676533407
42,[0.27956554],0.5508412284440072,0.2712756922552114
43,[0.8450961],0.40058691582022654,0.4445091810362308
44,[0.56247026],0.49534624052530696,0.06712401997431672
45,[0.13824696],0.5087330376341465,0.370486080147839
46,[0.93580094],0.49534624052530696,0.4404547033480247
47,[0.43732786],0.5455028949559074,0.10817503713897247
48,[0.70034231],0.49265147015312505,0.20769084051618614
49,[0.75513806],0.39037842143882207,0.36475964154115414
50,[0.42116771],0.5561795619321069,0.13501185664728488
51,[0.94713141],0.4157367153778353,0.5313946920709811
52,[0.99065393],0.4791669924781782,0.511486932545019
53,[0.53207361],0.4157367153778353,0.11633689509564982
54,[0.76233399],0.4791669924781782,0.2831670004333037
55,[0.07574346],0.5499457816316216,0.4742023262604842
56,[0.09970828],0.5508412284440072,0.45113294841939233
57,[0.3629509],0.5508412284440072,0.18789033100037034
58,[0.08359594],0.5508412284440072,0.46724529132672654
59,[0.00298026],0.450724638884725,0.4477443747390294
60,[0.95142178],0.4791669924781782,0.4722547915770856
61,[0.79761847],0.4209228629194308,0.376695604673308
62,[0.6747991],0.5204245677406072,0.1543745361963812
63,[0.78730856],0.42116770528482206,0.3661408575068653
64,[0.71418983],0.4791669924781782,0.23502283807785918
65,[0.70809396],0.49534624052530696,0.21274771528164682
66,[0.49534624],0.5872908772906785,0.09194463676537157
67,[0.81507267],0.42116770528482206,0.39390496731246927
68,[0.23189004],0.5087330376341465,0.2768429928263102
69,[0.95139339],0.4292477815508785,0.5221456075264723
70,[0.6105017],0.40058691582022654,0.20991478470802993
71,[0.39037842],0.49534624052530696,0.10496781908648489
72,[0.68825328],0.4791669924781782,0.2090862854083917
73,[0.61951417],0.42116770528482206,0.19834646867329186
74,[0.21024926],0.5561795619321069,0.3459302992337252
75,[0.81865564],0.4209228629194308,0.397732781527088
76,[0.01079416],0.47972883825943574,0.4689346783295714
77,[0.62796941],0.43732785781693495,0.19064155313505227
78,[0.93087387],0.42116770528482206,0.5097061606969567
79,[0.24950811],0.5455028949559074,0.2959947898778038
80,[0.8640874],0.4209228629194308,0.4431645351907656
81,[0.03481288],0.566396886123293,0.5315840055457179
82,[0.0491482],0.49265147015312505,0.44350326834695564
83,[0.0133559],0.450724638884725,0.43736874220310873
84,[0.75059006],0.49534624052530696,0.25524382138494006
85,[0.12054612],0.5561795619321069,0.4356334382666114
86,[0.88400384],0.40058691582022654,0.4834169230704525
87,[0.96099054],0.49534624052530696,0.46564429596773893
88,[0.98835845],0.49265147015312505,0.49570698266615754
89,[0.38088873],0.49534624052530696,0.11445751516031111
90,[0.16383532],0.5872908772906785,0.42345555934276924
91,[0.11598866],0.5455028949559074,0.4295142303959777
92,[0.19849053],0.49534624052530696,0.29685570945782425
93,[0.28466438],0.5872908772906785,0.3026264966475096
94,[0.30786486],0.450724638884725,0.14285977415507722
95,[0.76247189],0.4791669924781782,0.28330490065667324
96,[0.04138218],0.4791669924781782,0.4377848141553645
97,[0.09864193],0.473035439705016,0.37439350946674516
98,[0.16431308],0.49265147015312505,0.32833838569595675
99,[0.33595008],0.49265147015312505,0.15670138632605712
