,0,1,2
0,[0.67808083],0.4791669924781782,0.19891384083920638
1,[0.36653678],0.5499457816316216,0.18340899887581918
2,[0.45072464],0.5320736104734851,0.08134897158876009
3,[0.67357207],0.493998855339216,0.17957321159555933
4,[0.74559285],0.4649458156814516,0.28064703503929717
5,[0.58729088],0.5020396390797267,0.08525123821095182
6,[0.00724096],0.5320736104734851,0.5248326536240897
7,[0.20995561],0.5508412284440072,0.3408856146139063
8,[0.01953596],0.5477243382937644,0.5281883774500393
9,[0.54994578],0.450724638884725,0.09922114274689653
10,[0.65530104],0.4859092313156516,0.1693918131110122
11,[0.17741956],0.5087330376341465,0.3313134787458548
12,[0.32931383],0.5499457816316216,0.22063194955990095
13,[0.94394226],0.49265147015312505,0.45129078504912523
14,[0.83175223],0.49265147015312505,0.33910076048222626
15,[0.13091223],0.5455028949559074,0.4145906635803196
16,[0.47916699],0.49534624052530696,0.01617924804712878
17,[0.42067802],0.5561795619321069,0.13550154137806736
18,[0.82006474],0.49265147015312505,0.3274132683287019
19,[0.41079541],0.5455028949559074,0.1347074847542764
20,[0.97102882],0.4791669924781782,0.4918618318121546
21,[0.09900491],0.49534624052530696,0.39634133495307067
22,[0.22909445],0.5087330376341465,0.27963858891379667
23,[0.1070933],0.5561795619321069,0.4490862587436045
24,[0.3645606],0.5087330376341465,0.14417243931836765
25,[0.80382782],0.4791669924781782,0.3246608272849848
26,[0.99939806],0.450724638884725,0.5486734180418578
27,[0.08980084],0.5499457816316216,0.46014494135348394
28,[0.05263949],0.5087330376341465,0.456093550319822
29,[0.49265147],0.5320736104734851,0.039422140320360066
30,[0.95959883],0.42116770528482206,0.5384311292791282
31,[0.54550289],0.450724638884725,0.0947782560711824
32,[0.50873304],0.49534624052530696,0.013386797108839499
33,[0.9632315],0.4791669924781782,0.48406451065502554
34,[0.97992927],0.49534624052530696,0.4845830309840665
35,[0.55617956],0.49265147015312505,0.06352809177898189
36,[0.01580394],0.5087330376341465,0.49292909688430764
37,[0.79172907],0.49265147015312505,0.29907759787305654
38,[0.83104618],0.4791669924781782,0.35187918454825895
39,[0.09466266],0.5087330376341465,0.4140703769275059
40,[0.14958122],0.49534624052530696,0.3457650222389391
41,[0.90985324],0.49265147015312505,0.41720177442914397
42,[0.27956554],0.5561795619321069,0.2766140257433112
43,[0.8450961],0.4791669924781782,0.3659291043782792
44,[0.56247026],0.5087330376341465,0.05373722286547722
45,[0.13824696],0.5320736104734851,0.39382665298717767
46,[0.93580094],0.49265147015312505,0.44314947372020663
47,[0.43732786],0.513709925499396,0.07638206768246103
48,[0.70034231],0.5020396390797267,0.19830267158958448
49,[0.75513806],0.4791669924781782,0.27597107050179803
50,[0.42116771],0.5087330376341465,0.0875653323493244
51,[0.94713141],0.4791669924781782,0.46796441497063823
52,[0.99065393],0.450724638884725,0.5399292861384721
53,[0.53207361],0.450724638884725,0.08134897158876009
54,[0.76233399],0.49265147015312505,0.2696825227583568
55,[0.07574346],0.5320736104734851,0.45633015510234776
56,[0.09970828],0.5455028949559074,0.4457946149312926
57,[0.3629509],0.5499457816316216,0.1869948841879847
58,[0.08359594],0.5320736104734851,0.4484776733562045
59,[0.00298026],0.5320736104734851,0.5290933463277895
60,[0.95142178],0.43732785781693495,0.5140939262383288
61,[0.79761847],0.5087330376341465,0.28888542995859234
62,[0.6747991],0.49534624052530696,0.17945286341168143
63,[0.78730856],0.43732785781693495,0.3499807049747524
64,[0.71418983],0.43732785781693495,0.2768619727391024
65,[0.70809396],0.49265147015312505,0.21544248565382873
66,[0.49534624],0.5499457816316216,0.0545995411063146
67,[0.81507267],0.4649458156814516,0.3501268569158397
68,[0.23189004],0.5320736104734851,0.30018356566564885
69,[0.95139339],0.49265147015312505,0.4587419189242258
70,[0.6105017],0.450724638884725,0.15977706164353145
71,[0.39037842],0.5320736104734851,0.14169518903466305
72,[0.68825328],0.450724638884725,0.23752863900184484
73,[0.61951417],0.493998855339216,0.12551531861889792
74,[0.21024926],0.5320736104734851,0.3218243477751034
75,[0.81865564],0.450724638884725,0.3679310055617938
76,[0.01079416],0.5320736104734851,0.5212794505436208
77,[0.62796941],0.5204033240538157,0.10756608689817149
78,[0.93087387],0.4791669924781782,0.4517068735036006
79,[0.24950811],0.5455028949559074,0.2959947898778038
80,[0.8640874],0.43732785781693495,0.42675954029326146
81,[0.03481288],0.5320736104734851,0.4972607298959101
82,[0.0491482],0.5320736104734851,0.4829254086673157
83,[0.0133559],0.5455028949559074,0.5321469982742911
84,[0.75059006],0.493998855339216,0.256591206571031
85,[0.12054612],0.5455028949559074,0.42495677129041187
86,[0.88400384],0.450724638884725,0.433279200005954
87,[0.96099054],0.4791669924781782,0.4818235440148677
88,[0.98835845],0.49534624052530696,0.4930122122939756
89,[0.38088873],0.5455028949559074,0.16461416959091157
90,[0.16383532],0.5320736104734851,0.3682382925255758
91,[0.11598866],0.5087330376341465,0.3927443730742167
92,[0.19849053],0.5320736104734851,0.3335830794060024
93,[0.28466438],0.5499457816316216,0.26528140098845265
94,[0.30786486],0.49534624052530696,0.18748137579565916
95,[0.76247189],0.49265147015312505,0.26982042298172637
96,[0.04138218],0.5320736104734851,0.49069143215067146
97,[0.09864193],0.5320736104734851,0.4334316802352143
98,[0.16431308],0.49265147015312505,0.32833838569595675
99,[0.33595008],0.5387882527146963,0.2028381688876284
