,0,1,2
0,[0.67808083],0.49265147015312505,0.1854293631642595
1,[0.36653678],0.5477243382937644,0.18118755553796206
2,[0.45072464],0.5320736104734851,0.08134897158876009
3,[0.67357207],0.49534624052530696,0.17822582640946838
4,[0.74559285],0.4791669924781782,0.2664258582425706
5,[0.58729088],0.49534624052530696,0.09194463676537157
6,[0.00724096],0.5320736104734851,0.5248326536240897
7,[0.20995561],0.5455028949559074,0.33554728112580656
8,[0.01953596],0.5455028949559074,0.5259669341121823
9,[0.54994578],0.4791669924781782,0.07077878915344338
10,[0.65530104],0.4859092313156516,0.1693918131110122
11,[0.17741956],0.49534624052530696,0.3179266816370153
12,[0.32931383],0.5320736104734851,0.2027597784017645
13,[0.94394226],0.49265147015312505,0.45129078504912523
14,[0.83175223],0.4649458156814516,0.3668064149538997
15,[0.13091223],0.5455028949559074,0.4145906635803196
16,[0.47916699],0.49534624052530696,0.01617924804712878
17,[0.42067802],0.5530626717818643,0.13238465122782472
18,[0.82006474],0.49534624052530696,0.32471849795651997
19,[0.41079541],0.5320736104734851,0.1212782002718541
20,[0.97102882],0.49265147015312505,0.4783773541372077
21,[0.09900491],0.5204033240538157,0.42139841848157944
22,[0.22909445],0.49534624052530696,0.26625179180495717
23,[0.1070933],0.5530626717818643,0.4459693685933619
24,[0.3645606],0.5387882527146963,0.17422765439891752
25,[0.80382782],0.4791669924781782,0.3246608272849848
26,[0.99939806],0.450724638884725,0.5486734180418578
27,[0.08980084],0.5499457816316216,0.46014494135348394
28,[0.05263949],0.5320736104734851,0.4794341231591607
29,[0.49265147],0.5477243382937644,0.055072868140639386
30,[0.95959883],0.450724638884725,0.5088741956792252
31,[0.54550289],0.4791669924781782,0.06633590247772925
32,[0.50873304],0.493998855339216,0.014734182294930454
33,[0.9632315],0.4791669924781782,0.48406451065502554
34,[0.97992927],0.49534624052530696,0.4845830309840665
35,[0.55617956],0.49265147015312505,0.06352809177898189
36,[0.01580394],0.5087330376341465,0.49292909688430764
37,[0.79172907],0.49265147015312505,0.29907759787305654
38,[0.83104618],0.493998855339216,0.3370473216872211
39,[0.09466266],0.5320736104734851,0.4374109497668446
40,[0.14958122],0.5087330376341465,0.3591518193477786
41,[0.90985324],0.49265147015312505,0.41720177442914397
42,[0.27956554],0.5561795619321069,0.2766140257433112
43,[0.8450961],0.4791669924781782,0.3659291043782792
44,[0.56247026],0.49534624052530696,0.06712401997431672
45,[0.13824696],0.5455028949559074,0.4072559374696
46,[0.93580094],0.49265147015312505,0.44314947372020663
47,[0.43732786],0.49534624052530696,0.05801838270837201
48,[0.70034231],0.49265147015312505,0.20769084051618614
49,[0.75513806],0.4791669924781782,0.27597107050179803
50,[0.42116771],0.493998855339216,0.07283115005439394
51,[0.94713141],0.49265147015312505,0.45447993729569136
52,[0.99065393],0.43732785781693495,0.5533260672062622
53,[0.53207361],0.4859092313156516,0.0461643791578335
54,[0.76233399],0.49534624052530696,0.2669877523861749
55,[0.07574346],0.5320736104734851,0.45633015510234776
56,[0.09970828],0.5455028949559074,0.4457946149312926
57,[0.3629509],0.5455028949559074,0.18255199751227058
58,[0.08359594],0.5320736104734851,0.4484776733562045
59,[0.00298026],0.5320736104734851,0.5290933463277895
60,[0.95142178],0.450724638884725,0.5006971451705388
61,[0.79761847],0.5020396390797267,0.2955788285130121
62,[0.6747991],0.49534624052530696,0.17945286341168143
63,[0.78730856],0.43732785781693495,0.3499807049747524
64,[0.71418983],0.43732785781693495,0.2768619727391024
65,[0.70809396],0.4791669924781782,0.2289269633287756
66,[0.49534624],0.5499457816316216,0.0545995411063146
67,[0.81507267],0.43732785781693495,0.3777448147803564
68,[0.23189004],0.5387882527146963,0.30689820790686007
69,[0.95139339],0.49534624052530696,0.45604714855204387
70,[0.6105017],0.450724638884725,0.15977706164353145
71,[0.39037842],0.5455028949559074,0.15512447351708536
72,[0.68825328],0.4791669924781782,0.2090862854083917
73,[0.61951417],0.49534624052530696,0.12416793343280697
74,[0.21024926],0.5320736104734851,0.3218243477751034
75,[0.81865564],0.49265147015312505,0.3260041742933938
76,[0.01079416],0.5455028949559074,0.5347087350260431
77,[0.62796941],0.5320736104734851,0.0958958004785021
78,[0.93087387],0.49265147015312505,0.43822239582865374
79,[0.24950811],0.5455028949559074,0.2959947898778038
80,[0.8640874],0.450724638884725,0.4133627592254714
81,[0.03481288],0.5455028949559074,0.5106900143783324
82,[0.0491482],0.5477243382937644,0.498576136487595
83,[0.0133559],0.5455028949559074,0.5321469982742911
84,[0.75059006],0.4791669924781782,0.27142306943206884
85,[0.12054612],0.5455028949559074,0.42495677129041187
86,[0.88400384],0.450724638884725,0.433279200005954
87,[0.96099054],0.49265147015312505,0.46833906633992084
88,[0.98835845],0.49534624052530696,0.4930122122939756
89,[0.38088873],0.5455028949559074,0.16461416959091157
90,[0.16383532],0.5320736104734851,0.3682382925255758
91,[0.11598866],0.5087330376341465,0.3927443730742167
92,[0.19849053],0.5087330376341465,0.31024250656666374
93,[0.28466438],0.5320736104734851,0.2474092298303162
94,[0.30786486],0.49534624052530696,0.18748137579565916
95,[0.76247189],0.4859092313156516,0.2765626618191998
96,[0.04138218],0.5320736104734851,0.49069143215067146
97,[0.09864193],0.5320736104734851,0.4334316802352143
98,[0.16431308],0.49534624052530696,0.33103315606813866
99,[0.33595008],0.5320736104734851,0.1961235266464172
