,0,1,2
0,[0.67808083],0.41598155774322654,0.262099275574158
1,[0.36653678],0.5624702604996237,0.1959334777438213
2,[0.45072464],0.410795410201631,0.03992922868309401
3,[0.67357207],0.5020396390797267,0.17153242785504863
4,[0.74559285],0.4209228629194308,0.32466998780131795
5,[0.58729088],0.450724638884725,0.1365662384059535
6,[0.00724096],0.5087330376341465,0.501492080784751
7,[0.20995561],0.5455028949559074,0.33554728112580656
8,[0.01953596],0.5872908772906785,0.5677549164469534
9,[0.54994578],0.49265147015312505,0.05729431147849651
10,[0.65530104],0.5293394096328841,0.12596163479377975
11,[0.17741956],0.5087330376341465,0.3313134787458548
12,[0.32931383],0.5499457816316216,0.22063194955990095
13,[0.94394226],0.37746950987730044,0.5664727453249498
14,[0.83175223],0.4859092313156516,0.3458429993196997
15,[0.13091223],0.5455028949559074,0.4145906635803196
16,[0.47916699],0.544126586202796,0.06495959372461779
17,[0.42067802],0.5410096960525533,0.12033167549851376
18,[0.82006474],0.4939500150561623,0.3261147234256646
19,[0.41079541],0.4791669924781782,0.06837158227654716
20,[0.97102882],0.410795410201631,0.5602334140887018
21,[0.09900491],0.4859092313156516,0.3869043257434153
22,[0.22909445],0.450724638884725,0.22163019016437524
23,[0.1070933],0.5872908772906785,0.4801975741021761
24,[0.3645606],0.5087330376341465,0.14417243931836765
25,[0.80382782],0.43732785781693495,0.366499961946228
26,[0.99939806],0.38088872536499585,0.6185093315615869
27,[0.08980084],0.48725661650174257,0.39745577622360495
28,[0.05263949],0.5455028949559074,0.492863407641583
29,[0.49265147],0.5410096960525533,0.04835822589942829
30,[0.95959883],0.410795410201631,0.5488034243623192
31,[0.54550289],0.43732785781693495,0.10817503713897247
32,[0.50873304],0.5499457816316216,0.0412127439974751
33,[0.9632315],0.4499225065161089,0.5133089966170948
34,[0.97992927],0.5087330376341465,0.471196233875227
35,[0.55617956],0.4939500150561623,0.06222954687594462
36,[0.01580394],0.5561795619321069,0.5403756211822681
37,[0.79172907],0.4791669924781782,0.3125620755480034
38,[0.83104618],0.4791669924781782,0.35187918454825895
39,[0.09466266],0.5190771825545162,0.42441452184787565
40,[0.14958122],0.450724638884725,0.3011434205983572
41,[0.90985324],0.43732785781693495,0.47252538676533407
42,[0.27956554],0.5561795619321069,0.2766140257433112
43,[0.8450961],0.410795410201631,0.43430068665482635
44,[0.56247026],0.49534624052530696,0.06712401997431672
45,[0.13824696],0.5087330376341465,0.370486080147839
46,[0.93580094],0.5293394096328841,0.4064615342404476
47,[0.43732786],0.5455028949559074,0.10817503713897247
48,[0.70034231],0.4791669924781782,0.221175318191133
49,[0.75513806],0.43594617208477354,0.31919189089520267
50,[0.42116771],0.5561795619321069,0.13501185664728488
51,[0.94713141],0.4157367153778353,0.5313946920709811
52,[0.99065393],0.43732785781693495,0.5533260672062622
53,[0.53207361],0.4157367153778353,0.11633689509564982
54,[0.76233399],0.43732785781693495,0.3250061350945469
55,[0.07574346],0.5387882527146963,0.46304479734355897
56,[0.09970828],0.5455028949559074,0.4457946149312926
57,[0.3629509],0.5561795619321069,0.1932286644884701
58,[0.08359594],0.5455028949559074,0.4619069578386268
59,[0.00298026],0.5387882527146963,0.5358079885690007
60,[0.95142178],0.45824742514755656,0.4931743589077072
61,[0.79761847],0.49534624052530696,0.30227222706743184
62,[0.6747991],0.5455028949559074,0.12929620898108096
63,[0.78730856],0.4206780205540396,0.3666305422376478
64,[0.71418983],0.45824742514755656,0.2559424054084808
65,[0.70809396],0.5293394096328841,0.17875454617406972
66,[0.49534624],0.5988962889094676,0.1035500483841606
67,[0.81507267],0.42116770528482206,0.39390496731246927
68,[0.23189004],0.5087330376341465,0.2768429928263102
69,[0.95139339],0.4791669924781782,0.47222639659917265
70,[0.6105017],0.39037842143882207,0.2201232790894344
71,[0.39037842],0.49534624052530696,0.10496781908648489
72,[0.68825328],0.4859092313156516,0.20234404657091826
73,[0.61951417],0.4939500150561623,0.1255641589019516
74,[0.21024926],0.5455028949559074,0.3352536322575257
75,[0.81865564],0.49534624052530696,0.3233094039212119
76,[0.01079416],0.5499457816316216,0.5391516217017572
77,[0.62796941],0.4791669924781782,0.14880241847380904
78,[0.93087387],0.4791669924781782,0.4517068735036006
79,[0.24950811],0.5455028949559074,0.2959947898778038
80,[0.8640874],0.4209228629194308,0.4431645351907656
81,[0.03481288],0.5455028949559074,0.5106900143783324
82,[0.0491482],0.49265147015312505,0.44350326834695564
83,[0.0133559],0.450724638884725,0.43736874220310873
84,[0.75059006],0.5293394096328841,0.22125065227736296
85,[0.12054612],0.5508412284440072,0.43029510477851163
86,[0.88400384],0.410795410201631,0.473208428689048
87,[0.96099054],0.49265147015312505,0.46833906633992084
88,[0.98835845],0.49534624052530696,0.4930122122939756
89,[0.38088873],0.493998855339216,0.11311012997422015
90,[0.16383532],0.5624702604996237,0.3986349425517144
91,[0.11598866],0.5561795619321069,0.4401908973721772
92,[0.19849053],0.49534624052530696,0.29685570945782425
93,[0.28466438],0.5988962889094676,0.31423190826629865
94,[0.30786486],0.450724638884725,0.14285977415507722
95,[0.76247189],0.45824742514755656,0.30422446798729486
96,[0.04138218],0.4791669924781782,0.4377848141553645
97,[0.09864193],0.473035439705016,0.37439350946674516
98,[0.16431308],0.49265147015312505,0.32833838569595675
99,[0.33595008],0.49265147015312505,0.15670138632605712
