,0,1,2
0,[0.67808083],0.4292477815508785,0.24883305176650605
1,[0.36653678],0.574880568895151,0.20834378613934867
2,[0.45072464],0.5087330376341465,0.05800839874942143
3,[0.67357207],0.5087330376341465,0.16483902930062888
4,[0.74559285],0.450724638884725,0.29486821183602374
5,[0.58729088],0.5320736104734851,0.05521726681719341
6,[0.00724096],0.5087330376341465,0.501492080784751
7,[0.20995561],0.5561795619321069,0.3462239481020061
8,[0.01953596],0.5561795619321069,0.5366436010883818
9,[0.54994578],0.450724638884725,0.09922114274689653
10,[0.65530104],0.49534624052530696,0.15995480390135686
11,[0.17741956],0.5020396390797267,0.32462008019143507
12,[0.32931383],0.5087330376341465,0.17941920556242585
13,[0.94394226],0.43732785781693495,0.5066143973853153
14,[0.83175223],0.4791669924781782,0.35258523815717313
15,[0.13091223],0.5455028949559074,0.4145906635803196
16,[0.47916699],0.493998855339216,0.014831862861037826
17,[0.42067802],0.5561795619321069,0.13550154137806736
18,[0.82006474],0.49534624052530696,0.32471849795651997
19,[0.41079541],0.5320736104734851,0.1212782002718541
20,[0.97102882],0.43732785781693495,0.5337009664733978
21,[0.09900491],0.4791669924781782,0.3801620869059419
22,[0.22909445],0.450724638884725,0.22163019016437524
23,[0.1070933],0.5087330376341465,0.40163973444564405
24,[0.3645606],0.5320736104734851,0.1675130121577063
25,[0.80382782],0.4859092313156516,0.31791858844751136
26,[0.99939806],0.38088872536499585,0.6185093315615869
27,[0.08980084],0.49534624052530696,0.40554540024716934
28,[0.05263949],0.5539865777277655,0.501347090413441
29,[0.49265147],0.5561795619321069,0.06352809177898189
30,[0.95959883],0.410795410201631,0.5488034243623192
31,[0.54550289],0.43732785781693495,0.10817503713897247
32,[0.50873304],0.49265147015312505,0.016081567481021408
33,[0.9632315],0.4791669924781782,0.48406451065502554
34,[0.97992927],0.5020396390797267,0.47788963242964677
35,[0.55617956],0.49534624052530696,0.06083332140679998
36,[0.01580394],0.5455028949559074,0.5296989542060686
37,[0.79172907],0.5006922538936358,0.2910368141325458
38,[0.83104618],0.493998855339216,0.3370473216872211
39,[0.09466266],0.493998855339216,0.39933619463257547
40,[0.14958122],0.5530626717818643,0.40348145349549647
41,[0.90985324],0.450724638884725,0.459128605697544
42,[0.27956554],0.5561795619321069,0.2766140257433112
43,[0.8450961],0.43732785781693495,0.4077682390395224
44,[0.56247026],0.5320736104734851,0.03039665002613856
45,[0.13824696],0.450724638884725,0.3124776813984176
46,[0.93580094],0.5087330376341465,0.4270679062391852
47,[0.43732786],0.5455028949559074,0.10817503713897247
48,[0.70034231],0.49265147015312505,0.20769084051618614
49,[0.75513806],0.450724638884725,0.3044134240952512
50,[0.42116771],0.5561795619321069,0.13501185664728488
51,[0.94713141],0.4791669924781782,0.46796441497063823
52,[0.99065393],0.43732785781693495,0.5533260672062622
53,[0.53207361],0.450724638884725,0.08134897158876009
54,[0.76233399],0.43732785781693495,0.3250061350945469
55,[0.07574346],0.5455028949559074,0.46975943958477007
56,[0.09970828],0.5087330376341465,0.4090247576095316
57,[0.3629509],0.5455028949559074,0.18255199751227058
58,[0.08359594],0.5320736104734851,0.4484776733562045
59,[0.00298026],0.5593249112158654,0.5563446470701697
60,[0.95142178],0.4791669924781782,0.4722547915770856
61,[0.79761847],0.5020396390797267,0.2955788285130121
62,[0.6747991],0.5271179662950269,0.14768113764196145
63,[0.78730856],0.38088872536499585,0.4064198374266915
64,[0.71418983],0.4157367153778353,0.29845311517820206
65,[0.70809396],0.49534624052530696,0.21274771528164682
66,[0.49534624],0.5593249112158654,0.0639786706905584
67,[0.81507267],0.450724638884725,0.3643480337125663
68,[0.23189004],0.5455028949559074,0.31361285014807117
69,[0.95139339],0.5455028949559074,0.4058904941214434
70,[0.6105017],0.44402624835083,0.1664754521774265
71,[0.39037842],0.5204033240538157,0.13002490261499366
72,[0.68825328],0.43732785781693495,0.2509254200696349
73,[0.61951417],0.49534624052530696,0.12416793343280697
74,[0.21024926],0.5455028949559074,0.3352536322575257
75,[0.81865564],0.49534624052530696,0.3233094039212119
76,[0.01079416],0.5087330376341465,0.49793887770428213
77,[0.62796941],0.5455028949559074,0.08246651599607979
78,[0.93087387],0.4791669924781782,0.4517068735036006
79,[0.24950811],0.5455028949559074,0.2959947898778038
80,[0.8640874],0.4206780205540396,0.44340937755615684
81,[0.03481288],0.5455028949559074,0.5106900143783324
82,[0.0491482],0.5087330376341465,0.45958483582797705
83,[0.0133559],0.5320736104734851,0.5187177137918688
84,[0.75059006],0.5320736104734851,0.2185164514367619
85,[0.12054612],0.5499457816316216,0.429399657966126
86,[0.88400384],0.40058691582022654,0.4834169230704525
87,[0.96099054],0.49265147015312505,0.46833906633992084
88,[0.98835845],0.49534624052530696,0.4930122122939756
89,[0.38088873],0.493998855339216,0.11311012997422015
90,[0.16383532],0.5624702604996237,0.3986349425517144
91,[0.11598866],0.5455028949559074,0.4295142303959777
92,[0.19849053],0.5320736104734851,0.3335830794060024
93,[0.28466438],0.5872908772906785,0.3026264966475096
94,[0.30786486],0.450724638884725,0.14285977415507722
95,[0.76247189],0.4791669924781782,0.28330490065667324
96,[0.04138218],0.4791669924781782,0.4377848141553645
97,[0.09864193],0.5320736104734851,0.4334316802352143
98,[0.16431308],0.4791669924781782,0.3148539080210099
99,[0.33595008],0.5320736104734851,0.1961235266464172
