,0,1,2
0,[0.67808083],0.4292477815508785,0.24883305176650605
1,[0.36653678],0.5624702604996237,0.1959334777438213
2,[0.45072464],0.5087330376341465,0.05800839874942143
3,[0.67357207],0.5087330376341465,0.16483902930062888
4,[0.74559285],0.450724638884725,0.29486821183602374
5,[0.58729088],0.493998855339216,0.09329202195146252
6,[0.00724096],0.5410096960525533,0.5337687392031579
7,[0.20995561],0.5561795619321069,0.3462239481020061
8,[0.01953596],0.5593249112158654,0.5397889503721403
9,[0.54994578],0.450724638884725,0.09922114274689653
10,[0.65530104],0.49534624052530696,0.15995480390135686
11,[0.17741956],0.49534624052530696,0.3179266816370153
12,[0.32931383],0.5293394096328841,0.20002557756116346
13,[0.94394226],0.44402624835083,0.4999160068514203
14,[0.83175223],0.4791669924781782,0.35258523815717313
15,[0.13091223],0.5455028949559074,0.4145906635803196
16,[0.47916699],0.5020396390797267,0.02287264660154853
17,[0.42067802],0.5561795619321069,0.13550154137806736
18,[0.82006474],0.49265147015312505,0.3274132683287019
19,[0.41079541],0.5320736104734851,0.1212782002718541
20,[0.97102882],0.43732785781693495,0.5337009664733978
21,[0.09900491],0.4791669924781782,0.3801620869059419
22,[0.22909445],0.450724638884725,0.22163019016437524
23,[0.1070933],0.5006922538936358,0.3935989507051334
24,[0.3645606],0.5204033240538157,0.15584272573803692
25,[0.80382782],0.43732785781693495,0.366499961946228
26,[0.99939806],0.38088872536499585,0.6185093315615869
27,[0.08980084],0.49534624052530696,0.40554540024716934
28,[0.05263949],0.5455028949559074,0.492863407641583
29,[0.49265147],0.5561795619321069,0.06352809177898189
30,[0.95959883],0.410795410201631,0.5488034243623192
31,[0.54550289],0.43732785781693495,0.10817503713897247
32,[0.50873304],0.49265147015312505,0.016081567481021408
33,[0.9632315],0.4859092313156516,0.4773222718175521
34,[0.97992927],0.49534624052530696,0.4845830309840665
35,[0.55617956],0.49265147015312505,0.06352809177898189
36,[0.01580394],0.5499457816316216,0.5341418408817827
37,[0.79172907],0.4859092313156516,0.30581983671053
38,[0.83104618],0.49265147015312505,0.3383947068733121
39,[0.09466266],0.493998855339216,0.39933619463257547
40,[0.14958122],0.5561795619321069,0.4065983436457391
41,[0.90985324],0.450724638884725,0.459128605697544
42,[0.27956554],0.5561795619321069,0.2766140257433112
43,[0.8450961],0.43732785781693495,0.4077682390395224
44,[0.56247026],0.513709925499396,0.048760335000227695
45,[0.13824696],0.44402624835083,0.30577929086452255
46,[0.93580094],0.5020396390797267,0.433761304793605
47,[0.43732786],0.5455028949559074,0.10817503713897247
48,[0.70034231],0.49265147015312505,0.20769084051618614
49,[0.75513806],0.4292477815508785,0.3258902814290977
50,[0.42116771],0.5561795619321069,0.13501185664728488
51,[0.94713141],0.4649458156814516,0.4821855917673648
52,[0.99065393],0.43732785781693495,0.5533260672062622
53,[0.53207361],0.450724638884725,0.08134897158876009
54,[0.76233399],0.4791669924781782,0.2831670004333037
55,[0.07574346],0.5387882527146963,0.46304479734355897
56,[0.09970828],0.5271179662950269,0.4274096862704121
57,[0.3629509],0.5455028949559074,0.18255199751227058
58,[0.08359594],0.5320736104734851,0.4484776733562045
59,[0.00298026],0.5624702604996237,0.559489996353928
60,[0.95142178],0.4791669924781782,0.4722547915770856
61,[0.79761847],0.5087330376341465,0.28888542995859234
62,[0.6747991],0.5455028949559074,0.12929620898108096
63,[0.78730856],0.4206780205540396,0.3666305422376478
64,[0.71418983],0.4206780205540396,0.2935118100019978
65,[0.70809396],0.49534624052530696,0.21274771528164682
66,[0.49534624],0.5624702604996237,0.06712401997431672
67,[0.81507267],0.44402624835083,0.37104642424646134
68,[0.23189004],0.5455028949559074,0.31361285014807117
69,[0.95139339],0.5455028949559074,0.4058904941214434
70,[0.6105017],0.450724638884725,0.15977706164353145
71,[0.39037842],0.5204033240538157,0.13002490261499366
72,[0.68825328],0.43732785781693495,0.2509254200696349
73,[0.61951417],0.49265147015312505,0.12686270380498887
74,[0.21024926],0.5455028949559074,0.3352536322575257
75,[0.81865564],0.47168805451892504,0.3469675899275938
76,[0.01079416],0.5087330376341465,0.49793887770428213
77,[0.62796941],0.4859092313156516,0.1420601796363356
78,[0.93087387],0.44402624835083,0.4868476176309488
79,[0.24950811],0.5455028949559074,0.2959947898778038
80,[0.8640874],0.4206780205540396,0.44340937755615684
81,[0.03481288],0.5455028949559074,0.5106900143783324
82,[0.0491482],0.5204033240538157,0.4712551222476463
83,[0.0133559],0.5320736104734851,0.5187177137918688
84,[0.75059006],0.5410096960525533,0.20958036585769368
85,[0.12054612],0.5477243382937644,0.4271782146282689
86,[0.88400384],0.40058691582022654,0.4834169230704525
87,[0.96099054],0.49265147015312505,0.46833906633992084
88,[0.98835845],0.49534624052530696,0.4930122122939756
89,[0.38088873],0.49534624052530696,0.11445751516031111
90,[0.16383532],0.5624702604996237,0.3986349425517144
91,[0.11598866],0.5387882527146963,0.4227995881547666
92,[0.19849053],0.5320736104734851,0.3335830794060024
93,[0.28466438],0.5624702604996237,0.2778058798564548
94,[0.30786486],0.473035439705016,0.1651705749753682
95,[0.76247189],0.4859092313156516,0.2765626618191998
96,[0.04138218],0.4791669924781782,0.4377848141553645
97,[0.09864193],0.5320736104734851,0.4334316802352143
98,[0.16431308],0.49265147015312505,0.32833838569595675
99,[0.33595008],0.5320736104734851,0.1961235266464172
