,0,1,2
0,[17.72735076],12.44773384083689,16.050701562199492
1,[15.85932658],13.835304716453924,13.771222879804174
2,[19.26465905],14.864447594106501,14.864447594106501
3,[15.90111705],8.922691580580802,12.001366342755293
4,[17.94350025],12.60984596242507,16.2668510576504
5,[15.6038745],8.724529880276178,11.704123792298358
6,[2.77349375],5.111416167882385,0.6853900569468623
7,[0.41013089],3.2127279560861894,4.231323467880256
8,[4.96352587],2.8584653553071084,3.6999295667116345
9,[1.26359631],2.64375101153063,3.377858051046917
10,[2.66480007],8.682096168912924,6.543124469344306
11,[4.46069549],7.462465814117397,7.341497745860808
12,[1.21046813],5.696506545813126,1.5630256238429767
13,[2.0881037],5.111416167882383,0.6853900569468623
14,[4.33972742],7.522949848245692,7.522949848245691
15,[1.43165121],10.36992955079276,14.172223298073234
16,[0.68849832],9.176171606164736,9.507577092855184
17,[0.25396801],9.502069336260648,9.942107399649734
18,[4.64145436],2.64375101153063,3.377858051046917
19,[3.89975071],8.724529880276176,11.704123792298358
