,0,1,2
0,[17.72735076],16.20910509949345,15.789716657201332
1,[15.85932658],14.456420193909906,14.210040663252231
2,[19.26465905],14.864447594106501,14.864447594106501
3,[15.90111705],10.145272025088245,12.001366342755293
4,[17.94350025],10.504711505031539,17.255001932154023
5,[15.6038745],9.922340112245543,11.704123792298358
6,[2.77349375],7.5720263766277425,0.6853900569468623
7,[0.41013089],2.973213261384861,4.231323467880256
8,[4.96352587],2.718530468046356,3.6999295667116345
9,[1.26359631],2.3331141987598567,3.377858051046917
10,[2.66480007],7.461095582037882,0.2877252650759212
11,[4.46069549],7.462465814117397,7.341497745860808
12,[1.21046813],8.401600566036546,1.5630256238429767
13,[2.0881037],8.757857925863956,1.8116470158552795
14,[4.33972742],7.522949848245692,7.522949848245691
15,[1.43165121],7.94156028557447,14.172223298073234
16,[0.68849832],10.37510293627111,15.170828256696607
17,[0.25396801],10.72272718170675,15.605358563491157
18,[4.64145436],2.4769768312978178,3.377858051046917
19,[3.89975071],6.996309164170952,11.704123792298358
