,0,1,2
0,[17.72735076],16.20910509949345,15.789716657201332
1,[15.85932658],12.119010353040556,13.771222879804174
2,[19.26465905],16.101685305725024,14.924931628234795
3,[15.90111705],10.145272025088245,12.907189850682935
4,[17.94350025],13.808088030372897,16.00586615265224
5,[15.6038745],11.141522290126915,11.704123792298358
6,[2.77349375],9.09162240096514,6.200221382955225
7,[0.41013089],5.417319331771827,4.231323467880256
8,[4.96352587],4.302894100392029,3.6999295667116345
9,[1.26359631],4.734546998305156,3.377858051046917
10,[2.66480007],7.46109558203788,0.2877252650759212
11,[4.46069549],6.232376265739551,0.12096806825658923
12,[1.21046813],10.06788687726078,8.105942035271632
13,[2.0881037],8.713621310468653,1.8116470158552795
14,[4.33972742],6.232376265739551,0.12096806825658923
15,[1.43165121],7.941560285574471,8.320161401924056
16,[0.68849832],13.695074732262071,9.471512712840232
17,[0.25396801],10.72272718170675,15.605358563491157
18,[4.64145436],4.1740654941261415,3.377858051046917
19,[3.89975071],6.996309164170952,4.946238388221539
