,0,1,2
0,[17.72735076],13.26156359801087,15.062550687695865
1,[15.85932658],11.839089277662069,13.771222879804174
2,[19.26465905],16.101685305725024,14.924931628234795
3,[15.90111705],11.245647428530107,12.907189850682935
4,[17.94350025],10.504711505031539,15.278700183146771
5,[15.6038745],11.34344794919777,11.704123792298358
6,[2.77349375],9.09162240096514,0.6853900569468623
7,[0.41013089],5.417319331771827,4.231323467880256
8,[4.96352587],4.302894100392029,3.6999295667116345
9,[1.26359631],4.734546998305156,3.377858051046917
10,[2.66480007],7.461095582037882,2.1376900484317387
11,[4.46069549],6.232376265739551,0.12096806825658923
12,[1.21046813],10.067886877260776,1.5630256238429767
13,[2.0881037],6.1917817756226,1.8116470158552795
14,[4.33972742],6.232376265739551,0.12096806825658923
15,[1.43165121],6.588784867213053,8.320161401924056
16,[0.68849832],8.737823847524352,3.7721971689838565
17,[0.25396801],10.73108527746803,15.349906491840619
18,[4.64145436],4.1740654941261415,3.377858051046917
19,[3.89975071],6.326203871245214,4.946238388221539
