,0,1,2
0,[17.72735076],13.004631958896999,15.062550687695865
1,[15.85932658],12.119010353040556,14.210040663252231
2,[19.26465905],16.22622872428247,14.924931628234795
3,[15.90111705],11.245647428530107,13.813013358610574
4,[17.94350025],13.808088030372897,16.00586615265224
5,[15.6038745],10.295257596550865,11.704123792298358
6,[2.77349375],9.09162240096514,0.6853900569468623
7,[0.41013089],8.429829469311,4.231323467880256
8,[4.96352587],4.302894100392029,3.6999295667116345
9,[1.26359631],4.734546998305156,3.377858051046917
10,[2.66480007],10.33013354257267,1.97665429059938
11,[4.46069549],5.123256054298814,0.12096806825658923
12,[1.21046813],10.06788687726078,1.5630256238429767
13,[2.0881037],6.185994262217148,1.8116470158552795
14,[4.33972742],5.093014037234667,0.12096806825658923
15,[1.43165121],6.588784867213053,2.4680995057748776
16,[0.68849832],11.041743678718221,3.7721971689838565
17,[0.25396801],10.72272718170675,15.349906491840619
18,[4.64145436],4.1740654941261415,3.377858051046917
19,[3.89975071],6.326203871245214,1.8116470158552795
