,0,1,2
0,[0.54547015],0.20305986142950933,0.029078447925978357
1,[0.17186532],0.5517649848777839,0.4638363493945358
2,[0.85293181],0.5791666264971287,0.3074616584517891
3,[0.18022341],0.5906612123578563,0.39432518816600015
4,[0.58870005],0.29223459299010934,0.043229899090181156
5,[0.1207749],0.45253216341427616,0.4339238497586453
6,[0.55469875],0.24222736871143774,0.0626354456735072
7,[0.08202618],0.6609641242945214,0.4925224209213265
8,[0.99270517],0.515288945024215,0.453490092483233
9,[0.25271926],0.2519260533836651,0.31330789004745385
10,[0.53296001],0.35153716029652476,0.04560578143629779
11,[0.8921391],0.6444721117930623,0.35917908399532084
12,[0.24209363],0.3275482372740534,0.31260512476859537
13,[0.41762074],0.3495728170420864,0.17107931105231788
14,[0.86794548],0.4345834680818871,0.37588217905110166
15,[0.28633024],0.3750883406781892,0.30236980903623745
16,[0.13769966],0.700270189723734,0.4408661312377482
17,[0.0507936],0.8922234343138984,0.5379064477897145
18,[0.92829087],0.44221209387553817,0.36226372016192954
19,[0.77995014],0.3364211495603323,0.2252513917816834
20,[0.69447451],0.3369329208959731,0.149004357847366
21,[0.95343867],0.6053061036934047,0.4409270082529252
22,[0.93194228],0.659680540881989,0.4398789744156565
23,[0.20739954],0.20977074946458477,0.3472992132133289
24,[0.22335698],0.3317096061836849,0.3370059685211583
25,[0.99751836],0.7089752721625917,0.46455835144717794
26,[0.4920633],0.29375745604770503,0.10451571457989128
27,[0.22577487],0.4130090757477557,0.33458807638907906
28,[0.98771616],0.5698980465127934,0.4131675632542575
29,[0.75659074],0.5289672822484348,0.31344826354417227
30,[0.58258299],0.42748835174225264,0.04962297740744437
31,[0.56602715],0.37106045007871497,0.05351549231149566
32,[0.37184337],0.38717438412804905,0.1828553767828094
33,[0.45296356],0.32885808096903163,0.12158503625410944
34,[0.81726831],0.5041985340059174,0.28430829245796696
35,[0.10200653],0.5240338008245801,0.4640206255126671
36,[0.91715646],0.5485390137366304,0.371686313951365
37,[0.04387119],0.7401391553316282,0.5387118035214663
38,[0.5745486],0.2018654998196519,0.008521447507204849
39,[0.18049899],0.4494146845362126,0.385528164693946
40,[0.63570166],0.3392295365934158,0.10274165093240695
41,[0.89414345],0.40199947162307764,0.3440589957659782
42,[0.65555994],0.39438177189490786,0.1163448585005552
43,[0.25422487],0.34411156045260716,0.2912452806677768
44,[0.59657902],0.35982274072834175,0.1436154566617509
45,[0.91987718],0.5805877837254249,0.36517842492390806
46,[0.77454108],0.33177835479872014,0.22907092441176924
47,[0.29099454],0.4351519739974797,0.29158844591233646
48,[0.68682978],0.33876687579572307,0.1413596243376044
49,[0.43332139],0.28860027795872495,0.16325762667443244
