,0,1,2
0,[0.54547015],0.23364499506422912,0.029078447925978357
1,[0.17186532],0.6192238217743584,0.4247137043349216
2,[0.85293181],0.5464315437412028,0.31997179599096204
3,[0.18022341],0.6527989302719364,0.39432518816600015
4,[0.58870005],0.2544784453314394,0.034001299662945406
5,[0.1207749],0.45253216341427616,0.4339238497586453
6,[0.55469875],0.24222736871143774,0.0421870913199579
7,[0.08202618],0.6609641242945214,0.4925224209213265
8,[0.99270517],0.515288945024215,0.4597451612528195
9,[0.25271926],0.37768489345809486,0.3218293375546587
10,[0.53296001],0.4029171819350827,0.03306713795794647
11,[0.8921391],0.6040869799788916,0.35917908399532084
12,[0.24209363],0.40118755503483233,0.31260512476859537
13,[0.41762074],0.3759127904529719,0.16496225183040814
14,[0.86794548],0.4345834680818871,0.37588217905110166
15,[0.28633024],0.4431255198804666,0.30236980903623745
16,[0.13769966],0.6538375365683095,0.4448833272088948
17,[0.0507936],0.8922234343138984,0.5457854170331532
18,[0.92829087],0.3643220528130617,0.36226372016192954
19,[0.77995014],0.41137360815679375,0.24699012874809212
20,[0.69447451],0.39144146248908673,0.149004357847366
21,[0.95343867],0.7161411572284034,0.4409270082529252
22,[0.93194228],0.5511908310034312,0.4398789744156565
23,[0.20739954],0.20977074946458477,0.3472992132133289
24,[0.22335698],0.4118974752985619,0.3313417680253894
25,[0.99751836],0.7094588505890076,0.46455835144717794
26,[0.4920633],0.3934047816172213,0.10451571457989128
27,[0.22577487],0.5201983236828385,0.33458807638907906
28,[0.98771616],0.5698980465127933,0.41742828700785994
29,[0.75659074],0.5409120994596823,0.2840773074969017
30,[0.58258299],0.40366250575080526,0.03711283986827141
31,[0.56602715],0.32084675548354774,0.015942700705155688
32,[0.37184337],0.3871743841280491,0.1828553767828094
33,[0.45296356],0.4010947675727854,0.1296194281964025
34,[0.81726831],0.5516779996614944,0.28430829245796696
35,[0.10200653],0.5881492899481291,0.4640206255126671
36,[0.91715646],0.6569157049070328,0.371686313951365
37,[0.04387119],0.6940720449518477,0.5346946075503197
38,[0.5745486],0.18691943169717537,0.018799947716591547
39,[0.18049899],0.4494146845362126,0.385528164693946
40,[0.63570166],0.3816378160352225,0.14363835963950544
41,[0.89414345],0.4205007892887038,0.3281162950608225
42,[0.65555994],0.43535339569920034,0.0951969898079641
43,[0.25422487],0.33015936727818795,0.2912452806677768
44,[0.59657902],0.3133966634545279,0.1436154566617509
45,[0.91987718],0.34756034482703246,0.36517842492390806
46,[0.77454108],0.28435400433611296,0.22907092441176924
47,[0.29099454],0.43515197399747974,0.29158844591233646
48,[0.68682978],0.273668744573643,0.1413596243376044
49,[0.43332139],0.34934862034291864,0.15537865743099377
