,0,1,2
0,[0.54547015],0.22373484511519112,0.029078447925978357
1,[0.17186532],0.6626698507860694,0.4107176758695732
2,[0.85293181],0.5531438421430146,0.31997179599096204
3,[0.18022341],0.6810708551394573,0.39432518816600015
4,[0.58870005],0.29501949038774977,0.02267289867140765
5,[0.1207749],0.45253216341427616,0.4339238497586453
6,[0.55469875],0.26927556369398875,0.02173873696640871
7,[0.08202618],0.6609641242945214,0.48826169716772405
8,[0.99270517],0.5647136165460409,0.4597451612528195
9,[0.25271926],0.406517660432283,0.3218293375546587
10,[0.53296001],0.35492211289468195,0.03306713795794647
11,[0.8921391],0.6873512622860126,0.40007579270241933
12,[0.24209363],0.40201907957811434,0.33245497326733797
13,[0.41762074],0.35717640586886823,0.16496225183040814
14,[0.86794548],0.4345834680818871,0.31324673337759446
15,[0.28633024],0.4020452112238785,0.2962527498143277
16,[0.13769966],0.6020206778721088,0.4448833272088948
17,[0.0507936],0.8393599873898634,0.5379064477897145
18,[0.92829087],0.26605843854649497,0.36226372016192954
19,[0.77995014],0.33103227219285347,0.24699012874809212
20,[0.69447451],0.5193129253011309,0.149004357847366
21,[0.95343867],0.6225561273440853,0.40796851636020304
22,[0.93194228],0.3970097047140039,0.4398789744156565
23,[0.20739954],0.2597646852836024,0.342684913499711
24,[0.22335698],0.4362144825493838,0.3313417680253894
25,[0.99751836],0.6450362168693768,0.46455835144717794
26,[0.4920633],0.3827585783202151,0.09357821572549774
27,[0.22577487],0.5201983236828385,0.3289238758933102
28,[0.98771616],0.5698980465127933,0.42168901076146237
29,[0.75659074],0.49452754378292063,0.24407908210242257
30,[0.58258299],0.25731660148520363,0.03711283986827141
31,[0.56602715],0.22522639179957538,0.011328400991537757
32,[0.37184337],0.3855985902793614,0.19418377777434714
33,[0.45296356],0.33658071150609525,0.12158503625410944
34,[0.81726831],0.5516779996614944,0.271798154918794
35,[0.10200653],0.50074072904913,0.4640206255126671
36,[0.91715646],0.6569157049070329,0.38419645149053794
37,[0.04387119],0.42787776218521956,0.5346946075503197
38,[0.5745486],0.24760724117036875,0.029078447925978357
39,[0.18049899],0.39291913040460447,0.385528164693946
40,[0.63570166],0.3816378160352225,0.10274165093240695
41,[0.89414345],0.4205007892887038,0.3281162950608225
42,[0.65555994],0.47752738310184606,0.08953278931219522
43,[0.25422487],0.36397280759820977,0.2958595803813946
44,[0.59657902],0.35842937672942343,0.10451571457989128
45,[0.91987718],0.5549889581950462,0.36517842492390806
46,[0.77454108],0.28435400433611296,0.22907092441176924
47,[0.29099454],0.43515197399747974,0.29158844591233646
48,[0.68682978],0.34856381250709456,0.1413596243376044
49,[0.43332139],0.34934862034291864,0.14122720626679097
