,0,1,2
0,[0.54547015],0.27938829910228835,0.029078447925978357
1,[0.17186532],0.5230373129498828,0.4107176758695732
2,[0.85293181],0.5199160765342631,0.2982330590245533
3,[0.18022341],0.552786018117802,0.39432518816600015
4,[0.58870005],0.2858980840375153,0.0141514511642028
5,[0.1207749],0.45253216341427616,0.44525225075018304
6,[0.55469875],0.3191121935330976,0.011328400991537757
7,[0.08202618],0.6609641242945214,0.48826169716772405
8,[0.99270517],0.5320079465726206,0.4597451612528195
9,[0.25271926],0.46501058149191304,0.34385975796230017
10,[0.53296001],0.3254272240659029,0.01712443725279078
11,[0.8921391],0.5207235996069268,0.41962566374334914
12,[0.24209363],0.42322205240970073,0.340489365209631
13,[0.41762074],0.3278365789588783,0.16496225183040814
14,[0.86794548],0.4345834680818871,0.31324673337759446
15,[0.28633024],0.40767191991039364,0.28821835787203465
16,[0.13769966],0.598430611031695,0.45100038643080453
17,[0.0507936],0.7900614591075072,0.5379064477897145
18,[0.92829087],0.2634011090884586,0.3735921211534673
19,[0.77995014],0.4244300060581592,0.24699012874809212
20,[0.69447451],0.38696288611537255,0.16151449538653895
21,[0.95343867],0.49137179211261817,0.40796851636020304
22,[0.93194228],0.5471947614231404,0.4398789744156565
23,[0.20739954],0.3567529285513212,0.3472992132133289
24,[0.22335698],0.3779941791132868,0.34267016901692715
25,[0.99751836],0.610039962422685,0.5054550601542764
26,[0.4920633],0.3931266360097002,0.09051968611454286
27,[0.22577487],0.4993461173180419,0.34025227688484794
28,[0.98771616],0.522790718762098,0.45475614871940884
29,[0.75659074],0.3867843411188061,0.22363072774887338
30,[0.58258299],0.35046357221695745,0.03711283986827141
31,[0.56602715],0.2617974671561373,0.008521447507204849
32,[0.37184337],0.392855030761129,0.19844450152794957
33,[0.45296356],0.3681821860766218,0.12158503625410944
34,[0.81726831],0.36349145441654335,0.2512411545000205
35,[0.10200653],0.648287392164631,0.4640206255126671
36,[0.91715646],0.6539073131821285,0.38419645149053794
37,[0.04387119],0.4729582954859751,0.5387118035214663
38,[0.5745486],0.23634410321900132,0.029078447925978357
39,[0.18049899],0.39291913040460447,0.385528164693946
40,[0.63570166],0.29901125571459486,0.10274165093240695
41,[0.89414345],0.43520598181294134,0.3281162950608225
42,[0.65555994],0.4073359757486935,0.08953278931219522
43,[0.25422487],0.4320394294453134,0.3004738800950125
44,[0.59657902],0.4196587424871557,0.06361900587279279
45,[0.91987718],0.35101076210959786,0.3595142244281392
46,[0.77454108],0.3427787729750624,0.22907092441176924
47,[0.29099454],0.5342963808205632,0.29158844591233646
48,[0.68682978],0.34856381250709456,0.1413596243376044
49,[0.43332139],0.34262642440639385,0.12137735776804837
