,0,1,2
0,[0.54547015],0.23792556487388997,0.020557000418773508
1,[0.17186532],0.4511118606419897,0.40268328392728014
2,[0.85293181],0.43387651035761216,0.3074616584517891
3,[0.18022341],0.6171518856287339,0.39432518816600015
4,[0.58870005],0.33921986244203506,0.0141514511642028
5,[0.1207749],0.5041450512512219,0.44525225075018304
6,[0.55469875],0.327630606915218,0.011328400991537757
7,[0.08202618],0.516072185270662,0.4925224209213265
8,[0.99270517],0.598439190862474,0.4597451612528195
9,[0.25271926],0.44217192063777766,0.3359807887188615
10,[0.53296001],0.2501438581574056,0.02173873696640871
11,[0.8921391],0.6900410117316405,0.40007579270241933
12,[0.24209363],0.5260863604360051,0.340489365209631
13,[0.41762074],0.3225895667885917,0.15692785988811508
14,[0.86794548],0.4908544626410755,0.31324673337759446
15,[0.28633024],0.40767191991039364,0.28821835787203465
16,[0.13769966],0.7516286560189063,0.4448833272088948
17,[0.0507936],0.8299952466339533,0.5457854170331532
18,[0.92829087],0.24056244823432324,0.3735921211534673
19,[0.77995014],0.4693977553947935,0.24699012874809212
20,[0.69447451],0.32310147114217846,0.16151449538653895
21,[0.95343867],0.34070681025479493,0.4033542166465852
22,[0.93194228],0.469183405653616,0.398982265708558
23,[0.20739954],0.30881522743364426,0.3472992132133289
24,[0.22335698],0.5572571684057059,0.351191616524132
25,[0.99751836],0.7567061551401937,0.5054550601542764
26,[0.4920633],0.3931266360097002,0.09051968611454286
27,[0.22577487],0.4989348000789812,0.34025227688484794
28,[0.98771616],0.38444419782392,0.4330174117530001
29,[0.75659074],0.44003462859351233,0.22363072774887338
30,[0.58258299],0.2143539526709204,0.03711283986827141
31,[0.56602715],0.3292563040527118,0.008521447507204849
32,[0.37184337],0.37372834718804343,0.202705225281552
33,[0.45296356],0.3681821860766218,0.1296194281964025
34,[0.81726831],0.43525711011845775,0.2512411545000205
35,[0.10200653],0.5911064527917331,0.47254207301987194
36,[0.91715646],0.558021265557389,0.37794138272095146
37,[0.04387119],0.6242470520500192,0.5387118035214663
38,[0.5745486],0.29713698480949735,0.029078447925978357
39,[0.18049899],0.39291913040460447,0.385528164693946
40,[0.63570166],0.3853501360102644,0.10274165093240695
41,[0.89414345],0.475591113627112,0.3281162950608225
42,[0.65555994],0.39709339102756563,0.08953278931219522
43,[0.25422487],0.3858143452512063,0.3061380805907814
44,[0.59657902],0.3338459279058987,0.06361900587279279
45,[0.91987718],0.4191253633220791,0.3538500239323703
46,[0.77454108],0.368352450737696,0.2415810619509422
47,[0.29099454],0.34578300235695314,0.29158844591233646
48,[0.68682978],0.4012879007494421,0.1413596243376044
49,[0.43332139],0.34262642440639385,0.12137735776804837
