,0,1,2
0,[0.54547015],0.30184453438461356,0.020557000418773508
1,[0.17186532],0.49711342731060226,0.40268328392728014
2,[0.85293181],0.556821567934412,0.3074616584517891
3,[0.18022341],0.6175234545460635,0.39432518816600015
4,[0.58870005],0.32581324001487993,0.02267289867140765
5,[0.1207749],0.5973131909348186,0.44525225075018304
6,[0.55469875],0.35862835947366484,0.011328400991537757
7,[0.08202618],0.30950765640614564,0.4925224209213265
8,[0.99270517],0.6675049061475071,0.4597451612528195
9,[0.25271926],0.44217192063777766,0.33992027334058084
10,[0.53296001],0.24079245094456905,0.02173873696640871
11,[0.8921391],0.6239835933433737,0.40007579270241933
12,[0.24209363],0.37285743684878503,0.340489365209631
13,[0.41762074],0.34020460896350146,0.15692785988811508
14,[0.86794548],0.5959995170164147,0.3178610330912124
15,[0.28633024],0.40767191991039364,0.28821835787203465
16,[0.13769966],0.5681902939483034,0.4448833272088948
17,[0.0507936],0.7643719876217887,0.5379064477897145
18,[0.92829087],0.24056244823432324,0.38282072058070304
19,[0.77995014],0.5510266089534779,0.23447999120891916
20,[0.69447451],0.4043440983871546,0.16151449538653895
21,[0.95343867],0.3315513371761075,0.40796851636020304
22,[0.93194228],0.4713085327961518,0.38647212816938503
23,[0.20739954],0.2448761721404294,0.35862761420486666
24,[0.22335698],0.5075352614475308,0.351191616524132
25,[0.99751836],0.6734350334254654,0.48500670580072713
26,[0.4920633],0.4118411791498282,0.08248529417224981
27,[0.22577487],0.499346117318042,0.3487737243920528
28,[0.98771616],0.38444419782392,0.43763171146661806
29,[0.75659074],0.367071995471996,0.2645274364559719
30,[0.58258299],0.3000194502227998,0.03711283986827141
31,[0.56602715],0.35519738093758396,0.008521447507204849
32,[0.37184337],0.3737283471880435,0.202705225281552
33,[0.45296356],0.3681821860766218,0.12158503625410944
34,[0.81726831],0.4842974353891944,0.2512411545000205
35,[0.10200653],0.6701726244157082,0.4682813492662695
36,[0.91715646],0.558021265557389,0.38419645149053794
37,[0.04387119],0.6452737069742924,0.5387118035214663
38,[0.5745486],0.34369693572408755,0.029078447925978357
39,[0.18049899],0.39291913040460447,0.385528164693946
40,[0.63570166],0.38340493014401544,0.10274165093240695
41,[0.89414345],0.17120671903892842,0.3337804955565914
42,[0.65555994],0.39709339102756563,0.0951969898079641
43,[0.25422487],0.45072031112392563,0.3118022810865503
44,[0.59657902],0.35626840156313555,0.06361900587279279
45,[0.91987718],0.5361069757406326,0.36517842492390806
46,[0.77454108],0.36835245073769596,0.2415810619509422
47,[0.29099454],0.4061183496143578,0.29158844591233646
48,[0.68682978],0.346031965756669,0.1413596243376044
49,[0.43332139],0.305952199831334,0.12137735776804837
