,0,1,2
0,[0.54547015],0.2949057166956669,0.020557000418773508
1,[0.17186532],0.401044020509502,0.40268328392728014
2,[0.85293181],0.4867103206413278,0.3074616584517891
3,[0.18022341],0.55360448503534,0.39432518816600015
4,[0.58870005],0.32581324001487993,0.02267289867140765
5,[0.1207749],0.544008703109826,0.44525225075018304
6,[0.55469875],0.2923968625175736,0.011328400991537757
7,[0.08202618],0.717307263294351,0.4925224209213265
8,[0.99270517],0.7150927464861283,0.44723502371364654
9,[0.25271926],0.4470106433680412,0.3359807887188615
10,[0.53296001],0.27649508802346584,0.02173873696640871
11,[0.8921391],0.5459722375738494,0.40007579270241933
12,[0.24209363],0.467761108532442,0.340489365209631
13,[0.41762074],0.39923728102296085,0.15692785988811508
14,[0.86794548],0.5959995170164147,0.3224753328048302
15,[0.28633024],0.3971355760866821,0.28821835787203465
16,[0.13769966],0.6841698191223319,0.4448833272088948
17,[0.0507936],0.8299952466339533,0.5379064477897145
18,[0.92829087],0.3989898323490212,0.38282072058070304
19,[0.77995014],0.5914117407676486,0.23447999120891916
20,[0.69447451],0.3231014711421786,0.149004357847366
21,[0.95343867],0.30560138757895033,0.40796851636020304
22,[0.93194228],0.4993259527466586,0.38647212816938503
23,[0.20739954],0.2448761721404294,0.35862761420486666
24,[0.22335698],0.49021033413846754,0.351191616524132
25,[0.99751836],0.6367608088504055,0.48500670580072713
26,[0.4920633],0.3931266360097002,0.08248529417224981
27,[0.22577487],0.4989348000789812,0.3487737243920528
28,[0.98771616],0.39460117191940797,0.4422460111802359
29,[0.75659074],0.4215649106614043,0.24407908210242257
30,[0.58258299],0.3000194502227998,0.03711283986827141
31,[0.56602715],0.36360257404796464,0.001403476742166454
32,[0.37184337],0.3737283471880435,0.202705225281552
33,[0.45296356],0.3956927271306009,0.12158503625410944
34,[0.81726831],0.4842974353891944,0.26256955549155825
35,[0.10200653],0.6892880373605259,0.4640206255126671
36,[0.91715646],0.5649600832463356,0.38419645149053794
37,[0.04387119],0.6452737069742924,0.544828862743376
38,[0.5745486],0.36491830178288065,0.04158858546515132
39,[0.18049899],0.4933923045801,0.385528164693946
40,[0.63570166],0.31673290570419876,0.10274165093240695
41,[0.89414345],0.3495442616889829,0.3394446960523603
42,[0.65555994],0.39709339102756563,0.10086119030373297
43,[0.25422487],0.3512812297639735,0.3118022810865503
44,[0.59657902],0.4068328827500075,0.06361900587279279
45,[0.91987718],0.5361069757406326,0.36517842492390806
46,[0.77454108],0.368352450737696,0.23532599318135572
47,[0.29099454],0.36267232060264676,0.29158844591233646
48,[0.68682978],0.346031965756669,0.1413596243376044
49,[0.43332139],0.35647192307185427,0.12137735776804837
