,0,1,2
0,[0.54547015],0.30184453438461356,0.020557000418773508
1,[0.17186532],0.5348806941349704,0.40268328392728014
2,[0.85293181],0.28374592473775806,0.2982330590245533
3,[0.18022341],0.5536044850353401,0.3983423841371466
4,[0.58870005],0.32581324001488,0.02267289867140765
5,[0.1207749],0.611728456436783,0.44525225075018304
6,[0.55469875],0.32212638668770804,0.011328400991537757
7,[0.08202618],0.40350391207955105,0.4840009734141216
8,[0.99270517],0.6254606657827159,0.4597451612528195
9,[0.25271926],0.4470106433680412,0.3359807887188615
10,[0.53296001],0.2697827896216539,0.03306713795794647
11,[0.8921391],0.6478094393348212,0.40007579270241933
12,[0.24209363],0.4527869502249712,0.340489365209631
13,[0.41762074],0.4365977389813274,0.15692785988811508
14,[0.86794548],0.5895784428720707,0.3178610330912124
15,[0.28633024],0.3971355760866821,0.28821835787203465
16,[0.13769966],0.7516286560189064,0.4448833272088948
17,[0.0507936],0.8299952466339533,0.5317893885678048
18,[0.92829087],0.4768798734114976,0.38282072058070304
19,[0.77995014],0.4469174558545044,0.23447999120891916
20,[0.69447451],0.3160901578965022,0.149004357847366
21,[0.95343867],0.3698113418477423,0.40796851636020304
22,[0.93194228],0.4087875078424327,0.38647212816938503
23,[0.20739954],0.4999991661829214,0.35862761420486666
24,[0.22335698],0.4742803999362068,0.351191616524132
25,[0.99751836],0.6367608088504055,0.46455835144717794
26,[0.4920633],0.3470277353842623,0.08650249014339628
27,[0.22577487],0.4989348000789812,0.3487737243920528
28,[0.98771616],0.5645843921523547,0.45475614871940884
29,[0.75659074],0.4215649106614043,0.22363072774887338
30,[0.58258299],0.3160187403805914,0.03711283986827141
31,[0.56602715],0.35604280751000683,0.001403476742166454
32,[0.37184337],0.3737283471880435,0.202705225281552
33,[0.45296356],0.3681821860766218,0.12158503625410944
34,[0.81726831],0.46639087752675534,0.26256955549155825
35,[0.10200653],0.6139529748810741,0.47254207301987194
36,[0.91715646],0.597665753219756,0.38419645149053794
37,[0.04387119],0.6209311870268704,0.544828862743376
38,[0.5745486],0.35880951856019283,0.04158858546515132
39,[0.18049899],0.49698237142051377,0.385528164693946
40,[0.63570166],0.38340493014401544,0.10274165093240695
41,[0.89414345],0.2464975518653215,0.3394446960523603
42,[0.65555994],0.3920717595307635,0.10086119030373297
43,[0.25422487],0.4691223719663228,0.3061380805907814
44,[0.59657902],0.43449326476130706,0.06361900587279279
45,[0.91987718],0.5361069757406326,0.36517842492390806
46,[0.77454108],0.368352450737696,0.2415810619509422
47,[0.29099454],0.4032133656589572,0.2835540539700434
48,[0.68682978],0.4570814233399959,0.1413596243376044
49,[0.43332139],0.31389157155299785,0.12137735776804837
