,0,1,2
0,[0.54547015],0.32935985944578616,0.029078447925978357
1,[0.17186532],0.5433427827389004,0.4107176758695732
2,[0.85293181],0.47712494991275023,0.3074616584517891
3,[0.18022341],0.47826922717217196,0.37447533966725755
4,[0.58870005],0.2718897243688514,0.043229899090181156
5,[0.1207749],0.4941708819645422,0.44525225075018304
6,[0.55469875],0.2919570795615103,0.0626354456735072
7,[0.08202618],0.5788133617952707,0.49653961689247295
8,[0.99270517],0.4668958513232365,0.42667802329487303
9,[0.25271926],0.3548934617528744,0.3119044133052874
10,[0.53296001],0.29333166372675606,0.03306713795794647
11,[0.8921391],0.725297401354333,0.43917553478427895
12,[0.24209363],0.40920851276447456,0.29712145657177313
13,[0.41762074],0.3581363079130108,0.13707801138937248
14,[0.86794548],0.4817030794053105,0.349178755927966
15,[0.28633024],0.41433485780860757,0.2962527498143277
16,[0.13769966],0.6702282858940718,0.4588793556742432
17,[0.0507936],0.8452863713037939,0.5317893885678048
18,[0.92829087],0.3582228493105767,0.3679279206576984
19,[0.77995014],0.3708723653092486,0.2252513917816834
20,[0.69447451],0.3642048798519604,0.14439005813374817
21,[0.95343867],0.6988162299193401,0.5201172747010157
22,[0.93194228],0.41807672888948655,0.38647212816938503
23,[0.20739954],0.5071057971486705,0.3472992132133289
24,[0.22335698],0.30788280788977984,0.351191616524132
25,[0.99751836],0.7469302078107992,0.45830328267759146
26,[0.4920633],0.3491217242897416,0.14964109258188352
27,[0.22577487],0.4427856641164022,0.37080414479969426
28,[0.98771616],0.5991291455450338,0.42168901076146237
29,[0.75659074],0.5090318218281776,0.3036271785378315
30,[0.58258299],0.42524412116117993,0.03249854015465359
31,[0.56602715],0.421980237350924,0.008521447507204849
32,[0.37184337],0.37432945302813386,0.202705225281552
33,[0.45296356],0.34657006057886913,0.11306358874690459
34,[0.81726831],0.49317004238211554,0.25264463124218695
35,[0.10200653],0.661598526830254,0.4309534875547206
36,[0.91715646],0.6794670019529307,0.38419645149053794
37,[0.04387119],0.6427359858524472,0.5306774115791733
38,[0.5745486],0.3996609320501222,0.008521447507204849
39,[0.18049899],0.5358196217430177,0.385528164693946
40,[0.63570166],0.4332385255812343,0.18273810172136506
41,[0.89414345],0.4732212013022471,0.3440589957659782
42,[0.65555994],0.5218004754758271,0.2835808869170668
43,[0.25422487],0.39662090784513326,0.2849902118981903
44,[0.59657902],0.3330162910743359,0.08406736022634198
45,[0.91987718],0.589396897445102,0.3806620931207303
46,[0.77454108],0.4778896843051125,0.2824777706580407
47,[0.29099454],0.5745612391686238,0.2835540539700434
48,[0.68682978],0.28384898267749537,0.19476647058387586
49,[0.43332139],0.36025480315702474,0.253508382678417
