,0,1,2
0,[0.54547015],0.30867401940483497,0.020557000418773508
1,[0.17186532],0.5348806941349704,0.40268328392728014
2,[0.85293181],0.39131722804781377,0.2982330590245533
3,[0.18022341],0.5536044850353401,0.4023595801082932
4,[0.58870005],0.32581324001488,0.02267289867140765
5,[0.1207749],0.5579436057047181,0.44525225075018304
6,[0.55469875],0.32212638668770804,0.011328400991537757
7,[0.08202618],0.6175830859923115,0.4925224209213265
8,[0.99270517],0.6254606657827159,0.4597451612528195
9,[0.25271926],0.4513099210062048,0.3359807887188615
10,[0.53296001],0.2697827896216539,0.02173873696640871
11,[0.8921391],0.541290330328908,0.35917908399532084
12,[0.24209363],0.46738328367354515,0.340489365209631
13,[0.41762074],0.3992372810229608,0.16496225183040814
14,[0.86794548],0.4936460473240243,0.3178610330912124
15,[0.28633024],0.3971355760866822,0.28821835787203465
16,[0.13769966],0.7516286560189063,0.4448833272088948
17,[0.0507936],0.7084326055488227,0.5317893885678048
18,[0.92829087],0.3765600806808586,0.38282072058070304
19,[0.77995014],0.5219652046299312,0.23447999120891916
20,[0.69447451],0.41581735095275774,0.149004357847366
21,[0.95343867],0.31783200067240147,0.40796851636020304
22,[0.93194228],0.4087875078424327,0.38647212816938503
23,[0.20739954],0.45777504814098136,0.35862761420486666
24,[0.22335698],0.41470465461035994,0.351191616524132
25,[0.99751836],0.6458711016051951,0.46455835144717794
26,[0.4920633],0.3463633634630328,0.08650249014339628
27,[0.22577487],0.3885833249703983,0.3487737243920528
28,[0.98771616],0.601449135181922,0.4422460111802359
29,[0.75659074],0.367071995471996,0.22363072774887338
30,[0.58258299],0.35576647884852053,0.03711283986827141
31,[0.56602715],0.35604280751000683,0.011328400991537757
32,[0.37184337],0.37372834718804343,0.202705225281552
33,[0.45296356],0.3862267554850147,0.12158503625410944
34,[0.81726831],0.46639087752675534,0.26256955549155825
35,[0.10200653],0.6803842191709275,0.47254207301987194
36,[0.91715646],0.597665753219756,0.37794138272095146
37,[0.04387119],0.6209311870268703,0.544828862743376
38,[0.5745486],0.33875214758639693,0.04158858546515132
39,[0.18049899],0.49698237142051377,0.385528164693946
40,[0.63570166],0.38340493014401544,0.10274165093240695
41,[0.89414345],0.2464975518653215,0.3394446960523603
42,[0.65555994],0.30346016488222816,0.10086119030373297
43,[0.25422487],0.2574364146742306,0.3004738800950125
44,[0.59657902],0.43449326476130706,0.06361900587279279
45,[0.91987718],0.6217724732925121,0.36517842492390806
46,[0.77454108],0.368352450737696,0.2415810619509422
47,[0.29099454],0.4447665696532205,0.2835540539700434
48,[0.68682978],0.38408719048496137,0.1413596243376044
49,[0.43332139],0.31389157155299785,0.12137735776804837
