,0,1,2
0,[0.54547015],0.3086740194048349,0.020557000418773508
1,[0.17186532],0.5348806941349704,0.40268328392728014
2,[0.85293181],0.39131722804781377,0.2982330590245533
3,[0.18022341],0.6537465962395086,0.4023595801082932
4,[0.58870005],0.2364734125156894,0.02267289867140765
5,[0.1207749],0.5579436057047181,0.44525225075018304
6,[0.55469875],0.355346793510545,0.011328400991537757
7,[0.08202618],0.4836593184001461,0.4925224209213265
8,[0.99270517],0.6254606657827159,0.453490092483233
9,[0.25271926],0.415530402616518,0.3329222591079066
10,[0.53296001],0.32760630898726517,0.02740293746217759
11,[0.8921391],0.6380292554753623,0.35917908399532084
12,[0.24209363],0.5845357678585732,0.340489365209631
13,[0.41762074],0.4365977389813274,0.15692785988811508
14,[0.86794548],0.5027563400788136,0.31324673337759446
15,[0.28633024],0.40888395850559034,0.28821835787203465
16,[0.13769966],0.7516286560189063,0.4448833272088948
17,[0.0507936],0.7084326055488227,0.5317893885678048
18,[0.92829087],0.4491033774899327,0.38282072058070304
19,[0.77995014],0.510975114624743,0.23447999120891916
20,[0.69447451],0.41581735095275774,0.149004357847366
21,[0.95343867],0.31783200067240147,0.40796851636020304
22,[0.93194228],0.4087875078424327,0.38647212816938503
23,[0.20739954],0.30881522743364426,0.35862761420486666
24,[0.22335698],0.4029084703308901,0.351191616524132
25,[0.99751836],0.6058209106682468,0.46455835144717794
26,[0.4920633],0.34636336346303287,0.08650249014339628
27,[0.22577487],0.4335374841715711,0.3487737243920528
28,[0.98771616],0.675295075117327,0.4422460111802359
29,[0.75659074],0.37100042947453227,0.22363072774887338
30,[0.58258299],0.230353242828712,0.03711283986827141
31,[0.56602715],0.35604280751000683,0.011328400991537757
32,[0.37184337],0.3737283471880435,0.202705225281552
33,[0.45296356],0.3239146643627498,0.12158503625410944
34,[0.81726831],0.46639087752675534,0.26256955549155825
35,[0.10200653],0.6803842191709276,0.47254207301987194
36,[0.91715646],0.5944020029948132,0.38419645149053794
37,[0.04387119],0.6209311870268703,0.544828862743376
38,[0.5745486],0.3522796600972147,0.04158858546515132
39,[0.18049899],0.4041150305679976,0.385528164693946
40,[0.63570166],0.43822362495990747,0.10274165093240695
41,[0.89414345],0.403308476525026,0.3394446960523603
42,[0.65555994],0.30346016488222816,0.10086119030373297
43,[0.25422487],0.41853236820174555,0.3118022810865503
44,[0.59657902],0.42592166562590333,0.06361900587279279
45,[0.91987718],0.5897912167016491,0.36517842492390806
46,[0.77454108],0.3265828359327931,0.2415810619509422
47,[0.29099454],0.3215920119460586,0.2835540539700434
48,[0.68682978],0.4570814233399959,0.1413596243376044
49,[0.43332139],0.3082863983321934,0.12137735776804837
