,0,1,2
0,[0.54547015],0.3086740194048349,0.020557000418773508
1,[0.17186532],0.5348806941349704,0.40268328392728014
2,[0.85293181],0.283745924737758,0.2982330590245533
3,[0.18022341],0.6175234545460635,0.4023595801082932
4,[0.58870005],0.24399476494986722,0.028337099167176527
5,[0.1207749],0.593013913296655,0.44525225075018304
6,[0.55469875],0.2963154958678846,0.011328400991537757
7,[0.08202618],0.4836593184001461,0.4925224209213265
8,[0.99270517],0.6254606657827159,0.4597451612528195
9,[0.25271926],0.35441350774098107,0.32986372949695175
10,[0.53296001],0.37342874213149707,0.02740293746217759
11,[0.8921391],0.6380292554753623,0.35917908399532084
12,[0.24209363],0.512069887224362,0.340489365209631
13,[0.41762074],0.39923728102296085,0.15692785988811508
14,[0.86794548],0.5801670283251005,0.3178610330912124
15,[0.28633024],0.40888395850559034,0.28821835787203465
16,[0.13769966],0.7516286560189063,0.4448833272088948
17,[0.0507936],0.8299952466339532,0.5317893885678048
18,[0.92829087],0.459784746739187,0.38282072058070304
19,[0.77995014],0.5477773100000605,0.23447999120891916
20,[0.69447451],0.3389288187506375,0.149004357847366
21,[0.95343867],0.38572093988287354,0.40796851636020304
22,[0.93194228],0.4867988636119572,0.38647212816938503
23,[0.20739954],0.30881522743364426,0.35862761420486666
24,[0.22335698],0.40290847033089017,0.351191616524132
25,[0.99751836],0.6421960341411912,0.46455835144717794
26,[0.4920633],0.3251971125972096,0.08650249014339628
27,[0.22577487],0.43353748417157123,0.3487737243920528
28,[0.98771616],0.675295075117327,0.44850107994982236
29,[0.75659074],0.37100042947453227,0.22363072774887338
30,[0.58258299],0.230353242828712,0.04962297740744437
31,[0.56602715],0.35604280751000683,0.011328400991537757
32,[0.37184337],0.37372834718804343,0.202705225281552
33,[0.45296356],0.35264861726111085,0.12158503625410944
34,[0.81726831],0.46639087752675534,0.2671838552051762
35,[0.10200653],0.6803842191709275,0.47254207301987194
36,[0.91715646],0.558021265557389,0.38419645149053794
37,[0.04387119],0.6466206585125888,0.544828862743376
38,[0.5745486],0.3522796600972147,0.04158858546515132
39,[0.18049899],0.4933923045801,0.38978888844754844
40,[0.63570166],0.4139598799618975,0.10274165093240695
41,[0.89414345],0.403308476525026,0.3394446960523603
42,[0.65555994],0.31972218360684035,0.10086119030373297
43,[0.25422487],0.36638250897163316,0.3118022810865503
44,[0.59657902],0.42592166562590333,0.06361900587279279
45,[0.91987718],0.5897912167016491,0.36517842492390806
46,[0.77454108],0.40574988200912704,0.2415810619509422
47,[0.29099454],0.27253625786897295,0.2835540539700434
48,[0.68682978],0.37544121066692515,0.1413596243376044
49,[0.43332139],0.3491472109420517,0.12137735776804837
