,0,1,2
0,[0.54547015],0.3064471380789674,0.020557000418773508
1,[0.17186532],0.5821035808357596,0.40268328392728014
2,[0.85293181],0.283745924737758,0.2982330590245533
3,[0.18022341],0.522218913057717,0.4023595801082932
4,[0.58870005],0.24399476494986722,0.034001299662945406
5,[0.1207749],0.5290949437859315,0.44525225075018304
6,[0.55469875],0.356279949638009,0.011328400991537757
7,[0.08202618],0.4836593184001461,0.4925224209213265
8,[0.99270517],0.7059973225681719,0.4597451612528195
9,[0.25271926],0.48690233222183477,0.3329222591079066
10,[0.53296001],0.3816760727039687,0.03306713795794647
11,[0.8921391],0.6380292554753623,0.35917908399532084
12,[0.24209363],0.4253804997206426,0.340489365209631
13,[0.41762074],0.3992372810229608,0.15692785988811508
14,[0.86794548],0.6013883943838936,0.3224753328048302
15,[0.28633024],0.40888395850559034,0.28821835787203465
16,[0.13769966],0.7516286560189063,0.4448833272088948
17,[0.0507936],0.8299952466339533,0.5317893885678048
18,[0.92829087],0.5130424327831477,0.38282072058070304
19,[0.77995014],0.6277924782050727,0.23447999120891916
20,[0.69447451],0.3389288187506375,0.149004357847366
21,[0.95343867],0.34102418913241755,0.40796851636020304
22,[0.93194228],0.4867988636119572,0.38647212816938503
23,[0.20739954],0.30881522743364426,0.35862761420486666
24,[0.22335698],0.49048266829720494,0.351191616524132
25,[0.99751836],0.6788702587162512,0.46455835144717794
26,[0.4920633],0.33635188919937975,0.09051968611454286
27,[0.22577487],0.43353748417157123,0.3487737243920528
28,[0.98771616],0.6112554771663209,0.4422460111802359
29,[0.75659074],0.31478077993989817,0.22363072774887338
30,[0.58258299],0.2691899983835815,0.04962297740744437
31,[0.56602715],0.35604280751000683,0.011328400991537757
32,[0.37184337],0.37372834718804343,0.202705225281552
33,[0.45296356],0.38622675548501467,0.12158503625410944
34,[0.81726831],0.46639087752675523,0.26256955549155825
35,[0.10200653],0.6803842191709275,0.47254207301987194
36,[0.91715646],0.43026513818061163,0.371686313951365
37,[0.04387119],0.6576054116019302,0.544828862743376
38,[0.5745486],0.37279607644386586,0.04158858546515132
39,[0.18049899],0.4933923045801,0.38978888844754844
40,[0.63570166],0.4139598799618975,0.10274165093240695
41,[0.89414345],0.403308476525026,0.3394446960523603
42,[0.65555994],0.31972218360684035,0.10086119030373297
43,[0.25422487],0.3145089132615424,0.3118022810865503
44,[0.59657902],0.4506640540358314,0.06361900587279279
45,[0.91987718],0.5897912167016491,0.36517842492390806
46,[0.77454108],0.42246888355753265,0.2415810619509422
47,[0.29099454],0.27253625786897295,0.2835540539700434
48,[0.68682978],0.37544121066692515,0.1413596243376044
49,[0.43332139],0.3491472109420517,0.12137735776804837
