,0,1,2
0,[0.54547015],0.30644713807896734,0.020557000418773508
1,[0.17186532],0.5821035808357596,0.40268328392728014
2,[0.85293181],0.5361138329287967,0.2982330590245533
3,[0.18022341],0.6122838620111104,0.4023595801082932
4,[0.58870005],0.2858980840375154,0.034001299662945406
5,[0.1207749],0.49402463619399456,0.44525225075018304
6,[0.55469875],0.2963154958678846,0.011328400991537757
7,[0.08202618],0.5606087919132008,0.4925224209213265
8,[0.99270517],0.6254606657827159,0.4597451612528195
9,[0.25271926],0.5228890428717288,0.32986372949695175
10,[0.53296001],0.3890721191022714,0.03306713795794647
11,[0.8921391],0.6380292554753623,0.35917908399532084
12,[0.24209363],0.40050245942505247,0.340489365209631
13,[0.41762074],0.37269556318773983,0.15692785988811508
14,[0.86794548],0.6013883943838936,0.3224753328048302
15,[0.28633024],0.40888395850559034,0.28821835787203465
16,[0.13769966],0.7516286560189063,0.4448833272088948
17,[0.0507936],0.8299952466339533,0.5317893885678048
18,[0.92829087],0.4351523917206711,0.38282072058070304
19,[0.77995014],0.49149525648714787,0.23447999120891916
20,[0.69447451],0.4209017275133499,0.16151449538653895
21,[0.95343867],0.4100899044174506,0.40796851636020304
22,[0.93194228],0.4867988636119572,0.38647212816938503
23,[0.20739954],0.30881522743364426,0.35862761420486666
24,[0.22335698],0.5579117150937405,0.35520881249527847
25,[0.99751836],0.6788702587162512,0.46455835144717794
26,[0.4920633],0.3363518891993798,0.09051968611454286
27,[0.22577487],0.5587078558008092,0.3487737243920528
28,[0.98771616],0.5127509929820557,0.4422460111802359
29,[0.75659074],0.31478077993989817,0.22363072774887338
30,[0.58258299],0.3160187403805914,0.04962297740744437
31,[0.56602715],0.35604280751000683,0.008521447507204849
32,[0.37184337],0.36186930301192205,0.202705225281552
33,[0.45296356],0.38622675548501467,0.1256022322252559
34,[0.81726831],0.5323636234261457,0.26256955549155825
35,[0.10200653],0.6803842191709275,0.47254207301987194
36,[0.91715646],0.4653705608564563,0.371686313951365
37,[0.04387119],0.6832948830876486,0.5417703331324212
38,[0.5745486],0.37654975139636265,0.04158858546515132
39,[0.18049899],0.4613899602048838,0.385528164693946
40,[0.63570166],0.4139598799618975,0.10274165093240695
41,[0.89414345],0.4304557740086884,0.3394446960523603
42,[0.65555994],0.31972218360684035,0.10086119030373297
43,[0.25422487],0.27091891864452017,0.3118022810865503
44,[0.59657902],0.436219999106533,0.06361900587279279
45,[0.91987718],0.49019081655487773,0.36517842492390806
46,[0.77454108],0.5925434211665822,0.2415810619509422
47,[0.29099454],0.39047093988698356,0.2835540539700434
48,[0.68682978],0.37544121066692515,0.1413596243376044
49,[0.43332139],0.37788206379544775,0.12137735776804837
