,0,1,2
0,[0.54547015],0.3097204128947209,0.020557000418773508
1,[0.17186532],0.42823394237339957,0.4107176758695732
2,[0.85293181],0.6012695650980105,0.3074616584517891
3,[0.18022341],0.536819405097908,0.3652467402400218
4,[0.58870005],0.2997834712809328,0.043229899090181156
5,[0.1207749],0.3927805886936575,0.42469525033140954
6,[0.55469875],0.2561905769193692,0.0626354456735072
7,[0.08202618],0.6878759800566583,0.5005568128636195
8,[0.99270517],0.4668958513232366,0.42667802329487303
9,[0.25271926],0.4561375236085364,0.3175686138010563
10,[0.53296001],0.2966071527099891,0.01251013753917296
11,[0.8921391],0.5781626997929081,0.43917553478427895
12,[0.24209363],0.4071655708693969,0.31260512476859537
13,[0.41762074],0.3581363079130108,0.13707801138937248
14,[0.86794548],0.33021910527379716,0.3224753328048302
15,[0.28633024],0.43304940094873556,0.30236980903623745
16,[0.13769966],0.6702282858940718,0.4588793556742432
17,[0.0507936],0.8452863713037939,0.538787402800479
18,[0.92829087],0.40878733049744864,0.3735921211534673
19,[0.77995014],0.3708723653092486,0.24073505997850564
20,[0.69447451],0.4524588203426127,0.14439005813374817
21,[0.95343867],0.7314954036604682,0.5102961896946749
22,[0.93194228],0.41807672888948655,0.38647212816938503
23,[0.20739954],0.5486151007737229,0.3472992132133289
24,[0.22335698],0.2949618490645916,0.34267016901692715
25,[0.99751836],0.8544650745235375,0.46455835144717794
26,[0.4920633],0.3252376967992282,0.19476647058387586
27,[0.22577487],0.4427856641164022,0.3487737243920528
28,[0.98771616],0.4239279479441661,0.42168901076146237
29,[0.75659074],0.4422877263731242,0.3036271785378315
30,[0.58258299],0.3997971979378624,0.03249854015465359
31,[0.56602715],0.421980237350924,0.008521447507204849
32,[0.37184337],0.34701354801477136,0.19418377777434714
33,[0.45296356],0.17330546775029051,0.10278508853751789
34,[0.81726831],0.36635884364573934,0.25264463124218695
35,[0.10200653],0.5125402968397206,0.45269222452112934
36,[0.91715646],0.6373190785081618,0.38419645149053794
37,[0.04387119],0.6597284419379145,0.5306774115791733
38,[0.5745486],0.35601402850632635,0.029078447925978357
39,[0.18049899],0.5430089104708259,0.385528164693946
40,[0.63570166],0.3932564950741441,0.18273810172136506
41,[0.89414345],0.489230377136161,0.3549283642491825
42,[0.65555994],0.4635437817991196,0.21241746306544057
43,[0.25422487],0.34364534240223615,0.2849902118981903
44,[0.59657902],0.4688021356870126,0.08406736022634198
45,[0.91987718],0.6296257747632007,0.3806620931207303
46,[0.77454108],0.21188164931832754,0.2824777706580407
47,[0.29099454],0.47201502851307875,0.2875712499411899
48,[0.68682978],0.22786114421020476,0.19476647058387586
49,[0.43332139],0.30644527846177777,0.1927480873731069
