,0,1,2
0,[0.54547015],0.31468781651169236,0.020557000418773508
1,[0.17186532],0.3635340263148941,0.40268328392728014
2,[0.85293181],0.5361138329287967,0.3074616584517891
3,[0.18022341],0.6122838620111104,0.4023595801082932
4,[0.58870005],0.32581324001487993,0.034001299662945406
5,[0.1207749],0.4047157366119819,0.44525225075018304
6,[0.55469875],0.3835274465305937,0.011328400991537757
7,[0.08202618],0.5824439221766269,0.4925224209213265
8,[0.99270517],0.69889047812513,0.4597451612528195
9,[0.25271926],0.4954477783232397,0.32986372949695175
10,[0.53296001],0.41366714630392903,0.03306713795794647
11,[0.8921391],0.686069444006456,0.40007579270241933
12,[0.24209363],0.4729683400592637,0.340489365209631
13,[0.41762074],0.37269556318773983,0.15692785988811508
14,[0.86794548],0.6013883943838936,0.3224753328048302
15,[0.28633024],0.4154503326295534,0.28821835787203465
16,[0.13769966],0.7168271059506205,0.4448833272088948
17,[0.0507936],0.8299952466339532,0.5317893885678048
18,[0.92829087],0.5130424327831475,0.38282072058070304
19,[0.77995014],0.6345146741415976,0.23447999120891916
20,[0.69447451],0.3859054730666582,0.15525942661695247
21,[0.95343867],0.4011189651514201,0.40796851636020304
22,[0.93194228],0.4867988636119572,0.38647212816938503
23,[0.20739954],0.3190370011003682,0.35862761420486666
24,[0.22335698],0.3803634903165418,0.351191616524132
25,[0.99751836],0.6788702587162512,0.46455835144717794
26,[0.4920633],0.35751814006520305,0.08248529417224981
27,[0.22577487],0.6537733175825761,0.3487737243920528
28,[0.98771616],0.611255477166321,0.45475614871940884
29,[0.75659074],0.21120872452557976,0.21112059020970042
30,[0.58258299],0.35576647884852053,0.04962297740744437
31,[0.56602715],0.31777393012608707,0.001403476742166454
32,[0.37184337],0.37372834718804343,0.202705225281552
33,[0.45296356],0.38622675548501467,0.12158503625410944
34,[0.81726831],0.5323636234261457,0.26256955549155825
35,[0.10200653],0.6803842191709275,0.47254207301987194
36,[0.91715646],0.40719728329601884,0.371686313951365
37,[0.04387119],0.6193553931781827,0.5387118035214663
38,[0.5745486],0.37654975139636265,0.04158858546515132
39,[0.18049899],0.40411503056799747,0.385528164693946
40,[0.63570166],0.40856585666783146,0.10274165093240695
41,[0.89414345],0.46403391223259227,0.348673295479596
42,[0.65555994],0.3579821882784751,0.11008978973096872
43,[0.25422487],0.37825354147462287,0.3118022810865503
44,[0.59657902],0.4291131546634913,0.08406736022634198
45,[0.91987718],0.49019081655487773,0.36517842492390806
46,[0.77454108],0.4966573735418427,0.2415810619509422
47,[0.29099454],0.3250203754486093,0.2835540539700434
48,[0.68682978],0.4570814233399959,0.1413596243376044
49,[0.43332139],0.37788206379544775,0.12137735776804837
