,0,1,2
0,[0.54547015],0.31468781651169236,0.020557000418773508
1,[0.17186532],0.4759214792140649,0.40268328392728014
2,[0.85293181],0.5373195934237417,0.3074616584517891
3,[0.18022341],0.6122838620111104,0.4023595801082932
4,[0.58870005],0.32581324001487993,0.034001299662945406
5,[0.1207749],0.28777065136978147,0.44525225075018304
6,[0.55469875],0.3560861819821045,0.011328400991537757
7,[0.08202618],0.6292726641736368,0.4925224209213265
8,[0.99270517],0.69889047812513,0.4597451612528195
9,[0.25271926],0.4954477783232397,0.32986372949695175
10,[0.53296001],0.4174208212564259,0.03306713795794647
11,[0.8921391],0.686069444006456,0.40007579270241933
12,[0.24209363],0.49294597186577793,0.340489365209631
13,[0.41762074],0.37269556318773983,0.15692785988811508
14,[0.86794548],0.6013883943838936,0.3224753328048302
15,[0.28633024],0.4154503326295534,0.28821835787203465
16,[0.13769966],0.7168271059506206,0.4448833272088948
17,[0.0507936],0.8299952466339532,0.5317893885678048
18,[0.92829087],0.5599384310249315,0.38282072058070304
19,[0.77995014],0.51013754402331,0.23447999120891916
20,[0.69447451],0.474707866849592,0.15525942661695247
21,[0.95343867],0.4011189651514201,0.40796851636020304
22,[0.93194228],0.4867988636119572,0.38647212816938503
23,[0.20739954],0.3190370011003682,0.35862761420486666
24,[0.22335698],0.3803634903165418,0.351191616524132
25,[0.99751836],0.7567061551401937,0.46455835144717794
26,[0.4920633],0.35751814006520305,0.08248529417224981
27,[0.22577487],0.515980577925504,0.35279092036319926
28,[0.98771616],0.611255477166321,0.44850107994982236
29,[0.75659074],0.21120872452557976,0.21112059020970042
30,[0.58258299],0.35576647884852053,0.04962297740744437
31,[0.56602715],0.31777393012608707,0.001403476742166454
32,[0.37184337],0.37372834718804343,0.202705225281552
33,[0.45296356],0.38622675548501467,0.12158503625410944
34,[0.81726831],0.5323636234261457,0.2671838552051762
35,[0.10200653],0.7771231443173817,0.47254207301987194
36,[0.91715646],0.4961445132318117,0.37794138272095146
37,[0.04387119],0.5759840578890316,0.5387118035214663
38,[0.5745486],0.37654975139636265,0.04158858546515132
39,[0.18049899],0.40411503056799747,0.385528164693946
40,[0.63570166],0.40856585666783146,0.10274165093240695
41,[0.89414345],0.46403391223259227,0.348673295479596
42,[0.65555994],0.31972218360684035,0.11008978973096872
43,[0.25422487],0.37825354147462287,0.3118022810865503
44,[0.59657902],0.4291131546634913,0.06361900587279279
45,[0.91987718],0.4901908165548776,0.36517842492390806
46,[0.77454108],0.5057213183733251,0.2415810619509422
47,[0.29099454],0.30884958617408503,0.2835540539700434
48,[0.68682978],0.43928801028476466,0.1413596243376044
49,[0.43332139],0.3082863983321933,0.12137735776804837
