,0,1,2
0,[0.54547015],0.31468781651169236,0.020557000418773508
1,[0.17186532],0.4151930808867269,0.40268328392728014
2,[0.85293181],0.6348378131597917,0.3074616584517891
3,[0.18022341],0.5733305678943351,0.4023595801082932
4,[0.58870005],0.32581324001487993,0.043229899090181156
5,[0.1207749],0.4047157366119819,0.44525225075018304
6,[0.55469875],0.3560861819821045,0.011328400991537757
7,[0.08202618],0.6292726641736368,0.4925224209213265
8,[0.99270517],0.69889047812513,0.4597451612528195
9,[0.25271926],0.4954477783232396,0.32986372949695175
10,[0.53296001],0.4174208212564259,0.02173873696640871
11,[0.8921391],0.686069444006456,0.40007579270241933
12,[0.24209363],0.49294597186577793,0.33245497326733797
13,[0.41762074],0.41005602114610645,0.16496225183040814
14,[0.86794548],0.5000671214683685,0.3224753328048302
15,[0.28633024],0.31916771217391765,0.28821835787203465
16,[0.13769966],0.6696042192498313,0.4448833272088948
17,[0.0507936],0.7771317997099182,0.5317893885678048
18,[0.92829087],0.33060978090168075,0.38282072058070304
19,[0.77995014],0.5597647638033858,0.23447999120891916
20,[0.69447451],0.33368922621568436,0.149004357847366
21,[0.95343867],0.4741546501362016,0.40796851636020304
22,[0.93194228],0.35121014035139464,0.38647212816938503
23,[0.20739954],0.3190370011003682,0.35862761420486666
24,[0.22335698],0.4983359697678936,0.35922600846642505
25,[0.99751836],0.7567061551401937,0.46455835144717794
26,[0.4920633],0.35751814006520305,0.08650249014339628
27,[0.22577487],0.5165338683981635,0.35680811633434584
28,[0.98771616],0.6201028002453817,0.4422460111802359
29,[0.75659074],0.31478077993989817,0.21112059020970042
30,[0.58258299],0.36001440431428433,0.04962297740744437
31,[0.56602715],0.35604280751000683,0.011328400991537757
32,[0.37184337],0.36186930301192205,0.202705225281552
33,[0.45296356],0.3405656359308046,0.12158503625410944
34,[0.81726831],0.5323636234261457,0.26256955549155825
35,[0.10200653],0.6330683878258918,0.4640206255126671
36,[0.91715646],0.4961445132318117,0.38419645149053794
37,[0.04387119],0.6767363247847857,0.5387118035214663
38,[0.5745486],0.3765497513963626,0.04158858546515132
39,[0.18049899],0.4613899602048838,0.385528164693946
40,[0.63570166],0.4139598799618975,0.10274165093240695
41,[0.89414345],0.46403391223259227,0.348673295479596
42,[0.65555994],0.4083337782553757,0.11008978973096872
43,[0.25422487],0.4173089563573636,0.3118022810865503
44,[0.59657902],0.4321412920703727,0.06361900587279279
45,[0.91987718],0.47280960428309554,0.36517842492390806
46,[0.77454108],0.36295579890335744,0.2415810619509422
47,[0.29099454],0.2646948002681012,0.2835540539700434
48,[0.68682978],0.447239227110689,0.1413596243376044
49,[0.43332139],0.3082863983321933,0.12704155826381724
