,0,1,2
0,[0.54547015],0.38072188726795303,0.020557000418773508
1,[0.17186532],0.2860866264391505,0.40268328392728014
2,[0.85293181],0.6318448366789384,0.3074616584517891
3,[0.18022341],0.5853996454495097,0.4023595801082932
4,[0.58870005],0.32581324001487993,0.043229899090181156
5,[0.1207749],0.47716848064436784,0.44525225075018304
6,[0.55469875],0.3560861819821045,0.011328400991537757
7,[0.08202618],0.6538314235879223,0.4925224209213265
8,[0.99270517],0.69889047812513,0.4597451612528195
9,[0.25271926],0.3976566588726428,0.32986372949695175
10,[0.53296001],0.39559989223952063,0.03306713795794647
11,[0.8921391],0.48500621466439736,0.40007579270241933
12,[0.24209363],0.4729683400592637,0.340489365209631
13,[0.41762074],0.4440613717233024,0.15692785988811508
14,[0.86794548],0.41201719376533974,0.3224753328048302
15,[0.28633024],0.4744787757592312,0.28821835787203465
16,[0.13769966],0.698723168727712,0.43684893526660173
17,[0.0507936],0.8299952466339532,0.5317893885678048
18,[0.92829087],0.33060978090168075,0.38282072058070304
19,[0.77995014],0.4573014127500846,0.23447999120891916
20,[0.69447451],0.4277312125335714,0.149004357847366
21,[0.95343867],0.4741546501362016,0.40796851636020304
22,[0.93194228],0.4499341205823896,0.38647212816938503
23,[0.20739954],0.2604605282283196,0.35862761420486666
24,[0.22335698],0.5515936558118544,0.35922600846642505
25,[0.99751836],0.6734350334254654,0.46455835144717794
26,[0.4920633],0.3552013736836441,0.08248529417224981
27,[0.22577487],0.653773317582576,0.35680811633434584
28,[0.98771616],0.5734578733563553,0.45475614871940884
29,[0.75659074],0.20313807737165215,0.22363072774887338
30,[0.58258299],0.38384025030573166,0.04962297740744437
31,[0.56602715],0.31777393012608707,0.011328400991537757
32,[0.37184337],0.3241608843934255,0.21073961722384504
33,[0.45296356],0.3023200825306952,0.12158503625410944
34,[0.81726831],0.5121574633303994,0.2671838552051762
35,[0.10200653],0.5504348751750403,0.4682813492662695
36,[0.91715646],0.3602629630784155,0.38419645149053794
37,[0.04387119],0.5514598347795829,0.5387118035214663
38,[0.5745486],0.3765497513963626,0.04158858546515132
39,[0.18049899],0.5418059885500572,0.385528164693946
40,[0.63570166],0.3483654427023732,0.10274165093240695
41,[0.89414345],0.5074052475217432,0.348673295479596
42,[0.65555994],0.4083337782553757,0.11008978973096872
43,[0.25422487],0.4173089563573636,0.3118022810865503
44,[0.59657902],0.3426632489879246,0.06361900587279279
45,[0.91987718],0.5897912167016491,0.36517842492390806
46,[0.77454108],0.39122772377087833,0.2415810619509422
47,[0.29099454],0.39571081557613486,0.2835540539700434
48,[0.68682978],0.447239227110689,0.1413596243376044
49,[0.43332139],0.24288908242478327,0.12137735776804837
