,0,1,2
0,[0.54547015],0.38072188726795303,0.020557000418773508
1,[0.17186532],0.2860866264391505,0.40268328392728014
2,[0.85293181],0.6318448366789384,0.3074616584517891
3,[0.18022341],0.5785701604292883,0.4023595801082932
4,[0.58870005],0.32581324001487993,0.043229899090181156
5,[0.1207749],0.47716848064436784,0.44525225075018304
6,[0.55469875],0.32982808238532063,0.011328400991537757
7,[0.08202618],0.6538314235879223,0.4925224209213265
8,[0.99270517],0.69889047812513,0.4597451612528195
9,[0.25271926],0.3976566588726428,0.32986372949695175
10,[0.53296001],0.39559989223952075,0.03306713795794647
11,[0.8921391],0.48500621466439736,0.37962743834887
12,[0.24209363],0.4563983515215049,0.340489365209631
13,[0.41762074],0.3650057427897697,0.16496225183040814
14,[0.86794548],0.41201719376533974,0.3224753328048302
15,[0.28633024],0.4744787757592312,0.28821835787203465
16,[0.13769966],0.698723168727712,0.43684893526660173
17,[0.0507936],0.8299952466339532,0.5317893885678048
18,[0.92829087],0.33060978090168075,0.38282072058070304
19,[0.77995014],0.4573014127500846,0.23447999120891916
20,[0.69447451],0.4277312125335714,0.149004357847366
21,[0.95343867],0.6474272226663813,0.3987399169329673
22,[0.93194228],0.4499341205823896,0.38647212816938503
23,[0.20739954],0.3982622321763735,0.35862761420486666
24,[0.22335698],0.5515936558118542,0.35922600846642505
25,[0.99751836],0.7092266894846168,0.46455835144717794
26,[0.4920633],0.35520137368364413,0.09051968611454286
27,[0.22577487],0.5587078558008092,0.35680811633434584
28,[0.98771616],0.5734578733563553,0.45475614871940884
29,[0.75659074],0.20313807737165215,0.22363072774887338
30,[0.58258299],0.38384025030573166,0.04962297740744437
31,[0.56602715],0.31777393012608707,0.011328400991537757
32,[0.37184337],0.3241608843934255,0.21073961722384504
33,[0.45296356],0.3405656359308046,0.12158503625410944
34,[0.81726831],0.5121574633303994,0.271798154918794
35,[0.10200653],0.5504348751750403,0.4640206255126671
36,[0.91715646],0.490272057437917,0.38419645149053794
37,[0.04387119],0.6363988848458648,0.5387118035214663
38,[0.5745486],0.3765497513963626,0.04158858546515132
39,[0.18049899],0.5418059885500572,0.385528164693946
40,[0.63570166],0.3483654427023732,0.10274165093240695
41,[0.89414345],0.5028706677874617,0.348673295479596
42,[0.65555994],0.4083337782553757,0.11008978973096872
43,[0.25422487],0.4173089563573636,0.3118022810865503
44,[0.59657902],0.3026143887278148,0.06361900587279279
45,[0.91987718],0.5897912167016491,0.36517842492390806
46,[0.77454108],0.44977790169661447,0.2415810619509422
47,[0.29099454],0.39571081557613486,0.2835540539700434
48,[0.68682978],0.447239227110689,0.1413596243376044
49,[0.43332139],0.24288908242478327,0.12137735776804837
