,0,1,2
0,[0.54547015],0.31858416935387296,0.020557000418773508
1,[0.17186532],0.3909528820835233,0.40268328392728014
2,[0.85293181],0.6285912980189547,0.3074616584517891
3,[0.18022341],0.6537465962395086,0.4023595801082932
4,[0.58870005],0.32581324001487993,0.034001299662945406
5,[0.1207749],0.37642652116493397,0.44525225075018304
6,[0.55469875],0.3560861819821045,0.011328400991537757
7,[0.08202618],0.6633771450581696,0.4925224209213265
8,[0.99270517],0.6817590143766361,0.4597451612528195
9,[0.25271926],0.3976566588726428,0.3218293375546587
10,[0.53296001],0.3933606360980635,0.02740293746217759
11,[0.8921391],0.48500621466439736,0.37962743834887
12,[0.24209363],0.49294597186577793,0.340489365209631
13,[0.41762074],0.43749728569459556,0.16094505585926155
14,[0.86794548],0.4063271946056803,0.3224753328048302
15,[0.28633024],0.44752190521354185,0.28821835787203465
16,[0.13769966],0.698723168727712,0.43684893526660173
17,[0.0507936],0.7771317997099182,0.5317893885678048
18,[0.92829087],0.4661985041622433,0.38282072058070304
19,[0.77995014],0.47401711776573646,0.23447999120891916
20,[0.69447451],0.4277312125335714,0.149004357847366
21,[0.95343867],0.6474272226663813,0.4033542166465852
22,[0.93194228],0.4499341205823896,0.38647212816938503
23,[0.20739954],0.41137744932409753,0.3529634137090978
24,[0.22335698],0.6091710233028924,0.35922600846642505
25,[0.99751836],0.7567061551401937,0.452048213908005
26,[0.4920633],0.35520137368364413,0.09051968611454286
27,[0.22577487],0.5587078558008092,0.3487737243920528
28,[0.98771616],0.629872883319717,0.45475614871940884
29,[0.75659074],0.28505466446098476,0.2173756589792869
30,[0.58258299],0.38384025030573166,0.04962297740744437
31,[0.56602715],0.3201869508897353,0.011328400991537757
32,[0.37184337],0.2974032026887707,0.20672242125269846
33,[0.45296356],0.3862267554850146,0.12158503625410944
34,[0.81726831],0.4642657503842195,0.271798154918794
35,[0.10200653],0.5548409592565686,0.47254207301987194
36,[0.91715646],0.6217755134660532,0.38419645149053794
37,[0.04387119],0.6363988848458648,0.5387118035214663
38,[0.5745486],0.37654975139636265,0.04158858546515132
39,[0.18049899],0.5270132192170485,0.385528164693946
40,[0.63570166],0.4175514926370001,0.10274165093240695
41,[0.89414345],0.4421452320798955,0.348673295479596
42,[0.65555994],0.4083337782553757,0.1163448585005552
43,[0.25422487],0.4983355906197565,0.3118022810865503
44,[0.59657902],0.3058936417706807,0.06361900587279279
45,[0.91987718],0.5897912167016491,0.36517842492390806
46,[0.77454108],0.39122772377087833,0.22907092441176924
47,[0.29099454],0.423478697779842,0.2835540539700434
48,[0.68682978],0.447239227110689,0.1413596243376044
49,[0.43332139],0.30828639833219335,0.13270575875958612
