,0,1,2
0,[0.54547015],0.27653992898908164,0.020557000418773508
1,[0.17186532],0.39095288208352325,0.40268328392728014
2,[0.85293181],0.5614723858123123,0.3074616584517891
3,[0.18022341],0.5733305678943352,0.4023595801082932
4,[0.58870005],0.2858980840375153,0.043229899090181156
5,[0.1207749],0.36419590807148283,0.44525225075018304
6,[0.55469875],0.3384515059036423,0.011328400991537757
7,[0.08202618],0.5675814017586663,0.5005568128636195
8,[0.99270517],0.7144583415720842,0.4597451612528195
9,[0.25271926],0.30589311791325074,0.3218293375546587
10,[0.53296001],0.3946862595446265,0.02740293746217759
11,[0.8921391],0.3673033011115803,0.35917908399532084
12,[0.24209363],0.41756816313903133,0.33245497326733797
13,[0.41762074],0.3768568096396284,0.15692785988811508
14,[0.86794548],0.4063271946056803,0.31324673337759446
15,[0.28633024],0.407143507057049,0.28821835787203465
16,[0.13769966],0.698723168727712,0.43684893526660173
17,[0.0507936],0.7771317997099182,0.5317893885678048
18,[0.92829087],0.3492338542759438,0.38282072058070304
19,[0.77995014],0.5160099998172047,0.23447999120891916
20,[0.69447451],0.33368922621568436,0.149004357847366
21,[0.95343867],0.6474272226663813,0.3987399169329673
22,[0.93194228],0.37820859774141635,0.38647212816938503
23,[0.20739954],0.2604605282283196,0.3472992132133289
24,[0.22335698],0.6564868546479282,0.35922600846642505
25,[0.99751836],0.6788702587162512,0.46455835144717794
26,[0.4920633],0.3585159425718851,0.08248529417224981
27,[0.22577487],0.6588028767384759,0.3487737243920528
28,[0.98771616],0.5798789475006993,0.45475614871940884
29,[0.75659074],0.2230049088050495,0.21112059020970042
30,[0.58258299],0.37223838991522556,0.04962297740744437
31,[0.56602715],0.3201869508897353,0.011328400991537757
32,[0.37184337],0.2974032026887707,0.202705225281552
33,[0.45296356],0.3862267554850146,0.12158503625410944
34,[0.81726831],0.5610046755306735,0.271798154918794
35,[0.10200653],0.5421171580820101,0.47254207301987194
36,[0.91715646],0.45878612357324294,0.371686313951365
37,[0.04387119],0.6421930241755314,0.5387118035214663
38,[0.5745486],0.42730599575068207,0.04158858546515132
39,[0.18049899],0.4102254041509668,0.385528164693946
40,[0.63570166],0.3279130691556153,0.10274165093240695
41,[0.89414345],0.5028706677874617,0.348673295479596
42,[0.65555994],0.43635119820588253,0.11008978973096872
43,[0.25422487],0.49833559061975646,0.32032372859375513
44,[0.59657902],0.3099163410108541,0.06361900587279279
45,[0.91987718],0.4615235560481949,0.3744070243511438
46,[0.77454108],0.4314414757304371,0.22907092441176924
47,[0.29099454],0.4570568360037458,0.29158844591233646
48,[0.68682978],0.447239227110689,0.1413596243376044
49,[0.43332139],0.2750810746798205,0.12137735776804837
