,0,1,2
0,[0.54547015],0.25691398393959697,0.020557000418773508
1,[0.17186532],0.3909528820835233,0.40268328392728014
2,[0.85293181],0.4154623553348348,0.3074616584517891
3,[0.18022341],0.5174814811514054,0.4023595801082932
4,[0.58870005],0.2749181188060669,0.043229899090181156
5,[0.1207749],0.38224221075012965,0.4537736982573879
6,[0.55469875],0.35781348901376553,0.011328400991537757
7,[0.08202618],0.5675814017586663,0.5005568128636195
8,[0.99270517],0.6248262608686719,0.4597451612528195
9,[0.25271926],0.30589311791325074,0.32986372949695175
10,[0.53296001],0.3946862595446266,0.03306713795794647
11,[0.8921391],0.4871313418069332,0.40007579270241933
12,[0.24209363],0.33755300459854753,0.33245497326733797
13,[0.41762074],0.38970174073954356,0.15692785988811508
14,[0.86794548],0.2864369635088619,0.31324673337759446
15,[0.28633024],0.46394216783229386,0.28821835787203465
16,[0.13769966],0.6987231687277119,0.43684893526660173
17,[0.0507936],0.7771317997099182,0.5317893885678048
18,[0.92829087],0.3492338542759438,0.38282072058070304
19,[0.77995014],0.5107704072822515,0.23447999120891916
20,[0.69447451],0.3807965539663798,0.149004357847366
21,[0.95343867],0.6564911674978638,0.3987399169329673
22,[0.93194228],0.4476684403840821,0.38647212816938503
23,[0.20739954],0.1812352971523143,0.35862761420486666
24,[0.22335698],0.6091710233028923,0.35922600846642505
25,[0.99751836],0.7894118251136142,0.46455835144717794
26,[0.4920633],0.3670758071849753,0.08248529417224981
27,[0.22577487],0.6597431916352655,0.3487737243920528
28,[0.98771616],0.4278384068988171,0.45475614871940884
29,[0.75659074],0.2230049088050495,0.21112059020970042
30,[0.58258299],0.3489333485806562,0.04962297740744437
31,[0.56602715],0.3201869508897353,0.011328400991537757
32,[0.37184337],0.3199793039142844,0.202705225281552
33,[0.45296356],0.3862267554850146,0.12158503625410944
34,[0.81726831],0.5610046755306735,0.271798154918794
35,[0.10200653],0.5397041373183618,0.4640206255126671
36,[0.91715646],0.45878612357324294,0.371686313951365
37,[0.04387119],0.6421930241755314,0.5387118035214663
38,[0.5745486],0.413429425471559,0.04158858546515132
39,[0.18049899],0.3966032550528572,0.385528164693946
40,[0.63570166],0.3696826839605183,0.10274165093240695
41,[0.89414345],0.5028706677874617,0.348673295479596
42,[0.65555994],0.43635119820588253,0.11008978973096872
43,[0.25422487],0.43627625619462707,0.3118022810865503
44,[0.59657902],0.3099163410108541,0.06361900587279279
45,[0.91987718],0.7786343047797075,0.3744070243511438
46,[0.77454108],0.32563328651135415,0.23532599318135572
47,[0.29099454],0.47632504965216355,0.29158844591233646
48,[0.68682978],0.447239227110689,0.1413596243376044
49,[0.43332139],0.31500859426871813,0.12137735776804837
