,0,1,2
0,[0.54547015],0.27653992898908164,0.020557000418773508
1,[0.17186532],0.3909528820835233,0.40268328392728014
2,[0.85293181],0.4524377262265076,0.3074616584517891
3,[0.18022341],0.644346273378898,0.39432518816600015
4,[0.58870005],0.2858980840375153,0.043229899090181156
5,[0.1207749],0.44576031045616354,0.44525225075018304
6,[0.55469875],0.37368525030128674,0.011328400991537757
7,[0.08202618],0.6365491648717941,0.4925224209213265
8,[0.99270517],0.6248262608686719,0.4597451612528195
9,[0.25271926],0.3137464193839394,0.32986372949695175
10,[0.53296001],0.3593538344282633,0.03306713795794647
11,[0.8921391],0.49018379482950253,0.40007579270241933
12,[0.24209363],0.44742322275491453,0.33245497326733797
13,[0.41762074],0.3631600229043226,0.15692785988811508
14,[0.86794548],0.286436963508862,0.31324673337759446
15,[0.28633024],0.40714350705704894,0.28821835787203465
16,[0.13769966],0.698723168727712,0.43684893526660173
17,[0.0507936],0.6621149125747616,0.5317893885678048
18,[0.92829087],0.3492338542759438,0.38282072058070304
19,[0.77995014],0.457029142811875,0.23447999120891916
20,[0.69447451],0.26807368596988057,0.149004357847366
21,[0.95343867],0.6161060356836934,0.40796851636020304
22,[0.93194228],0.4476684403840821,0.38647212816938503
23,[0.20739954],0.388451830317244,0.35862761420486666
24,[0.22335698],0.6091710233028924,0.35922600846642505
25,[0.99751836],0.7567061551401937,0.46455835144717794
26,[0.4920633],0.38890642997202807,0.09051968611454286
27,[0.22577487],0.6597431916352655,0.3487737243920528
28,[0.98771616],0.6274598625560688,0.45475614871940884
29,[0.75659074],0.2230049088050495,0.21112059020970042
30,[0.58258299],0.37223838991522556,0.04962297740744437
31,[0.56602715],0.3201869508897353,0.011328400991537757
32,[0.37184337],0.3391059874873699,0.202705225281552
33,[0.45296356],0.3862267554850146,0.12158503625410944
34,[0.81726831],0.5610046755306735,0.26256955549155825
35,[0.10200653],0.39182849959309857,0.47254207301987194
36,[0.91715646],0.45878612357324294,0.38419645149053794
37,[0.04387119],0.7129630289620055,0.544828862743376
38,[0.5745486],0.3994576676530406,0.04158858546515132
39,[0.18049899],0.3393283254159709,0.385528164693946
40,[0.63570166],0.3068224756405842,0.10274165093240695
41,[0.89414345],0.42592119427440683,0.348673295479596
42,[0.65555994],0.43635119820588253,0.11008978973096872
43,[0.25422487],0.5100594364373959,0.3160630048401527
44,[0.59657902],0.2857771231039318,0.06361900587279279
45,[0.91987718],0.6880958598754816,0.3744070243511438
46,[0.77454108],0.4180459183413084,0.2415810619509422
47,[0.29099454],0.4763250496521635,0.2835540539700434
48,[0.68682978],0.4472392271106889,0.1413596243376044
49,[0.43332139],0.2839283977588812,0.13270575875958612
