,0,1,2
0,[0.54547015],0.31800266321748,0.020557000418773508
1,[0.17186532],0.39095288208352325,0.40268328392728014
2,[0.85293181],0.5632808792107132,0.3074616584517891
3,[0.18022341],0.5691698375686778,0.39432518816600015
4,[0.58870005],0.34796746685407126,0.043229899090181156
5,[0.1207749],0.5211343074432839,0.44525225075018304
6,[0.55469875],0.39304723341141,0.011328400991537757
7,[0.08202618],0.5809704749385374,0.5005568128636195
8,[0.99270517],0.6074450485968899,0.4597451612528195
9,[0.25271926],0.4448263557502335,0.3329222591079066
10,[0.53296001],0.39339776328573217,0.02740293746217759
11,[0.8921391],0.5211752706644022,0.40007579270241933
12,[0.24209363],0.44742322275491453,0.33245497326733797
13,[0.41762074],0.3631600229043226,0.16094505585926155
14,[0.86794548],0.28643696350886194,0.31324673337759446
15,[0.28633024],0.431315135948424,0.28821835787203465
16,[0.13769966],0.698723168727712,0.43684893526660173
17,[0.0507936],0.6770034257179347,0.5317893885678048
18,[0.92829087],0.44297378113863184,0.38282072058070304
19,[0.77995014],0.4222904361749723,0.23447999120891916
20,[0.69447451],0.3425365492947451,0.149004357847366
21,[0.95343867],0.6567922892900445,0.40796851636020304
22,[0.93194228],0.5223868646147756,0.38647212816938503
23,[0.20739954],0.3170799007119274,0.35862761420486666
24,[0.22335698],0.6516481319176647,0.35922600846642505
25,[0.99751836],0.789411825113614,0.46455835144717794
26,[0.4920633],0.40628764224381,0.08248529417224981
27,[0.22577487],0.6441164413731617,0.3487737243920528
28,[0.98771616],0.5774659267370511,0.45475614871940884
29,[0.75659074],0.2914757386053289,0.22363072774887338
30,[0.58258299],0.37223838991522556,0.04962297740744437
31,[0.56602715],0.3201869508897353,0.011328400991537757
32,[0.37184337],0.3681732074752448,0.202705225281552
33,[0.45296356],0.38788146727584044,0.12158503625410944
34,[0.81726831],0.6291025485725997,0.26256955549155825
35,[0.10200653],0.39255878111083486,0.47254207301987194
36,[0.91715646],0.45878612357324294,0.371686313951365
37,[0.04387119],0.6169267323403398,0.544828862743376
38,[0.5745486],0.4181880685701701,0.04158858546515132
39,[0.18049899],0.3240270081143403,0.385528164693946
40,[0.63570166],0.32220321830494125,0.10274165093240695
41,[0.89414345],0.4259211942744069,0.348673295479596
42,[0.65555994],0.4363511982058824,0.11008978973096872
43,[0.25422487],0.5364483085779419,0.3118022810865503
44,[0.59657902],0.32084743069586863,0.05110886833361983
45,[0.91987718],0.6880958598754818,0.3744070243511438
46,[0.77454108],0.5370107885035144,0.23532599318135572
47,[0.29099454],0.3845615086927714,0.2875712499411899
48,[0.68682978],0.4472392271106889,0.1413596243376044
49,[0.43332139],0.3296049277172921,0.13270575875958612
