,0,1,2
0,[0.54547015],0.3240164603243374,0.020557000418773508
1,[0.17186532],0.39095288208352325,0.40268328392728014
2,[0.85293181],0.5819761971038885,0.3074616584517891
3,[0.18022341],0.5978975094965789,0.39432518816600015
4,[0.58870005],0.34796746685407126,0.043229899090181156
5,[0.1207749],0.6199031921173385,0.4537736982573879
6,[0.55469875],0.3712722295376385,0.011328400991537757
7,[0.08202618],0.6692064517000829,0.4925224209213265
8,[0.99270517],0.6074450485968899,0.4597451612528195
9,[0.25271926],0.41012865071997673,0.32986372949695175
10,[0.53296001],0.3643523094156773,0.02173873696640871
11,[0.8921391],0.5249289456168988,0.40007579270241933
12,[0.24209363],0.44742322275491453,0.33245497326733797
13,[0.41762074],0.3631600229043226,0.16496225183040814
14,[0.86794548],0.3314872418651986,0.31324673337759446
15,[0.28633024],0.4888925034394621,0.28821835787203465
16,[0.13769966],0.6987231687277119,0.4448833272088948
17,[0.0507936],0.534274533766981,0.5317893885678048
18,[0.92829087],0.5316665061574105,0.38282072058070304
19,[0.77995014],0.5466675662932599,0.23447999120891916
20,[0.69447451],0.34253654929474503,0.149004357847366
21,[0.95343867],0.6567922892900445,0.40796851636020304
22,[0.93194228],0.5543265145243434,0.38647212816938503
23,[0.20739954],0.3170799007119274,0.35862761420486666
24,[0.22335698],0.6662444653662385,0.35922600846642505
25,[0.99751836],0.789411825113614,0.452048213908005
26,[0.4920633],0.41484750685690025,0.08248529417224981
27,[0.22577487],0.666572676655487,0.3487737243920528
28,[0.98771616],0.6771901040390907,0.45475614871940884
29,[0.75659074],0.2914757386053289,0.21112059020970042
30,[0.58258299],0.35570612542660707,0.04962297740744437
31,[0.56602715],0.3201869508897353,0.011328400991537757
32,[0.37184337],0.3407999668868279,0.202705225281552
33,[0.45296356],0.3878814672758404,0.12158503625410944
34,[0.81726831],0.6291025485725997,0.26256955549155825
35,[0.10200653],0.4699422134888983,0.47254207301987194
36,[0.91715646],0.36183614123414665,0.371686313951365
37,[0.04387119],0.7672568429589984,0.544828862743376
38,[0.5745486],0.35987156317014046,0.04158858546515132
39,[0.18049899],0.3240270081143404,0.385528164693946
40,[0.63570166],0.32220321830494125,0.10274165093240695
41,[0.89414345],0.42592119427440683,0.348673295479596
42,[0.65555994],0.4363511982058824,0.11008978973096872
43,[0.25422487],0.5962792956462917,0.3118022810865503
44,[0.59657902],0.27080073952535255,0.05110886833361983
45,[0.91987718],0.6778532751543537,0.36517842492390806
46,[0.77454108],0.504305118530094,0.2415810619509422
47,[0.29099454],0.4763250496521635,0.2835540539700434
48,[0.68682978],0.4472392271106889,0.1413596243376044
49,[0.43332139],0.3296049277172921,0.13270575875958612
