,0,1,2
0,[0.54547015],0.3475690873938375,0.2759453997873683
1,[0.17186532],0.4701507700760844,0.38283343542853754
2,[0.85293181],0.5233065219833524,0.5666015683978454
3,[0.18022341],0.617030976071699,0.599726731448941
4,[0.58870005],0.3304895940480478,0.34660642443154077
5,[0.1207749],0.44966813124235844,0.4339238497586453
6,[0.55469875],0.3881921910791313,0.26836850937329204
7,[0.08202618],0.5858177128385631,0.4634439729953481
8,[0.99270517],0.761274983304763,0.7284932413573545
9,[0.25271926],0.4553106976110944,0.29275088962868034
10,[0.53296001],0.3401412077405247,0.2802407520895074
11,[0.8921391],0.5591986835763916,0.6394198360848282
12,[0.24209363],0.42801378368011916,0.31260512476859537
13,[0.41762074],0.39530276547805165,0.0028937567027264577
14,[0.86794548],0.5979758804672233,0.5984207325921985
15,[0.28633024],0.43731986065272527,0.26836850937329204
16,[0.13769966],0.4349622661938227,0.41699908676785913
17,[0.0507936],0.6769066225993521,0.4884214799299469
18,[0.92829087],0.6514666858670253,0.6419606305267593
19,[0.77995014],0.46269809378912796,0.5272308808375995
