,0,1,2
0,[0.54547015],0.3475690873938375,0.2591399099460563
1,[0.17186532],0.4701507700760844,0.38283343542853754
2,[0.85293181],0.5233065219833524,0.5666015683978454
3,[0.18022341],0.50371066239213,0.37447533966725755
4,[0.58870005],0.33048959404804784,0.34660642443154077
5,[0.1207749],0.5909431179742991,0.4339238497586453
6,[0.55469875],0.3640567678029211,0.26836850937329204
7,[0.08202618],0.5186215550947908,0.4634439729953481
8,[0.99270517],0.5831231314704359,0.7063749336597028
9,[0.25271926],0.47532146360810695,0.29275088962868034
10,[0.53296001],0.35418686987251313,0.2802407520895074
11,[0.8921391],0.5591986835763916,0.6394198360848282
12,[0.24209363],0.4400828612352937,0.31260512476859537
13,[0.41762074],0.4195665104760617,0.13707801138937248
14,[0.86794548],0.5354548555135041,0.5816152427508865
15,[0.28633024],0.3497185757954431,0.26836850937329204
16,[0.13769966],0.4349622661938227,0.41699908676785913
17,[0.0507936],0.6769066225993521,0.4884214799299469
18,[0.92829087],0.6514666858670253,0.6419606305267593
19,[0.77995014],0.4626980937891281,0.49361990115497545
