,0,1,2
0,[0.54547015],0.31445801931676687,0.2591399099460563
1,[0.17186532],0.4590027627502137,0.3736048360013018
2,[0.85293181],0.5318112714034726,0.5666015683978454
3,[0.18022341],0.50371066239213,0.37447533966725755
4,[0.58870005],0.4312706236734017,0.34660642443154077
5,[0.1207749],0.5826423240998705,0.4339238497586453
6,[0.55469875],0.3640567678029211,0.26836850937329204
7,[0.08202618],0.39745978381435004,0.4634439729953481
8,[0.99270517],0.6219732236691328,0.7063749336597028
9,[0.25271926],0.4490641824702573,0.29275088962868034
10,[0.53296001],0.35418686987251313,0.24662977240688333
11,[0.8921391],0.5328098114358457,0.6394198360848282
12,[0.24209363],0.4400828612352937,0.31260512476859537
13,[0.41762074],0.4195665104760617,0.15407866122084513
14,[0.86794548],0.5465895526444491,0.5816152427508865
15,[0.28633024],0.36751230246106126,0.2591399099460563
16,[0.13769966],0.27833964138414247,0.41699908676785913
17,[0.0507936],0.5355736662628547,0.49467654869953337
18,[0.92829087],0.7522477154923791,0.6419606305267593
19,[0.77995014],0.4368121320972257,0.49361990115497545
