,0,1,2
0,[0.54547015],0.2700640485828176,0.2591399099460563
1,[0.17186532],0.4750626176933984,0.3736048360013018
2,[0.85293181],0.6502879801077409,0.5666015683978454
3,[0.18022341],0.5299687619889139,0.37447533966725755
4,[0.58870005],0.36408963813819634,0.23672456004427767
5,[0.1207749],0.7684285184136508,0.4339238497586453
6,[0.55469875],0.4081366030547544,0.3019794890559161
7,[0.08202618],0.423241384156512,0.4634439729953481
8,[0.99270517],0.559323876993614,0.7063749336597028
9,[0.25271926],0.4490641824702573,0.3019794890559161
10,[0.53296001],0.35418686987251313,0.24662977240688333
11,[0.8921391],0.518813551762221,0.6394198360848282
12,[0.24209363],0.30400621355628094,0.31260512476859537
13,[0.41762074],0.41106176105594133,0.17107931105231788
14,[0.86794548],0.4452547782273433,0.45032474476696693
15,[0.28633024],0.36575936146655796,0.2591399099460563
16,[0.13769966],0.27833964138414247,0.41699908676785913
17,[0.0507936],0.36632072754764455,0.49467654869953337
18,[0.92829087],0.6788822881448998,0.6419606305267593
19,[0.77995014],0.4632010042377715,0.49361990115497545
