,0,1,2
0,[0.54547015],0.4044471216222238,0.29275088962868034
1,[0.17186532],0.4701507700760844,0.3998340852600102
2,[0.85293181],0.437495024908124,0.5009563194058856
3,[0.18022341],0.44107000452109657,0.6727083986918109
4,[0.58870005],0.30553765586628456,0.05574003662935412
5,[0.1207749],0.41143206954602973,0.41844018156182305
6,[0.55469875],0.3170173959046695,0.02173873696640871
7,[0.08202618],0.5387347705462906,0.45718890422576164
8,[0.99270517],0.602192354397172,0.6051783551539128
9,[0.25271926],0.36640406979772583,0.28649582085909386
10,[0.53296001],0.2539591117359417,0.1338653072751672
11,[0.8921391],0.5421974859462886,0.7713641967875574
12,[0.24209363],0.41683290601897305,0.30799082505497744
13,[0.41762074],0.3286672573046426,0.4353110704139258
14,[0.86794548],0.4980368542768373,0.4804186642450965
15,[0.28633024],0.3614898818006224,0.5666015683978454
16,[0.13769966],0.4974832911475417,0.41699908676785913
17,[0.0507936],0.46741710824052884,0.4884214799299469
18,[0.92829087],0.4940143215048095,0.6419606305267593
19,[0.77995014],0.5695933235399134,0.5272308808375995
