,0,1,2
0,[0.54547015],0.4044471216222239,0.29275088962868034
1,[0.17186532],0.4701507700760844,0.41683473509148294
2,[0.85293181],0.43749502490812403,0.5666015683978454
3,[0.18022341],0.44107000452109657,0.6727083986918109
4,[0.58870005],0.3170173959046695,0.05574003662935412
5,[0.1207749],0.41143206954602973,0.42469525033140954
6,[0.55469875],0.3170173959046695,0.006131281348268347
7,[0.08202618],0.5387347705462906,0.45093383545617516
8,[0.99270517],0.5978446070038903,0.4597451612528195
9,[0.25271926],0.36640406979772583,0.28649582085909386
10,[0.53296001],0.2988592548279723,0.2802407520895074
11,[0.8921391],0.5421974859462887,0.7053920164361929
12,[0.24209363],0.46530826884070386,0.31260512476859537
13,[0.41762074],0.357837477527371,0.3988202367924909
14,[0.86794548],0.5289340028380038,0.6258518581461898
15,[0.28633024],0.3614898818006224,0.5666015683978454
16,[0.13769966],0.4974832911475418,0.4339997365993318
17,[0.0507936],0.46741710824052884,0.49467654869953337
18,[0.92829087],0.5707109110598949,0.6419606305267593
19,[0.77995014],0.5451351163475754,0.5272308808375995
