,0,1,2
0,[0.54547015],0.4044471216222239,0.29275088962868034
1,[0.17186532],0.4701507700760845,0.41683473509148294
2,[0.85293181],0.5104236613567636,0.5666015683978454
3,[0.18022341],0.49523914095611116,0.599726731448941
4,[0.58870005],0.3304895940480478,0.113409673840836
5,[0.1207749],0.5465463915879064,0.42469525033140954
6,[0.55469875],0.3170173959046695,0.00922859942723575
7,[0.08202618],0.5387347705462906,0.4634439729953481
8,[0.99270517],0.5076445297177294,0.4597451612528195
9,[0.25271926],0.36640406979772583,0.29275088962868034
10,[0.53296001],0.32186317437036094,0.285553569945847
11,[0.8921391],0.5421974859462887,0.6394198360848282
12,[0.24209363],0.4236660362868374,0.3033765253413596
13,[0.41762074],0.357837477527371,0.17107931105231788
14,[0.86794548],0.5289340028380038,0.6258518581461898
15,[0.28633024],0.3428656073151563,0.5666015683978454
16,[0.13769966],0.3473609813365405,0.41699908676785913
17,[0.0507936],0.46741710824052884,0.49467654869953337
18,[0.92829087],0.5567146513862701,0.6419606305267593
19,[0.77995014],0.5451351163475753,0.5272308808375995
