,0,1,2
0,[0.54547015],0.4044471216222239,0.29275088962868034
1,[0.17186532],0.4701507700760845,0.38283343542853754
2,[0.85293181],0.5104236613567636,0.5666015683978454
3,[0.18022341],0.5677050215903223,0.504101685389572
4,[0.58870005],0.3304895940480478,0.17107931105231788
5,[0.1207749],0.5465463915879065,0.42469525033140954
6,[0.55469875],0.31688907418286966,0.02173873696640871
7,[0.08202618],0.5186215550947908,0.4634439729953481
8,[0.99270517],0.761274983304763,0.7506115490550062
9,[0.25271926],0.36640406979772583,0.29275088962868034
10,[0.53296001],0.3401412077405247,0.2802407520895074
11,[0.8921391],0.6348862805453583,0.6394198360848282
12,[0.24209363],0.4168657763542484,0.31260512476859537
13,[0.41762074],0.31891802091941135,0.13129049798391956
14,[0.86794548],0.53757998265604,0.6205390402898502
15,[0.28633024],0.32230297351756854,0.5666015683978454
16,[0.13769966],0.3473609813365405,0.41699908676785913
17,[0.0507936],0.5568641129832581,0.49467654869953337
18,[0.92829087],0.5567146513862701,0.6419606305267593
19,[0.77995014],0.5451351163475753,0.5272308808375995
