,0,1,2
0,[0.48313401],0.42758591597464146,[0.0555481]
1,[0.1405506],0.5720964107981623,[0.43154581]
2,[0.84649032],0.4641272882542017,[0.38236304]
3,[0.95297073],0.4641272882542017,[0.48884344]
4,[0.38090871],0.5720964107981623,[0.1911877]
5,[0.11608973],0.5720964107981623,[0.45600668]
6,[0.87075825],0.42758591597464146,[0.44317233]
7,[0.16116574],0.48096461430491777,[0.31979887]
8,[0.23800327],0.49607753421772494,[0.25807427]
9,[0.46412729],0.48096461430491777,[0.01683733]
10,[0.11436144],0.49607753421772494,[0.3817161]
11,[0.20412765],0.49607753421772494,[0.29194988]
12,[0.89162307],0.3253910852554439,[0.56623198]
13,[0.09056629],0.45611498090300395,[0.36554869]
14,[0.90525597],0.42758591597464146,[0.47767006]
15,[0.00192148],0.5687987407432987,[0.56687726]
16,[0.13645677],0.5687987407432987,[0.43234197]
17,[0.0303956],0.48096461430491777,[0.45056901]
18,[0.25330714],0.5687987407432987,[0.3154916]
19,[0.73815634],0.4121610040878695,[0.32599534]
20,[0.28990267],0.49607753421772494,[0.20617486]
21,[0.49969668],0.4121610040878695,[0.08753567]
22,[0.27761339],0.45611498090300395,[0.17850159]
23,[0.05643617],0.48096461430491777,[0.42452845]
24,[0.40171817],0.48096461430491777,[0.07924644]
25,[0.00201498],0.5720964107981623,[0.57008143]
26,[0.64832267],0.43838942797434594,[0.20993324]
27,[0.48096461],0.4641272882542017,[0.01683733]
28,[0.93986521],0.4121610040878695,[0.5277042]
29,[0.02742267],0.5687987407432987,[0.54137607]
30,[0.36662875],0.5720964107981623,[0.20546766]
31,[0.412161],0.49607753421772494,[0.08391653]
32,[0.92746278],0.42758591597464146,[0.49987686]
33,[0.58133303],0.3253910852554439,[0.25594195]
34,[0.28634481],0.45611498090300395,[0.16977017]
35,[0.28185984],0.48096461430491777,[0.19910477]
36,[0.52834341],0.4121610040878695,[0.11618241]
37,[0.71677741],0.43838942797434594,[0.27838798]
38,[0.34233888],0.5720964107981623,[0.22975753]
39,[0.65679112],0.42758591597464146,[0.2292052]
40,[0.61868089],0.42758591597464146,[0.19109498]
41,[0.98056516],0.42758591597464146,[0.55297924]
42,[0.51049028],0.4641272882542017,[0.046363]
43,[0.42909595],0.45460494748933633,[0.025509]
44,[0.6649608],0.4641272882542017,[0.20083352]
45,[0.30750625],0.49607753421772494,[0.18857128]
46,[0.32706394],0.49607753421772494,[0.1690136]
47,[0.50768099],0.4641272882542017,[0.0435537]
48,[0.65543492],0.4121610040878695,[0.24327392]
49,[0.10966818],0.5720964107981623,[0.46242823]
50,[0.72558472],0.4641272882542017,[0.26145744]
51,[0.8664066],0.42758591597464146,[0.43882069]
52,[0.65967268],0.43838942797434594,[0.22128325]
53,[0.6890693],0.43838942797434594,[0.25067987]
54,[0.7046992],0.4121610040878695,[0.2925382]
55,[0.27887544],0.48096461430491777,[0.20208918]
56,[0.70984805],0.43838942797434594,[0.27145862]
57,[0.00047359],0.49607753421772494,[0.49560394]
58,[0.3275557],0.45611498090300395,[0.12855928]
59,[0.79961521],0.3253910852554439,[0.47422413]
60,[0.89851669],0.43838942797434594,[0.46012726]
61,[0.25511719],0.5720964107981623,[0.31697922]
62,[0.07262169],0.45611498090300395,[0.38349329]
63,[0.81685751],0.4641272882542017,[0.35273022]
64,[0.32539109],0.5687987407432987,[0.24340766]
65,[0.28670435],0.45611498090300395,[0.16941063]
66,[0.7012649],0.4121610040878695,[0.2891039]
67,[0.49607753],0.4121610040878695,[0.08391653]
68,[0.6462004],0.4641272882542017,[0.18207311]
69,[0.42607588],0.45611498090300395,[0.0300391]
70,[0.16322875],0.49607753421772494,[0.33284879]
71,[0.49587015],0.514615690025561,[0.01874554]
72,[0.25465904],0.45611498090300395,[0.20145594]
73,[0.50978872],0.42758591597464146,[0.0822028]
74,[0.83310744],0.43838942797434594,[0.39471801]
75,[0.19599866],0.45611498090300395,[0.26011632]
76,[0.56879874],0.3253910852554439,[0.24340766]
77,[0.91521631],0.3253910852554439,[0.58982523]
78,[0.73127613],0.3253910852554439,[0.40588504]
79,[0.74319561],0.3253910852554439,[0.41780453]
80,[0.82321748],0.3253910852554439,[0.49782639]
81,[0.09002131],0.5687987407432987,[0.47877744]
82,[0.1709114],0.49607753421772494,[0.32516614]
83,[0.97809253],0.43838942797434594,[0.5397031]
84,[0.98733416],0.3253910852554439,[0.66194308]
85,[0.78086319],0.43838942797434594,[0.34247376]
86,[0.78703571],0.4121610040878695,[0.3748747]
87,[0.22504289],0.48096461430491777,[0.25592172]
88,[0.05614326],0.5687987407432987,[0.51265549]
89,[0.16084738],0.5720964107981623,[0.41124903]
90,[0.29059832],0.48096461430491777,[0.19036629]
91,[0.06078361],0.5687987407432987,[0.50801513]
92,[0.75286211],0.4121610040878695,[0.3407011]
93,[0.04766652],0.5687987407432987,[0.52113222]
94,[0.94312864],0.3253910852554439,[0.61773756]
95,[0.31383815],0.5687987407432987,[0.25496059]
