,0,1,2
0,[17.72735076],16.651666544731892,16.456226403338885
1,[15.85932658],13.478293577277984,12.946411620652134
2,[19.26465905],17.453071297626586,16.784235702349342
3,[15.90111705],13.520084056084382,12.988202099458533
4,[17.94350025],16.73280182535283,16.679903943594308
5,[0.6038745],4.569321564604232,2.1696192487932264
6,[2.77349375],4.596796626701044,1.5098974452795804
7,[0.41013089],4.191462444648568,1.4490859781988723
8,[4.96352587],1.6582235680361315,0.690007365130878
9,[1.26359631],4.26447713190502,1.5098974452795804
10,[2.66480007],5.996874398219355,0.5137082546620344
11,[4.46069549],1.3863558939532112,0.12463356010534277
12,[1.21046813],5.101412936668953,1.9429778073657549
13,[2.0881037],4.39930448315206,1.0653422404696404
14,[4.33972742],1.6406993318670202,0.30172693887936486
15,[1.43165121],4.880229859692435,1.7217947303892382
16,[0.68849832],4.080115473339118,1.1707185499252486
17,[0.25396801],4.316392747465309,1.6052488567197987
18,[4.64145436],1.7089941820692345,0.17073712550553566
19,[3.89975071],4.9557430853721645,1.4193273661349917
20,[3.47237254],5.81414037917758,0.559457589895473
21,[4.76719334],1.8095853651872347,0.29647610440303573
22,[4.6597114],8.059824795656677,2.686051114141201
23,[1.03699769],7.421716230477176,2.1415106358966356
24,[1.11678491],8.011176799169947,2.5108782131334344
25,[4.98759182],1.6822895190079237,0.7140733161026702
26,[2.46031652],6.11956452434065,0.7181917981975272
27,[1.12887437],3.4879130352783307,3.394364533349155
28,[4.93858081],5.952790696977173,1.2716310170348706
29,[3.78295371],5.876256611539914,0.8700387517071451
30,[2.91291495],5.848005465997022,0.2655933676248128
31,[2.83013576],5.897672984345516,0.34837256487230217
32,[1.85921687],4.080115473339118,0.5880925165610156
33,[2.26481781],2.3519695945886143,2.2584210926594386
34,[4.08634153],1.4113732614484282,0.4368973764248132
35,[0.51003263],4.663163438416652,2.2634611226056465
36,[4.58578232],1.4113732614484282,0.3122638163194704
37,[0.21935594],4.640313304008768,4.366426388022799
38,[2.87274299],4.388012138918167,0.11161670869122231
39,[0.90249493],4.349193595141768,1.8709988185120412
40,[3.17850832],5.773514960607508,0.2655933676248128
41,[4.47071723],1.6406993318670202,0.17073712550553566
42,[3.2777997],5.775225811061182,0.3648847493134868
43,[1.27112435],10.314967545476646,1.600401004056496
44,[2.9828951],4.722437433420197,1.7192987898115009
45,[4.59938588],5.901179975497284,1.82589212461954
46,[3.87270538],8.990198021041788,1.125237464859845
47,[1.45497272],4.856908340182479,1.698473210879282
48,[3.43414888],4.676381984758221,0.9537255317784177
49,[2.16660696],4.20307151136864,0.8954826116348207
