,0,1,2
0,[17.72735076],16.651666544731892,16.272378030220324
1,[15.85932658],12.996384388342781,12.946411620652134
2,[19.26465905],17.036871109721602,16.462844292643922
3,[15.90111705],13.058033143486915,13.070981296706023
4,[17.94350025],16.256997706687798,16.17196204046641
5,[0.6038745],0.8727156541267413,2.1696192487932264
6,[2.77349375],4.204753045848784,0.5086759387768343
7,[0.41013089],4.191462444648568,1.7564760732726774
8,[4.96352587],0.35231770481069197,0.492808641170253
9,[1.26359631],4.185984671086299,1.5098974452795804
10,[2.66480007],5.950049065101039,0.6129996363507084
11,[4.46069549],0.29426663113207585,0.1250868374760854
12,[1.21046813],4.211957805132307,1.0543496850661425
13,[2.0881037],4.3285194632528,0.713711059425707
14,[4.33972742],4.99245215863223,1.4615329946220115
15,[1.43165121],4.549332883682615,1.4410917893601731
16,[0.68849832],3.9010189510121536,2.1629410575649963
17,[0.25396801],4.836510022166324,4.146243441650112
18,[4.64145436],1.012341199923125,0.30172693887936486
19,[3.89975071],3.5288764610041516,0.8190490017274614
20,[3.47237254],5.245543280266949,0.559457589895473
21,[4.76719334],3.640419135263696,1.3330444601129936
22,[4.6597114],2.121303527899879,2.3948935824875806
23,[1.03699769],4.244998213819753,1.945897410598565
24,[1.11678491],7.554314547611341,2.3364757984531943
25,[4.98759182],1.0656727664053438,0.5268963372592852
26,[2.46031652],5.886783929545089,0.5225785728994565
27,[1.12887437],1.4765371856255494,2.305274504018394
28,[4.93858081],3.607966682357655,1.4662082666643492
29,[3.78295371],0.6375086895875693,0.6044453840823323
30,[2.91291495],0.5825811443871297,0.3648847493134868
31,[2.83013576],6.221278591976058,0.04260723753602402
32,[1.85921687],4.578736359849317,0.9709188888717359
33,[2.26481781],6.990686473366145,0.7180772833087548
34,[4.08634153],0.5855230728872274,0.30338782354546767
35,[0.51003263],4.873340803892294,2.2634611226056465
36,[4.58578232],0.2919505428760477,0.1250868374760854
37,[0.21935594],2.3188073721142297,3.2530166075028046
38,[2.87274299],4.212074957457759,0.17296864352387198
39,[0.90249493],4.050972987148514,1.8709988185120412
40,[3.17850832],3.0010072673662136,0.09929138168867402
41,[4.47071723],0.7603884936221844,0.010021745117239966
42,[3.2777997],2.9318941865601005,0.3648847493134868
43,[1.27112435],4.335582870424949,2.1630245250269056
44,[2.9828951],4.3154579704989455,0.8947914014787828
45,[4.59938588],1.1248823418021696,0.513044347161749
46,[3.87270538],0.7093100263958447,0.8898102803907473
47,[1.45497272],4.069276185952527,1.4177702698502168
48,[3.43414888],6.3620246617426455,0.5614058820581302
49,[2.16660696],7.215509363055287,0.6635287937979308
