,0,1,2
0,[17.72735076],17.29218522302011,16.284038789975302
1,[15.85932658],12.996384388342781,12.946411620652134
2,[19.26465905],17.0368711097216,16.391916052629053
3,[15.90111705],13.058033143486915,13.070981296706023
4,[17.94350025],16.256997706687798,16.58421573463277
5,[0.6038745],1.3144709016027876,2.1696192487932264
6,[2.77349375],4.204753045848784,0.05664200495768901
7,[0.41013089],4.191462444648568,1.7564760732726774
8,[4.96352587],0.35231770481069197,0.492808641170253
9,[1.26359631],4.185984671086299,1.5098974452795804
10,[2.66480007],5.950049065101039,0.6129996363507084
11,[4.46069549],0.29426663113207585,0.1250868374760854
12,[1.21046813],4.211957805132307,0.9561388350027349
13,[2.0881037],4.328519463252799,0.47445460034707265
14,[4.33972742],6.5188107797871995,1.72282228107174
15,[1.43165121],4.630181712371106,1.4410917893601731
16,[0.68849832],4.1409671943572395,2.1629410575649963
17,[0.25396801],6.303636516811596,4.206727475778407
18,[4.64145436],1.012341199923125,0.24124290475107024
19,[3.89975071],3.8147303421878105,0.951845685539868
20,[3.47237254],5.657887962258337,0.559457589895473
21,[4.76719334],1.0876541589773423,1.1002435429347068
22,[4.6597114],2.121303527899879,1.7869684012170333
23,[1.03699769],6.8590265973448625,1.945897410598565
24,[1.11678491],7.3803067972699115,2.31736396467879
25,[4.98759182],1.0656727664053438,0.9012502949460552
26,[2.46031652],5.886783929545089,0.4525984305727144
27,[1.12887437],4.715694012553986,2.049633949296542
28,[4.93858081],3.370498912035636,1.4662082666643492
29,[3.78295371],2.960110558659115,0.6044453840823323
30,[2.91291495],0.5825811443871297,0.3648847493134868
31,[2.83013576],6.236847534623209,0.08277919724748939
32,[1.85921687],1.4906227150842253,1.01352612640776
33,[2.26481781],6.941645629131713,0.7180772833087548
34,[4.08634153],0.5961855098255531,0.30338782354546767
35,[0.51003263],4.873340803892294,2.4177864161184632
36,[4.58578232],0.2919505428760477,0.18557087160438002
37,[0.21935594],5.3095787726869945,3.2530166075028046
38,[2.87274299],4.21673926135975,0.17296864352387198
39,[0.90249493],4.050972987148514,1.8709988185120412
40,[3.17850832],3.0010072673662136,0.09929138168867402
41,[4.47071723],0.29738364166762193,0.010021745117239966
42,[3.2777997],2.9318941865601005,0.32989467815011597
43,[1.27112435],4.335582870424949,2.1630245250269056
44,[2.9828951],4.3154579704989455,0.5225785728994565
45,[4.59938588],1.0556548484748678,0.513044347161749
46,[3.87270538],0.7093100263958447,0.6941970550926766
47,[1.45497272],4.069276185952527,1.4177702698502168
48,[3.43414888],6.3620246617426455,0.5614058820581302
49,[2.16660696],4.398982333714286,0.6635287937979308
