,0,1,2
0,[17.72735076],17.292185223020113,16.29569954973028
1,[15.85932658],10.811068245039271,12.946411620652134
2,[19.26465905],17.183862261326844,16.434523290165078
3,[15.90111705],10.109524810890063,13.028374059169998
4,[17.94350025],16.211721818878697,15.85539655526159
5,[0.6038745],4.5984839555084225,2.2262612537509154
6,[2.77349375],4.204753045848784,0.2094013445319205
7,[0.41013089],4.946149174744561,2.4200048670706082
8,[4.96352587],0.31817027970958484,0.502830386287493
9,[1.26359631],6.981544459772229,1.5098974452795804
10,[2.66480007],5.950049065101039,0.5137082546620344
11,[4.46069549],0.32000036000362364,0.010021745117239966
12,[1.21046813],4.211957805132307,1.0543496850661425
13,[2.0881037],4.352589293112762,0.7846392994405753
14,[4.33972742],1.6599652827852587,0.8673548747873205
15,[1.43165121],4.754734426965556,1.7468571166964513
16,[0.68849832],6.87951111669675,2.1416374387969848
17,[0.25396801],6.303636516811596,3.645782699542263
18,[4.64145436],1.706140682472644,0.30172693887936486
19,[3.89975071],3.4321811421062187,0.8190490017274614
20,[3.47237254],5.657887962258338,0.559457589895473
21,[4.76719334],1.1338808351792717,0.42746591777686493
22,[4.6597114],2.121303527899879,1.381911692192081
23,[1.03699769],3.7620773760721447,1.945897410598565
24,[1.11678491],7.855587559085518,2.355587632227598
25,[4.98759182],1.053304844319403,0.6478644055158744
26,[2.46031652],6.565229387762552,0.4525984305727144
27,[1.12887437],4.325578226822673,1.8540207239984712
28,[4.93858081],2.6830524149556334,1.4662082666643492
29,[3.78295371],5.357434798246044,0.6044453840823323
30,[2.91291495],0.5086172977220846,0.3648847493134868
31,[2.83013576],3.305192950195665,0.08277919724748939
32,[1.85921687],3.945559771518816,1.3192914537440381
33,[2.26481781],6.733519115973185,0.9633361994511622
34,[4.08634153],0.42217775948412406,0.6521926529059479
35,[0.51003263],4.854965466572275,2.3627103650993595
36,[4.58578232],0.28353684664648837,0.49944079516285544
37,[0.21935594],5.607809438553275,2.9109914634274463
38,[2.87274299],3.894220996375283,0.30576532733627815
39,[0.90249493],3.7872687816772137,1.8709988185120412
40,[3.17850832],2.808062286020369,0.09929138168867402
41,[4.47071723],0.29738364166762193,0.010021745117239966
42,[3.2777997],0.4239490774635696,0.3648847493134868
43,[1.27112435],4.734171594219999,1.9073839703050537
44,[2.9828951],4.243237695852453,0.3180950293639637
45,[4.59938588],1.0749792301403043,0.38635140244665855
46,[3.87270538],0.7093100263958447,0.6941970550926766
47,[1.45497272],3.8962176902135917,1.4177702698502168
48,[3.43414888],6.186497548363422,0.5413199022023973
49,[2.16660696],7.0857596150695015,0.7061360313339549
