,0,1,2
0,[17.72735076],17.292185223020113,16.29569954973028
1,[15.85932658],10.076092427844944,12.946411620652134
2,[19.26465905],17.183862261326844,16.462844292643922
3,[15.90111705],10.109524810890063,13.028374059169998
4,[17.94350025],16.211721818878697,15.85539655526159
5,[0.6038745],4.5984839555084225,2.2688684912869395
6,[2.77349375],4.204753045848784,0.17441127336854922
7,[0.41013089],5.728326686436328,2.4200048670706082
8,[4.96352587],0.31817027970958484,0.502830386287493
9,[1.26359631],6.981544459772229,1.5098974452795804
10,[2.66480007],5.911134496984641,0.5137082546620344
11,[4.46069549],0.23881470620308445,0.010021745117239966
12,[1.21046813],7.22610925629651,1.1520990402707916
13,[2.0881037],4.352589293112762,0.7846392994405753
14,[4.33972742],2.321642682366125,0.8673548747873205
15,[1.43165121],4.754734426965556,1.4961678403792769
16,[0.68849832],4.639588080867437,2.184244676333009
17,[0.25396801],6.303636516811596,3.6187373655565134
18,[4.64145436],1.706140682472644,0.5551128283095457
19,[3.89975071],3.4321811421062187,0.7212423890784261
20,[3.47237254],5.555146311325929,0.559457589895473
21,[4.76719334],1.8641266553247253,0.42746591777686493
22,[4.6597114],2.121303527899879,1.225562519158903
23,[1.03699769],3.7620773760721447,1.9109073394351936
24,[1.11678491],7.855587559085518,2.31736396467879
25,[4.98759182],0.3595053617698845,0.6478644055158744
26,[2.46031652],6.565229387762552,0.4525984305727144
27,[1.12887437],4.325578226822673,1.8540207239984712
28,[4.93858081],2.6830524149556334,1.4662082666643492
29,[3.78295371],5.195920302859506,0.6044453840823323
30,[2.91291495],0.5086172977220846,0.2655933676248128
31,[2.83013576],5.769402400658585,0.08277919724748939
32,[1.85921687],3.945559771518816,1.5749320084658902
33,[2.26481781],9.112713954509026,0.9136905086068254
34,[4.08634153],0.6581296743156834,0.6330808191315436
35,[0.51003263],4.854965466572275,2.3201031275633355
36,[4.58578232],0.28353684664648837,0.49944079516285544
37,[0.21935594],4.906098808795564,2.7635391599340737
38,[2.87274299],3.894220996375283,0.40505670902495217
39,[0.90249493],3.7872687816772137,1.8709988185120412
40,[3.17850832],5.410088397781671,0.09929138168867402
41,[4.47071723],0.29738364166762193,0.010021745117239966
42,[3.2777997],0.4239490774635696,0.3648847493134868
43,[1.27112435],4.061463195528188,1.9073839703050537
44,[2.9828951],4.243237695852453,0.4203368011317101
45,[4.59938588],1.8102213580544464,0.25965845773156815
46,[3.87270538],0.5104561949519273,0.6941970550926766
47,[1.45497272],4.138676743920731,1.4177702698502168
48,[3.43414888],6.102388752358742,0.5212339223466649
49,[2.16660696],7.0857596150695015,0.7061360313339549
