,0,1,2
0,[17.72735076],17.292185223020113,16.29569954973028
1,[15.85932658],10.076092427844944,12.946411620652134
2,[19.26465905],17.183862261326844,16.434523290165078
3,[15.90111705],10.109524810890063,13.070981296706023
4,[17.94350025],16.211721818878697,15.85539655526159
5,[0.6038745],4.5984839555084225,2.2475648725189274
6,[2.77349375],4.204753045848784,0.2094013445319205
7,[0.41013089],4.929224411753775,2.4200048670706082
8,[4.96352587],0.31817027970958484,0.502830386287493
9,[1.26359631],6.981544459772228,1.5098974452795804
10,[2.66480007],5.911134496984641,0.5137082546620344
11,[4.46069549],0.28289440375088637,0.010021745117239966
12,[1.21046813],7.226109256296512,1.1520990402707916
13,[2.0881037],6.791219655941839,0.7846392994405753
14,[4.33972742],1.7289858725094551,0.5118978774704761
15,[1.43165121],4.754734426965556,1.7468571166964513
16,[0.68849832],5.338801877895418,2.2943967783712163
17,[0.25396801],5.876958493516723,3.6187373655565134
18,[4.64145436],1.706140682472644,0.5551128283095457
19,[3.89975071],4.227452881723156,0.7212423890784261
20,[3.47237254],5.555146311325931,0.5244675187321022
21,[4.76719334],1.8641266553247253,0.42746591777686493
22,[4.6597114],2.5641505313992257,1.3037371056754923
23,[1.03699769],4.16491608269828,1.8759172682718228
24,[1.11678491],6.751675741054868,2.161014791645612
25,[4.98759182],0.3595053617698845,0.6478644055158744
26,[2.46031652],3.881746988850125,0.4525984305727144
27,[1.12887437],4.325578226822673,1.8540207239984712
28,[4.93858081],2.722855596668871,1.310917685758513
29,[3.78295371],5.195920302859506,0.6044453840823323
30,[2.91291495],0.5086172977220846,0.2655933676248128
31,[2.83013576],3.670439690435687,0.08277919724748939
32,[1.85921687],3.945559771518816,1.5749320084658902
33,[2.26481781],6.177221768391262,0.7180772833087548
34,[4.08634153],0.6581296743156834,0.6521926529059479
35,[0.51003263],4.854965466572275,2.3201031275633355
36,[4.58578232],0.28353684664648837,0.49944079516285544
37,[0.21935594],4.906098808795564,2.6935590176073316
38,[2.87274299],3.9315391600851575,0.40505670902495217
39,[0.90249493],3.7872687816772137,1.899319820990886
40,[3.17850832],5.393532558332172,0.04816092180469811
41,[4.47071723],0.29738364166762193,0.010021745117239966
42,[3.2777997],0.4239490774635696,0.3648847493134868
43,[1.27112435],4.061463195528187,1.711770745006983
44,[2.9828951],4.243237695852453,0.3180950293639637
45,[4.59938588],0.22305746603268303,0.25965845773156815
46,[3.87270538],0.7093100263958447,0.6941970550926766
47,[1.45497272],4.588275003535901,1.4177702698502168
48,[3.43414888],6.163066317067836,0.5212339223466649
49,[2.16660696],4.472231743238887,0.7061360313339549
