,0,1,2
0,[17.72735076],17.292185223020113,16.272378030220324
1,[15.85932658],13.016242664680515,12.946411620652134
2,[19.26465905],17.183862261326844,16.434523290165078
3,[15.90111705],13.028670864517442,13.070981296706023
4,[17.94350025],16.524326943647296,15.85539655526159
5,[0.6038745],1.3057330658797415,2.2475648725189274
6,[2.77349375],4.204753045848784,0.2094013445319205
7,[0.41013089],8.224160231561282,2.4200048670706082
8,[4.96352587],0.31817027970958484,0.502830386287493
9,[1.26359631],7.041268545828467,1.5098974452795804
10,[2.66480007],5.994688908162669,0.5137082546620344
11,[4.46069549],0.1795194853224773,0.010021745117239966
12,[1.21046813],7.22610925629651,1.2498483954754407
13,[2.0881037],6.791219655941839,0.7846392994405753
14,[4.33972742],1.0421606771490883,0.46702204196530417
15,[1.43165121],5.0382884809355994,2.002497671418303
16,[0.68849832],5.338801877895418,2.2043306561887412
17,[0.25396801],6.303636516811596,3.645782699542263
18,[4.64145436],1.1122293589556962,0.5551128283095457
19,[3.89975071],4.157691915851061,0.7212423890784261
20,[3.47237254],5.657887962258338,0.559457589895473
21,[4.76719334],1.8641266553247253,0.5541588624919553
22,[4.6597114],2.5641505313992257,1.225562519158903
23,[1.03699769],1.1727950519417185,1.8759172682718228
24,[1.11678491],7.148062977858315,2.161014791645612
25,[4.98759182],0.3595053617698845,0.6478644055158744
26,[2.46031652],3.881746988850125,0.4525984305727144
27,[1.12887437],4.325578226822673,1.8540207239984712
28,[4.93858081],2.6370807346725518,1.1556271048526772
29,[3.78295371],5.195920302859506,0.6044453840823323
30,[2.91291495],0.6918426668329514,0.2655933676248128
31,[2.83013576],6.442110799350397,0.08277919724748939
32,[1.85921687],3.945559771518816,1.4185828354327121
33,[2.26481781],6.177221768391262,0.7180772833087548
34,[4.08634153],0.6581296743156834,0.6139689853571397
35,[0.51003263],4.854965466572275,2.3201031275633355
36,[4.58578232],0.28353684664648837,0.49944079516285544
37,[0.21935594],4.906098808795564,2.7635391599340737
38,[2.87274299],3.894220996375283,0.40505670902495217
39,[0.90249493],4.131128539639514,1.9276408234697302
40,[3.17850832],5.393532558332173,0.19561322529807068
41,[4.47071723],0.29738364166762193,0.07050577924553458
42,[3.2777997],0.4239490774635696,0.3648847493134868
43,[1.27112435],4.346273059254086,1.711770745006983
44,[2.9828951],4.243237695852453,0.3180950293639637
45,[4.59938588],1.7402400596863223,0.513044347161749
46,[3.87270538],0.5104561949519273,0.5949056734040026
47,[1.45497272],4.588275003535901,1.4177702698502168
48,[3.43414888],6.163066317067836,0.5212339223466649
49,[2.16660696],4.472231743238887,0.7061360313339549
