,0,1,2
0,[17.72735076],16.84693297226993,16.272378030220324
1,[15.85932658],13.016242664680515,12.986583580363599
2,[19.26465905],17.183862261326844,16.434523290165078
3,[15.90111705],13.028670864517442,13.070981296706023
4,[17.94350025],16.211721818878697,16.17196204046641
5,[0.6038745],1.1742621442563357,2.1696192487932264
6,[2.77349375],4.26447713190502,0.1394212022051784
7,[0.41013089],7.608934009127772,2.3633628621129192
8,[4.96352587],0.31817027970958484,0.502830386287493
9,[1.26359631],7.041268545828467,1.5098974452795804
10,[2.66480007],5.994688908162669,0.5137082546620344
11,[4.46069549],0.1795194853224773,0.010021745117239966
12,[1.21046813],7.22610925629651,1.2498483954754407
13,[2.0881037],6.791219655941839,0.7846392994405753
14,[4.33972742],1.0757221691581478,0.34668129870486775
15,[1.43165121],5.0382884809355994,2.021609505192708
16,[0.68849832],5.338801877895418,2.184244676333009
17,[0.25396801],5.9413727966496666,3.6187373655565134
18,[4.64145436],1.1122293589556962,0.5551128283095457
19,[3.89975071],3.8884828795513195,0.6715966982340893
20,[3.47237254],5.657887962258338,0.559457589895473
21,[4.76719334],1.1065860607456441,0.42746591777686493
22,[4.6597114],2.5641505313992257,1.051160104478663
23,[1.03699769],1.1727950519417185,1.8759172682718228
24,[1.11678491],7.440652185045783,2.161014791645612
25,[4.98759182],0.3595053617698845,0.6478644055158744
26,[2.46031652],3.881746988850125,0.5225785728994565
27,[1.12887437],4.534391577640597,1.8190306528351
28,[4.93858081],1.1599301941680003,1.0658754338423329
29,[3.78295371],5.15175440469924,0.6044453840823323
30,[2.91291495],0.5086172977220846,0.2655933676248128
31,[2.83013576],3.670439690435687,0.08277919724748939
32,[1.85921687],4.101167508153409,1.5749320084658902
33,[2.26481781],6.177221768391263,0.6830872121453835
34,[4.08634153],0.6581296743156834,0.6139689853571397
35,[0.51003263],5.003371878953185,2.3201031275633355
36,[4.58578232],0.28353684664648837,0.49944079516285544
37,[0.21935594],4.906098808795564,2.7635391599340737
38,[2.87274299],3.894220996375283,0.40505670902495217
39,[0.90249493],4.131128539639514,1.9276408234697302
40,[3.17850832],5.393532558332173,0.19561322529807068
41,[4.47071723],0.29738364166762193,0.010021745117239966
42,[3.2777997],0.4239490774635696,0.3648847493134868
43,[1.27112435],4.1368846206308785,1.641790602680241
44,[2.9828951],4.243237695852453,0.3180950293639637
45,[4.59938588],1.0089767718328613,0.25965845773156815
46,[3.87270538],0.5104561949519273,0.5949056734040026
47,[1.45497272],4.138676743920731,1.4177702698502168
48,[3.43414888],3.7477917432788375,0.5212339223466649
49,[2.16660696],7.2330852869251645,0.7061360313339549
