,0,1,2
0,[17.72735076],16.84693297226993,15.86813388677787
1,[15.85932658],13.40099003224579,12.986583580363599
2,[19.26465905],16.89060274562699,16.491165295122766
3,[15.90111705],13.199363947884109,13.028374059169998
4,[17.94350025],16.274357264552208,15.580933081886913
5,[0.6038745],2.0451112545060575,2.2889544711426724
6,[2.77349375],6.4477198467178365,0.17441127336854922
7,[0.41013089],7.43568611648327,2.5027840643180976
8,[4.96352587],1.1941762677139234,0.7504913992591726
9,[1.26359631],7.041268545828464,1.5098974452795804
10,[2.66480007],5.913677566357679,0.3180950293639637
11,[4.46069549],0.1795194853224773,0.12096806825658923
12,[1.21046813],7.1981913920259215,1.6196676288006657
13,[2.0881037],3.994954731819207,0.7846392994405753
14,[4.33972742],0.36008052358053727,0.46702204196530417
15,[1.43165121],5.411883732696545,2.002497671418303
16,[0.68849832],7.6228046112725325,2.2943967783712163
17,[0.25396801],5.9413727966496666,3.180180865185689
18,[4.64145436],0.2532824051167255,0.7417036468589195
19,[3.89975071],3.536427926575552,0.9868357567032389
20,[3.47237254],5.55514631132593,0.4894774475687309
21,[4.76719334],1.1338808351792717,0.5541588624919553
22,[4.6597114],3.0410348958877442,1.225562519158903
23,[1.03699769],4.574842872557588,1.8759172682718228
24,[1.11678491],7.56299835189805,2.161014791645612
25,[4.98759182],1.1537479772798929,0.9012502949460552
26,[2.46031652],3.75055534211942,0.5225785728994565
27,[1.12887437],4.169082624122545,1.7225650031922517
28,[4.93858081],1.8515139125665232,1.4662082666643492
29,[3.78295371],2.841323293779601,0.6044453840823323
30,[2.91291495],0.7292436794225317,0.2655933676248128
31,[2.83013576],6.2269587601884275,0.08277919724748939
32,[1.85921687],3.7368627649064834,1.3192914537440381
33,[2.26481781],4.056107797286463,0.6830872121453835
34,[4.08634153],0.5058468045577051,0.6139689853571397
35,[0.51003263],4.617843714259239,2.3201031275633355
36,[4.58578232],0.1947830942432553,0.49944079516285544
37,[0.21935594],4.911087821328975,2.673473037751599
38,[2.87274299],3.7945823755736443,0.30576532733627815
39,[0.90249493],3.7935409678494416,1.9276408234697302
40,[3.17850832],5.280205594580542,0.2655933676248128
41,[4.47071723],0.22501987610833715,0.2576827580889196
42,[3.2777997],3.4987210189142486,0.3648847493134868
43,[1.27112435],7.476261094763802,1.9073839703050537
44,[2.9828951],4.243237695852453,0.2094013445319205
45,[4.59938588],0.9309615418154793,0.513044347161749
46,[3.87270538],0.6131978458843341,0.5949056734040026
47,[1.45497272],0.5814037833268676,1.4579422295616822
48,[3.43414888],3.5098525415857322,0.4512537800199228
49,[2.16660696],4.227119239407107,0.7463079910454202
