,0,1,2
0,[17.72735076],16.651666544731892,16.162180145058375
1,[15.85932658],13.698363819024769,12.813614936839727
2,[19.26465905],17.453071297626586,17.176555352069627
3,[15.90111705],12.789326821135033,12.72260873183372
4,[17.94350025],16.256997706687798,16.679903943594308
5,[0.6038745],4.569321564604232,2.1696192487932264
6,[2.77349375],4.204753045848784,1.5098974452795804
7,[0.41013089],4.191462444648568,1.6027810257357746
8,[4.96352587],1.8966922647607007,0.502830386287493
9,[1.26359631],4.204753045848784,1.5098974452795804
10,[2.66480007],5.774055572904841,0.7102860566417015
11,[4.46069549],1.7455948452361376,0.1250868374760854
12,[1.21046813],4.4811668414320485,1.6409712475686777
13,[2.0881037],4.025682735747111,0.7846392994405753
14,[4.33972742],2.9135579965657366,0.1309898133738292
15,[1.43165121],4.304220379850834,1.4197881705921611
16,[0.68849832],4.080115473339118,1.324413597462151
17,[0.25396801],4.316392747465309,1.758943904256701
18,[4.64145436],1.0634855834899108,0.17574799806415609
19,[3.89975071],6.993686950752168,0.7212423890784261
20,[3.47237254],5.245543280266949,0.2938642222706602
21,[4.76719334],5.869920090821731,1.9936995846648369
22,[4.6597114],5.698934170899233,2.5716077006576086
23,[1.03699769],7.0452972760421115,2.2408020175853096
24,[1.11678491],6.965510050102412,2.31736396467879
25,[4.98759182],1.9159450255381345,0.5268963372592852
26,[2.46031652],5.906642205882823,0.8174831798862012
27,[1.12887437],3.5905219047106804,3.4569079520871973
28,[4.93858081],3.9594709653910556,1.1556271048526772
29,[3.78295371],5.245543280266949,0.6044453840823323
30,[2.91291495],5.725602833653738,0.3648847493134868
31,[2.83013576],5.897672984345516,0.04260723753602402
32,[1.85921687],4.080115473339118,0.14035121074360513
33,[2.26481781],2.3519695945886143,1.6349328976852515
34,[4.08634153],1.4113732614484282,0.18659081854937387
35,[0.51003263],4.663163438416652,2.2634611226056465
36,[4.58578232],1.745594845236138,0.1250868374760854
37,[0.21935594],4.561339910550338,4.251361295663954
38,[2.87274299],4.339538455523341,0.7846392994405753
39,[0.90249493],4.349193595141768,1.8709988185120412
40,[3.17850832],5.363088969175213,0.19657780197966712
41,[4.47071723],1.7547249028420278,0.12186686835829175
42,[3.2777997],5.725602833653738,0.2320880655010802
43,[1.27112435],7.519745786334862,2.201248192575714
44,[2.9828951],4.288513583661551,1.7192987898115009
45,[4.59938588],1.748315555635917,1.7211914523535796
46,[3.87270538],2.884119709084158,0.6941970550926766
47,[1.45497272],4.294891772046852,1.3964666510822048
48,[3.43414888],4.519454124870106,1.1693310633286775
49,[2.16660696],4.20307151136864,0.3073900950738051
