,0,1,2
0,[17.72735076],16.651666544731892,15.86813388677787
1,[15.85932658],12.901685816332328,12.946411620652134
2,[19.26465905],17.453071297626586,17.176555352069627
3,[15.90111705],10.109524810890063,12.72260873183372
4,[17.94350025],16.256997706687798,16.679903943594308
5,[0.6038745],4.569321564604232,2.1696192487932264
6,[2.77349375],4.204753045848784,1.5098974452795804
7,[0.41013089],4.191462444648568,1.6027810257357746
8,[4.96352587],1.04642000562791,0.502830386287493
9,[1.26359631],4.204753045848784,1.5098974452795804
10,[2.66480007],5.774055572904841,0.6129996363507084
11,[4.46069549],0.8993312841502432,0.1250868374760854
12,[1.21046813],4.4811668414320485,1.0052442600344385
13,[2.0881037],4.163601274062932,0.7846392994405753
14,[4.33972742],0.9756622211378447,0.18852235955325192
15,[1.43165121],4.549332883682615,1.4410917893601731
16,[0.68849832],4.212821232098704,2.1416374387969848
17,[0.25396801],4.449098506224895,2.5761677455915346
18,[4.64145436],0.2950774774513327,0.30172693887936486
19,[3.89975071],1.0372259949904228,0.5437764208731632
20,[3.47237254],5.245543280266949,0.2938642222706602
21,[4.76719334],7.064653207222411,1.9370575797071479
22,[4.6597114],5.475237461597734,2.5716077006576086
23,[1.03699769],4.621664606491833,2.2408020175853096
24,[1.11678491],6.965510050102412,2.355587632227598
25,[4.98759182],1.9159450255381345,0.5268963372592852
26,[2.46031652],3.483009536332547,0.8174831798862012
27,[1.12887437],3.123608292031405,3.331821114611112
28,[4.93858081],2.526773091099417,1.0388300998565834
29,[3.78295371],3.206687660913018,0.6044453840823323
30,[2.91291495],3.301970164103461,0.3648847493134868
31,[2.83013576],9.14303845938006,0.08277919724748939
32,[1.85921687],4.578736359849316,0.3073900950738051
33,[2.26481781],4.403049693750892,1.2075547308774857
34,[4.08634153],1.3488032661257319,0.18659081854937387
35,[0.51003263],4.663163438416652,2.472862467137567
36,[4.58578232],0.895322586103347,0.1250868374760854
37,[0.21935594],5.251404558359135,4.180855516418419
38,[2.87274299],4.294891772046853,0.7061360313339549
39,[0.90249493],4.349193595141768,1.8709988185120412
40,[3.17850832],3.050630244773658,0.09929138168867402
41,[4.47071723],1.0321923936144834,0.010021745117239966
42,[3.2777997],5.725602833653738,0.3648847493134868
43,[1.27112435],4.741284500563818,2.006675351993728
44,[2.9828951],4.288513583661551,1.7192987898115009
45,[4.59938588],2.2983921495174853,1.6164907800876196
46,[3.87270538],3.0865309131777954,0.6941970550926766
47,[1.45497272],4.294891772046852,0.7607396635479655
48,[3.43414888],4.519454124870105,0.9738323529193793
49,[2.16660696],7.443153295312908,0.3073900950738051
