,0,1,2
0,[17.72735076],16.830763067058857,15.86813388677787
1,[15.85932658],11.037628313832126,12.876431478325392
2,[19.26465905],17.453071297626586,17.176555352069627
3,[15.90111705],10.109524810890063,12.72260873183372
4,[17.94350025],16.256997706687798,16.679903943594308
5,[0.6038745],4.569321564604232,2.1696192487932264
6,[2.77349375],4.185984671086299,1.5098974452795804
7,[0.41013089],4.191462444648568,1.7564760732726774
8,[4.96352587],1.8966922647607007,0.49781951372887345
9,[1.26359631],4.204753045848784,1.5098974452795804
10,[2.66480007],5.774055572904841,0.6129996363507084
11,[4.46069549],0.9215205487781131,0.1250868374760854
12,[1.21046813],4.211957805132307,1.0052442600344385
13,[2.0881037],4.163601274062932,0.7846392994405753
14,[4.33972742],2.873754814852499,0.1309898133738292
15,[1.43165121],4.549332883682615,1.4410917893601731
16,[0.68849832],4.600232748040133,2.1416374387969848
17,[0.25396801],4.836510022166325,2.5761677455915346
18,[4.64145436],1.545465832202133,0.42841988359445526
19,[3.89975071],1.488863428533532,0.7212423890784261
20,[3.47237254],5.245543280266949,0.2938642222706602
21,[4.76719334],4.421056531735232,1.9370575797071479
22,[4.6597114],2.6100218143261813,2.493104432550988
23,[1.03699769],4.6018063301540995,2.2408020175853096
24,[1.11678491],7.341929004537479,2.355587632227598
25,[4.98759182],1.9159450255381345,0.5268963372592852
26,[2.46031652],3.483009536332547,0.8174831798862012
27,[1.12887437],5.850868140119514,2.957467156924342
28,[4.93858081],1.222176093076778,1.0388300998565834
29,[3.78295371],5.245543280266949,0.6044453840823323
30,[2.91291495],3.301970164103461,0.2655933676248128
31,[2.83013576],6.553756135249633,0.06269321739175693
32,[1.85921687],4.578736359849316,0.3073900950738051
33,[2.26481781],6.9990445691274275,1.0415107859677515
34,[4.08634153],1.6239425622390897,0.20011348554224861
35,[0.51003263],4.663163438416652,2.3627103650993595
36,[4.58578232],0.895322586103347,0.1250868374760854
37,[0.21935594],6.834143578756186,4.241339550546714
38,[2.87274299],4.163601274062932,0.7061360313339549
39,[0.90249493],4.349193595141768,1.8709988185120412
40,[3.17850832],5.363088969175213,0.09929138168867402
41,[4.47071723],1.0321923936144834,0.010021745117239966
42,[3.2777997],5.725602833653738,0.3648847493134868
43,[1.27112435],4.741284500563818,2.1039617722847206
44,[2.9828951],4.288513583661551,0.7180772833087548
45,[4.59938588],1.837642555424497,1.5186841674385843
46,[3.87270538],3.0865309131777954,0.6941970550926766
47,[1.45497272],4.294891772046852,0.8098450885796695
48,[3.43414888],4.519454124870105,0.5827095008261423
49,[2.16660696],7.1357601758032585,0.3073900950738051
