,0,1,2
0,[17.72735076],16.651666544731892,15.86813388677787
1,[15.85932658],11.037628313832126,12.946411620652134
2,[19.26465905],17.183862261326844,16.517191135059946
3,[15.90111705],10.109524810890063,12.988202099458533
4,[17.94350025],16.256997706687798,16.58421573463277
5,[0.6038745],4.2086964428456035,2.1696192487932264
6,[2.77349375],4.204753045848784,0.6853900569468623
7,[0.41013089],4.191462444648568,1.7564760732726774
8,[4.96352587],0.31817027970958484,0.492808641170253
9,[1.26359631],4.204753045848784,1.5098974452795804
10,[2.66480007],5.7740555729048415,0.7693488093838865
11,[4.46069549],0.9586265050308503,0.1250868374760854
12,[1.21046813],4.211957805132307,0.9561388350027349
13,[2.0881037],4.293601458636976,0.713711059425707
14,[4.33972742],0.9363957137844012,1.0619277153693067
15,[1.43165121],4.549332883682615,1.5939744530283122
16,[0.68849832],4.578736359849316,2.1416374387969848
17,[0.25396801],5.392957520102602,4.0857594075218175
18,[4.64145436],1.06155218106966,0.24124290475107024
19,[3.89975071],3.5184775923734835,0.8190490017274614
20,[3.47237254],5.245543280266949,0.4894774475687309
21,[4.76719334],4.396862918083915,1.3330444601129936
22,[4.6597114],2.0775947487072695,2.3948935824875806
23,[1.03699769],4.601806330154099,2.1415106358966356
24,[1.11678491],7.341929004537479,2.355587632227598
25,[4.98759182],1.0656727664053438,0.5268963372592852
26,[2.46031652],5.886783929545089,0.7181917981975272
27,[1.12887437],2.619234863090953,2.343498171567202
28,[4.93858081],3.607966682357655,1.4662082666643492
29,[3.78295371],2.960110558659115,0.6044453840823323
30,[2.91291495],0.5825811443871297,0.3648847493134868
31,[2.83013576],6.163870584760511,0.08277919724748939
32,[1.85921687],4.578736359849316,0.6055920721096082
33,[2.26481781],6.990686473366145,0.7180772833087548
34,[4.08634153],0.6049158612054891,0.30338782354546767
35,[0.51003263],4.900285190729688,2.2634611226056465
36,[4.58578232],0.972197726664149,0.1250868374760854
37,[0.21935594],5.213032913357045,3.5600011001813745
38,[2.87274299],4.212074957457759,0.17296864352387198
39,[0.90249493],4.050972987148514,1.8709988185120412
40,[3.17850832],3.050630244773658,0.19561322529807068
41,[4.47071723],0.2611014392587839,0.010021745117239966
42,[3.2777997],2.9764096878565405,0.3648847493134868
43,[1.27112435],1.4638227756364812,2.1630245250269056
44,[2.9828951],4.3154579704989455,0.8947914014787828
45,[4.59938588],1.0593559436832782,0.513044347161749
46,[3.87270538],0.872806662373085,0.6941970550926766
47,[1.45497272],4.069276185952527,1.0925040604469314
48,[3.43414888],4.272824352463221,0.5614058820581302
49,[2.16660696],7.215509363055287,0.6068867888402418
