,0,1,2
0,[17.72735076],13.446307935785352,14.744455658331901
1,[15.85932658],11.651322617934209,11.674958559590827
2,[19.26465905],13.906952010615829,16.086150725292775
3,[15.90111705],11.706882747826626,12.42874450956306
4,[17.94350025],15.025412458783222,14.7153462376404
5,[15.6038745],9.37792315871836,10.836681166541936
6,[17.77349375],13.018679634119048,13.17410787538046
7,[15.41013089],9.11082080240096,10.696678523699289
8,[19.96352587],11.516578245695836,15.492808641170253
9,[16.26359631],12.088086647974482,13.2807012101885
10,[17.66480007],7.3803958267500125,13.578458537710166
11,[19.46069549],14.837822155866368,15.988322943043912
12,[16.21046813],14.25164175938605,11.611082251537482
13,[17.0881037],11.433478056395094,12.488717818433596
14,[19.33972742],11.442049515438905,16.16121909705798
15,[1.43165121],10.518224774866113,3.335542131531297
16,[0.68849832],2.098559577800086,2.1416374387969848
17,[0.25396801],5.3256671544138126,3.528985694546169
18,[4.64145436],4.183419070941301,1.2663682339576785
19,[3.89975071],4.528376120810369,0.9868357567032389
20,[3.47237254],3.3816184139904744,1.2948207925641855
21,[4.76719334],7.152988808685182,10.836681166541936
22,[4.6597114],2.6842531758664414,0.27886941505425433
23,[1.03699769],4.590196436085526,2.3971511906184877
24,[1.11678491],8.660980746798996,1.7760440624763927
25,[4.98759182],4.6204639882042935,0.2203984877390095
26,[2.46031652],3.5489449634608485,0.4525984305727144
27,[1.12887437],4.339252394810309,2.049633949296542
28,[4.93858081],3.358542163106641,0.2251284445772086
29,[3.78295371],5.503609551307376,0.8767576897984228
30,[2.91291495],3.396901723963952,0.2655933676248128
31,[2.83013576],4.210127534919332,1.0425696199649788
32,[1.85921687],1.257507818835546,1.3192914537440381
33,[2.26481781],7.753024633614894,1.5181358926891577
34,[4.08634153],4.599230533573986,0.18659081854937387
35,[0.51003263],4.956952183690038,3.27292107651797
36,[4.58578232],4.931988859266951,1.6929533502712006
37,[0.21935594],9.607499523238843,3.6803947743105705
38,[2.87274299],10.611963097679348,1.0270077164147042
39,[0.90249493],12.0775741131127,3.5682222987738426
40,[3.17850832],4.097986984563209,0.6941970550926766
41,[4.47071723],1.8049493517754773,0.7981782717501416
42,[3.2777997],4.7952649019668225,0.09929138168867402
43,[1.27112435],10.529676061219194,1.7745872864926475
44,[2.9828951],4.788804540428226,1.5731906984826485
45,[4.59938588],6.64149104014933,1.1270133325188887
46,[3.87270538],4.743683971828573,0.9597904227174894
47,[1.45497272],16.750395337509588,13.955158165243585
48,[3.43414888],1.326900163211043,0.465601834356574
49,[2.16660696],4.271389219509784,0.7061360313339549
