,0,1,2
0,[17.72735076],12.650963379202588,14.646649045682866
1,[15.85932658],10.762357960167758,11.259940698237772
2,[19.26465905],16.290675621287054,16.086150725292775
3,[15.90111705],11.576954695033,11.133923716998876
4,[17.94350025],12.7217725197545,13.472783018052926
5,[15.6038745],9.14045538839634,10.665293692441773
6,[17.77349375],13.000406971207784,13.12291087526096
7,[15.41013089],9.024209220404526,10.47155007912208
8,[19.96352587],19.17401056983835,17.09078287893834
9,[16.26359631],14.24608558127161,13.803279783087955
10,[17.66480007],13.882002820833577,14.792057072674243
11,[19.46069549],15.31871915681486,16.58795249265085
12,[16.21046813],11.614592255742982,11.550756732446276
13,[17.0881037],10.366587464537368,12.149522884288135
14,[19.33972742],14.117999688327739,15.672777625157842
15,[1.43165121],10.552226074529056,3.3373321385587307
16,[0.68849832],4.846729706767393,2.2244166360444737
17,[0.25396801],9.165873988527187,2.9545539751757275
18,[4.64145436],4.533130948405359,1.3636546542486716
19,[3.89975071],7.858953226427443,1.0270077164147042
20,[3.47237254],10.405827983408535,1.4662082666643492
21,[4.76719334],7.0010334393288005,0.2203984877390095
22,[4.6597114],7.065522603901255,0.3278804286931001
23,[1.03699769],10.867948889889204,3.7319856577589148
24,[1.11678491],10.994856696034212,2.782965799035364
25,[4.98759182],6.934370432424015,0.049011013638845746
26,[2.46031652],3.608236985593828,0.4525984305727144
27,[1.12887437],4.890188724686825,1.784040581671729
28,[4.93858081],9.232861370077057,0.17138747410016375
29,[3.78295371],7.788425143930811,1.204638118491523
30,[2.91291495],3.66697889768837,0.4525984305727144
31,[2.83013576],12.34795691851066,12.579995132929392
32,[1.85921687],3.8486768478124334,1.0536980861192253
33,[2.26481781],7.759939064590375,1.6349328976852515
34,[4.08634153],10.505871190064557,1.213598534964078
35,[0.51003263],9.163767211653425,3.3897180815140637
36,[4.58578232],4.835549351728499,2.1254658009881826
37,[0.21935594],11.712799876254376,3.6803947743105705
38,[2.87274299],7.858953226427443,0.33577899204816886
39,[0.90249493],8.647052450829744,2.3060270530539233
40,[3.17850832],3.8396999422811597,0.2655933676248128
41,[4.47071723],4.4846943745408785,1.29220891043181
42,[3.2777997],12.48322083872186,1.381911692192081
43,[1.27112435],4.26410367340316,1.641790602680241
44,[2.9828951],9.835552902630376,1.6676877802071206
45,[4.59938588],9.285132205934657,0.3939091991867141
46,[3.87270538],4.141414752889909,1.4123888532902038
47,[1.45497272],10.859581570926036,2.444777986264921
48,[3.43414888],7.152733256550519,0.03822366754880813
49,[2.16660696],3.66697889768837,0.7463079910454202
