,0,1,2
0,[17.72735076],15.876014528096505,14.744455658331901
1,[15.85932658],10.471026110165251,11.273544250236665
2,[19.26465905],14.224689013582799,15.792286503022115
3,[15.90111705],10.46232146328197,12.001366342755293
4,[17.94350025],15.432220100306376,14.665700546796064
5,[15.6038745],7.13010174508247,11.133157270944974
6,[17.77349375],9.454644814459593,13.113782356289255
7,[15.41013089],5.741657327590971,10.642937553222243
8,[19.96352587],11.529154306668229,15.196332536767219
9,[16.26359631],11.42433101363396,12.829447430168576
10,[17.66480007],10.503383153915049,14.792057072674243
11,[19.46069549],13.361216752086687,14.874913162523917
12,[16.21046813],12.280244560761904,11.73975089589522
13,[17.0881037],6.137979971321059,13.188352984144718
14,[19.33972742],11.742603757355237,16.509591661930283
15,[1.43165121],9.880113545043667,3.209803152633797
16,[0.68849832],2.7843562866124953,2.490010003669287
17,[0.25396801],5.212320019794296,3.528985694546169
18,[4.64145436],1.397935063456281,1.3636546542486716
19,[3.89975071],4.07673868726726,0.465601834356574
20,[3.47237254],0.9496853040438065,1.2948207925641855
21,[4.76719334],5.442460033981538,0.2203984877390095
22,[4.6597114],2.5891708705517074,0.10748194095409058
23,[1.03699769],7.448836811747922,2.8627530249750617
24,[1.11678491],1.2736410008859989,1.7559580826206598
25,[4.98759182],4.42541956762675,0.2203984877390095
26,[2.46031652],6.747463120362404,0.8174831798862012
27,[1.12887437],10.518360947659904,2.049633949296542
28,[4.93858081],3.299093653015253,0.27886941505425433
29,[3.78295371],2.520511640109026,0.31058116181167206
30,[2.91291495],3.532746953752914,0.5212339223466649
31,[2.83013576],4.634602507494781,0.9528179489546345
32,[1.85921687],3.9042399965773895,1.4185828354327121
33,[2.26481781],4.636930316209262,1.5181358926891577
34,[4.08634153],1.8018443801526054,0.38437570280401
35,[0.51003263],1.509419498923817,2.472862467137567
36,[4.58578232],7.341167182864126,1.5601566664587945
37,[0.21935594],2.8120912141026126,3.2147929399539965
38,[2.87274299],10.443326104618396,1.0270077164147042
39,[0.90249493],9.542132464559876,3.5682222987738426
40,[3.17850832],6.433469292621214,1.4072740027906554
41,[4.47071723],3.9495645377530684,1.5578022780566227
42,[3.2777997],4.290872855478401,0.5949056734040026
43,[1.27112435],16.566542093703216,3.4960689851398996
44,[2.9828951],6.384874426564995,1.5731906984826485
45,[4.59938588],3.0839605908475236,1.726642882125827
46,[3.87270538],4.010487833418752,0.6941970550926766
47,[1.45497272],10.449939365817789,2.631368804814295
48,[3.43414888],8.664604179207275,1.1652370000676968
49,[2.16660696],1.3680258678657942,0.2937095604727058
