,0,1,2
0,[17.72735076],16.312863463363108,14.854607760370108
1,[15.85932658],7.799084091977278,11.217872217089976
2,[19.26465905],14.224689013582799,15.811398336796518
3,[15.90111705],7.738144139905119,11.259662695896374
4,[17.94350025],13.10498414128499,14.665700546796064
5,[15.6038745],9.280185643917738,10.944163107496028
6,[17.77349375],12.081929092143028,13.17410787538046
7,[15.41013089],5.7891850147423485,10.47155007912208
8,[19.96352587],7.915433693195624,15.196332536767219
9,[16.26359631],10.894153360305758,12.829447430168576
10,[17.66480007],10.330819773813671,14.792057072674243
11,[19.46069549],10.816695005719943,14.819241129377225
12,[16.21046813],12.280244560761904,11.611082251537482
13,[17.0881037],11.4259025813522,13.188352984144718
14,[19.33972742],11.462906846990407,16.509591661930283
15,[1.43165121],9.880113545043667,2.561394915049564
16,[0.68849832],5.7174963959717084,2.490010003669287
17,[0.25396801],8.627301940927257,3.528985694546169
18,[4.64145436],7.843108704984358,0.768748980844669
19,[3.89975071],6.278936690490564,0.465601834356574
20,[3.47237254],3.2671188983375385,1.2948207925641855
21,[4.76719334],4.842247485901068,0.2203984877390095
22,[4.6597114],2.6279195932156454,0.5733698662529552
23,[1.03699769],7.448836811747922,2.3971511906184877
24,[1.11678491],1.3867045896329036,1.7133508450846358
25,[4.98759182],5.12463336465473,0.2203984877390095
26,[2.46031652],6.559880797884555,0.5225785728994565
27,[1.12887437],8.517216139217627,2.049633949296542
28,[4.93858081],3.0541488275739246,0.4678635785031995
29,[3.78295371],2.520511640109026,0.11041474540066387
30,[2.91291495],3.798322957515551,0.5212339223466649
31,[2.83013576],9.944218742175035,0.9528179489546345
32,[1.85921687],1.3857478225157316,1.4185828354327121
33,[2.26481781],7.370496843256172,1.2075547308774857
34,[4.08634153],3.8074613956392804,0.18659081854937387
35,[0.51003263],5.20913185886386,2.3627103650993595
36,[4.58578232],9.25326816688607,0.8028286187083231
37,[0.21935594],2.0456165104842854,3.3891953546342366
38,[2.87274299],7.937105737114544,0.9999623824289547
39,[0.90249493],11.734639713139618,3.683287391132688
40,[3.17850832],6.45311949201573,0.6941970550926766
41,[4.47071723],4.512607973339639,0.9983446881611497
42,[3.2777997],6.5697547016869375,0.15634917303317808
43,[1.27112435],11.723281743903604,3.388587044185809
44,[2.9828951],4.092309241235023,0.9168556143764968
45,[4.59938588],4.883060558266938,1.726642882125827
46,[3.87270538],4.150641278957098,0.8898102803907473
47,[1.45497272],7.031782790030121,3.015744507618305
48,[3.43414888],10.580370343750626,1.1652370000676968
49,[2.16660696],3.9774593263205853,0.7061360313339549
