,0,1,2
0,[17.72735076],16.312863463363108,14.87591137913812
1,[15.85932658],5.291606512898604,11.092133238192474
2,[19.26465905],14.224689013582799,15.792286503022115
3,[15.90111705],7.738144139905119,11.259662695896374
4,[17.94350025],12.587123864213396,14.960605153782808
5,[15.6038745],9.25868925572692,11.133157270944974
6,[17.77349375],11.68059402174428,13.68715222254221
7,[15.41013089],5.7891850147423485,10.642937553222243
8,[19.96352587],8.541285551341812,15.196332536767219
9,[16.26359631],10.894153360305758,12.791223762619769
10,[17.66480007],10.330819773813671,14.792057072674243
11,[19.46069549],10.816695005719943,14.874913162523917
12,[16.21046813],10.042987354490494,11.73975089589522
13,[17.0881037],13.891117541289821,13.188352984144718
14,[19.33972742],11.462906846990407,16.509591661930283
15,[1.43165121],6.504231365992565,2.6546903243242514
16,[0.68849832],2.5621177385407146,2.490010003669287
17,[0.25396801],4.985131331656353,3.528985694546169
18,[4.64145436],7.843108704984358,0.5551128283095457
19,[3.89975071],6.278936690490564,0.465601834356574
20,[3.47237254],5.595523800645017,1.2948207925641855
21,[4.76719334],6.9880873310186375,10.642937553222243
22,[4.6597114],2.6279195932156454,0.5733698662529552
23,[1.03699769],7.448836811747922,2.3971511906184877
24,[1.11678491],1.3493035594769422,1.7133508450846358
25,[4.98759182],5.12463336465473,0.3278804286931001
26,[2.46031652],6.559880797884555,0.5225785728994565
27,[1.12887437],8.282270621591776,1.9168372654841357
28,[4.93858081],3.0541488275739246,0.4678635785031995
29,[3.78295371],2.380170895712638,0.08975167101034431
30,[2.91291495],3.798322957515551,0.5212339223466649
31,[2.83013576],9.944218742175035,0.9528179489546345
32,[1.85921687],1.3857478225157316,1.4185828354327121
33,[2.26481781],9.706059639676127,1.2075547308774857
34,[4.08634153],4.3253216727108725,0.18659081854937387
35,[0.51003263],5.20913185886386,2.3627103650993595
36,[4.58578232],11.052142210415187,0.7579527832031507
37,[0.21935594],2.0456165104842854,3.2147929399539965
38,[2.87274299],7.937105737114544,1.0270077164147042
39,[0.90249493],10.96047833063346,3.376034447371838
40,[3.17850832],6.453119492015732,0.6941970550926766
41,[4.47071723],4.512607973339639,0.9983446881611497
42,[3.2777997],6.170875559296148,0.15634917303317808
43,[1.27112435],11.723281743903602,3.4423280146628548
44,[2.9828951],4.092309241235023,0.8898102803907473
45,[4.59938588],2.6183643945937582,1.1652370000676968
46,[3.87270538],4.150641278957098,0.8898102803907473
47,[1.45497272],7.031782790030121,3.015744507618305
48,[3.43414888],7.945548768674534,1.1652370000676968
49,[2.16660696],3.9774593263205853,0.7463079910454202
