,0,1,2
0,[0.7167737],0.5128339552827725,0.27406970360179816
1,[0.36690049],0.4705004215096887,0.10236678486342365
2,[0.5040094],0.35042327633073606,0.07573897084170522
3,[0.51215556],0.35531097327652084,0.08388513241801321
4,[0.99762843],0.7483581540037552,0.5797226971980906
5,[0.25026675],0.5201587352747421,0.23176013445349575
6,[0.46926728],0.40835971507798935,0.02656328182315537
7,[0.27696986],0.49345562266981735,0.2050570218485711
8,[0.49097798],0.3300946751028662,0.08510183404756
9,[0.41790573],0.4599115800918122,0.0774034623221006
10,[0.87393988],0.6246696033485772,0.4560341465429125
11,[0.25002873],0.5873721799434868,0.2192385432972218
12,[0.54283092],0.43492654373576994,0.12492518178021139
13,[0.93044107],0.8185286410883252,0.6318824949751869
14,[0.9308054],0.7160298438995577,0.502534970687664
15,[0.00638322],0.8332751190768188,0.4270514604632259
16,[0.21263253],0.5577929483999403,0.2693943475786942
17,[0.94001659],0.7360768514328557,0.49731259975188147
18,[0.77684824],0.5729085021223864,0.33414425044141216
19,[0.35765615],0.4823918563628838,0.1376530453651751
20,[0.61633381],0.3854439874971236,0.21045766529033105
21,[0.88239278],0.6515029652478337,0.47651664304104113
22,[0.83442024],0.6035304208232785,0.4285440986164859
23,[0.69932],0.46843017565941264,0.29344385345262014
24,[0.93205208],0.7281123357590978,0.4893480840781236
25,[0.33813862],0.5146415470542884,0.055716017085836234
26,[0.4953092],0.444430887627392,0.0774034623221006
27,[0.85210515],0.7401927170305529,0.5535465709174145
28,[0.47307579],0.33367511285797746,0.05824855088422576
29,[0.9000854],0.7881729691436966,0.6015268230305583
30,[0.94890063],0.6996303532248762,0.5309948964192115
31,[0.09448612],0.7451722198801196,0.33894856126652667
32,[0.6122689],0.3813790769373405,0.20639275473054797
33,[0.60428488],0.492372448893372,0.3057263027802337
34,[0.14356443],0.6960939067148473,0.28987024810125445
35,[0.22045272],0.6169481934507468,0.24881455680448172
36,[0.27773604],0.49268944460908787,0.20429084378784157
37,[0.26104789],0.3911818078680295,0.22462299839294175
38,[0.38503048],0.46648663094268467,0.11027871657646338
39,[0.72837329],0.5135977396910895,0.3001028664791958
40,[0.56291325],0.3857655862367517,0.13464282068506472
41,[0.20609409],0.6335642457043817,0.22734058709078891
42,[0.38316056],0.3225339858098434,0.10251032707153329
43,[0.71515731],0.4658870373000661,0.2972515804944015
44,[0.44270399],0.4147927016787227,0.02656328182315537
45,[0.40719807],0.4360962545931919,0.06206920334727073
46,[0.18238972],0.5880357584618174,0.2996371576405712
47,[0.1141614],0.7232395177303215,0.3551058810840564
48,[0.05069852],0.764992912517545,0.4446106743526801
49,[0.52873074],0.4326330467281304,0.2301721638779567
50,[0.3386765],0.43174898575303206,0.14335038493178576
51,[0.10903429],0.7306240500409504,0.3244003914273576
52,[0.82131395],0.617374206154861,0.3786099544738867
53,[0.16072395],0.4915057415478864,0.3249469320727987
54,[0.52690098],0.3641582264479103,0.09863055437032897
55,[0.17463135],0.477598349333116,0.31103953985802835
56,[0.46733237],0.33936834894640205,0.020723436675486595
57,[0.81966058],0.5887707642114551,0.4137844420046626
58,[0.25897853],0.5806798054057134,0.17445614679212046
59,[0.91137519],0.7994627652611717,0.6128166191480333
60,[0.38920848],0.3237435697207116,0.09646240751719182
61,[0.06815537],0.7692455381177297,0.4011119014714647
62,[0.65106111],0.4480803375098049,0.20835711081084662
63,[0.23219023],0.5382352486327864,0.24983664781154002
64,[0.40065945],0.46336083737822015,0.09464974875414034
65,[0.05230679],0.7633846487552323,0.4430024105903674
66,[0.09431402],0.5579156754040822,0.39135686592899455
