,0,1,2
0,[0.7167737],0.44751599820316124,0.3080300296301093
1,[0.36690049],0.4705004215096887,0.10236678486342365
2,[0.5040094],0.2611166525063605,0.061390342587647195
3,[0.51215556],0.32892179631268786,0.08388513241801321
4,[0.99762843],0.7483581540037552,0.5797226971980906
5,[0.25026675],0.50703831302979,0.23176013445349575
6,[0.46926728],0.3873549597086113,0.04431624258521305
7,[0.27696986],0.27467850537462624,0.19610592746079303
8,[0.49097798],0.2743720341503344,0.0837799029728642
9,[0.41790573],0.4923952099524067,0.0774034623221006
10,[0.31028635],0.41765358300059735,0.11543748598757148
11,[0.87393988],0.7154483815106021,0.4646572897589324
12,[0.25002873],0.4467034488015232,0.2621268254458978
13,[0.54283092],0.48971545566889585,0.12492518178021139
14,[0.93044107],0.6662436099361962,0.547280512083287
15,[0.9308054],0.8242704712700621,0.5236073237655975
16,[0.00638322],0.5637239377681158,0.5140599303097523
17,[0.21263253],0.32614836595872465,0.2604432531909161
18,[0.40874367],0.35047998189954344,0.007212567773107137
19,[0.94001659],0.8081803059974387,0.49731259975188147
20,[0.77684824],0.5724126423788237,0.33414425044141216
21,[0.35765615],0.5163531483779911,0.08504784304536639
22,[0.61633381],0.24629391300840603,0.21567435912585153
23,[0.88239278],0.459141095208974,0.4817333368765616
24,[0.83442024],0.6550260939659193,0.4354441672870343
25,[0.69932],0.43751700937707244,0.29212192237792434
26,[0.93205208],0.7281123357590978,0.4893480840781236
27,[0.33813862],0.3761492927665427,0.1823045301677907
28,[0.4953092],0.3907604940985223,0.08275729308301233
29,[0.85210515],0.6035748706899783,0.46894458802551464
30,[0.47307579],0.24466794878449277,0.07241633910752432
31,[0.9000854],0.6830909220364324,0.5619467797951302
32,[0.94890063],0.7097051269685195,0.5363487271801233
33,[0.09448612],0.6655340626172537,0.3911847676732675
34,[0.6122689],0.24466794878449277,0.21160944856606845
35,[0.60428488],0.5417030917556666,0.21925439808023905
36,[0.14356443],0.4539789678785387,0.37687871794778083
37,[0.22045272],0.45853385420442716,0.29170283895315774
38,[0.27773604],0.2743720341503344,0.1953397494000635
39,[0.26104789],0.4063760898894248,0.19397029719518005
40,[0.38503048],0.39076049409852237,0.09509214589260678
41,[0.72837329],0.4795890088776117,0.3001028664791958
42,[0.56291325],0.34722097224230686,0.13464282068506472
43,[0.20609409],0.5762476832766633,0.27957679349752973
44,[0.38316056],0.45869322245767263,0.08991522873794211
45,[0.71515731],0.5690733747405348,0.3064136465204207
46,[0.44270399],0.40621131758467294,0.033960326028311116
47,[0.40719807],0.43701032238642784,0.06206920334727073
48,[0.18238972],0.38086257801722245,0.2906860632527931
49,[0.1141614],0.7976070866271797,0.35701013650907504
50,[0.05069852],0.5251365827139342,0.4294241036688235
51,[0.52873074],0.3860071947143512,0.19059212064252862
52,[0.3386765],0.436310513412422,0.14335038493178576
53,[0.10903429],0.7766511224797685,0.316689543813159
54,[0.82131395],0.531148198900832,0.4125702805021978
55,[0.16072395],0.48663523683331034,0.294294230875037
56,[0.52690098],0.27027328591781,0.08428192611627094
57,[0.17463135],0.6255165926868687,0.29844444152443717
58,[0.55203444],0.3353925002359862,0.1530583666782419
59,[0.46733237],0.2753559653641229,0.006374808421428568
60,[0.81966058],0.6276339628921783,0.3770415295979752
61,[0.25897853],0.6363013867294425,0.2140972548652701
62,[0.91137519],0.8093128475453716,0.5330840791279374
63,[0.38920848],0.35511185353912483,0.06580970631943012
64,[0.06815537],0.5803717299380134,0.4440001836201407
65,[0.65106111],0.4717829306743713,0.20835711081084662
66,[0.23219023],0.34102217015399755,0.24088555342376194
67,[0.40065945],0.5260011117571529,0.08353304393083233
68,[0.05230679],0.523849971704084,0.4278158399065108
69,[0.09431402],0.5737706489963268,0.39135686592899455
