,0,1,2
0,[0.7167737],0.28679054613439126,0.3088028273780114
1,[0.36690049],0.31622855296139735,0.10617529571346096
2,[0.5040094],0.4003882771178575,0.0861036623978153
3,[0.51215556],0.30867359272275385,0.1034118900001425
4,[0.99762843],0.6721744202496867,0.5888847632241098
5,[0.25026675],0.3773173929157986,0.22090478464069901
6,[0.46926728],0.3939196746418907,0.0038085108500373055
7,[0.27696986],0.400649548641231,0.2140081162363492
8,[0.49097798],0.27222453554016174,0.07307224145104074
9,[0.41790573],0.36502000758996317,0.05136154182544728
10,[0.31028635],0.25078193883433036,0.18069163045047587
11,[0.87393988],0.582663914956312,0.466741808064736
12,[0.25002873],0.3656716599712553,0.22304705414725912
13,[0.54283092],0.4090899878581455,0.1340872478062306
14,[0.93044107],0.684342927874722,0.5265123099977611
15,[0.9308054],0.4720623115577114,0.5174806952567836
16,[0.00638322],0.4857124237180185,0.4845947573119317
17,[0.21263253],0.3250591383563028,0.2566347423408788
18,[0.40874367],0.19714721764827015,0.033960326028311116
19,[0.94001659],0.5894280014000841,0.47268422013383715
20,[0.77684824],0.41633844539140397,0.35894251044370407
21,[0.35765615],0.35339126769447315,0.11541963571855907
22,[0.61633381],0.3425245349909225,0.1984280726938118
23,[0.88239278],0.5293158794983769,0.4736491164705411
24,[0.83442024],0.3861191186805595,0.4272221675417901
25,[0.69932],0.3497799872188973,0.2814142608561009
26,[0.93205208],0.6846559665179932,0.5141463440804155
27,[0.33813862],0.3180683937168576,0.15717057804102996
28,[0.4953092],0.32221549948383665,0.08656552834811981
29,[0.85210515],0.7318141790531097,0.44490707348488057
30,[0.47307579],0.19670547338608552,0.05517005267548458
31,[0.9000854],0.6981578825399479,0.49942595050824057
32,[0.94890063],0.6302660869900693,0.5409297601931329
33,[0.09448612],0.6659570195444425,0.39649185811523247
34,[0.6122689],0.23785396403004677,0.18654506514589236
35,[0.60428488],0.4841398816717596,0.20035611780280788
36,[0.14356443],0.503614358132227,0.34741354494996024
37,[0.22045272],0.47667914520518045,0.2705252564300752
38,[0.27773604],0.43768673956697723,0.19153123855002618
39,[0.26104789],0.36223969924330035,0.22993008883490673
40,[0.38503048],0.3032959381535776,0.0861410515048287
41,[0.72837329],0.4071104377650096,0.3104675580353059
42,[0.56291325],0.27138739962727065,0.15416957826719402
43,[0.20609409],0.3906080816779191,0.26698169516393855
44,[0.38316056],0.20895811241377374,0.0861067178879048
45,[0.71515731],0.2828759417739492,0.2972515804944015
46,[0.44270399],0.20092555378805024,0.033960326028311116
47,[0.40719807],0.39176855061930776,0.0837799029728642
48,[0.18238972],0.34982217924937237,0.2868775524027558
49,[0.1141614],0.2228609107945244,0.3789821911451798
50,[0.05069852],0.49441534714053026,0.42237726470606407
51,[0.52873074],0.34643375251661707,0.11082500492359926
52,[0.3386765],0.42474546971890204,0.15230147931956384
53,[0.10903429],0.5281841956550879,0.3729925938882853
54,[0.82131395],0.47972383934866725,0.4125702805021978
55,[0.16072395],0.42724695689077236,0.3123518337392075
56,[0.52690098],0.27452796763679715,0.12297221990337065
57,[0.17463135],0.46832058102499924,0.3163466302999933
58,[0.55203444],0.3489325081389289,0.14810567938810587
59,[0.46733237],0.2672885185963107,0.005743413055148361
60,[0.81966058],0.5087874470063327,0.41091691543416253
61,[0.25897853],0.4847535796262921,0.2140972548652701
62,[0.91137519],0.7016388414302591,0.5041771217154993
63,[0.38920848],0.45085928548101073,0.0790913472310078
64,[0.06815537],0.5234734388907339,0.42282260109705816
65,[0.65106111],0.44350824221517343,0.22075624081199258
66,[0.23219023],0.23600704184115573,0.23514214036861358
67,[0.40065945],0.4430075800885619,0.09031852788308048
68,[0.05230679],0.5738445215865327,0.4386711897193075
69,[0.09431402],0.3044332525089799,0.37876176759540336
