,0,1,2
0,[0.7167737],0.28679054613439126,0.3095756251259135
1,[0.36690049],0.29182976223738183,0.10427104028844231
2,[0.5040094],0.2667187483457124,0.0861036623978153
3,[0.51215556],0.28906070278803364,0.1034118900001425
4,[0.99762843],0.6721744202496868,0.5888847632241098
5,[0.25026675],0.42798494561083694,0.21900052921568036
6,[0.46926728],0.33102535673189826,0.0038085108500373055
7,[0.27696986],0.3971125674526129,0.2050570218485711
8,[0.49097798],0.27222453554016174,0.07307224145104074
9,[0.41790573],0.24811447220933255,0.05136154182544728
10,[0.31028635],0.2968090112731484,0.18069163045047587
11,[0.87393988],0.5161398288974126,0.466741808064736
12,[0.25002873],0.5415401183623872,0.22304705414725912
13,[0.54283092],0.2850983411789418,0.1340872478062306
14,[0.93044107],0.6905563108047154,0.5232429975426529
15,[0.9308054],0.4626600861393276,0.5220617282697932
16,[0.00638322],0.6351902823373956,0.46669256853637553
17,[0.21263253],0.3467051761628882,0.2566347423408788
18,[0.40874367],0.16053265973058595,0.05858870564635543
19,[0.94001659],0.5893204258300029,0.47268422013383715
20,[0.77684824],0.25561515954272496,0.35894251044370407
21,[0.35765615],0.38860981586273036,0.11541963571855907
22,[0.61633381],0.3425245349909225,0.1984280726938118
23,[0.88239278],0.5751739581988371,0.4736491164705411
24,[0.83442024],0.629510125031174,0.4272221675417901
25,[0.69932],0.36820222809225084,0.2859952938691105
26,[0.93205208],0.5612373036472638,0.5141463440804155
27,[0.33813862],0.39841045993630353,0.15717057804102996
28,[0.4953092],0.35844491129778033,0.08656552834811981
29,[0.85210515],0.5452513622901987,0.44413427573697845
30,[0.47307579],0.20119724598461747,0.05517005267548458
31,[0.9000854],0.6279032959763846,0.49942595050824057
32,[0.94890063],0.6788641665808075,0.5401569624452307
33,[0.09448612],0.6659570195444425,0.39649185811523247
34,[0.6122689],0.3094414118229425,0.20352522816004792
35,[0.60428488],0.4276752637963382,0.19708680534769973
36,[0.14356443],0.6007964300891967,0.3295113561744041
37,[0.22045272],0.4508311358029668,0.2705252564300752
38,[0.27773604],0.4376867395669771,0.19343549397504484
39,[0.26104789],0.40478551068387586,0.22993008883490673
40,[0.38503048],0.21625813966214932,0.08804530692984736
41,[0.72837329],0.4469764798767707,0.3150485910483155
42,[0.56291325],0.23152135751550965,0.15416957826719402
43,[0.20609409],0.46861072531732006,0.26698169516393855
44,[0.38316056],0.3075117564803748,0.0861067178879048
45,[0.71515731],0.30618881801353304,0.2972515804944015
46,[0.44270399],0.20455155154477295,0.033960326028311116
47,[0.40719807],0.4162276759110344,0.07482880858508612
48,[0.18238972],0.44273003172745423,0.28878180782777446
49,[0.1141614],0.3882146146882962,0.3811478015807097
50,[0.05069852],0.5465143797054014,0.42237726470606407
51,[0.52873074],0.37661767404854524,0.11082500492359926
52,[0.3386765],0.3598060068053258,0.1566327001906237
53,[0.10903429],0.39445250537473886,0.36404149950050724
54,[0.82131395],0.48907586263939284,0.4125702805021978
55,[0.16072395],0.26952699393872387,0.3123518337392075
56,[0.52690098],0.25657527411829306,0.12297221990337065
57,[0.17463135],0.4619352555132371,0.3163466302999933
58,[0.55203444],0.357055654687456,0.14810567938810587
59,[0.46733237],0.2842474429579541,0.005743413055148361
60,[0.81966058],0.5380770013945443,0.41091691543416253
61,[0.25897853],0.4847535796262921,0.2140972548652701
62,[0.91137519],0.6443648993503104,0.5026315262196951
63,[0.38920848],0.365500085511819,0.08005879833356333
64,[0.06815537],0.5731634850070415,0.42282260109705816
65,[0.65106111],0.37632534201815393,0.23315537081313853
66,[0.23219023],0.37174162431359103,0.23801384689618776
67,[0.40065945],0.4579997300638217,0.09031852788308048
68,[0.05230679],0.32601928122242557,0.4386711897193075
69,[0.09431402],0.5943094735368072,0.4009951772420194
