,0,1,2
0,[0.7167737],0.31125545801825416,0.31284493758102166
1,[0.36690049],0.29182976223738183,0.10236678486342365
2,[0.5040094],0.2667187483457124,0.0861036623978153
3,[0.51215556],0.28906070278803364,0.09424982397412329
4,[0.99762843],0.6044724291451941,0.5888847632241098
5,[0.25026675],0.48954910337314583,0.22280904006571767
6,[0.46926728],0.4423067248215228,0.021710699625593466
7,[0.27696986],0.3579092096862385,0.19610592746079303
8,[0.49097798],0.2926922383528906,0.07307224145104074
9,[0.41790573],0.15211654153308554,0.05039409072289175
10,[0.31028635],0.2968090112731484,0.18069163045047587
11,[0.87393988],0.5161398288974126,0.466741808064736
12,[0.25002873],0.5415401183623872,0.22304705414725912
13,[0.54283092],0.26788580534458367,0.1340872478062306
14,[0.93044107],0.6905563108047154,0.5216974020468487
15,[0.9308054],0.529526477694571,0.512899662243774
16,[0.00638322],0.6453418199908059,0.46669256853637553
17,[0.21263253],0.45956450357587036,0.25853899776589745
18,[0.40874367],0.16053265973058595,0.05858870564635543
19,[0.94001659],0.5513095772715785,0.47268422013383715
20,[0.77684824],0.3222481767750881,0.35894251044370407
21,[0.35765615],0.38860981586273036,0.13332182449411523
22,[0.61633381],0.3684889569753497,0.1984280726938118
23,[0.88239278],0.5751739581988371,0.4690680834575315
24,[0.83442024],0.6239686640817348,0.4272221675417901
25,[0.69932],0.35638404299336146,0.2814142608561009
26,[0.93205208],0.7242479586935999,0.5187273770934251
27,[0.33813862],0.44119745957680945,0.1528393571699701
28,[0.4953092],0.35844491129778033,0.0774034623221006
29,[0.85210515],0.41631578495539284,0.44413427573697845
30,[0.47307579],0.21844789338550044,0.05517005267548458
31,[0.9000854],0.6692670467902232,0.49942595050824057
32,[0.94890063],0.644351493257242,0.5409297601931329
33,[0.09448612],0.6659570195444425,0.39649185811523247
34,[0.6122689],0.3094414118229425,0.20352522816004792
35,[0.60428488],0.45677680989456826,0.19708680534769973
36,[0.14356443],0.5293455336299988,0.3295113561744041
37,[0.22045272],0.49954788440413955,0.2615741620422971
38,[0.27773604],0.43768673956697723,0.19153123855002618
39,[0.26104789],0.40478551068387586,0.22993008883490673
40,[0.38503048],0.24674190322166237,0.08423679607981005
41,[0.72837329],0.4071104377650096,0.3196296240613251
42,[0.56291325],0.23152135751550965,0.15416957826719402
43,[0.20609409],0.46861072531732006,0.27593278955171663
44,[0.38316056],0.3075117564803748,0.0861067178879048
45,[0.71515731],0.3306537298973959,0.2972515804944015
46,[0.44270399],0.20455155154477295,0.033960326028311116
47,[0.40719807],0.40709124946505615,0.06587771419730803
48,[0.18238972],0.4412984600641542,0.2868775524027558
49,[0.1141614],0.3626352903727216,0.37681658070964985
50,[0.05069852],0.587000800547095,0.44027945348162023
51,[0.52873074],0.34754717676496,0.11082500492359926
52,[0.3386765],0.4064880114443346,0.15446708975509377
53,[0.10903429],0.34802711881171455,0.36404149950050724
54,[0.82131395],0.48907586263939284,0.4034082144761786
55,[0.16072395],0.3533011682510071,0.3123518337392075
56,[0.52690098],0.2077027787080139,0.1262415323584788
57,[0.17463135],0.4885996204120602,0.3163466302999933
58,[0.55203444],0.25452416949764556,0.14810567938810587
59,[0.46733237],0.2842474429579541,0.003839157630129708
60,[0.81966058],0.5380770013945443,0.4017548494081433
61,[0.25897853],0.36366899458032603,0.21219299944025144
62,[0.91137519],0.6443648993503104,0.5026315262196951
63,[0.38920848],0.4007629820562014,0.08386730918360064
64,[0.06815537],0.6095222508045797,0.42282260109705816
65,[0.65106111],0.39308159234877216,0.23315537081313853
66,[0.23219023],0.31342375946564005,0.23514214036861358
67,[0.40065945],0.4579997300638217,0.09031852788308048
68,[0.05230679],0.5828988080890951,0.4278158399065108
69,[0.09431402],0.5786081722879,0.4009951772420194
