,0,1,2
0,[0.7167737],0.29990995772960527,0.3095756251259135
1,[0.36690049],0.29851811398426575,0.10236678486342365
2,[0.5040094],0.34170939969478564,0.0861036623978153
3,[0.51215556],0.25707768086898747,0.0988308569871329
4,[0.99762843],0.6256619282862748,0.5888847632241098
5,[0.25026675],0.48954910337314583,0.22280904006571767
6,[0.46926728],0.40308453707414155,0.021710699625593466
7,[0.27696986],0.31691318132976515,0.19610592746079303
8,[0.49097798],0.29890562128288395,0.07307224145104074
9,[0.41790573],0.24811447220933255,0.05136154182544728
10,[0.31028635],0.2968090112731484,0.18069163045047587
11,[0.87393988],0.5161398288974126,0.466741808064736
12,[0.25002873],0.46850952552348335,0.22304705414725912
13,[0.54283092],0.36114534591820524,0.1340872478062306
14,[0.93044107],0.5553370802233027,0.5216974020468487
15,[0.9308054],0.529526477694571,0.5174806952567836
16,[0.00638322],0.6453418199908059,0.46669256853637553
17,[0.21263253],0.3697567799152439,0.2604432531909161
18,[0.40874367],0.16053265973058595,0.046274515837333274
19,[0.94001659],0.5804236134687898,0.47268422013383715
20,[0.77684824],0.3222481767750881,0.35894251044370407
21,[0.35765615],0.3470987184223734,0.13332182449411523
22,[0.61633381],0.3571855289366045,0.1984280726938118
23,[0.88239278],0.49629865368385256,0.4644870504445219
24,[0.83442024],0.4278131008626319,0.4272221675417901
25,[0.69932],0.388545322883457,0.2814142608561009
26,[0.93205208],0.7323074749968305,0.5187273770934251
27,[0.33813862],0.3807898800969637,0.15500496760550003
28,[0.4953092],0.35844491129778033,0.0774034623221006
29,[0.85210515],0.5363396545584648,0.4433614779890763
30,[0.47307579],0.21844789338550044,0.05517005267548458
31,[0.9000854],0.6692670467902231,0.49942595050824057
32,[0.94890063],0.6947036691990235,0.5401569624452307
33,[0.09448612],0.5474965291964908,0.39649185811523247
34,[0.6122689],0.2830595845134293,0.20352522816004792
35,[0.60428488],0.4567768098945682,0.19708680534769973
36,[0.14356443],0.5293455336299988,0.3295113561744041
37,[0.22045272],0.49954788440413955,0.2615741620422971
38,[0.27773604],0.43768673956697723,0.19153123855002618
39,[0.26104789],0.40478551068387586,0.22993008883490673
40,[0.38503048],0.29619838710015955,0.0861410515048287
41,[0.72837329],0.4071104377650096,0.3150485910483155
42,[0.56291325],0.23152135751550965,0.15416957826719402
43,[0.20609409],0.3847723066199643,0.27593278955171663
44,[0.38316056],0.3075117564803748,0.0861067178879048
45,[0.71515731],0.3120535315704193,0.2972515804944015
46,[0.44270399],0.30177712735737805,0.033960326028311116
47,[0.40719807],0.40709124946505615,0.07482880858508612
48,[0.18238972],0.4412984600641542,0.2868775524027558
49,[0.1141614],0.3891677058701623,0.37681658070964985
50,[0.05069852],0.40529666897207794,0.44027945348162023
51,[0.52873074],0.35039654243454116,0.11082500492359926
52,[0.3386765],0.4051104950772476,0.15446708975509377
53,[0.10903429],0.34802711881171455,0.36404149950050724
54,[0.82131395],0.44440865054720413,0.4034082144761786
55,[0.16072395],0.3465183682862748,0.3123518337392075
56,[0.52690098],0.26519683757008805,0.1262415323584788
57,[0.17463135],0.5146919655131794,0.3163466302999933
58,[0.55203444],0.25452416949764556,0.151374991843214
59,[0.46733237],0.3362159124797321,0.005743413055148361
60,[0.81966058],0.5380770013945443,0.41091691543416253
61,[0.25897853],0.36366899458032603,0.2102887440152328
62,[0.91137519],0.6224296548176282,0.5026315262196951
63,[0.38920848],0.4007629820562014,0.08386730918360064
64,[0.06815537],0.5731634850070415,0.42282260109705816
65,[0.65106111],0.38678904307667245,0.23315537081313853
66,[0.23219023],0.31342375946564005,0.23514214036861358
67,[0.40065945],0.3702537220107163,0.09031852788308048
68,[0.05230679],0.5828988080890951,0.4278158399065108
69,[0.09431402],0.4073727545175059,0.39882956680648946
