,0,1,2
0,[0.7167737],0.396323518852291,0.3161142500361298
1,[0.36690049],0.200648497168641,0.10236678486342365
2,[0.5040094],0.3417093996947857,0.0861036623978153
3,[0.51215556],0.25707768086898747,0.09424982397412329
4,[0.99762843],0.6956541134059827,0.5797226971980906
5,[0.25026675],0.3600725718779748,0.21900052921568036
6,[0.46926728],0.2892771365550181,0.021710699625593466
7,[0.27696986],0.4221837337011671,0.19610592746079303
8,[0.49097798],0.28821539176669814,0.07307224145104074
9,[0.41790573],0.22478772333888122,0.05136154182544728
10,[0.31028635],0.26418443625650295,0.18069163045047587
11,[0.87393988],0.5131907445069495,0.466741808064736
12,[0.25002873],0.5300257192471347,0.22304705414725912
13,[0.54283092],0.29121255421503506,0.13563284330203484
14,[0.93044107],0.539308034660255,0.5216974020468487
15,[0.9308054],0.4511253832879967,0.512899662243774
16,[0.00638322],0.520515811656629,0.46669256853637553
17,[0.21263253],0.34932643447164585,0.25853899776589745
18,[0.40874367],0.20682974000812057,0.05858870564635543
19,[0.94001659],0.5513095772715785,0.47268422013383715
20,[0.77684824],0.4383607463936922,0.35894251044370407
21,[0.35765615],0.23280679029217896,0.11541963571855907
22,[0.61633381],0.3571855289366045,0.1984280726938118
23,[0.88239278],0.5662180330062432,0.4644870504445219
24,[0.83442024],0.5293972154654999,0.4272221675417901
25,[0.69932],0.35823291099438104,0.2905763268821201
26,[0.93205208],0.6428453502975904,0.5233084101064347
27,[0.33813862],0.4140052503074543,0.14388826278219202
28,[0.4953092],0.32196759364405986,0.08198449533511021
29,[0.85210515],0.486450834956318,0.4433614779890763
30,[0.47307579],0.34204896736536017,0.05517005267548458
31,[0.9000854],0.6692670467902231,0.4928873255980243
32,[0.94890063],0.5680900154798035,0.5401569624452307
33,[0.09448612],0.5442054162535508,0.3875407637274544
34,[0.6122689],0.35475460787640634,0.20507082365585216
35,[0.60428488],0.443131144158308,0.19708680534769973
36,[0.14356443],0.44900346741055286,0.3295113561744041
37,[0.22045272],0.48819729935624867,0.25262306765451903
38,[0.27773604],0.4376867395669771,0.19153123855002618
39,[0.26104789],0.4633021525943917,0.22993008883490673
40,[0.38503048],0.1118457940081907,0.08423679607981005
41,[0.72837329],0.4356665637428687,0.3196296240613251
42,[0.56291325],0.23152135751550965,0.15571517376299826
43,[0.20609409],0.36334178242771226,0.2848838839394947
44,[0.38316056],0.3507553032926113,0.0861067178879048
45,[0.71515731],0.39013297322453105,0.2972515804944015
46,[0.44270399],0.27661969943126496,0.033960326028311116
47,[0.40719807],0.364662839373082,0.0837799029728642
48,[0.18238972],0.425481220317358,0.2868775524027558
49,[0.1141614],0.38916770587016225,0.37681658070964985
50,[0.05069852],0.5855990577612586,0.43132835909384215
51,[0.52873074],0.402963730941137,0.11082500492359926
52,[0.3386765],0.27000690676459327,0.15230147931956384
53,[0.10903429],0.35139682927947374,0.36404149950050724
54,[0.82131395],0.4028986062751222,0.39100908447503263
55,[0.16072395],0.34651836828627486,0.3123518337392075
56,[0.52690098],0.31035824059261075,0.11970290744826251
57,[0.17463135],0.44135933991510934,0.30739553591221525
58,[0.55203444],0.3054641375247992,0.151374991843214
59,[0.46733237],0.26491451540726657,0.005743413055148361
60,[0.81966058],0.5720278408048534,0.4017548494081433
61,[0.25897853],0.484753579626292,0.2140972548652701
62,[0.91137519],0.49938201186998354,0.5026315262196951
63,[0.38920848],0.24742469313266874,0.08196305375858198
64,[0.06815537],0.5833774568492041,0.404920412321502
65,[0.65106111],0.45234277323481764,0.24386303233496198
66,[0.23219023],0.23600704184115573,0.23514214036861358
67,[0.40065945],0.5216341648411819,0.09031852788308048
68,[0.05230679],0.5118776318722837,0.4188647455187327
69,[0.09431402],0.49631423400392044,0.3966639563709595
