,0,1,2
0,[0.7167737],0.41712901842645406,0.3095756251259135
1,[0.36690049],0.21748789435347043,0.10617529571346096
2,[0.5040094],0.3417093996947857,0.0861036623978153
3,[0.51215556],0.25707768086898747,0.09424982397412329
4,[0.99762843],0.7695794414300441,0.5797226971980906
5,[0.25026675],0.42081340595348726,0.21900052921568036
6,[0.46926728],0.3343690364997713,0.021710699625593466
7,[0.27696986],0.33223094300726974,0.19610592746079303
8,[0.49097798],0.28821539176669814,0.07307224145104074
9,[0.41790573],0.3207926049367635,0.05326579725046593
10,[0.31028635],0.35299300037117093,0.1717405360626978
11,[0.87393988],0.563023733037153,0.466741808064736
12,[0.25002873],0.5415401183623872,0.22304705414725912
13,[0.54283092],0.3864589812417131,0.1340872478062306
14,[0.93044107],0.6745272652416675,0.5216974020468487
15,[0.9308054],0.5142003006648791,0.512899662243774
16,[0.00638322],0.520515811656629,0.46669256853637553
17,[0.21263253],0.41452738490246144,0.2566347423408788
18,[0.40874367],0.20682974000812057,0.05858870564635543
19,[0.94001659],0.5513095772715785,0.47268422013383715
20,[0.77684824],0.4680046545272846,0.35894251044370407
21,[0.35765615],0.3109802278269581,0.11541963571855907
22,[0.61633381],0.3571855289366045,0.207590138719831
23,[0.88239278],0.5830874703380766,0.4644870504445219
24,[0.83442024],0.48745961309808605,0.4272221675417901
25,[0.69932],0.35823291099438104,0.2814142608561009
26,[0.93205208],0.6428453502975904,0.5233084101064347
27,[0.33813862],0.3582861938218941,0.14388826278219202
28,[0.4953092],0.32196759364405986,0.08656552834811981
29,[0.85210515],0.4926375569007842,0.4433614779890763
30,[0.47307579],0.374690605600985,0.05517005267548458
31,[0.9000854],0.6921139166039649,0.49134173010222004
32,[0.94890063],0.7133199599746602,0.541702557941035
33,[0.09448612],0.4909761643445896,0.3875407637274544
34,[0.6122689],0.32707977470842553,0.20507082365585216
35,[0.60428488],0.443131144158308,0.1955412098518955
36,[0.14356443],0.5293455336299988,0.3295113561744041
37,[0.22045272],0.514449165898222,0.25262306765451903
38,[0.27773604],0.44559066767156635,0.19153123855002618
39,[0.26104789],0.41148094935242,0.22993008883490673
40,[0.38503048],0.1118457940081907,0.08423679607981005
41,[0.72837329],0.3348547462781074,0.3150485910483155
42,[0.56291325],0.23152135751550965,0.15571517376299826
43,[0.20609409],0.36334178242771226,0.2848838839394947
44,[0.38316056],0.3507553032926113,0.0861067178879048
45,[0.71515731],0.29639935074658663,0.2972515804944015
46,[0.44270399],0.2894389413675175,0.033960326028311116
47,[0.40719807],0.448742283121609,0.07482880858508612
48,[0.18238972],0.3429171705219306,0.2868775524027558
49,[0.1141614],0.38916770587016225,0.37681658070964985
50,[0.05069852],0.5729858849475992,0.42237726470606407
51,[0.52873074],0.3764072736617512,0.11082500492359926
52,[0.3386765],0.23312338611889877,0.15230147931956384
53,[0.10903429],0.35139682927947374,0.3729925938882853
54,[0.82131395],0.4028986062751222,0.4034082144761786
55,[0.16072395],0.34651836828627486,0.3123518337392075
56,[0.52690098],0.26519683757008805,0.11970290744826251
57,[0.17463135],0.41580216651195306,0.30739553591221525
58,[0.55203444],0.321601395873246,0.151374991843214
59,[0.46733237],0.3071440990265838,0.005743413055148361
60,[0.81966058],0.5720278408048534,0.41091691543416253
61,[0.25897853],0.37326350346523707,0.2140972548652701
62,[0.91137519],0.5733120462630891,0.5041771217154993
63,[0.38920848],0.24742469313266874,0.08196305375858198
64,[0.06815537],0.5731634850070415,0.404920412321502
65,[0.65106111],0.45234277323481764,0.23315537081313853
66,[0.23219023],0.32303341658090157,0.2389812979987433
67,[0.40065945],0.5216341648411819,0.09031852788308048
68,[0.05230679],0.2429488359561453,0.41696049009371405
69,[0.09431402],0.49809104133692805,0.38771286198318144
