,0,1,2
0,[0.7167737],0.47440296050640274,0.3095756251259135
1,[0.36690049],0.25734595925144943,0.10236678486342365
2,[0.5040094],0.357449449750929,0.0861036623978153
3,[0.51215556],0.305503874998304,0.09424982397412329
4,[0.99762843],0.5495540848938115,0.5797226971980906
5,[0.25026675],0.4482025104633758,0.22090478464069901
6,[0.46926728],0.3343690364997713,0.012759605237815386
7,[0.27696986],0.4282322957135426,0.19610592746079303
8,[0.49097798],0.30400565450984374,0.07307224145104074
9,[0.41790573],0.38403299873528407,0.05136154182544728
10,[0.31028635],0.40651822917056474,0.1627894416749197
11,[0.87393988],0.5678312359452798,0.46596901031683385
12,[0.25002873],0.430577019565491,0.22304705414725912
13,[0.54283092],0.40367151707607124,0.1340872478062306
14,[0.93044107],0.6745272652416675,0.5216974020468487
15,[0.9308054],0.5207753515157517,0.512899662243774
16,[0.00638322],0.5849687480657977,0.46669256853637553
17,[0.21263253],0.22049641471297984,0.2566347423408788
18,[0.40874367],0.20682974000812057,0.0643321187015038
19,[0.94001659],0.5513095772715785,0.49731259975188147
20,[0.77684824],0.4146732064898594,0.35894251044370407
21,[0.35765615],0.3109802278269581,0.12437073010633715
22,[0.61633381],0.35896233626961216,0.207590138719831
23,[0.88239278],0.5830874703380766,0.4644870504445219
24,[0.83442024],0.532437214882868,0.4272221675417901
25,[0.69932],0.35823291099438104,0.2814142608561009
26,[0.93205208],0.6428453502975904,0.5233084101064347
27,[0.33813862],0.36434372151818706,0.13493716839441394
28,[0.4953092],0.2852831900049918,0.08656552834811981
29,[0.85210515],0.48535884869901835,0.4433614779890763
30,[0.47307579],0.33227956573346995,0.05517005267548458
31,[0.9000854],0.6094391340899808,0.49211452785012216
32,[0.94890063],0.6268308797031994,0.5401569624452307
33,[0.09448612],0.49543280978655824,0.3785896693396763
34,[0.6122689],0.32552809905409674,0.20507082365585216
35,[0.60428488],0.4431311441583081,0.1963140075997976
36,[0.14356443],0.4885146497002519,0.3295113561744041
37,[0.22045272],0.40676050195893243,0.25262306765451903
38,[0.27773604],0.4376867395669771,0.19153123855002618
39,[0.26104789],0.41148094935242,0.22993008883490673
40,[0.38503048],0.34324917905786473,0.08804530692984736
41,[0.72837329],0.3348547462781074,0.3196296240613251
42,[0.56291325],0.23152135751550965,0.15571517376299826
43,[0.20609409],0.5080589009484205,0.2848838839394947
44,[0.38316056],0.3075117564803748,0.08991522873794211
45,[0.71515731],0.3500138805168356,0.2972515804944015
46,[0.44270399],0.3412541926968145,0.033960326028311116
47,[0.40719807],0.448742283121609,0.06587771419730803
48,[0.18238972],0.3464556932482664,0.2868775524027558
49,[0.1141614],0.3626352903727216,0.37681658070964985
50,[0.05069852],0.4060380378120351,0.42237726470606407
51,[0.52873074],0.3764072736617512,0.11082500492359926
52,[0.3386765],0.29294464573082823,0.15230147931956384
53,[0.10903429],0.35139682927947374,0.3729925938882853
54,[0.82131395],0.41442097376390563,0.4034082144761786
55,[0.16072395],0.4068377387125001,0.3123518337392075
56,[0.52690098],0.27295055826219916,0.11970290744826251
57,[0.17463135],0.3826783491438667,0.29844444152443717
58,[0.55203444],0.3562971101663396,0.151374991843214
59,[0.46733237],0.3071440990265838,0.0019349022051110554
60,[0.81966058],0.5720278408048534,0.41091691543416253
61,[0.25897853],0.37326350346523707,0.2140972548652701
62,[0.91137519],0.5990432217608609,0.5041771217154993
63,[0.38920848],0.2902430372238377,0.08005879833356333
64,[0.06815537],0.5731634850070415,0.42282260109705816
65,[0.65106111],0.38843109851273894,0.23315537081313853
66,[0.23219023],0.32303341658090157,0.23707704257372464
67,[0.40065945],0.4433512030424856,0.09031852788308048
68,[0.05230679],0.45747483161889474,0.41696049009371405
69,[0.09431402],0.589213012088435,0.4009951772420194
