,0,1,2
0,[0.7167737],0.2599522144990255,0.3088028273780114
1,[0.36690049],0.48138371150304715,0.16183024796157564
2,[0.5040094],0.19004961418010066,0.036677022777479085
3,[0.51215556],0.27505740771181675,0.10495748549594675
4,[0.99762843],0.7483581540037552,0.5883458404141104
5,[0.25026675],0.3399896170388425,0.20475143720154715
6,[0.46926728],0.34105787943107657,0.0019349022051110554
7,[0.27696986],0.32909649006336644,0.2140081162363492
8,[0.49097798],0.20704568729329784,0.08704921542797234
9,[0.41790573],0.30311281477218455,0.024798260002291905
10,[0.31028635],0.44950881237497614,0.1754310214623807
11,[0.87393988],0.599441885173551,0.466741808064736
12,[0.25002873],0.3144914107777195,0.19267526147406644
13,[0.54283092],0.2499996087768095,0.12492518178021139
14,[0.93044107],0.5810724793434551,0.4964451594266812
15,[0.9308054],0.6015191829073081,0.5415969187518901
16,[0.00638322],0.6849431352595861,0.5057723398350142
17,[0.21263253],0.2804341432078773,0.2693943475786942
18,[0.40874367],0.3707429539962434,0.07697369848896479
19,[0.94001659],0.7097228873082331,0.4717167690312816
20,[0.77684824],0.4043408469829595,0.3465433804425581
21,[0.35765615],0.28539372316511036,0.10918483376974081
22,[0.61633381],0.331856384242457,0.207590138719831
23,[0.88239278],0.5262009025928415,0.4736491164705411
24,[0.83442024],0.5573628931075879,0.4609879257955619
25,[0.69932],0.3842635544697798,0.23102017013320914
26,[0.93205208],0.8024111089915371,0.5071010448401813
27,[0.33813862],0.37364881443773895,0.19059212064252862
28,[0.4953092],0.3988547756017023,0.0913804362990322
29,[0.85210515],0.34891496244026093,0.45144569839509685
30,[0.47307579],0.30500842157115843,0.08991522873794211
31,[0.9000854],0.7171587825854464,0.5150549183305636
32,[0.94890063],0.6707920191697979,0.541702557941035
33,[0.09448612],0.47616264476075515,0.40952327906200703
34,[0.6122689],0.3834711275073156,0.21160944856606845
35,[0.60428488],0.4622769162464226,0.2081706017139694
36,[0.14356443],0.5839180533100942,0.3685911274730428
37,[0.22045272],0.5765042887172959,0.2811140476916164
38,[0.27773604],0.4151896387292517,0.1649679567268708
39,[0.26104789],0.2916862985023428,0.2062844870042022
40,[0.38503048],0.40318434003544346,0.10594749570540352
41,[0.72837329],0.33930274330521737,0.3421887743205927
42,[0.56291325],0.19398654824521092,0.1248752254440163
43,[0.20609409],0.5053203099312545,0.2848838839394947
44,[0.38316056],0.22091416020034904,0.10538203359910747
45,[0.71515731],0.5233764698294134,0.2848524504932555
46,[0.44270399],0.34687675306386145,0.03550592152411536
47,[0.40719807],0.38231426667484053,0.06206920334727073
48,[0.18238972],0.42529284679441004,0.26031427057960044
49,[0.1141614],0.706260056313587,0.3589143919340937
50,[0.05069852],0.5848917653767242,0.37960634203172544
51,[0.52873074],0.3860071947143512,0.14090865945559705
52,[0.3386765],0.26476816951029003,0.15230147931956384
53,[0.10903429],0.5146432900774964,0.36023298865046993
54,[0.82131395],0.5019559740176098,0.4125702805021978
55,[0.16072395],0.3719454454462283,0.30660842068405914
56,[0.52690098],0.19920624759155017,0.059568606306102834
57,[0.17463135],0.49027320066523183,0.30739553591221525
58,[0.55203444],0.4370448472593619,0.14483636693299773
59,[0.46733237],0.19004961418010066,0.036677022777479085
60,[0.81966058],0.4022233848709765,0.3523282097878071
61,[0.25897853],0.3164127028349485,0.1589272021897855
62,[0.91137519],0.7186641760848613,0.5041771217154993
63,[0.38920848],0.2200921290370672,0.08005879833356333
64,[0.06815537],0.6110057142810849,0.4605753645696167
65,[0.65106111],0.32999617239488777,0.22075624081199258
66,[0.23219023],0.3854524389311851,0.21051376075056927
67,[0.40065945],0.3101780528398197,0.09031852788308048
68,[0.05230679],0.6136197457859223,0.4386711897193075
69,[0.09431402],0.5371702685646529,0.36070416473123285
