,0,1,2
0,[0.7167737],0.35352448749985416,0.3095756251259135
1,[0.36690049],0.25734595925144943,0.10427104028844231
2,[0.5040094],0.3627462334097993,0.0861036623978153
3,[0.51215556],0.30550387499830395,0.09424982397412329
4,[0.99762843],0.5495540848938115,0.5797226971980906
5,[0.25026675],0.4944688463896524,0.21900052921568036
6,[0.46926728],0.28598198632013927,0.0038085108500373055
7,[0.27696986],0.46650494596043923,0.2050570218485711
8,[0.49097798],0.2365114698408412,0.07307224145104074
9,[0.41790573],0.38403299873528407,0.05136154182544728
10,[0.31028635],0.2408216198636298,0.1627894416749197
11,[0.87393988],0.5678312359452798,0.466741808064736
12,[0.25002873],0.3831076032433402,0.22304705414725912
13,[0.54283092],0.2313918283648894,0.1340872478062306
14,[0.93044107],0.6745272652416675,0.5216974020468487
15,[0.9308054],0.39790380811551157,0.512899662243774
16,[0.00638322],0.5849687480657977,0.4647883131113569
17,[0.21263253],0.3066684932906976,0.2566347423408788
18,[0.40874367],0.20682974000812057,0.0643321187015038
19,[0.94001659],0.5513095772715785,0.4849984099428593
20,[0.77684824],0.35802894891278464,0.35894251044370407
21,[0.35765615],0.3109802278269581,0.12437073010633715
22,[0.61633381],0.38917287769307096,0.2030091057068214
23,[0.88239278],0.5874206244353595,0.4644870504445219
24,[0.83442024],0.532437214882868,0.4272221675417901
25,[0.69932],0.35823291099438104,0.2814142608561009
26,[0.93205208],0.656092917417684,0.5233084101064347
27,[0.33813862],0.35828619382189414,0.13493716839441394
28,[0.4953092],0.21349485293639772,0.08656552834811981
29,[0.85210515],0.4926375569007842,0.4433614779890763
30,[0.47307579],0.3316401349267985,0.05517005267548458
31,[0.9000854],0.6345323176310215,0.4928873255980243
32,[0.94890063],0.7633377247759239,0.5401569624452307
33,[0.09448612],0.49543280978655824,0.3785896693396763
34,[0.6122689],0.32552809905409674,0.20507082365585216
35,[0.60428488],0.44901175131024607,0.1963140075997976
36,[0.14356443],0.5110124136558947,0.3295113561744041
37,[0.22045272],0.40676050195893243,0.25262306765451903
38,[0.27773604],0.4376867395669771,0.19153123855002618
39,[0.26104789],0.4233736419720504,0.22993008883490673
40,[0.38503048],0.3258303316911827,0.08804530692984736
41,[0.72837329],0.3348547462781074,0.3196296240613251
42,[0.56291325],0.23152135751550965,0.15571517376299826
43,[0.20609409],0.4211328802159192,0.2848838839394947
44,[0.38316056],0.3000246937502221,0.08801097331292346
45,[0.71515731],0.29639935074658663,0.2972515804944015
46,[0.44270399],0.3261012814619397,0.033960326028311116
47,[0.40719807],0.448742283121609,0.07482880858508612
48,[0.18238972],0.20896512032993994,0.2868775524027558
49,[0.1141614],0.3626352903727216,0.37681658070964985
50,[0.05069852],0.5333938927719926,0.42237726470606407
51,[0.52873074],0.3640488933851391,0.11082500492359926
52,[0.3386765],0.23862245801225646,0.15230147931956384
53,[0.10903429],0.3480271188117146,0.3729925938882853
54,[0.82131395],0.41442097376390563,0.4125702805021978
55,[0.16072395],0.5858895315670627,0.3123518337392075
56,[0.52690098],0.24574184875818048,0.11970290744826251
57,[0.17463135],0.3826783491438667,0.29844444152443717
58,[0.55203444],0.35269884468544416,0.151374991843214
59,[0.46733237],0.3071440990265838,0.0019349022051110554
60,[0.81966058],0.5720278408048534,0.41091691543416253
61,[0.25897853],0.29498054166654086,0.2140972548652701
62,[0.91137519],0.5751026402712084,0.5041771217154993
63,[0.38920848],0.3306365534959682,0.08005879833356333
64,[0.06815537],0.607966872945652,0.42282260109705816
65,[0.65106111],0.38843109851273894,0.23315537081313853
66,[0.23219023],0.20468050180303102,0.2361095914711691
67,[0.40065945],0.1840532718004629,0.09031852788308048
68,[0.05230679],0.45747483161889474,0.41696049009371405
69,[0.09431402],0.5892130120884349,0.39882956680648946
