,0,1,2
0,[0.7167737],0.4712332427819529,0.3095756251259135
1,[0.36690049],0.2203686878335344,0.10236678486342365
2,[0.5040094],0.3434692021650378,0.0861036623978153
3,[0.51215556],0.334564373947084,0.09424982397412329
4,[0.99762843],0.6765165601748053,0.5797226971980906
5,[0.25026675],0.48481706838106,0.22280904006571767
6,[0.46926728],0.4018887602093497,0.0038085108500373055
7,[0.27696986],0.41754818362301516,0.2140081162363492
8,[0.49097798],0.2817170903242238,0.07307224145104074
9,[0.41790573],0.24319770884405098,0.04942663962033622
10,[0.31028635],0.3437634305454378,0.1627894416749197
11,[0.87393988],0.5678312359452798,0.466741808064736
12,[0.25002873],0.4446237969669916,0.22304705414725912
13,[0.54283092],0.3651637870823,0.1340872478062306
14,[0.93044107],0.597874918556659,0.5216974020468487
15,[0.9308054],0.3979038081155116,0.512899662243774
16,[0.00638322],0.5849687480657977,0.46669256853637553
17,[0.21263253],0.3213151925803239,0.2566347423408788
18,[0.40874367],0.20682974000812057,0.05858870564635543
19,[0.94001659],0.5737744593307778,0.47268422013383715
20,[0.77684824],0.47538226282894414,0.35894251044370407
21,[0.35765615],0.23952933136776028,0.11541963571855907
22,[0.61633381],0.39399073567710685,0.207590138719831
23,[0.88239278],0.5830874703380766,0.4644870504445219
24,[0.83442024],0.591807380152399,0.4272221675417901
25,[0.69932],0.30234910498877776,0.2905763268821201
26,[0.93205208],0.7651069162811648,0.5233084101064347
27,[0.33813862],0.41923593365070594,0.13493716839441394
28,[0.4953092],0.25017925657546575,0.08656552834811981
29,[0.85210515],0.45797537178473585,0.4433614779890763
30,[0.47307579],0.3090999859037707,0.030371792673192677
31,[0.9000854],0.6345323176310215,0.49211452785012216
32,[0.94890063],0.763337724775924,0.5401569624452307
33,[0.09448612],0.5225593784469653,0.3785896693396763
34,[0.6122689],0.31630077871421103,0.20507082365585216
35,[0.60428488],0.44901175131024607,0.1963140075997976
36,[0.14356443],0.23648686079627773,0.3295113561744041
37,[0.22045272],0.4657324172970493,0.2705252564300752
38,[0.27773604],0.48251424373215623,0.19153123855002618
39,[0.26104789],0.488048523379942,0.22993008883490673
40,[0.38503048],0.23824254921768775,0.08804530692984736
41,[0.72837329],0.38268790350072796,0.3196296240613251
42,[0.56291325],0.29801376470913404,0.15571517376299826
43,[0.20609409],0.3046607916564697,0.2848838839394947
44,[0.38316056],0.3432682405624587,0.08991522873794211
45,[0.71515731],0.29639935074658663,0.2972515804944015
46,[0.44270399],0.3261012814619397,0.033960326028311116
47,[0.40719807],0.448742283121609,0.07482880858508612
48,[0.18238972],0.25497941243348465,0.2868775524027558
49,[0.1141614],0.38106115434307214,0.37681658070964985
50,[0.05069852],0.6355151848738807,0.42237726470606407
51,[0.52873074],0.3729753691747119,0.11082500492359926
52,[0.3386765],0.3106774722641727,0.15230147931956384
53,[0.10903429],0.3480271188117146,0.36404149950050724
54,[0.82131395],0.5008943602178453,0.4125702805021978
55,[0.16072395],0.3072791379019531,0.3123518337392075
56,[0.52690098],0.24574184875818048,0.11970290744826251
57,[0.17463135],0.3382801356638295,0.29844444152443717
58,[0.55203444],0.3558005668222465,0.151374991843214
59,[0.46733237],0.23516726250347478,0.0019349022051110554
60,[0.81966058],0.5566501831008763,0.41091691543416253
61,[0.25897853],0.40716751150436997,0.21219299944025144
62,[0.91137519],0.4632604849957489,0.5041771217154993
63,[0.38920848],0.3065684357855597,0.08005879833356333
64,[0.06815537],0.6783038070453182,0.42282260109705816
65,[0.65106111],0.2563171564316008,0.23315537081313853
66,[0.23219023],0.3909820586165252,0.2389812979987433
67,[0.40065945],0.35632482830273987,0.09031852788308048
68,[0.05230679],0.4245269799803116,0.41696049009371405
69,[0.09431402],0.5892130120884349,0.4009951772420194
