,0,1,2
0,[0.7167737],0.4774466257119462,0.3095756251259135
1,[0.36690049],0.2164384443562115,0.10236678486342365
2,[0.5040094],0.3434692021650378,0.0861036623978153
3,[0.51215556],0.28906070278803364,0.09424982397412329
4,[0.99762843],0.7181604380166681,0.5797226971980906
5,[0.25026675],0.4482025104633758,0.22280904006571767
6,[0.46926728],0.4018887602093497,0.0038085108500373055
7,[0.27696986],0.3610710235012567,0.2140081162363492
8,[0.49097798],0.28171709032422376,0.07307224145104074
9,[0.41790573],0.24319770884405095,0.04942663962033622
10,[0.31028635],0.3162129377448001,0.1627894416749197
11,[0.87393988],0.5209473318055393,0.466741808064736
12,[0.25002873],0.4446237969669916,0.22304705414725912
13,[0.54283092],0.33163598960425344,0.1340872478062306
14,[0.93044107],0.597874918556659,0.5125353360208295
15,[0.9308054],0.5092406486644208,0.5174806952567836
16,[0.00638322],0.7035940708963662,0.46669256853637553
17,[0.21263253],0.24264648190588103,0.2566347423408788
18,[0.40874367],0.16053265973058595,0.05858870564635543
19,[0.94001659],0.5737744593307776,0.4849984099428593
20,[0.77684824],0.45419276368786343,0.35894251044370407
21,[0.35765615],0.2948952648933466,0.13332182449411523
22,[0.61633381],0.39399073567710685,0.207590138719831
23,[0.88239278],0.5342557414620588,0.4644870504445219
24,[0.83442024],0.613100240557828,0.4272221675417901
25,[0.69932],0.3068107022947498,0.2905763268821201
26,[0.93205208],0.7651069162811648,0.5233084101064347
27,[0.33813862],0.3704392768997263,0.13493716839441394
28,[0.4953092],0.21349485293639775,0.08656552834811981
29,[0.85210515],0.5089083054801409,0.4433614779890763
30,[0.47307579],0.23106931510805104,0.05517005267548458
31,[0.9000854],0.5434719559344889,0.4928873255980243
32,[0.94890063],0.6268308797031994,0.5401569624452307
33,[0.09448612],0.5442054162535508,0.3785896693396763
34,[0.6122689],0.31630077871421103,0.20507082365585216
35,[0.60428488],0.44901175131024607,0.1955412098518955
36,[0.14356443],0.4487331065392687,0.3295113561744041
37,[0.22045272],0.4657324172970493,0.2705252564300752
38,[0.27773604],0.5478183474157359,0.19153123855002618
39,[0.26104789],0.5233114199243244,0.22993008883490673
40,[0.38503048],0.18654013117858376,0.08804530692984736
41,[0.72837329],0.38268790350072796,0.3196296240613251
42,[0.56291325],0.29801376470913404,0.15571517376299826
43,[0.20609409],0.4137601297510779,0.2848838839394947
44,[0.38316056],0.3000246937502221,0.08991522873794211
45,[0.71515731],0.29639935074658663,0.2972515804944015
46,[0.44270399],0.3261012814619397,0.033960326028311116
47,[0.40719807],0.49454040368134233,0.0837799029728642
48,[0.18238972],0.25497941243348465,0.2868775524027558
49,[0.1141614],0.3626352903727216,0.37681658070964985
50,[0.05069852],0.5333938927719923,0.42237726470606407
51,[0.52873074],0.3729753691747119,0.11082500492359926
52,[0.3386765],0.3106774722641727,0.13439929054400768
53,[0.10903429],0.3480271188117146,0.36404149950050724
54,[0.82131395],0.5030981910354269,0.4125702805021978
55,[0.16072395],0.30727913790195316,0.3123518337392075
56,[0.52690098],0.24574184875818048,0.11970290744826251
57,[0.17463135],0.3382801356638295,0.29844444152443717
58,[0.55203444],0.3558005668222465,0.14810567938810587
59,[0.46733237],0.23527594807008345,0.0019349022051110554
60,[0.81966058],0.5566501831008763,0.4017548494081433
61,[0.25897853],0.40304833749831415,0.2140972548652701
62,[0.91137519],0.4632604849957489,0.5041771217154993
63,[0.38920848],0.3065684357855597,0.08005879833356333
64,[0.06815537],0.6025767911807144,0.42282260109705816
65,[0.65106111],0.34815476592557365,0.23773640382614813
66,[0.23219023],0.39098205861652524,0.23707704257372464
67,[0.40065945],0.35632482830273987,0.07241633910752432
68,[0.05230679],0.4245269799803116,0.41696049009371405
69,[0.09431402],0.6539495695005073,0.4009951772420194
