,0,1,2
0,[0.7167737],0.37481968165926716,0.3080300296301093
1,[0.36690049],0.19967861991406982,0.10236678486342365
2,[0.5040094],0.3772203538592215,0.0861036623978153
3,[0.51215556],0.24245001952885067,0.0988308569871329
4,[0.99762843],0.5036642807903082,0.5797226971980906
5,[0.25026675],0.44328276744686923,0.22090478464069901
6,[0.46926728],0.30642566930832144,0.0009368043224631251
7,[0.27696986],0.3446428852236905,0.2140081162363492
8,[0.49097798],0.2817170903242238,0.07307224145104074
9,[0.41790573],0.17433124156704377,0.04942663962033622
10,[0.31028635],0.35581032189000866,0.1627894416749197
11,[0.87393988],0.5603646928750793,0.46596901031683385
12,[0.25002873],0.49630393741399226,0.22304705414725912
13,[0.54283092],0.30047986374946173,0.1340872478062306
14,[0.93044107],0.5892972621269239,0.5216974020468487
15,[0.9308054],0.4511253832879967,0.512899662243774
16,[0.00638322],0.6632996084745928,0.46669256853637553
17,[0.21263253],0.45080020768737744,0.2604432531909161
18,[0.40874367],0.2620446072409558,0.05858870564635543
19,[0.94001659],0.6068410393840453,0.49731259975188147
20,[0.77684824],0.4314291870844323,0.35894251044370407
21,[0.35765615],0.2333942598065426,0.12437073010633715
22,[0.61633381],0.387423664046816,0.207590138719831
23,[0.88239278],0.6221881331541893,0.4644870504445219
24,[0.83442024],0.5797558576579311,0.42567657204598586
25,[0.69932],0.3624550184348193,0.2905763268821201
26,[0.93205208],0.7651069162811648,0.5233084101064347
27,[0.33813862],0.3704392768997263,0.13493716839441394
28,[0.4953092],0.21349485293639775,0.0774034623221006
29,[0.85210515],0.49953576858436277,0.4433614779890763
30,[0.47307579],0.25622674303416415,0.05517005267548458
31,[0.9000854],0.6761262176139053,0.4928873255980243
32,[0.94890063],0.6415314578859195,0.5401569624452307
33,[0.09448612],0.6004036109070061,0.374781158489639
34,[0.6122689],0.2893480320870371,0.20507082365585216
35,[0.60428488],0.47471890802970484,0.1955412098518955
36,[0.14356443],0.42537058751592693,0.3295113561744041
37,[0.22045272],0.42745252719714627,0.2705252564300752
38,[0.27773604],0.39165966712815914,0.19153123855002618
39,[0.26104789],0.4233736419720504,0.22993008883490673
40,[0.38503048],0.1554566747218525,0.0861410515048287
41,[0.72837329],0.2815334355337251,0.3196296240613251
42,[0.56291325],0.27138739962727065,0.15571517376299826
43,[0.20609409],0.3226149675534866,0.2848838839394947
44,[0.38316056],0.3000246937502221,0.08991522873794211
45,[0.71515731],0.29639935074658663,0.2972515804944015
46,[0.44270399],0.32367347147943787,0.033960326028311116
47,[0.40719807],0.4104609599328154,0.06587771419730803
48,[0.18238972],0.2512938486630308,0.2868775524027558
49,[0.1141614],0.44701432125335855,0.37681658070964985
50,[0.05069852],0.5187612941738383,0.41856875385602677
51,[0.52873074],0.3529105824387405,0.11082500492359926
52,[0.3386765],0.3196541879937363,0.13439929054400768
53,[0.10903429],0.4937167010913638,0.36404149950050724
54,[0.82131395],0.5069429222302206,0.4079892474891882
55,[0.16072395],0.24559990932088374,0.3123518337392075
56,[0.52690098],0.3178453033227634,0.11970290744826251
57,[0.17463135],0.3649445005626525,0.2965401860994185
58,[0.55203444],0.349312610112998,0.14483636693299773
59,[0.46733237],0.24561735018641517,0.0019349022051110554
60,[0.81966058],0.5720278408048534,0.41091691543416253
61,[0.25897853],0.3550140440378559,0.2140972548652701
62,[0.91137519],0.5751026402712084,0.5041771217154993
63,[0.38920848],0.2513281996678397,0.08005879833356333
64,[0.06815537],0.6373801791193249,0.42282260109705816
65,[0.65106111],0.3245254826958216,0.24231743683915774
66,[0.23219023],0.39615324841086447,0.23707704257372464
67,[0.40065945],0.3918688212117612,0.07241633910752432
68,[0.05230679],0.36405124236814856,0.41696049009371405
69,[0.09431402],0.515999600071626,0.39882956680648946
