,0,1,2
0,[0.7167737],0.34723193822775444,0.3080300296301093
1,[0.36690049],0.29224203611788113,0.10236678486342365
2,[0.5040094],0.4024136741962529,0.0861036623978153
3,[0.51215556],0.32109851859946853,0.09424982397412329
4,[0.99762843],0.7371926391270145,0.5797226971980906
5,[0.25026675],0.41198495163169124,0.22090478464069901
6,[0.46926728],0.28559001956438373,0.0009368043224631251
7,[0.27696986],0.3610710235012567,0.2140081162363492
8,[0.49097798],0.28130321936303987,0.07307224145104074
9,[0.41790573],0.2474330941634418,0.04942663962033622
10,[0.31028635],0.3268230173872701,0.1627894416749197
11,[0.87393988],0.5419388289047287,0.46596901031683385
12,[0.25002873],0.49892519572274985,0.22304705414725912
13,[0.54283092],0.30047986374946173,0.1340872478062306
14,[0.93044107],0.5892972621269239,0.5216974020468487
15,[0.9308054],0.5176092840668122,0.5174806952567836
16,[0.00638322],0.6632996084745928,0.46669256853637553
17,[0.21263253],0.3919176139774295,0.2604432531909161
18,[0.40874367],0.2620446072409558,0.05858870564635543
19,[0.94001659],0.5298265682988326,0.49731259975188147
20,[0.77684824],0.4358627056309401,0.35894251044370407
21,[0.35765615],0.2333942598065426,0.13332182449411523
22,[0.61633381],0.3806891664821689,0.207590138719831
23,[0.88239278],0.6221881331541893,0.4644870504445219
24,[0.83442024],0.5479596714929548,0.42567657204598586
25,[0.69932],0.3624550184348193,0.2905763268821201
26,[0.93205208],0.7206195952809116,0.5233084101064347
27,[0.33813862],0.3704392768997263,0.13493716839441394
28,[0.4953092],0.28942127343839924,0.0774034623221006
29,[0.85210515],0.49953576858436277,0.4433614779890763
30,[0.47307579],0.3014377937651495,0.05517005267548458
31,[0.9000854],0.6886321498159984,0.4928873255980243
32,[0.94890063],0.6415314578859195,0.5401569624452307
33,[0.09448612],0.6004036109070061,0.374781158489639
34,[0.6122689],0.289348032087037,0.20507082365585216
35,[0.60428488],0.44901175131024595,0.1955412098518955
36,[0.14356443],0.5845514753703577,0.3295113561744041
37,[0.22045272],0.556256114808124,0.2615741620422971
38,[0.27773604],0.4374101867505701,0.19153123855002618
39,[0.26104789],0.4233736419720504,0.22993008883490673
40,[0.38503048],0.2641151187390779,0.0861410515048287
41,[0.72837329],0.2815334355337251,0.3196296240613251
42,[0.56291325],0.22613313217821643,0.15571517376299826
43,[0.20609409],0.4137601297510779,0.2848838839394947
44,[0.38316056],0.31164713325772275,0.08991522873794211
45,[0.71515731],0.270382763208395,0.2972515804944015
46,[0.44270399],0.32367347147943787,0.033960326028311116
47,[0.40719807],0.4104609599328154,0.06587771419730803
48,[0.18238972],0.2512938486630308,0.2868775524027558
49,[0.1141614],0.44701432125335855,0.37681658070964985
50,[0.05069852],0.5187612941738383,0.41856875385602677
51,[0.52873074],0.3529105824387405,0.11082500492359926
52,[0.3386765],0.3196541879937363,0.13439929054400768
53,[0.10903429],0.4937167010913638,0.36404149950050724
54,[0.82131395],0.5069429222302206,0.4125702805021978
55,[0.16072395],0.31375486128339847,0.3213029281269856
56,[0.52690098],0.3178453033227634,0.11970290744826251
57,[0.17463135],0.3649445005626525,0.2965401860994185
58,[0.55203444],0.31266262612507545,0.14483636693299773
59,[0.46733237],0.21478905172575083,0.0019349022051110554
60,[0.81966058],0.5720278408048534,0.41091691543416253
61,[0.25897853],0.4630624788086908,0.21219299944025144
62,[0.91137519],0.6385475876615694,0.5041771217154993
63,[0.38920848],0.3196533789069024,0.08005879833356333
64,[0.06815537],0.6373801791193249,0.42282260109705816
65,[0.65106111],0.36480181528298694,0.24231743683915774
66,[0.23219023],0.3483183679682558,0.24088555342376194
67,[0.40065945],0.4042397430136927,0.07241633910752432
68,[0.05230679],0.36405124236814856,0.41696049009371405
69,[0.09431402],0.515999600071626,0.39882956680648946
