,0,1,2
0,[0.7167737],0.46206896800796926,0.3080300296301093
1,[0.36690049],0.25562747820019693,0.10617529571346096
2,[0.5040094],0.3390080180554169,0.0861036623978153
3,[0.51215556],0.3964539865591552,0.09424982397412329
4,[0.99762843],0.6283529320716591,0.5797226971980906
5,[0.25026675],0.44328276744686923,0.22280904006571767
6,[0.46926728],0.32086007179409287,0.0019349022051110554
7,[0.27696986],0.3610710235012567,0.2140081162363492
8,[0.49097798],0.2949022264925259,0.07307224145104074
9,[0.41790573],0.24775474691590435,0.05136154182544728
10,[0.31028635],0.3679069767868834,0.1627894416749197
11,[0.87393988],0.603566761831883,0.46519621256893173
12,[0.25002873],0.49892519572274985,0.22304705414725912
13,[0.54283092],0.30047986374946173,0.1340872478062306
14,[0.93044107],0.4389962203160918,0.5216974020468487
15,[0.9308054],0.5234199435026532,0.5220617282697932
16,[0.00638322],0.6603505240841296,0.46669256853637553
17,[0.21263253],0.512632026860323,0.2604432531909161
18,[0.40874367],0.2620446072409558,0.05858870564635543
19,[0.94001659],0.5298265682988326,0.49731259975188147
20,[0.77684824],0.4314291870844323,0.35894251044370407
21,[0.35765615],0.3170513622158838,0.13332182449411523
22,[0.61633381],0.3806891664821689,0.207590138719831
23,[0.88239278],0.5098740583212678,0.4644870504445219
24,[0.83442024],0.5597696293416312,0.41651450601996665
25,[0.69932],0.3000186370890876,0.2905763268821201
26,[0.93205208],0.6124341943870886,0.5233084101064347
27,[0.33813862],0.3766978901652914,0.13493716839441394
28,[0.4953092],0.33740837236473586,0.0774034623221006
29,[0.85210515],0.6712907968922226,0.4433614779890763
30,[0.47307579],0.288860412896258,0.04277092267433863
31,[0.9000854],0.6340048357580035,0.4928873255980243
32,[0.94890063],0.5871909458736158,0.5401569624452307
33,[0.09448612],0.5803485146213939,0.374781158489639
34,[0.6122689],0.2634952302328914,0.20507082365585216
35,[0.60428488],0.3949522291534164,0.1955412098518955
36,[0.14356443],0.6305785478091758,0.3295113561744041
37,[0.22045272],0.45206253849358546,0.2705252564300752
38,[0.27773604],0.44559066767156635,0.19153123855002618
39,[0.26104789],0.4233736419720504,0.22993008883490673
40,[0.38503048],0.24406002245346575,0.0861410515048287
41,[0.72837329],0.2357117678944279,0.32040242180922723
42,[0.56291325],0.3722755672117139,0.15571517376299826
43,[0.20609409],0.29740457796640213,0.26698169516393855
44,[0.38316056],0.24635615022940122,0.08991522873794211
45,[0.71515731],0.3576469183810316,0.2972515804944015
46,[0.44270399],0.29188902623780927,0.024798260002291905
47,[0.40719807],0.40295587268770816,0.06587771419730803
48,[0.18238972],0.37237843370899687,0.2868775524027558
49,[0.1141614],0.44701432125335855,0.37681658070964985
50,[0.05069852],0.6355151848738807,0.42237726470606407
51,[0.52873074],0.32768284245056367,0.11082500492359926
52,[0.3386765],0.32545066994356714,0.13439929054400768
53,[0.10903429],0.6004283423389396,0.3819436882760634
54,[0.82131395],0.5069429222302206,0.4079892474891882
55,[0.16072395],0.3697037195695255,0.33025402251476366
56,[0.52690098],0.30788724121962774,0.11970290744826251
57,[0.17463135],0.3649445005626525,0.29463593067439986
58,[0.55203444],0.32568332688324597,0.14483636693299773
59,[0.46733237],0.3039761696975202,0.0019349022051110554
60,[0.81966058],0.4626566196256544,0.41091691543416253
61,[0.25897853],0.4903831324175799,0.2102887440152328
62,[0.91137519],0.5308777762935416,0.5041771217154993
63,[0.38920848],0.366266768700586,0.08005879833356333
64,[0.06815537],0.6373801791193249,0.42282260109705816
65,[0.65106111],0.3235665076778377,0.24231743683915774
66,[0.23219023],0.29000050312030473,0.24088555342376194
67,[0.40065945],0.4160737432861034,0.07241633910752432
68,[0.05230679],0.43609784009824254,0.41696049009371405
69,[0.09431402],0.6607860709640224,0.4009951772420194
