,0,1,2
0,[0.7167737],0.4455400651905886,0.3095756251259135
1,[0.36690049],0.38626754346140146,0.1535426574868377
2,[0.5040094],0.2582070185385267,0.036677022777479085
3,[0.51215556],0.3044347060867654,0.07411753717696479
4,[0.99762843],0.6606239160598937,0.5797226971980906
5,[0.25026675],0.47355840546337225,0.2170656270105693
6,[0.46926728],0.446987716769251,0.014249092014133213
7,[0.27696986],0.3394670781292006,0.2140081162363492
8,[0.49097798],0.34759621617432235,0.08223430747705995
9,[0.41790573],0.399051052820753,0.03711244981131406
10,[0.31028635],0.298166482619011,0.20186921297355842
11,[0.87393988],0.6934432953172307,0.4700111205198441
12,[0.25002873],0.5333510782985375,0.20595690238564412
13,[0.54283092],0.27798725858459244,0.12492518178021139
14,[0.93044107],0.7254640518670701,0.5297816224528692
15,[0.9308054],0.7461965847511911,0.5326021212587437
16,[0.00638322],0.7529330528573729,0.5057723398350142
17,[0.21263253],0.302336650911024,0.2693943475786942
18,[0.40874367],0.23613789504506116,0.1034118900001425
19,[0.94001659],0.7359486188171084,0.47268422013383715
20,[0.77684824],0.4651142842338912,0.33414425044141216
21,[0.35765615],0.40963603362757856,0.10023373938196273
22,[0.61633381],0.35791552840541696,0.2030091057068214
23,[0.88239278],0.5309239735957927,0.4414830571197892
24,[0.83442024],0.62963829542249,0.4452117625280827
25,[0.69932],0.4210673636673469,0.23198762123576466
26,[0.93205208],0.6398304391615743,0.5141463440804155
27,[0.33813862],0.36807644269089307,0.18138965066921053
28,[0.4953092],0.4118754763598728,0.0913804362990322
29,[0.85210515],0.5891809798477202,0.45144569839509685
30,[0.47307579],0.33625248541552943,0.07241633910752432
31,[0.9000854],0.6790403584569409,0.49942595050824057
32,[0.94890063],0.686272711634218,0.5363487271801233
33,[0.09448612],0.47616264476075515,0.40952327906200703
34,[0.6122689],0.35140780681608746,0.20352522816004792
35,[0.60428488],0.5127919768970747,0.21925439808023905
36,[0.14356443],0.7175077614496692,0.37596383844920067
37,[0.22045272],0.5393534903555783,0.2705252564300752
38,[0.27773604],0.4999621811953512,0.1782495976384485
39,[0.26104789],0.2668803615375433,0.2062844870042022
40,[0.38503048],0.47785973408285704,0.09509214589260678
41,[0.72837329],0.43435127647670085,0.3196296240613251
42,[0.56291325],0.2566164090784664,0.09558087262083859
43,[0.20609409],0.5425817760733609,0.274028534126698
44,[0.38316056],0.3081155996716206,0.10103193356125012
45,[0.71515731],0.5542961239992924,0.2972515804944015
46,[0.44270399],0.3026134570967613,0.03550592152411536
47,[0.40719807],0.4171485927508686,0.0837799029728642
48,[0.18238972],0.47244711464825906,0.26031427057960044
49,[0.1141614],0.6603248172565552,0.38740537197119107
50,[0.05069852],0.769504867274276,0.41856875385602677
51,[0.52873074],0.37364881443773895,0.12402918115262873
52,[0.3386765],0.4108470910609926,0.15881718979295112
53,[0.10903429],0.5816247721767147,0.36023298865046993
54,[0.82131395],0.5333439982901987,0.4125702805021978
55,[0.16072395],0.4735167784804058,0.3249469320727987
56,[0.52690098],0.21438063729954307,0.059568606306102834
57,[0.17463135],0.5321852532229168,0.3163466302999933
58,[0.55203444],0.4174033338007891,0.14483636693299773
59,[0.46733237],0.21942889709471053,0.02797682270176438
60,[0.81966058],0.5144322459724421,0.3523282097878071
61,[0.25897853],0.3164127028349485,0.1589272021897855
62,[0.91137519],0.6888883104161019,0.5041771217154993
63,[0.38920848],0.2789747227470151,0.08005879833356333
64,[0.06815537],0.5728872901525792,0.4440001836201407
65,[0.65106111],0.3090338299651445,0.22075624081199258
66,[0.23219023],0.3854524389311851,0.23514214036861358
67,[0.40065945],0.412824872423891,0.07241633910752432
68,[0.05230679],0.7160137538959674,0.44083680015483745
69,[0.09431402],0.6076359105222143,0.373018354540255
