,0,1,2
0,[0.7167737],0.46206896800796926,0.3080300296301093
1,[0.36690049],0.25562747820019693,0.10617529571346096
2,[0.5040094],0.37192357020035127,0.0861036623978153
3,[0.51215556],0.3213745405795492,0.09424982397412329
4,[0.99762843],0.6139658779136321,0.5797226971980906
5,[0.25026675],0.4432827674468691,0.22280904006571767
6,[0.46926728],0.28559001956438373,0.0019349022051110554
7,[0.27696986],0.3610710235012567,0.19610592746079303
8,[0.49097798],0.3219222755252991,0.07307224145104074
9,[0.41790573],0.24775474691590435,0.05136154182544728
10,[0.31028635],0.3962276550302864,0.1627894416749197
11,[0.87393988],0.5420322359379636,0.46519621256893173
12,[0.25002873],0.5685728280828887,0.22304705414725912
13,[0.54283092],0.34268637542778296,0.1340872478062306
14,[0.93044107],0.5892972621269239,0.5216974020468487
15,[0.9308054],0.5234199435026532,0.5220617282697932
16,[0.00638322],0.6603505240841296,0.4756436629241536
17,[0.21263253],0.47845590536461857,0.2604432531909161
18,[0.40874367],0.2620446072409558,0.05858870564635543
19,[0.94001659],0.48830854055486644,0.49731259975188147
20,[0.77684824],0.4452410779238535,0.35894251044370407
21,[0.35765615],0.29976805392286654,0.13332182449411523
22,[0.61633381],0.39894842590874635,0.207590138719831
23,[0.88239278],0.6777195952666564,0.4644870504445219
24,[0.83442024],0.591807380152399,0.41651450601996665
25,[0.69932],0.3598465497893299,0.2814142608561009
26,[0.93205208],0.7450421295451933,0.5233084101064347
27,[0.33813862],0.3440642203031975,0.13112865754437664
28,[0.4953092],0.33740837236473586,0.0774034623221006
29,[0.85210515],0.6712907968922226,0.4433614779890763
30,[0.47307579],0.23106931510805104,0.04277092267433863
31,[0.9000854],0.7350680560633952,0.4928873255980243
32,[0.94890063],0.7236977909463403,0.5401569624452307
33,[0.09448612],0.625221293748892,0.37668541391465765
34,[0.6122689],0.289348032087037,0.20507082365585216
35,[0.60428488],0.3949522291534164,0.1963140075997976
36,[0.14356443],0.5174680775931508,0.3295113561744041
37,[0.22045272],0.5619597115198889,0.2705252564300752
38,[0.27773604],0.44559066767156635,0.19153123855002618
39,[0.26104789],0.42045010164434354,0.22993008883490673
40,[0.38503048],0.21002444433103026,0.08423679607981005
41,[0.72837329],0.33926832365407195,0.32040242180922723
42,[0.56291325],0.34817889896524346,0.15571517376299826
43,[0.20609409],0.3222010965923028,0.26698169516393855
44,[0.38316056],0.24635615022940122,0.08991522873794211
45,[0.71515731],0.29118826278255794,0.2972515804944015
46,[0.44270399],0.29188902623780927,0.033960326028311116
47,[0.40719807],0.41794802266296804,0.06587771419730803
48,[0.18238972],0.37237843370899687,0.2868775524027558
49,[0.1141614],0.44701432125335855,0.37681658070964985
50,[0.05069852],0.6994110925145502,0.42237726470606407
51,[0.52873074],0.32768284245056367,0.11082500492359926
52,[0.3386765],0.3139259080816368,0.13439929054400768
53,[0.10903429],0.6004283423389396,0.36404149950050724
54,[0.82131395],0.49341512040911384,0.4125702805021978
55,[0.16072395],0.21911933539506548,0.33025402251476366
56,[0.52690098],0.30788724121962774,0.11970290744826251
57,[0.17463135],0.3649445005626525,0.29463593067439986
58,[0.55203444],0.32568332688324597,0.14483636693299773
59,[0.46733237],0.24406072686757402,0.0019349022051110554
60,[0.81966058],0.4626566196256544,0.41091691543416253
61,[0.25897853],0.4272394781402592,0.2102887440152328
62,[0.91137519],0.5308777762935417,0.5041771217154993
63,[0.38920848],0.3672699204047779,0.08005879833356333
64,[0.06815537],0.5579430435245325,0.42282260109705816
65,[0.65106111],0.4071540394500873,0.24231743683915774
66,[0.23219023],0.3483183679682558,0.24088555342376194
67,[0.40065945],0.4426094038281785,0.07241633910752432
68,[0.05230679],0.43609784009824254,0.41696049009371405
69,[0.09431402],0.5228361015351413,0.4009951772420194
