,0,1,2
0,[0.7167737],0.42334240135644735,0.3034489966170997
1,[0.36690049],0.25562747820019693,0.10617529571346096
2,[0.5040094],0.3600850138524795,0.09068469541082491
3,[0.51215556],0.31520367673436833,0.09424982397412329
4,[0.99762843],0.6671364965756931,0.5797226971980906
5,[0.25026675],0.44328276744686923,0.22280904006571767
6,[0.46926728],0.24572397745262275,0.0019349022051110554
7,[0.27696986],0.3610710235012567,0.19610592746079303
8,[0.49097798],0.32192227552529906,0.07307224145104074
9,[0.41790573],0.1833018105067357,0.05136154182544728
10,[0.31028635],0.40527429916691105,0.16088518624990106
11,[0.87393988],0.6400569325548607,0.46519621256893173
12,[0.25002873],0.463211928255166,0.24094924292281528
13,[0.54283092],0.26585336655611547,0.12492518178021139
14,[0.93044107],0.5865033006671159,0.5216974020468487
15,[0.9308054],0.5176092840668122,0.5220617282697932
16,[0.00638322],0.6603505240841296,0.4845947573119317
17,[0.21263253],0.47667909803161096,0.27834544196647226
18,[0.40874367],0.2090459638718194,0.05858870564635543
19,[0.94001659],0.48830854055486644,0.49731259975188147
20,[0.77684824],0.4452410779238535,0.3681045764697233
21,[0.35765615],0.3071107659535313,0.13332182449411523
22,[0.61633381],0.3364093865630172,0.207590138719831
23,[0.88239278],0.6778271708367376,0.4644870504445219
24,[0.83442024],0.4962021230530911,0.42567657204598586
25,[0.69932],0.3331821848905069,0.2814142608561009
26,[0.93205208],0.7125005617618779,0.5233084101064347
27,[0.33813862],0.3651731283033611,0.13493716839441394
28,[0.4953092],0.29292105136448277,0.08656552834811981
29,[0.85210515],0.7296158289708192,0.4433614779890763
30,[0.47307579],0.2601739721550577,0.04277092267433863
31,[0.9000854],0.3553538644889334,0.49134173010222004
32,[0.94890063],0.5901349994925951,0.5401569624452307
33,[0.09448612],0.6097588563044586,0.3785896693396763
34,[0.6122689],0.236136236536895,0.20507082365585216
35,[0.60428488],0.328085837598173,0.1955412098518955
36,[0.14356443],0.3882658667028485,0.3295113561744041
37,[0.22045272],0.6066082907499056,0.2705252564300752
38,[0.27773604],0.4895004825677848,0.19153123855002618
39,[0.26104789],0.39362319759339115,0.22993008883490673
40,[0.38503048],0.22153884344628277,0.08423679607981005
41,[0.72837329],0.3747976246295054,0.32117521955712935
42,[0.56291325],0.4059482067367357,0.15571517376299826
43,[0.20609409],0.2511439125767672,0.26698169516393855
44,[0.38316056],0.2948525211817009,0.08991522873794211
45,[0.71515731],0.29118826278255794,0.2972515804944015
46,[0.44270399],0.37137207037219755,0.024798260002291905
47,[0.40719807],0.49454040368134233,0.06587771419730803
48,[0.18238972],0.39455292104270184,0.2868775524027558
49,[0.1141614],0.5154262147997386,0.37681658070964985
50,[0.05069852],0.5251195664550522,0.42237726470606407
51,[0.52873074],0.34003727369353837,0.11082500492359926
52,[0.3386765],0.28080209071355045,0.13439929054400768
53,[0.10903429],0.6309853725603309,0.36404149950050724
54,[0.82131395],0.49341512040911384,0.4125702805021978
55,[0.16072395],0.24559990932088374,0.33025402251476366
56,[0.52690098],0.29384608765455444,0.11970290744826251
57,[0.17463135],0.3649445005626525,0.29463593067439986
58,[0.55203444],0.32568332688324597,0.14483636693299773
59,[0.46733237],0.2762071149993107,0.024628379618044316
60,[0.81966058],0.4626566196256544,0.41091691543416253
61,[0.25897853],0.4272394781402592,0.2102887440152328
62,[0.91137519],0.5308777762935416,0.5041771217154993
63,[0.38920848],0.3672699204047779,0.08005879833356333
64,[0.06815537],0.6368309421602427,0.4138715067092801
65,[0.65106111],0.3734376378006278,0.24231743683915774
66,[0.23219023],0.18902310255961366,0.24088555342376194
67,[0.40065945],0.46842236929103986,0.07241633910752432
68,[0.05230679],0.36110718874916936,0.41696049009371405
69,[0.09431402],0.618457410620249,0.4009951772420194
