,0,1,2
0,[0.7167737],0.43448122457645655,0.29886796360409007
1,[0.36690049],0.2963325238322065,0.10427104028844231
2,[0.5040094],0.3600850138524795,0.0861036623978153
3,[0.51215556],0.23984820877468166,0.09424982397412329
4,[0.99762843],0.699587256310336,0.5797226971980906
5,[0.25026675],0.44328276744686923,0.24071122884127383
6,[0.46926728],0.33438787361519967,0.02656328182315537
7,[0.27696986],0.31518577413470517,0.19610592746079303
8,[0.49097798],0.3011156094225193,0.07307224145104074
9,[0.41790573],0.1833018105067357,0.05136154182544728
10,[0.31028635],0.3268230173872701,0.1627894416749197
11,[0.87393988],0.6491660933596004,0.46519621256893173
12,[0.25002873],0.5216330190592958,0.22304705414725912
13,[0.54283092],0.26585336655611547,0.1340872478062306
14,[0.93044107],0.5277962570401199,0.5216974020468487
15,[0.9308054],0.5176092840668122,0.5220617282697932
16,[0.00638322],0.5432502775870585,0.4845947573119317
17,[0.21263253],0.6002690145376421,0.27834544196647226
18,[0.40874367],0.1609066440922049,0.05858870564635543
19,[0.94001659],0.41187701003350236,0.49731259975188147
20,[0.77684824],0.36857252534714985,0.3681045764697233
21,[0.35765615],0.32261641587105194,0.13332182449411523
22,[0.61633381],0.22735085878241312,0.207590138719831
23,[0.88239278],0.5175458460380102,0.4644870504445219
24,[0.83442024],0.5443919716376542,0.42567657204598586
25,[0.69932],0.4077592478490094,0.2814142608561009
26,[0.93205208],0.5743263119410076,0.5233084101064347
27,[0.33813862],0.41923593365070594,0.13493716839441394
28,[0.4953092],0.29292105136448277,0.08198449533511021
29,[0.85210515],0.47366369212364756,0.4433614779890763
30,[0.47307579],0.30038278038504146,0.030371792673192677
31,[0.9000854],0.6271492725861156,0.49134173010222004
32,[0.94890063],0.5901349994925951,0.5401569624452307
33,[0.09448612],0.7205072456813103,0.374781158489639
34,[0.6122689],0.236136236536895,0.20429802590795004
35,[0.60428488],0.3936296948479673,0.1955412098518955
36,[0.14356443],0.4900785112994196,0.3295113561744041
37,[0.22045272],0.4988160572425683,0.2705252564300752
38,[0.27773604],0.33010140011110944,0.1953397494000635
39,[0.26104789],0.37482958446621584,0.22993008883490673
40,[0.38503048],0.24081587469104426,0.08423679607981005
41,[0.72837329],0.3747976246295054,0.3196296240613251
42,[0.56291325],0.38070273871799215,0.15494237601509614
43,[0.20609409],0.2530729567191266,0.26698169516393855
44,[0.38316056],0.28470098352829065,0.08991522873794211
45,[0.71515731],0.3302106759086373,0.2972515804944015
46,[0.44270399],0.34953936489071247,0.024798260002291905
47,[0.40719807],0.49158862663752545,0.06587771419730803
48,[0.18238972],0.345374913308911,0.2868775524027558
49,[0.1141614],0.5154262147997386,0.37681658070964985
50,[0.05069852],0.42619133692350275,0.41856875385602677
51,[0.52873074],0.32768284245056367,0.11082500492359926
52,[0.3386765],0.28080209071355045,0.13439929054400768
53,[0.10903429],0.4886655007484409,0.36404149950050724
54,[0.82131395],0.46659767084786774,0.4125702805021978
55,[0.16072395],0.2991800186960029,0.33025402251476366
56,[0.52690098],0.3038041497576902,0.11970290744826251
57,[0.17463135],0.33437662912865845,0.29463593067439986
58,[0.55203444],0.3164141272181168,0.14483636693299773
59,[0.46733237],0.19728387880871007,0.024628379618044316
60,[0.81966058],0.46074459923778316,0.41091691543416253
61,[0.25897853],0.40814298054214665,0.2102887440152328
62,[0.91137519],0.49636510296997616,0.5041771217154993
63,[0.38920848],0.3174650617521655,0.08005879833356333
64,[0.06815537],0.6051890179093882,0.42282260109705816
65,[0.65106111],0.39563167196130394,0.24231743683915774
66,[0.23219023],0.2753120639703332,0.24088555342376194
67,[0.40065945],0.4433512030424856,0.0813674334953024
68,[0.05230679],0.35896565644480466,0.41696049009371405
69,[0.09431402],0.5449197818263718,0.39882956680648946
