,0,1,2
0,[0.7167737],0.19150459420197305,0.3088028273780114
1,[0.36690049],0.4056943655456882,0.14525506701209967
2,[0.5040094],0.242591570463353,0.036677022777479085
3,[0.51215556],0.33531934360515586,0.07411753717696479
4,[0.99762843],0.6606239160598937,0.5843037302111002
5,[0.25026675],0.4217259646734831,0.20475143720154715
6,[0.46926728],0.45833321705789987,0.014249092014133213
7,[0.27696986],0.2433806895594483,0.2140081162363492
8,[0.49097798],0.2667073745616958,0.08223430747705995
9,[0.41790573],0.2912440885592071,0.024798260002291905
10,[0.31028635],0.298166482619011,0.20186921297355842
11,[0.87393988],0.772298541203001,0.466741808064736
12,[0.25002873],0.5464841099097842,0.2192385432972218
13,[0.54283092],0.36121922510955373,0.129506214793221
14,[0.93044107],0.6742941270396947,0.5297816224528692
15,[0.9308054],0.5428061349724747,0.5236073237655975
16,[0.00638322],0.8068640534007802,0.4862324541856949
17,[0.21263253],0.302336650911024,0.2693943475786942
18,[0.40874367],0.4033845922318681,0.09282309873860117
19,[0.94001659],0.582892032489277,0.47268422013383715
20,[0.77684824],0.36585008851726625,0.3465433804425581
21,[0.35765615],0.44369052852410074,0.11541963571855907
22,[0.61633381],0.3387897730928414,0.2030091057068214
23,[0.88239278],0.5039819220537326,0.4644870504445219
24,[0.83442024],0.47389981251834445,0.426449369793888
25,[0.69932],0.4210673636673469,0.23198762123576466
26,[0.93205208],0.6398304391615743,0.5141463440804155
27,[0.33813862],0.3680764426908931,0.17401693969305265
28,[0.4953092],0.43553917924077024,0.0913804362990322
29,[0.85210515],0.48179045187452607,0.4474035881920866
30,[0.47307579],0.31474117868453655,0.06914702665241618
31,[0.9000854],0.6837812320747116,0.49942595050824057
32,[0.94890063],0.7115392738975164,0.5401569624452307
33,[0.09448612],0.610065870646865,0.40300756858861975
34,[0.6122689],0.26624495438577667,0.20352522816004792
35,[0.60428488],0.4387323786105595,0.20035611780280788
36,[0.14356443],0.7018221866269468,0.3685911274730428
37,[0.22045272],0.5393534903555782,0.27485647730113505
38,[0.27773604],0.3266611015022549,0.19153123855002618
39,[0.26104789],0.2852265009579531,0.19397029719518005
40,[0.38503048],0.3868109322225236,0.08423679607981005
41,[0.72837329],0.39675494560517277,0.3150485910483155
42,[0.56291325],0.3383579114762446,0.09558087262083859
43,[0.20609409],0.29012837041090334,0.26317318431390124
44,[0.38316056],0.3081155996716206,0.10103193356125012
45,[0.71515731],0.47932323694864526,0.2972515804944015
46,[0.44270399],0.2868818244580728,0.03473312377621324
47,[0.40719807],0.46998847462207854,0.0837799029728642
48,[0.18238972],0.5012473310710603,0.2906860632527931
49,[0.1141614],0.6910433823719803,0.38549790161856706
50,[0.05069852],0.769504867274276,0.42237726470606407
51,[0.52873074],0.37364881443773895,0.11998707094961847
52,[0.3386765],0.44459134826166025,0.15881718979295112
53,[0.10903429],0.5816247721767147,0.36023298865046993
54,[0.82131395],0.4014470955138908,0.4125702805021978
55,[0.16072395],0.4735167784804058,0.30660842068405914
56,[0.52690098],0.23782466803698651,0.059568606306102834
57,[0.17463135],0.5286854752968333,0.3163466302999933
58,[0.55203444],0.38761042196413076,0.1440635691850956
59,[0.46733237],0.22331493750473014,0.01686011787845637
60,[0.81966058],0.3506205827559571,0.3523282097878071
61,[0.25897853],0.43982726096012686,0.19603965200109957
62,[0.91137519],0.7077320503108437,0.5041771217154993
63,[0.38920848],0.3258571515301284,0.08196305375858198
64,[0.06815537],0.6425796797430794,0.4440001836201407
65,[0.65106111],0.2550864484652259,0.23315537081313853
66,[0.23219023],0.3236639063143161,0.23801384689618776
67,[0.40065945],0.42781702239915076,0.0813674334953024
68,[0.05230679],0.7584247937634823,0.44083680015483745
69,[0.09431402],0.6883439285410924,0.373018354540255
