,0,1,2
0,[0.7167737],0.38108488554366887,0.29886796360409007
1,[0.36690049],0.3193622973623884,0.10617529571346096
2,[0.5040094],0.4024136741962529,0.0861036623978153
3,[0.51215556],0.30979828070388515,0.09424982397412329
4,[0.99762843],0.7126079570685065,0.5797226971980906
5,[0.25026675],0.44328276744686923,0.24071122884127383
6,[0.46926728],0.28008742901766726,0.02656328182315537
7,[0.27696986],0.483102183592897,0.19610592746079303
8,[0.49097798],0.321736547847394,0.07307224145104074
9,[0.41790573],0.2010671974092023,0.05136154182544728
10,[0.31028635],0.34533673310372903,0.1589809308248824
11,[0.87393988],0.6197887949846519,0.46519621256893173
12,[0.25002873],0.3946072687525848,0.24094924292281528
13,[0.54283092],0.2700957893005752,0.12492518178021139
14,[0.93044107],0.42509116849428324,0.5216974020468487
15,[0.9308054],0.4062724435179031,0.5220617282697932
16,[0.00638322],0.6728956588972216,0.4845947573119317
17,[0.21263253],0.6002690145376421,0.2604432531909161
18,[0.40874367],0.1609066440922049,0.05858870564635543
19,[0.94001659],0.4881659229942577,0.49731259975188147
20,[0.77684824],0.36857252534714985,0.3681045764697233
21,[0.35765615],0.40669585961957894,0.13332182449411523
22,[0.61633381],0.1907363008647289,0.207590138719831
23,[0.88239278],0.5075857440722039,0.4644870504445219
24,[0.83442024],0.39806159850624406,0.42567657204598586
25,[0.69932],0.4077592478490094,0.2814142608561009
26,[0.93205208],0.4400338042988846,0.5233084101064347
27,[0.33813862],0.41923593365070594,0.13493716839441394
28,[0.4953092],0.28597201615199125,0.0774034623221006
29,[0.85210515],0.4667576634584269,0.4433614779890763
30,[0.47307579],0.3009452518860102,0.030371792673192677
31,[0.9000854],0.6484421329915447,0.49134173010222004
32,[0.94890063],0.5901349994925951,0.5401569624452307
33,[0.09448612],0.7205072456813103,0.374781158489639
34,[0.6122689],0.34617751349198594,0.20429802590795004
35,[0.60428488],0.39884393398994755,0.1955412098518955
36,[0.14356443],0.510979165082168,0.3295113561744041
37,[0.22045272],0.40551466704370354,0.2705252564300752
38,[0.27773604],0.5121618630427519,0.1953397494000635
39,[0.26104789],0.49963256687290614,0.22993008883490673
40,[0.38503048],0.21381235429095846,0.08423679607981005
41,[0.72837329],0.4627026735446414,0.3196296240613251
42,[0.56291325],0.3873750250304037,0.15416957826719402
43,[0.20609409],0.31458519115936,0.26698169516393855
44,[0.38316056],0.24212298681718886,0.08991522873794211
45,[0.71515731],0.3512009777886382,0.2972515804944015
46,[0.44270399],0.2821756022529932,0.024798260002291905
47,[0.40719807],0.39576008616886416,0.06587771419730803
48,[0.18238972],0.3315623424536119,0.2868775524027558
49,[0.1141614],0.5154262147997386,0.3589143919340937
50,[0.05069852],0.49055898037275025,0.42237726470606407
51,[0.52873074],0.3002426509445319,0.11082500492359926
52,[0.3386765],0.19900565453244062,0.13439929054400768
53,[0.10903429],0.4886655007484409,0.36404149950050724
54,[0.82131395],0.5386859093193717,0.4125702805021978
55,[0.16072395],0.44125818245840637,0.33025402251476366
56,[0.52690098],0.27659544025367155,0.11815731195245827
57,[0.17463135],0.4058750937622069,0.29463593067439986
58,[0.55203444],0.3162608916059709,0.14483636693299773
59,[0.46733237],0.11939870527497225,0.024628379618044316
60,[0.81966058],0.4421714175314511,0.41091691543416253
61,[0.25897853],0.23267693285792204,0.2140972548652701
62,[0.91137519],0.49256917200488637,0.5041771217154993
63,[0.38920848],0.3916687111287935,0.08005879833356333
64,[0.06815537],0.687446188875503,0.42282260109705816
65,[0.65106111],0.4071540394500873,0.24231743683915774
66,[0.23219023],0.38494317550857,0.24088555342376194
67,[0.40065945],0.44574216643420017,0.07241633910752432
68,[0.05230679],0.3713794971142588,0.41696049009371405
69,[0.09431402],0.4599230358162852,0.3966639563709595
