,0,1,2
0,[0.7167737],0.423490465555539,0.29886796360409007
1,[0.36690049],0.301952077617974,0.10236678486342365
2,[0.5040094],0.3221038310479677,0.0861036623978153
3,[0.51215556],0.2897396015273666,0.09424982397412329
4,[0.99762843],0.7126079570685065,0.5888847632241098
5,[0.25026675],0.47995459448823485,0.24071122884127383
6,[0.46926728],0.22390419539472534,0.02656328182315537
7,[0.27696986],0.41149962161063974,0.19610592746079303
8,[0.49097798],0.30111560942251925,0.07307224145104074
9,[0.41790573],0.17433717363597828,0.04942663962033622
10,[0.31028635],0.3268230173872701,0.1589809308248824
11,[0.87393988],0.6197887949846519,0.46519621256893173
12,[0.25002873],0.4816908443848085,0.24094924292281528
13,[0.54283092],0.25288325346621704,0.12492518178021139
14,[0.93044107],0.6254163718783988,0.5216974020468487
15,[0.9308054],0.4392660348632772,0.5220617282697932
16,[0.00638322],0.6408955611043384,0.46669256853637553
17,[0.21263253],0.4676596676297457,0.2604432531909161
18,[0.40874367],0.1794214844754089,0.05858870564635543
19,[0.94001659],0.45000129150301127,0.49731259975188147
20,[0.77684824],0.41559716979026107,0.3681045764697233
21,[0.35765615],0.37377998995764383,0.13332182449411523
22,[0.61633381],0.444157671313502,0.207590138719831
23,[0.88239278],0.4315700114957428,0.4644870504445219
24,[0.83442024],0.44186170434938016,0.42567657204598586
25,[0.69932],0.41238792424553194,0.2814142608561009
26,[0.93205208],0.3818364937398765,0.5233084101064347
27,[0.33813862],0.397111332706119,0.13493716839441394
28,[0.4953092],0.22837642131957994,0.08656552834811981
29,[0.85210515],0.47366369212364756,0.4433614779890763
30,[0.47307579],0.26526998049785505,0.030371792673192677
31,[0.9000854],0.5993133235933839,0.49134173010222004
32,[0.94890063],0.5871909458736158,0.5401569624452307
33,[0.09448612],0.7205072456813103,0.374781158489639
34,[0.6122689],0.3220494867130416,0.20429802590795004
35,[0.60428488],0.4113498661920406,0.1955412098518955
36,[0.14356443],0.5141466290098281,0.3295113561744041
37,[0.22045272],0.4988160572425683,0.2705252564300752
38,[0.27773604],0.4355694820243775,0.1953397494000635
39,[0.26104789],0.5712780319628569,0.22993008883490673
40,[0.38503048],0.12986776057841565,0.08423679607981005
41,[0.72837329],0.4627026735446414,0.3196296240613251
42,[0.56291325],0.3441715706910701,0.15416957826719402
43,[0.20609409],0.4022396128073534,0.26698169516393855
44,[0.38316056],0.24237232318451712,0.08991522873794211
45,[0.71515731],0.3512009777886382,0.2972515804944015
46,[0.44270399],0.3150740851478745,0.024798260002291905
47,[0.40719807],0.28846890899977895,0.07482880858508612
48,[0.18238972],0.4197938422237417,0.2868775524027558
49,[0.1141614],0.455858309678524,0.37681658070964985
50,[0.05069852],0.4780125401654745,0.41856875385602677
51,[0.52873074],0.30024265094453184,0.11082500492359926
52,[0.3386765],0.19726561451729768,0.13439929054400768
53,[0.10903429],0.6085070736258764,0.36023298865046993
54,[0.82131395],0.5386859093193717,0.4125702805021978
55,[0.16072395],0.42316300123826983,0.33025402251476366
56,[0.52690098],0.3419928461102225,0.11815731195245827
57,[0.17463135],0.4058750937622069,0.29463593067439986
58,[0.55203444],0.3649455620958514,0.14483636693299773
59,[0.46733237],0.18824031041324807,0.024628379618044316
60,[0.81966058],0.5738077324966584,0.41091691543416253
61,[0.25897853],0.4677043037694693,0.2140972548652701
62,[0.91137519],0.55447234616956,0.5041771217154993
63,[0.38920848],0.3576181423961855,0.08005879833356333
64,[0.06815537],0.5183400935918299,0.42282260109705816
65,[0.65106111],0.4071540394500873,0.24231743683915774
66,[0.23219023],0.36915144496143204,0.24088555342376194
67,[0.40065945],0.4823471275953759,0.09031852788308048
68,[0.05230679],0.42490472591365264,0.41696049009371405
69,[0.09431402],0.4599230358162852,0.3966639563709595
