,0,1,2
0,[0.7167737],0.423490465555539,0.29886796360409007
1,[0.36690049],0.301952077617974,0.10236678486342365
2,[0.5040094],0.26431273325976073,0.0861036623978153
3,[0.51215556],0.2356222733122501,0.09424982397412329
4,[0.99762843],0.662527625619471,0.5888847632241098
5,[0.25026675],0.36908670132395505,0.24071122884127383
6,[0.46926728],0.22390419539472534,0.02656328182315537
7,[0.27696986],0.34704668520147103,0.19610592746079303
8,[0.49097798],0.30330308959606755,0.07307224145104074
9,[0.41790573],0.24775474691590435,0.04942663962033622
10,[0.31028635],0.3333119298982529,0.16088518624990106
11,[0.87393988],0.6433945626867181,0.46519621256893173
12,[0.25002873],0.3946072687525848,0.24094924292281528
13,[0.54283092],0.26590096937242375,0.129506214793221
14,[0.93044107],0.5174920549845269,0.5216974020468487
15,[0.9308054],0.5176092840668122,0.5220617282697932
16,[0.00638322],0.579757660885065,0.46669256853637553
17,[0.21263253],0.4676596676297457,0.2604432531909161
18,[0.40874367],0.16053265973058595,0.05858870564635543
19,[0.94001659],0.45000129150301127,0.49731259975188147
20,[0.77684824],0.3638346622227825,0.3681045764697233
21,[0.35765615],0.40669585961957894,0.13332182449411523
22,[0.61633381],0.374285256368439,0.207590138719831
23,[0.88239278],0.5387355230438798,0.4644870504445219
24,[0.83442024],0.47010819623633804,0.42567657204598586
25,[0.69932],0.3502618030484572,0.2814142608561009
26,[0.93205208],0.356643173402845,0.5233084101064347
27,[0.33813862],0.397111332706119,0.13493716839441394
28,[0.4953092],0.28035897523165265,0.0774034623221006
29,[0.85210515],0.4667576634584269,0.4433614779890763
30,[0.47307579],0.30038278038504146,0.030371792673192677
31,[0.9000854],0.560690616987642,0.49134173010222004
32,[0.94890063],0.4964151540603763,0.5401569624452307
33,[0.09448612],0.6633733860747075,0.37668541391465765
34,[0.6122689],0.3220494867130416,0.20352522816004792
35,[0.60428488],0.34835021263416327,0.1955412098518955
36,[0.14356443],0.4175532127612923,0.3295113561744041
37,[0.22045272],0.4119080030445465,0.2705252564300752
38,[0.27773604],0.514571648816339,0.1953397494000635
39,[0.26104789],0.5892902811063563,0.22993008883490673
40,[0.38503048],0.20323546623122474,0.08423679607981005
41,[0.72837329],0.3093613420334588,0.3196296240613251
42,[0.56291325],0.3481410458233321,0.15416957826719402
43,[0.20609409],0.3789582673626283,0.2650774397389199
44,[0.38316056],0.2307498836770166,0.08991522873794211
45,[0.71515731],0.29895332136688013,0.2972515804944015
46,[0.44270399],0.3367201229544599,0.024798260002291905
47,[0.40719807],0.3506742358601266,0.06587771419730803
48,[0.18238972],0.4247195181473506,0.2868775524027558
49,[0.1141614],0.5395154120878652,0.37681658070964985
50,[0.05069852],0.4159190285584133,0.41856875385602677
51,[0.52873074],0.30024265094453184,0.11082500492359926
52,[0.3386765],0.27822085486811776,0.13439929054400768
53,[0.10903429],0.5684186173007478,0.36404149950050724
54,[0.82131395],0.4823293034865562,0.4125702805021978
55,[0.16072395],0.37870127925133457,0.33025402251476366
56,[0.52690098],0.29384608765455444,0.11815731195245827
57,[0.17463135],0.4066880758741635,0.29463593067439986
58,[0.55203444],0.27561165904677826,0.1432907714371935
59,[0.46733237],0.26844205641498853,0.024628379618044316
60,[0.81966058],0.5738077324966585,0.41091691543416253
61,[0.25897853],0.4677043037694693,0.2140972548652701
62,[0.91137519],0.504482893266107,0.5041771217154993
63,[0.38920848],0.44551496545839286,0.08005879833356333
64,[0.06815537],0.6227096314634306,0.42282260109705816
65,[0.65106111],0.36866658997158236,0.24231743683915774
66,[0.23219023],0.25852667605332247,0.24088555342376194
67,[0.40065945],0.4627557653831211,0.0813674334953024
68,[0.05230679],0.4896230688976364,0.41696049009371405
69,[0.09431402],0.620662104081434,0.3966639563709595
