,0,1,2
0,[0.7167737],0.4023199446863611,0.29886796360409007
1,[0.36690049],0.2775943018146782,0.10236678486342365
2,[0.5040094],0.2887040930842322,0.09526572842383452
3,[0.51215556],0.23061909646173193,0.0988308569871329
4,[0.99762843],0.6356933042646029,0.5888847632241098
5,[0.25026675],0.4355243257110472,0.24071122884127383
6,[0.46926728],0.26752148205995635,0.05136154182544728
7,[0.27696986],0.46678856696334287,0.19610592746079303
8,[0.49097798],0.3221504188085779,0.07307224145104074
9,[0.41790573],0.24675634888408923,0.05136154182544728
10,[0.31028635],0.3503289183036151,0.1627894416749197
11,[0.87393988],0.6189720284224365,0.46519621256893173
12,[0.25002873],0.3946072687525848,0.24094924292281528
13,[0.54283092],0.25288325346621704,0.12492518178021139
14,[0.93044107],0.5174920549845269,0.5125353360208295
15,[0.9308054],0.4511253832879967,0.5220617282697932
16,[0.00638322],0.6061437114383614,0.46669256853637553
17,[0.21263253],0.5230715377020347,0.2604432531909161
18,[0.40874367],0.2539406792402386,0.05858870564635543
19,[0.94001659],0.6020042339412144,0.5221108597541734
20,[0.77684824],0.41169366325509005,0.3681045764697233
21,[0.35765615],0.47276752862624843,0.13332182449411523
22,[0.61633381],0.374285256368439,0.207590138719831
23,[0.88239278],0.5387355230438798,0.4644870504445219
24,[0.83442024],0.38668849536607175,0.42567657204598586
25,[0.69932],0.3875724273477285,0.2814142608561009
26,[0.93205208],0.490521810083784,0.5233084101064347
27,[0.33813862],0.41923593365070594,0.13493716839441394
28,[0.4953092],0.33846784771361843,0.08198449533511021
29,[0.85210515],0.46889621362748884,0.4433614779890763
30,[0.47307579],0.3065268778986955,0.030371792673192677
31,[0.9000854],0.4257074399871218,0.49134173010222004
32,[0.94890063],0.5517810875859627,0.5401569624452307
33,[0.09448612],0.7205072456813102,0.3785896693396763
34,[0.6122689],0.3077236843297907,0.20352522816004792
35,[0.60428488],0.33124536519917386,0.1955412098518955
36,[0.14356443],0.5457201188320262,0.3295113561744041
37,[0.22045272],0.5498579724734277,0.2705252564300752
38,[0.27773604],0.47274450197321194,0.1953397494000635
39,[0.26104789],0.6699545489377196,0.22993008883490673
40,[0.38503048],0.09882312057726612,0.08423679607981005
41,[0.72837329],0.40636180400442734,0.3196296240613251
42,[0.56291325],0.3966356119465329,0.15416957826719402
43,[0.20609409],0.4460904924234012,0.26698169516393855
44,[0.38316056],0.3603007175521653,0.08991522873794211
45,[0.71515731],0.3833780938788034,0.2972515804944015
46,[0.44270399],0.28710193197674705,0.024798260002291905
47,[0.40719807],0.33061913957451444,0.06587771419730803
48,[0.18238972],0.5135280822620185,0.2868775524027558
49,[0.1141614],0.36817259541281,0.3589143919340937
50,[0.05069852],0.5717323855976932,0.41856875385602677
51,[0.52873074],0.3511755846399368,0.11082500492359926
52,[0.3386765],0.31382740544259197,0.13439929054400768
53,[0.10903429],0.4117908489405499,0.36023298865046993
54,[0.82131395],0.5326373473069962,0.4125702805021978
55,[0.16072395],0.42316300123826983,0.33025402251476366
56,[0.52690098],0.34973259154899006,0.11970290744826251
57,[0.17463135],0.5361762526839804,0.29463593067439986
58,[0.55203444],0.33461022309296845,0.1432907714371935
59,[0.46733237],0.3002998122700206,0.024628379618044316
60,[0.81966058],0.6385117415836687,0.41091691543416253
61,[0.25897853],0.4677043037694693,0.2140972548652701
62,[0.91137519],0.6233745974703094,0.5041771217154993
63,[0.38920848],0.30412386835101907,0.08005879833356333
64,[0.06815537],0.6227096314634306,0.42282260109705816
65,[0.65106111],0.3686665899715824,0.23773640382614813
66,[0.23219023],0.36124751685684287,0.24088555342376194
67,[0.40065945],0.28133564623204343,0.07241633910752432
68,[0.05230679],0.4278487795326319,0.41696049009371405
69,[0.09431402],0.4599230358162852,0.37876176759540336
