,0,1,2
0,[0.7167737],0.3786751892642588,0.29886796360409007
1,[0.36690049],0.20220298393350794,0.10236678486342365
2,[0.5040094],0.33689659448629505,0.09526572842383452
3,[0.51215556],0.3085886967930168,0.1034118900001425
4,[0.99762843],0.7371926391270145,0.5888847632241098
5,[0.25026675],0.43552432571104716,0.24071122884127383
6,[0.46926728],0.2395592777530781,0.05136154182544728
7,[0.27696986],0.3998195630626711,0.19610592746079303
8,[0.49097798],0.2986537275855673,0.07307224145104074
9,[0.41790573],0.18879559894239345,0.05136154182544728
10,[0.31028635],0.24952177872995787,0.1627894416749197
11,[0.87393988],0.6433945626867181,0.46519621256893173
12,[0.25002873],0.4816908443848085,0.24094924292281528
13,[0.54283092],0.29141830576103034,0.129506214793221
14,[0.93044107],0.5208617654522861,0.5216974020468487
15,[0.9308054],0.4511253832879967,0.5220617282697932
16,[0.00638322],0.5741436136454784,0.46669256853637553
17,[0.21263253],0.5230715377020347,0.2604432531909161
18,[0.40874367],0.1917124521699493,0.05858870564635543
19,[0.94001659],0.5224141454454612,0.5221108597541734
20,[0.77684824],0.49651758836095883,0.3681045764697233
21,[0.35765615],0.4204542086529526,0.13332182449411523
22,[0.61633381],0.35068132147195846,0.207590138719831
23,[0.88239278],0.6573608458744484,0.4736491164705411
24,[0.83442024],0.3744168430841418,0.42567657204598586
25,[0.69932],0.3384436179495678,0.2814142608561009
26,[0.93205208],0.6564420990979539,0.5233084101064347
27,[0.33813862],0.3553400260100365,0.13493716839441394
28,[0.4953092],0.20691753282553674,0.0774034623221006
29,[0.85210515],0.4633257589713876,0.4433614779890763
30,[0.47307579],0.29471692668875826,0.030371792673192677
31,[0.9000854],0.5793237891592837,0.49134173010222004
32,[0.94890063],0.5432186197930748,0.5401569624452307
33,[0.09448612],0.7205072456813103,0.3785896693396763
34,[0.6122689],0.30772368432979075,0.20352522816004792
35,[0.60428488],0.4366847762732857,0.1955412098518955
36,[0.14356443],0.4470749381631152,0.3295113561744041
37,[0.22045272],0.4383678963123727,0.2705252564300752
38,[0.27773604],0.4951533215964973,0.1953397494000635
39,[0.26104789],0.6699545489377196,0.22097899444712865
40,[0.38503048],0.11569260703778654,0.08423679607981005
41,[0.72837329],0.4986532112053679,0.3196296240613251
42,[0.56291325],0.39540814742138103,0.15416957826719402
43,[0.20609409],0.31705509319795466,0.26317318431390124
44,[0.38316056],0.2952590708911721,0.08801097331292346
45,[0.71515731],0.3263895638392745,0.2972515804944015
46,[0.44270399],0.2998179694465935,0.024798260002291905
47,[0.40719807],0.3757049898832519,0.06587771419730803
48,[0.18238972],0.46611267374727355,0.2868775524027558
49,[0.1141614],0.46413263599546434,0.37681658070964985
50,[0.05069852],0.5717323855976932,0.42237726470606407
51,[0.52873074],0.3296722414004992,0.11082500492359926
52,[0.3386765],0.31520492180967885,0.13439929054400768
53,[0.10903429],0.3502869969218444,0.36404149950050724
54,[0.82131395],0.5655841546529349,0.4125702805021978
55,[0.16072395],0.49730574894687996,0.33025402251476366
56,[0.52690098],0.27137192969177903,0.11970290744826251
57,[0.17463135],0.5979713871054527,0.29463593067439986
58,[0.55203444],0.3565441154261818,0.14483636693299773
59,[0.46733237],0.30614994444462573,0.024628379618044316
60,[0.81966058],0.6065116437907856,0.4124625109299668
61,[0.25897853],0.3778965801088428,0.21219299944025144
62,[0.91137519],0.6646314948711499,0.5041771217154993
63,[0.38920848],0.23839104669369543,0.08005879833356333
64,[0.06815537],0.4615897753153521,0.42282260109705816
65,[0.65106111],0.4071540394500873,0.23315537081313853
66,[0.23219023],0.36915144496143204,0.24088555342376194
67,[0.40065945],0.24289290863819968,0.07241633910752432
68,[0.05230679],0.4183868701855424,0.41696049009371405
69,[0.09431402],0.7791644148474515,0.37876176759540336
