,0,1,2
0,[0.7167737],0.4023199446863611,0.29886796360409007
1,[0.36690049],0.20220298393350794,0.10236678486342365
2,[0.5040094],0.336896594486295,0.09526572842383452
3,[0.51215556],0.27602700389835666,0.1034118900001425
4,[0.99762843],0.7371926391270145,0.5888847632241098
5,[0.25026675],0.4355243257110472,0.23176013445349575
6,[0.46926728],0.249920782932917,0.05136154182544728
7,[0.27696986],0.399819563062671,0.19610592746079303
8,[0.49097798],0.3117731391807813,0.07307224145104074
9,[0.41790573],0.18879559894239345,0.05136154182544728
10,[0.31028635],0.24952177872995787,0.1627894416749197
11,[0.87393988],0.5287200920059517,0.46519621256893173
12,[0.25002873],0.4922160307981553,0.24094924292281528
13,[0.54283092],0.2941997842039844,0.129506214793221
14,[0.93044107],0.5208617654522861,0.5216974020468487
15,[0.9308054],0.4511253832879967,0.5220617282697932
16,[0.00638322],0.5741436136454783,0.46669256853637553
17,[0.21263253],0.4658828602967381,0.2604432531909161
18,[0.40874367],0.0954194055510538,0.05858870564635543
19,[0.94001659],0.5902869349412853,0.5221108597541734
20,[0.77684824],0.397365274102315,0.3681045764697233
21,[0.35765615],0.4204542086529526,0.13332182449411523
22,[0.61633381],0.35068132147195846,0.207590138719831
23,[0.88239278],0.6573608458744484,0.4736491164705411
24,[0.83442024],0.4128066513048658,0.42567657204598586
25,[0.69932],0.3812452411968376,0.2814142608561009
26,[0.93205208],0.6564420990979539,0.5233084101064347
27,[0.33813862],0.3613975537063295,0.13493716839441394
28,[0.4953092],0.22837642131957994,0.0774034623221006
29,[0.85210515],0.4633257589713876,0.4433614779890763
30,[0.47307579],0.29460935111867703,0.030371792673192677
31,[0.9000854],0.6658744599292631,0.49134173010222004
32,[0.94890063],0.5432186197930748,0.5401569624452307
33,[0.09448612],0.7205072456813103,0.374781158489639
34,[0.6122689],0.30772368432979075,0.20352522816004792
35,[0.60428488],0.45900637110843323,0.1955412098518955
36,[0.14356443],0.5004712771959029,0.3295113561744041
37,[0.22045272],0.48198518297760373,0.2705252564300752
38,[0.27773604],0.5613751145490375,0.1953397494000635
39,[0.26104789],0.6699545489377196,0.22097899444712865
40,[0.38503048],0.11569260703778654,0.08423679607981005
41,[0.72837329],0.4151193230777048,0.3196296240613251
42,[0.56291325],0.39540814742138103,0.15416957826719402
43,[0.20609409],0.31705509319795466,0.26317318431390124
44,[0.38316056],0.2952590708911721,0.08991522873794211
45,[0.71515731],0.3577987695632287,0.2972515804944015
46,[0.44270399],0.29981796944659345,0.024798260002291905
47,[0.40719807],0.3757049898832519,0.0837799029728642
48,[0.18238972],0.46611267374727355,0.2868775524027558
49,[0.1141614],0.46413263599546434,0.37681658070964985
50,[0.05069852],0.5078064607854282,0.41856875385602677
51,[0.52873074],0.3837895696156157,0.11082500492359926
52,[0.3386765],0.31520492180967885,0.13439929054400768
53,[0.10903429],0.35028699692184434,0.36023298865046993
54,[0.82131395],0.5559010840266219,0.4125702805021978
55,[0.16072395],0.49730574894687984,0.33025402251476366
56,[0.52690098],0.27137192969177903,0.11970290744826251
57,[0.17463135],0.5979713871054527,0.29463593067439986
58,[0.55203444],0.3198597117871138,0.14483636693299773
59,[0.46733237],0.30614994444462573,0.024628379618044316
60,[0.81966058],0.6065116437907856,0.4124625109299668
61,[0.25897853],0.37789658010884286,0.2102887440152328
62,[0.91137519],0.6646314948711499,0.5041771217154993
63,[0.38920848],0.23839104669369537,0.08005879833356333
64,[0.06815537],0.6066246685298191,0.42282260109705816
65,[0.65106111],0.36866658997158236,0.23315537081313853
66,[0.23219023],0.2523132931233291,0.24088555342376194
67,[0.40065945],0.24289290863819968,0.07241633910752432
68,[0.05230679],0.3453562773466385,0.41696049009371405
69,[0.09431402],0.7791644148474515,0.37876176759540336
