,0,1,2
0,[0.7167737],0.34406004306690907,0.3088028273780114
1,[0.36690049],0.3192163021625348,0.12407748448901712
2,[0.5040094],0.30201498674073585,0.07370453239666935
3,[0.51215556],0.306750344190318,0.09424982397412329
4,[0.99762843],0.7275343895438203,0.5843037302111002
5,[0.25026675],0.536702059740693,0.22090478464069901
6,[0.46926728],0.44262892643343993,0.009887898710241205
7,[0.27696986],0.48538455794809554,0.2140081162363492
8,[0.49097798],0.2905914361933529,0.047391470538317104
9,[0.41790573],0.2078920050322505,0.024798260002291905
10,[0.31028635],0.35600486256338754,0.18720734092386315
11,[0.87393988],0.6067999234868989,0.46138797730382425
12,[0.25002873],0.48487841832124945,0.22304705414725912
13,[0.54283092],0.3746167262769452,0.12492518178021139
14,[0.93044107],0.6749062032952212,0.504717239032693
15,[0.9308054],0.5493560335746788,0.512899662243774
16,[0.00638322],0.7439992584867241,0.4862324541856949
17,[0.21263253],0.37956179353598235,0.25853899776589745
18,[0.40874367],0.3481930433524737,0.0643321187015038
19,[0.94001659],0.582892032489277,0.4717167690312816
20,[0.77684824],0.40708539612241557,0.36352354345671367
21,[0.35765615],0.4504191551905888,0.11541963571855907
22,[0.61633381],0.3245134189964694,0.207590138719831
23,[0.88239278],0.47142022915907245,0.4736491164705411
24,[0.83442024],0.4885203744207489,0.4272221675417901
25,[0.69932],0.38900221411677977,0.2814142608561009
26,[0.93205208],0.6836305450047104,0.4893480840781236
27,[0.33813862],0.28895435751964615,0.17401693969305265
28,[0.4953092],0.2570765843258741,0.08656552834811981
29,[0.85210515],0.5932700448624522,0.4474035881920866
30,[0.47307579],0.29720853683477594,0.0643321187015038
31,[0.9000854],0.7006067957977884,0.49942595050824057
32,[0.94890063],0.7637547104996596,0.541702557941035
33,[0.09448612],0.51375221928709,0.3875407637274544
34,[0.6122689],0.38186810268000027,0.20352522816004792
35,[0.60428488],0.4387323786105595,0.19708680534769973
36,[0.14356443],0.640765367841381,0.3604449658967348
37,[0.22045272],0.4947049111255616,0.27485647730113505
38,[0.27773604],0.48326668340142004,0.19153123855002618
39,[0.26104789],0.28943029584523383,0.20821938920931327
40,[0.38503048],0.3774671548974415,0.09509214589260678
41,[0.72837329],0.4555051365201958,0.32117521955712935
42,[0.56291325],0.3019474228790214,0.15416957826719402
43,[0.20609409],0.3696169522041054,0.26317318431390124
44,[0.38316056],0.3238091535631792,0.10103193356125012
45,[0.71515731],0.4182533639036068,0.2972515804944015
46,[0.44270399],0.260601429370458,0.033960326028311116
47,[0.40719807],0.3362859246857339,0.06587771419730803
48,[0.18238972],0.5772630636475216,0.28494265019764475
49,[0.1141614],0.544094712734109,0.3789821911451798
50,[0.05069852],0.6959264372737561,0.4052871129444491
51,[0.52873074],0.4177875612753481,0.11082500492359926
52,[0.3386765],0.45593665159107877,0.15881718979295112
53,[0.10903429],0.6883525792600761,0.36404149950050724
54,[0.82131395],0.44440865054720424,0.4125702805021978
55,[0.16072395],0.5230216017792311,0.30660842068405914
56,[0.52690098],0.2866971634472657,0.10899524592643905
57,[0.17463135],0.39645624250813494,0.3163466302999933
58,[0.55203444],0.4388813224511277,0.14483636693299773
59,[0.46733237],0.23219192936310296,0.005743413055148361
60,[0.81966058],0.5144322459724421,0.3523282097878071
61,[0.25897853],0.39667712302446245,0.2102887440152328
62,[0.91137519],0.7422072293453864,0.5041771217154993
63,[0.38920848],0.20824880155122755,0.08196305375858198
64,[0.06815537],0.6085291110104714,0.427153821968118
65,[0.65106111],0.3299961723948877,0.20835711081084662
66,[0.23219023],0.38445235764108376,0.23514214036861358
67,[0.40065945],0.437352971517391,0.07241633910752432
68,[0.05230679],0.6039778431400837,0.4386711897193075
69,[0.09431402],0.5175084595702373,0.3768575121703847
