,0,1,2
0,[0.7167737],0.4023199446863611,0.3034489966170997
1,[0.36690049],0.20910901259872858,0.10236678486342365
2,[0.5040094],0.336896594486295,0.09526572842383452
3,[0.51215556],0.27602700389835666,0.1034118900001425
4,[0.99762843],0.503431834852934,0.5888847632241098
5,[0.25026675],0.4355243257110472,0.22280904006571767
6,[0.46926728],0.249920782932917,0.05136154182544728
7,[0.27696986],0.3623348522669141,0.19610592746079303
8,[0.49097798],0.29865372758556724,0.07307224145104074
9,[0.41790573],0.18879559894239345,0.05136154182544728
10,[0.31028635],0.4303442395656668,0.1627894416749197
11,[0.87393988],0.48110093762322936,0.46519621256893173
12,[0.25002873],0.4816908443848085,0.24094924292281528
13,[0.54283092],0.2941997842039844,0.129506214793221
14,[0.93044107],0.5208617654522861,0.5216974020468487
15,[0.9308054],0.42410533425522356,0.5220617282697932
16,[0.00638322],0.5741436136454783,0.46669256853637553
17,[0.21263253],0.4658828602967381,0.2604432531909161
18,[0.40874367],0.12062979513813835,0.05858870564635543
19,[0.94001659],0.5974047967945344,0.5221108597541734
20,[0.77684824],0.49651758836095883,0.3681045764697233
21,[0.35765615],0.38753833899101753,0.13332182449411523
22,[0.61633381],0.35068132147195846,0.207590138719831
23,[0.88239278],0.5387355230438798,0.4736491164705411
24,[0.83442024],0.3329349337719294,0.42567657204598586
25,[0.69932],0.3766165648003151,0.2814142608561009
26,[0.93205208],0.6564420990979539,0.5233084101064347
27,[0.33813862],0.426072435114221,0.13493716839441394
28,[0.4953092],0.22837642131957994,0.0774034623221006
29,[0.85210515],0.46332575897138756,0.4341994119630571
30,[0.47307579],0.29460935111867703,0.030371792673192677
31,[0.9000854],0.6660404487307547,0.49134173010222004
32,[0.94890063],0.5432186197930748,0.5401569624452307
33,[0.09448612],0.6056280602566123,0.374781158489639
34,[0.6122689],0.31267478095748835,0.20352522816004792
35,[0.60428488],0.4357153296848626,0.1955412098518955
36,[0.14356443],0.5669551779747184,0.3295113561744041
37,[0.22045272],0.41724862556553133,0.2705252564300752
38,[0.27773604],0.5613751145490375,0.1953397494000635
39,[0.26104789],0.6594293625243728,0.22993008883490673
40,[0.38503048],0.11569260703778654,0.08423679607981005
41,[0.72837329],0.40636180400442734,0.3196296240613251
42,[0.56291325],0.3992409022432374,0.15416957826719402
43,[0.20609409],0.31705509319795466,0.26317318431390124
44,[0.38316056],0.313772786607631,0.0861067178879048
45,[0.71515731],0.3577987695632287,0.2972515804944015
46,[0.44270399],0.2665056155905283,0.024798260002291905
47,[0.40719807],0.3757049898832519,0.06587771419730803
48,[0.18238972],0.46611267374727355,0.2906860632527931
49,[0.1141614],0.46250340368020276,0.37681658070964985
50,[0.05069852],0.5078064607854282,0.41856875385602677
51,[0.52873074],0.3837895696156157,0.11082500492359926
52,[0.3386765],0.270912021553281,0.13439929054400768
53,[0.10903429],0.40160275313591837,0.36023298865046993
54,[0.82131395],0.5146512209575299,0.4125702805021978
55,[0.16072395],0.5939011383887977,0.33025402251476366
56,[0.52690098],0.2713719296917791,0.11970290744826251
57,[0.17463135],0.5979713871054527,0.29463593067439986
58,[0.55203444],0.3198597117871138,0.1432907714371935
59,[0.46733237],0.30614994444462573,0.04942663962033622
60,[0.81966058],0.6065116437907857,0.4124625109299668
61,[0.25897853],0.3778965801088428,0.2102887440152328
62,[0.91137519],0.6646314948711499,0.5041771217154993
63,[0.38920848],0.23839104669369537,0.08005879833356333
64,[0.06815537],0.7001263490879148,0.404920412321502
65,[0.65106111],0.36866658997158236,0.23315537081313853
66,[0.23219023],0.36915144496143204,0.24088555342376194
67,[0.40065945],0.2562869144771546,0.07241633910752432
68,[0.05230679],0.4183868701855424,0.41696049009371405
69,[0.09431402],0.7791644148474515,0.37876176759540336
