,0,1,2
0,[0.7167737],0.3667294360473211,0.3080300296301093
1,[0.36690049],0.3009547483584672,0.10236678486342365
2,[0.5040094],0.345103012112999,0.09526572842383452
3,[0.51215556],0.3310364204484554,0.1034118900001425
4,[0.99762843],0.5836046536264196,0.5888847632241098
5,[0.25026675],0.4355243257110472,0.22280904006571767
6,[0.46926728],0.26752148205995635,0.05136154182544728
7,[0.27696986],0.3623348522669141,0.19610592746079303
8,[0.49097798],0.3117731391807813,0.08223430747705995
9,[0.41790573],0.14885342426790604,0.05136154182544728
10,[0.31028635],0.22724774877435494,0.1627894416749197
11,[0.87393988],0.5455538740323981,0.46519621256893173
12,[0.25002873],0.3886006747583675,0.24094924292281528
13,[0.54283092],0.3148207226288592,0.12492518178021139
14,[0.93044107],0.5423872491380262,0.5216974020468487
15,[0.9308054],0.4418246809040145,0.5220617282697932
16,[0.00638322],0.6674120825330583,0.46669256853637553
17,[0.21263253],0.44214233124113916,0.2604432531909161
18,[0.40874367],0.2148734141970403,0.05858870564635543
19,[0.94001659],0.5533943889588809,0.5221108597541734
20,[0.77684824],0.4629869764814263,0.3681045764697233
21,[0.35765615],0.31339949150484314,0.13332182449411523
22,[0.61633381],0.36440288712345587,0.207590138719831
23,[0.88239278],0.5387355230438798,0.4736491164705411
24,[0.83442024],0.289087225112485,0.42567657204598586
25,[0.69932],0.3766165648003151,0.2814142608561009
26,[0.93205208],0.6851002533853927,0.5233084101064347
27,[0.33813862],0.4996508651147408,0.13493716839441394
28,[0.4953092],0.22837642131957994,0.0774034623221006
29,[0.85210515],0.46332575897138756,0.4341994119630571
30,[0.47307579],0.2959444652926986,0.030371792673192677
31,[0.9000854],0.6495248720914946,0.49134173010222004
32,[0.94890063],0.5210625224705375,0.5401569624452307
33,[0.09448612],0.6463638174656342,0.374781158489639
34,[0.6122689],0.3095725523308104,0.20352522816004792
35,[0.60428488],0.40093414525035,0.1955412098518955
36,[0.14356443],0.5004712771959029,0.3295113561744041
37,[0.22045272],0.43733660374758704,0.25262306765451903
38,[0.27773604],0.4464569118457784,0.1953397494000635
39,[0.26104789],0.6009127206138569,0.22097899444712865
40,[0.38503048],0.09882312057726612,0.08423679607981005
41,[0.72837329],0.4151193230777048,0.3196296240613251
42,[0.56291325],0.4217204070182218,0.15416957826719402
43,[0.20609409],0.34691148949355244,0.26317318431390124
44,[0.38316056],0.3983352450140373,0.0861067178879048
45,[0.71515731],0.35779876956322876,0.2972515804944015
46,[0.44270399],0.1953688649425773,0.024798260002291905
47,[0.40719807],0.3757049898832519,0.06587771419730803
48,[0.18238972],0.46611267374727366,0.2906860632527931
49,[0.1141614],0.4347222943123997,0.3589143919340937
50,[0.05069852],0.5078064607854282,0.41856875385602677
51,[0.52873074],0.38585813991475704,0.11082500492359926
52,[0.3386765],0.2460051967030188,0.13439929054400768
53,[0.10903429],0.4021199891682764,0.3621372440754886
54,[0.82131395],0.48802485587566646,0.4125702805021978
55,[0.16072395],0.6284138117123631,0.33025402251476366
56,[0.52690098],0.27137192969177903,0.11970290744826251
57,[0.17463135],0.4872275784581027,0.29463593067439986
58,[0.55203444],0.2848272074937991,0.14483636693299773
59,[0.46733237],0.21532259901332734,0.04942663962033622
60,[0.81966058],0.6065116437907856,0.4124625109299668
61,[0.25897853],0.3778965801088428,0.2102887440152328
62,[0.91137519],0.6137089458357293,0.5041771217154993
63,[0.38920848],0.22644529347675765,0.08005879833356333
64,[0.06815537],0.6244496714785737,0.404920412321502
65,[0.65106111],0.3686665899715824,0.23315537081313853
66,[0.23219023],0.2499106763079338,0.24088555342376194
67,[0.40065945],0.24289290863819968,0.07241633910752432
68,[0.05230679],0.364085471429784,0.41696049009371405
69,[0.09431402],0.6216248717923982,0.37876176759540336
