,0,1,2
0,[0.7167737],0.4485657493497717,0.3080300296301093
1,[0.36690049],0.30536121730067955,0.10236678486342365
2,[0.5040094],0.30869770541564534,0.09526572842383452
3,[0.51215556],0.3123822897326667,0.1034118900001425
4,[0.99762843],0.6071013448494302,0.5888847632241098
5,[0.25026675],0.29946419860055407,0.22280904006571767
6,[0.46926728],0.17476573535010528,0.05136154182544728
7,[0.27696986],0.2767626451109041,0.19610592746079303
8,[0.49097798],0.27818602477283844,0.08223430747705995
9,[0.41790573],0.22795214891961618,0.05136154182544728
10,[0.31028635],0.20663484693909054,0.1589809308248824
11,[0.87393988],0.6162210951293512,0.46519621256893173
12,[0.25002873],0.3769782352508669,0.24094924292281528
13,[0.54283092],0.3546867647406201,0.12492518178021139
14,[0.93044107],0.5120748372489502,0.5216974020468487
15,[0.9308054],0.5140609562190205,0.5220617282697932
16,[0.00638322],0.729419464993172,0.46669256853637553
17,[0.21263253],0.4065487616831497,0.2604432531909161
18,[0.40874367],0.3251334108943291,0.05858870564635543
19,[0.94001659],0.5899255569858031,0.5221108597541734
20,[0.77684824],0.4181256711195543,0.3681045764697233
21,[0.35765615],0.3156701880345173,0.13332182449411523
22,[0.61633381],0.3698967452565867,0.207590138719831
23,[0.88239278],0.5387355230438798,0.4736491164705411
24,[0.83442024],0.4262604875768937,0.42567657204598586
25,[0.69932],0.3766165648003151,0.2905763268821201
26,[0.93205208],0.6851002533853927,0.5233084101064347
27,[0.33813862],0.4421118950429695,0.13493716839441394
28,[0.4953092],0.22837642131957994,0.0774034623221006
29,[0.85210515],0.4633257589713876,0.4433614779890763
30,[0.47307579],0.30566623280792465,0.030371792673192677
31,[0.9000854],0.68206643987481,0.49134173010222004
32,[0.94890063],0.5210625224705375,0.5401569624452307
33,[0.09448612],0.6463638174656342,0.374781158489639
34,[0.6122689],0.3145677563721482,0.20352522816004792
35,[0.60428488],0.3844371198515277,0.1955412098518955
36,[0.14356443],0.5463990431067132,0.3295113561744041
37,[0.22045272],0.45791398090839763,0.25262306765451903
38,[0.27773604],0.4288346870769935,0.1953397494000635
39,[0.26104789],0.5934256578837043,0.21202790005935057
40,[0.38503048],0.17061162266600693,0.08423679607981005
41,[0.72837329],0.4075795604654113,0.3196296240613251
42,[0.56291325],0.4277377344805653,0.15416957826719402
43,[0.20609409],0.22855857471568183,0.26317318431390124
44,[0.38316056],0.32074927699362166,0.0861067178879048
45,[0.71515731],0.31654890649413686,0.2972515804944015
46,[0.44270399],0.17057234631667667,0.024798260002291905
47,[0.40719807],0.2985540448291762,0.06587771419730803
48,[0.18238972],0.46611267374727355,0.2906860632527931
49,[0.1141614],0.6714436735176442,0.36786548632187177
50,[0.05069852],0.5078064607854282,0.42237726470606407
51,[0.52873074],0.30630017864082487,0.11082500492359926
52,[0.3386765],0.19690223733248233,0.13439929054400768
53,[0.10903429],0.5396286920978163,0.36404149950050724
54,[0.82131395],0.5868770150583639,0.4125702805021978
55,[0.16072395],0.5257461864262829,0.33025402251476366
56,[0.52690098],0.29515415689405644,0.11970290744826251
57,[0.17463135],0.4211927072444313,0.29463593067439986
58,[0.55203444],0.31937122255643635,0.14483636693299773
59,[0.46733237],0.14921237349182073,0.04942663962033622
60,[0.81966058],0.6658739626022474,0.4124625109299668
61,[0.25897853],0.3420735794404113,0.2102887440152328
62,[0.91137519],0.5105488742702152,0.5041771217154993
63,[0.38920848],0.24056635963641027,0.08005879833356333
64,[0.06815537],0.608364708544962,0.404920412321502
65,[0.65106111],0.3686665899715824,0.23315537081313853
66,[0.23219023],0.2499106763079338,0.24088555342376194
67,[0.40065945],0.2527640386167705,0.07241633910752432
68,[0.05230679],0.3248829203739538,0.41696049009371405
69,[0.09431402],0.6216248717923982,0.37876176759540336
