,0,1,2
0,[0.7167737],0.46403400032211434,0.3080300296301093
1,[0.36690049],0.22963922640590223,0.10236678486342365
2,[0.5040094],0.28596926750304236,0.09526572842383452
3,[0.51215556],0.3123822897326667,0.0988308569871329
4,[0.99762843],0.6104389749812877,0.5888847632241098
5,[0.25026675],0.29946419860055407,0.22280904006571767
6,[0.46926728],0.24835175023563588,0.05136154182544728
7,[0.27696986],0.2725271286062876,0.19610592746079303
8,[0.49097798],0.289176783793756,0.08223430747705995
9,[0.41790573],0.24822757819619284,0.05136154182544728
10,[0.31028635],0.32610271258991863,0.1589809308248824
11,[0.87393988],0.4506136907531797,0.46519621256893173
12,[0.25002873],0.3285818663834168,0.24094924292281528
13,[0.54283092],0.3148207226288592,0.1340872478062306
14,[0.93044107],0.5328370381841643,0.5216974020468487
15,[0.9308054],0.5162210818112687,0.5220617282697932
16,[0.00638322],0.6705368712832241,0.46669256853637553
17,[0.21263253],0.4065487616831497,0.2604432531909161
18,[0.40874367],0.2603164468990793,0.05858870564635543
19,[0.94001659],0.5646978169976261,0.5221108597541734
20,[0.77684824],0.38500508915274156,0.3681045764697233
21,[0.35765615],0.3156701880345173,0.13332182449411523
22,[0.61633381],0.40948873743219344,0.207590138719831
23,[0.88239278],0.5615823928576216,0.4736491164705411
24,[0.83442024],0.38861246076422623,0.42567657204598586
25,[0.69932],0.3766165648003151,0.2814142608561009
26,[0.93205208],0.5179092628483885,0.5233084101064347
27,[0.33813862],0.5767227721275534,0.13493716839441394
28,[0.4953092],0.26502640530750254,0.0774034623221006
29,[0.85210515],0.4633257589713876,0.4341994119630571
30,[0.47307579],0.28436898023197377,0.030371792673192677
31,[0.9000854],0.7113106459551795,0.49134173010222004
32,[0.94890063],0.7589837931655408,0.5401569624452307
33,[0.09448612],0.6056280602566123,0.374781158489639
34,[0.6122689],0.3145677563721482,0.20352522816004792
35,[0.60428488],0.3840501394105055,0.1955412098518955
36,[0.14356443],0.5521514176429037,0.3295113561744041
37,[0.22045272],0.48036170456383614,0.25262306765451903
38,[0.27773604],0.4288346870769935,0.1953397494000635
39,[0.26104789],0.5934256578837043,0.22993008883490673
40,[0.38503048],0.17061162266600693,0.08423679607981005
41,[0.72837329],0.5626226304684263,0.3196296240613251
42,[0.56291325],0.40725339799438426,0.15416957826719402
43,[0.20609409],0.2285585747156819,0.26317318431390124
44,[0.38316056],0.28794385303840747,0.0861067178879048
45,[0.71515731],0.3178565948887414,0.2972515804944015
46,[0.44270399],0.1928243416752103,0.024798260002291905
47,[0.40719807],0.2808323463831761,0.06587771419730803
48,[0.18238972],0.3834875720234587,0.2906860632527931
49,[0.1141614],0.673220480850652,0.36786548632187177
50,[0.05069852],0.5717323855976932,0.42237726470606407
51,[0.52873074],0.3521210448620435,0.11082500492359926
52,[0.3386765],0.299711613597104,0.13439929054400768
53,[0.10903429],0.5072807170814744,0.36404149950050724
54,[0.82131395],0.5936690802640262,0.4125702805021978
55,[0.16072395],0.4998981770240693,0.33025402251476366
56,[0.52690098],0.3167385487244183,0.11970290744826251
57,[0.17463135],0.406176459678777,0.29463593067439986
58,[0.55203444],0.3736417863836987,0.14483636693299773
59,[0.46733237],0.24451361506629565,0.04942663962033622
60,[0.81966058],0.6117433727360054,0.4124625109299668
61,[0.25897853],0.46586206426738946,0.2140972548652701
62,[0.91137519],0.5105488742702152,0.5041771217154993
63,[0.38920848],0.24056635963641027,0.08005879833356333
64,[0.06815537],0.6651150268214399,0.404920412321502
65,[0.65106111],0.3333514011701193,0.23315537081313853
66,[0.23219023],0.3100224826133856,0.24088555342376194
67,[0.40065945],0.2527640386167705,0.07241633910752432
68,[0.05230679],0.3747695835203114,0.41696049009371405
69,[0.09431402],0.6166806032872414,0.37876176759540336
