,0,1,2
0,[0.7167737],0.4640340003221143,0.3080300296301093
1,[0.36690049],0.22523275746368981,0.10236678486342365
2,[0.5040094],0.28596926750304236,0.09526572842383452
3,[0.51215556],0.30858869679301687,0.0988308569871329
4,[0.99762843],0.6104389749812876,0.5888847632241098
5,[0.25026675],0.29946419860055407,0.22280904006571767
6,[0.46926728],0.24835175023563588,0.05136154182544728
7,[0.27696986],0.2725271286062876,0.19610592746079303
8,[0.49097798],0.289176783793756,0.08223430747705995
9,[0.41790573],0.24822757819619284,0.05136154182544728
10,[0.31028635],0.3461578088755309,0.1589809308248824
11,[0.87393988],0.4506136907531797,0.46519621256893173
12,[0.25002873],0.32858186638341674,0.24094924292281528
13,[0.54283092],0.30985022651927013,0.1340872478062306
14,[0.93044107],0.6532523208711305,0.5216974020468487
15,[0.9308054],0.5162210818112687,0.5220617282697932
16,[0.00638322],0.6705368712832241,0.46669256853637553
17,[0.21263253],0.4065487616831497,0.2604432531909161
18,[0.40874367],0.16402340028018378,0.05858870564635543
19,[0.94001659],0.5940751153725747,0.5221108597541734
20,[0.77684824],0.43620983798800345,0.3681045764697233
21,[0.35765615],0.3606329490410232,0.13332182449411523
22,[0.61633381],0.3311255020095808,0.207590138719831
23,[0.88239278],0.5022742917232463,0.4736491164705411
24,[0.83442024],0.3680822469570526,0.42567657204598586
25,[0.69932],0.3766165648003151,0.2814142608561009
26,[0.93205208],0.7123826015577859,0.5233084101064347
27,[0.33813862],0.5226979944654546,0.13493716839441394
28,[0.4953092],0.2285296569317259,0.0774034623221006
29,[0.85210515],0.4633257589713876,0.4341994119630571
30,[0.47307579],0.28436898023197377,0.030371792673192677
31,[0.9000854],0.7113106459551795,0.49134173010222004
32,[0.94890063],0.7589837931655408,0.5401569624452307
33,[0.09448612],0.5484942006500095,0.374781158489639
34,[0.6122689],0.3095725523308104,0.20352522816004792
35,[0.60428488],0.41584632557548196,0.1955412098518955
36,[0.14356443],0.5521514176429037,0.3295113561744041
37,[0.22045272],0.48036170456383614,0.25262306765451903
38,[0.27773604],0.351239790984281,0.1953397494000635
39,[0.26104789],0.5876973779716048,0.22993008883490673
40,[0.38503048],0.1037827725777245,0.08423679607981005
41,[0.72837329],0.5368236304611101,0.3196296240613251
42,[0.56291325],0.40725339799438426,0.15416957826719402
43,[0.20609409],0.2285585747156819,0.26317318431390124
44,[0.38316056],0.34977553113881854,0.0861067178879048
45,[0.71515731],0.3178565948887414,0.2972515804944015
46,[0.44270399],0.1928243416752103,0.024798260002291905
47,[0.40719807],0.3032024506468346,0.06587771419730803
48,[0.18238972],0.3834875720234587,0.2906860632527931
49,[0.1141614],0.6714436735176443,0.36786548632187177
50,[0.05069852],0.5717323855976932,0.42237726470606407
51,[0.52873074],0.3521210448620435,0.11082500492359926
52,[0.3386765],0.2875690585798263,0.13439929054400768
53,[0.10903429],0.5733628858059047,0.36404149950050724
54,[0.82131395],0.5987857022713138,0.4125702805021978
55,[0.16072395],0.5092534224215217,0.33025402251476366
56,[0.52690098],0.3167385487244183,0.11970290744826251
57,[0.17463135],0.406176459678777,0.29463593067439986
58,[0.55203444],0.3736417863836987,0.14483636693299773
59,[0.46733237],0.20722829995213518,0.04942663962033622
60,[0.81966058],0.6117433727360054,0.4124625109299668
61,[0.25897853],0.3778965801088428,0.2140972548652701
62,[0.91137519],0.5807930761737942,0.5041771217154993
63,[0.38920848],0.28130211684543216,0.08005879833356333
64,[0.06815537],0.6859506765653776,0.404920412321502
65,[0.65106111],0.3333514011701193,0.23315537081313853
66,[0.23219023],0.303878482979871,0.24088555342376194
67,[0.40065945],0.32929292967078583,0.07241633910752432
68,[0.05230679],0.3747695835203114,0.41696049009371405
69,[0.09431402],0.6166806032872414,0.37876176759540336
