,0,1,2
0,[0.7167737],0.4640340003221143,0.3080300296301093
1,[0.36690049],0.22523275746368981,0.10236678486342365
2,[0.5040094],0.24364060715926888,0.09526572842383452
3,[0.51215556],0.3085886967930168,0.1034118900001425
4,[0.99762843],0.6104389749812876,0.5888847632241098
5,[0.25026675],0.3619458957105273,0.22280904006571767
6,[0.46926728],0.18032004258868473,0.05136154182544728
7,[0.27696986],0.3457455511151856,0.19610592746079303
8,[0.49097798],0.26423543029955876,0.08223430747705995
9,[0.41790573],0.24822757819619284,0.05136154182544728
10,[0.31028635],0.313841632110814,0.1589809308248824
11,[0.87393988],0.617943596246569,0.46519621256893173
12,[0.25002873],0.32858186638341674,0.2319981485350372
13,[0.54283092],0.29141830576103034,0.1340872478062306
14,[0.93044107],0.5276178098361288,0.5171163690338391
15,[0.9308054],0.48602701687410466,0.5220617282697932
16,[0.00638322],0.6705368712832241,0.46669256853637553
17,[0.21263253],0.4643398594713567,0.2604432531909161
18,[0.40874367],0.1700977588148223,0.05858870564635543
19,[0.94001659],0.4494862229376443,0.5221108597541734
20,[0.77684824],0.36347960546700164,0.3681045764697233
21,[0.35765615],0.3606329490410232,0.13332182449411523
22,[0.61633381],0.3311255020095808,0.207590138719831
23,[0.88239278],0.4224388918699756,0.4736491164705411
24,[0.83442024],0.37942774724570144,0.42567657204598586
25,[0.69932],0.36427523741695794,0.2859952938691105
26,[0.93205208],0.7347041963929334,0.5233084101064347
27,[0.33813862],0.5226979944654546,0.13493716839441394
28,[0.4953092],0.2285296569317259,0.0774034623221006
29,[0.85210515],0.4633257589713876,0.4341994119630571
30,[0.47307579],0.30555865723784337,0.030371792673192677
31,[0.9000854],0.6175908005229608,0.49134173010222004
32,[0.94890063],0.685343879039708,0.5401569624452307
33,[0.09448612],0.5011263425221512,0.374781158489639
34,[0.6122689],0.3184712629073191,0.20352522816004792
35,[0.60428488],0.41584632557548196,0.1955412098518955
36,[0.14356443],0.5521514176429037,0.3295113561744041
37,[0.22045272],0.5044329066330422,0.25262306765451903
38,[0.27773604],0.351239790984281,0.1953397494000635
39,[0.26104789],0.5876973779716048,0.22993008883490673
40,[0.38503048],0.1037827725777245,0.08423679607981005
41,[0.72837329],0.4772405694838562,0.3196296240613251
42,[0.56291325],0.4033239974154637,0.15416957826719402
43,[0.20609409],0.29065208632274303,0.26698169516393855
44,[0.38316056],0.34682644674835544,0.0861067178879048
45,[0.71515731],0.36709830644161673,0.3064136465204207
46,[0.44270399],0.25701162971865665,0.024798260002291905
47,[0.40719807],0.2808323463831761,0.06587771419730803
48,[0.18238972],0.3834875720234587,0.2906860632527931
49,[0.1141614],0.6864358234929041,0.37681658070964985
50,[0.05069852],0.5717323855976932,0.42237726470606407
51,[0.52873074],0.33453875530382027,0.11082500492359926
52,[0.3386765],0.2875690585798263,0.13439929054400768
53,[0.10903429],0.6060045240415295,0.36404149950050724
54,[0.82131395],0.5527714101677691,0.4125702805021978
55,[0.16072395],0.434385133001628,0.33025402251476366
56,[0.52690098],0.3167385487244183,0.11970290744826251
57,[0.17463135],0.406176459678777,0.29463593067439986
58,[0.55203444],0.3369573827446307,0.14483636693299773
59,[0.46733237],0.24451361506629565,0.04942663962033622
60,[0.81966058],0.6030202733138733,0.4124625109299668
61,[0.25897853],0.38508118100392247,0.21219299944025144
62,[0.91137519],0.5105488742702152,0.5041771217154993
63,[0.38920848],0.21843030163884722,0.08005879833356333
64,[0.06815537],0.5187596860283734,0.404920412321502
65,[0.65106111],0.3333514011701193,0.23315537081313853
66,[0.23219023],0.4223389733278228,0.24088555342376194
67,[0.40065945],0.23033438240497234,0.07241633910752432
68,[0.05230679],0.5198467740893092,0.41696049009371405
69,[0.09431402],0.551944045875169,0.37876176759540336
