,0,1,2
0,[0.7167737],0.4640340003221143,0.3080300296301093
1,[0.36690049],0.22523275746368981,0.10236678486342365
2,[0.5040094],0.31887458099239513,0.09526572842383452
3,[0.51215556],0.28326897203114537,0.1034118900001425
4,[0.99762843],0.6104389749812876,0.5888847632241098
5,[0.25026675],0.43552432571104716,0.24071122884127383
6,[0.46926728],0.20602308989186238,0.05136154182544728
7,[0.27696986],0.2828876480930929,0.19610592746079303
8,[0.49097798],0.3202558977021811,0.07307224145104074
9,[0.41790573],0.3568926601250334,0.05136154182544728
10,[0.31028635],0.31360980910607994,0.1589809308248824
11,[0.87393988],0.5933589141880612,0.46519621256893173
12,[0.25002873],0.32081756250693755,0.2319981485350372
13,[0.54283092],0.2816552592924282,0.1340872478062306
14,[0.93044107],0.5240501099808282,0.5125353360208295
15,[0.9308054],0.422795129490393,0.5220617282697932
16,[0.00638322],0.5244617812748578,0.46669256853637553
17,[0.21263253],0.4718216036116756,0.2604432531909161
18,[0.40874367],0.12596832837683816,0.05858870564635543
19,[0.94001659],0.5499207053281284,0.5221108597541734
20,[0.77684824],0.39047995491048393,0.3681045764697233
21,[0.35765615],0.3408276159606303,0.13332182449411523
22,[0.61633381],0.40352593191443314,0.207590138719831
23,[0.88239278],0.5022742917232462,0.4736491164705411
24,[0.83442024],0.37942774724570144,0.42567657204598586
25,[0.69932],0.4032976505430373,0.2814142608561009
26,[0.93205208],0.6666856966466644,0.5233084101064347
27,[0.33813862],0.5001938810735379,0.13493716839441394
28,[0.4953092],0.22671276562176867,0.08656552834811981
29,[0.85210515],0.4143180623750505,0.4341994119630571
30,[0.47307579],0.2798274817400715,0.030371792673192677
31,[0.9000854],0.6175908005229608,0.49134173010222004
32,[0.94890063],0.7710777832474721,0.5401569624452307
33,[0.09448612],0.5011263425221512,0.374781158489639
34,[0.6122689],0.3145677563721482,0.20352522816004792
35,[0.60428488],0.41584632557548196,0.1955412098518955
36,[0.14356443],0.5277526269188881,0.3295113561744041
37,[0.22045272],0.5044329066330422,0.25262306765451903
38,[0.27773604],0.28685870275793335,0.1953397494000635
39,[0.26104789],0.47181551201248056,0.22993008883490673
40,[0.38503048],0.1138601938325827,0.08423679607981005
41,[0.72837329],0.44595218380183044,0.3196296240613251
42,[0.56291325],0.4033239974154637,0.15416957826719402
43,[0.20609409],0.22281912341405868,0.26317318431390124
44,[0.38316056],0.3468264467483554,0.0861067178879048
45,[0.71515731],0.37071629397062106,0.3064136465204207
46,[0.44270399],0.25701162971865665,0.024798260002291905
47,[0.40719807],0.3048930314271565,0.06587771419730803
48,[0.18238972],0.5135280822620185,0.2906860632527931
49,[0.1141614],0.6573311664458974,0.37681658070964985
50,[0.05069852],0.5968094293968506,0.42237726470606407
51,[0.52873074],0.36325935580844204,0.11082500492359926
52,[0.3386765],0.2920157405091495,0.13439929054400768
53,[0.10903429],0.57041095448354,0.36404149950050724
54,[0.82131395],0.45967524121295983,0.4125702805021978
55,[0.16072395],0.43667532701684325,0.3123518337392075
56,[0.52690098],0.3167385487244183,0.11970290744826251
57,[0.17463135],0.40732514228980676,0.29463593067439986
58,[0.55203444],0.3614222946284936,0.14483636693299773
59,[0.46733237],0.23169321183599806,0.04942663962033622
60,[0.81966058],0.589738286542634,0.41091691543416253
61,[0.25897853],0.38508118100392247,0.2102887440152328
62,[0.91137519],0.40169804103752504,0.5034043239675972
63,[0.38920848],0.28130211684543216,0.08005879833356333
64,[0.06815537],0.5313061262356491,0.404920412321502
65,[0.65106111],0.33150253316909967,0.23315537081313853
66,[0.23219023],0.4492557441511855,0.24088555342376194
67,[0.40065945],0.33405627155028494,0.07241633910752432
68,[0.05230679],0.5318736343177413,0.41696049009371405
69,[0.09431402],0.551944045875169,0.37876176759540336
