,0,1,2
0,[0.7167737],0.28679054613439126,0.3080300296301093
1,[0.36690049],0.24050656206662008,0.10427104028844231
2,[0.5040094],0.26710572878673466,0.09068469541082491
3,[0.51215556],0.27738903664985093,0.0988308569871329
4,[0.99762843],0.5737479414875285,0.5888847632241098
5,[0.25026675],0.4708213427273871,0.22090478464069901
6,[0.46926728],0.3939196746418907,0.0019349022051110554
7,[0.27696986],0.3534952807873819,0.2050570218485711
8,[0.49097798],0.30361080071384366,0.07765327446405035
9,[0.41790573],0.28051558402173793,0.03711244981131406
10,[0.31028635],0.26989811335849806,0.18502285132153573
11,[0.87393988],0.4787069415210171,0.466741808064736
12,[0.25002873],0.4770871819532186,0.22114279872224046
13,[0.54283092],0.28251212812218374,0.12492518178021139
14,[0.93044107],0.5242262234308354,0.5216974020468487
15,[0.9308054],0.39183993126341843,0.512899662243774
16,[0.00638322],0.6139337969712158,0.4756436629241536
17,[0.21263253],0.24333421796783677,0.2566347423408788
18,[0.40874367],0.19714721764827015,0.033960326028311116
19,[0.94001659],0.5358914309385912,0.47268422013383715
20,[0.77684824],0.395080180535489,0.35894251044370407
21,[0.35765615],0.25350607759282495,0.11541963571855907
22,[0.61633381],0.33934014047121097,0.1984280726938118
23,[0.88239278],0.46144309000255285,0.4736491164705411
24,[0.83442024],0.38909996142629144,0.4272221675417901
25,[0.69932],0.3265886989798356,0.2814142608561009
26,[0.93205208],0.5811796045872789,0.5141463440804155
27,[0.33813862],0.4334175738417986,0.16587077811674467
28,[0.4953092],0.2230662964081603,0.08198449533511021
29,[0.85210515],0.5414492861772441,0.4481763859399887
30,[0.47307579],0.2797404756411219,0.05517005267548458
31,[0.9000854],0.48443271796980775,0.49942595050824057
32,[0.94890063],0.5684917976250647,0.5309948964192115
33,[0.09448612],0.6100810265029044,0.39649185811523247
34,[0.6122689],0.23785396403004677,0.20352522816004792
35,[0.60428488],0.4276752637963382,0.19708680534769973
36,[0.14356443],0.5349121739474049,0.34741354494996024
37,[0.22045272],0.2692016588052188,0.2705252564300752
38,[0.27773604],0.43768673956697723,0.19153123855002618
39,[0.26104789],0.2501995205945536,0.21202790005935057
40,[0.38503048],0.15896012127467363,0.08423679607981005
41,[0.72837329],0.3936049371931305,0.32040242180922723
42,[0.56291325],0.27138739962727065,0.15416957826719402
43,[0.20609409],0.3920818342633047,0.27593278955171663
44,[0.38316056],0.1296960749342803,0.0861067178879048
45,[0.71515731],0.3846571699119366,0.2972515804944015
46,[0.44270399],0.20455155154477295,0.033960326028311116
47,[0.40719807],0.400904977065286,0.06587771419730803
48,[0.18238972],0.25347551187406003,0.28878180782777446
49,[0.1141614],0.25429477878451456,0.37681658070964985
50,[0.05069852],0.5551642149922522,0.4204730092810454
51,[0.52873074],0.33055456795244753,0.08602674492130735
52,[0.3386765],0.3766061499392875,0.15230147931956384
53,[0.10903429],0.6659792341929108,0.36404149950050724
54,[0.82131395],0.3744340092187909,0.4125702805021978
55,[0.16072395],0.3887137883710139,0.3123518337392075
56,[0.52690098],0.3178969582551049,0.1376925024345551
57,[0.17463135],0.4931526060023391,0.3163466302999933
58,[0.55203444],0.3901823712080208,0.151374991843214
59,[0.46733237],0.2560455625429844,0.005743413055148361
60,[0.81966058],0.5144322459724421,0.4063358824211529
61,[0.25897853],0.4025981405303683,0.21219299944025144
62,[0.91137519],0.5553714966899919,0.5041771217154993
63,[0.38920848],0.3700784022175438,0.07812389612845227
64,[0.06815537],0.49564145415891786,0.42282260109705816
65,[0.65106111],0.4344342145001197,0.23315537081313853
66,[0.23219023],0.34093772583174786,0.23514214036861358
67,[0.40065945],0.3236185271607507,0.0813674334953024
68,[0.05230679],0.5388652248990365,0.4386711897193075
69,[0.09431402],0.44054098243578127,0.37876176759540336
