,0,1,2
0,[0.7167737],0.41091232398323446,0.3080300296301093
1,[0.36690049],0.32637100750880976,0.10236678486342365
2,[0.5040094],0.35527988768974883,0.09526572842383452
3,[0.51215556],0.265824425226225,0.1034118900001425
4,[0.99762843],0.6700717320419275,0.5888847632241098
5,[0.25026675],0.37239408830898163,0.24071122884127383
6,[0.46926728],0.2913094246164652,0.05136154182544728
7,[0.27696986],0.24383890019005658,0.19610592746079303
8,[0.49097798],0.2588643719046801,0.07307224145104074
9,[0.41790573],0.2900262685697901,0.05136154182544728
10,[0.31028635],0.20885853888791087,0.1589809308248824
11,[0.87393988],0.617943596246569,0.46519621256893173
12,[0.25002873],0.37933039634102644,0.22304705414725912
13,[0.54283092],0.214220828925423,0.1340872478062306
14,[0.93044107],0.4802024013213838,0.5125353360208295
15,[0.9308054],0.5320728116965024,0.5220617282697932
16,[0.00638322],0.5244617812748578,0.46669256853637553
17,[0.21263253],0.47149093059806857,0.2604432531909161
18,[0.40874367],0.21935648979257588,0.06052360785146649
19,[0.94001659],0.6044884749373063,0.5221108597541734
20,[0.77684824],0.3922567622434916,0.3681045764697233
21,[0.35765615],0.4266570420467202,0.13332182449411523
22,[0.61633381],0.4035259319144332,0.207590138719831
23,[0.88239278],0.5502415416890519,0.4736491164705411
24,[0.83442024],0.4840371749096735,0.42567657204598586
25,[0.69932],0.43375794640695,0.2814142608561009
26,[0.93205208],0.6724572273195466,0.5233084101064347
27,[0.33813862],0.34809507597043315,0.13493716839441394
28,[0.4953092],0.242815196960042,0.0774034623221006
29,[0.85210515],0.5685418594774848,0.4341994119630571
30,[0.47307579],0.24701845154398558,0.030371792673192677
31,[0.9000854],0.6993812089487105,0.49134173010222004
32,[0.94890063],0.7282907836069663,0.5401569624452307
33,[0.09448612],0.5011263425221512,0.374781158489639
34,[0.6122689],0.30692240642129776,0.20352522816004792
35,[0.60428488],0.3840501394105055,0.1955412098518955
36,[0.14356443],0.48928659815640163,0.3295113561744041
37,[0.22045272],0.5044329066330422,0.25262306765451903
38,[0.27773604],0.3414942308285052,0.1953397494000635
39,[0.26104789],0.47788987054711907,0.22993008883490673
40,[0.38503048],0.1138601938325827,0.08423679607981005
41,[0.72837329],0.4232758348851178,0.3196296240613251
42,[0.56291325],0.3076634818970646,0.15416957826719402
43,[0.20609409],0.22281912341405868,0.26317318431390124
44,[0.38316056],0.35652143723003504,0.0861067178879048
45,[0.71515731],0.4109667055357386,0.3064136465204207
46,[0.44270399],0.26752219194583293,0.024798260002291905
47,[0.40719807],0.27408913294531334,0.06587771419730803
48,[0.18238972],0.5074705545657257,0.2906860632527931
49,[0.1141614],0.6864358234929042,0.36786548632187177
50,[0.05069852],0.578221298108676,0.42237726470606407
51,[0.52873074],0.3521210448620435,0.11082500492359926
52,[0.3386765],0.3110983670630016,0.13439929054400768
53,[0.10903429],0.6962564604580141,0.36404149950050724
54,[0.82131395],0.39643484741443913,0.4125702805021978
55,[0.16072395],0.43667532701684325,0.3123518337392075
56,[0.52690098],0.3572995493555037,0.11970290744826251
57,[0.17463135],0.406176459678777,0.29463593067439986
58,[0.55203444],0.353020847958824,0.1432907714371935
59,[0.46733237],0.24134615113863553,0.04942663962033622
60,[0.81966058],0.5375161058460656,0.4124625109299668
61,[0.25897853],0.30679821920522626,0.2102887440152328
62,[0.91137519],0.6428718291747474,0.5026315262196951
63,[0.38920848],0.20935627392379344,0.08005879833356333
64,[0.06815537],0.44336836814720304,0.404920412321502
65,[0.65106111],0.33150253316909967,0.23315537081313853
66,[0.23219023],0.33556867187927486,0.24088555342376194
67,[0.40065945],0.33405627155028494,0.07241633910752432
68,[0.05230679],0.5198467740893092,0.41696049009371405
69,[0.09431402],0.5390841724186415,0.3966639563709595
