,0,1,2
0,[0.7167737],0.41091232398323446,0.3080300296301093
1,[0.36690049],0.32637100750880976,0.10236678486342365
2,[0.5040094],0.3552798876897488,0.09526572842383452
3,[0.51215556],0.265824425226225,0.1034118900001425
4,[0.99762843],0.5671767406234769,0.5888847632241098
5,[0.25026675],0.34511273858599634,0.24071122884127383
6,[0.46926728],0.2600520700747081,0.05136154182544728
7,[0.27696986],0.24383890019005658,0.19610592746079303
8,[0.49097798],0.2588643719046801,0.07307224145104074
9,[0.41790573],0.2900262685697901,0.05136154182544728
10,[0.31028635],0.33090336574545776,0.1589809308248824
11,[0.87393988],0.5842497533833215,0.46519621256893173
12,[0.25002873],0.29165483010841176,0.22304705414725912
13,[0.54283092],0.2390073935617484,0.1340872478062306
14,[0.93044107],0.5276178098361288,0.5125353360208295
15,[0.9308054],0.5072364064710368,0.5220617282697932
16,[0.00638322],0.4311127882596849,0.46669256853637553
17,[0.21263253],0.41936800361940224,0.2604432531909161
18,[0.40874367],0.21935648979257588,0.06052360785146649
19,[0.94001659],0.5432789825986568,0.5221108597541734
20,[0.77684824],0.40958347290614006,0.3681045764697233
21,[0.35765615],0.3919298811480423,0.13332182449411523
22,[0.61633381],0.4515130308407699,0.207590138719831
23,[0.88239278],0.5792288461917905,0.4736491164705411
24,[0.83442024],0.6629313828415202,0.42567657204598586
25,[0.69932],0.36900435778309887,0.2814142608561009
26,[0.93205208],0.6999980505027297,0.5233084101064347
27,[0.33813862],0.3480950759704332,0.13493716839441394
28,[0.4953092],0.2334368246671287,0.08656552834811981
29,[0.85210515],0.5685418594774848,0.4341994119630571
30,[0.47307579],0.20810361398798757,0.030371792673192677
31,[0.9000854],0.736524309098366,0.49134173010222004
32,[0.94890063],0.788888234988788,0.5401569624452307
33,[0.09448612],0.4179131429478362,0.374781158489639
34,[0.6122689],0.30692240642129776,0.20507082365585216
35,[0.60428488],0.3795443829660624,0.1955412098518955
36,[0.14356443],0.48928659815640163,0.3295113561744041
37,[0.22045272],0.5044329066330422,0.25262306765451903
38,[0.27773604],0.3414942308285053,0.1953397494000635
39,[0.26104789],0.40216787965234174,0.22097899444712865
40,[0.38503048],0.1138601938325827,0.08423679607981005
41,[0.72837329],0.4022843377859283,0.3196296240613251
42,[0.56291325],0.3076634818970647,0.15416957826719402
43,[0.20609409],0.20687953054980618,0.26317318431390124
44,[0.38316056],0.40508115110525367,0.0861067178879048
45,[0.71515731],0.4472979270129701,0.3064136465204207
46,[0.44270399],0.3167606530402649,0.024798260002291905
47,[0.40719807],0.35650902399251744,0.06587771419730803
48,[0.18238972],0.5805011474046294,0.2906860632527931
49,[0.1141614],0.6541930261167613,0.37681658070964985
50,[0.05069852],0.5709614199946369,0.42237726470606407
51,[0.52873074],0.39069954731447376,0.11082500492359926
52,[0.3386765],0.23806777422409775,0.13439929054400768
53,[0.10903429],0.7168338376188249,0.36404149950050724
54,[0.82131395],0.43850472034378185,0.4125702805021978
55,[0.16072395],0.5038216702025027,0.3123518337392075
56,[0.52690098],0.3572995493555037,0.11970290744826251
57,[0.17463135],0.4798853153614699,0.29463593067439986
58,[0.55203444],0.353020847958824,0.1432907714371935
59,[0.46733237],0.24134615113863553,0.04942663962033622
60,[0.81966058],0.5699029081490952,0.41091691543416253
61,[0.25897853],0.263790617641715,0.2102887440152328
62,[0.91137519],0.6428718291747474,0.5034043239675972
63,[0.38920848],0.20935627392379344,0.08005879833356333
64,[0.06815537],0.6165924609602518,0.404920412321502
65,[0.65106111],0.3333514011701193,0.23315537081313853
66,[0.23219023],0.4605559820467689,0.24088555342376194
67,[0.40065945],0.33405627155028494,0.07241633910752432
68,[0.05230679],0.5198467740893092,0.41696049009371405
69,[0.09431402],0.5390841724186415,0.3966639563709595
