,0,1,2
0,[0.37976327],0.49324221664015544,[0.11347895]
1,[0.48540892],0.5656381669100197,[0.08022924]
2,[0.71109766],0.4469900085376821,[0.26410765]
3,[0.13173066],0.5656381669100197,[0.4339075]
4,[0.37541998],0.5471751055527758,[0.17175512]
5,[0.9262369],0.44597830203082195,[0.4802586]
6,[0.74788595],0.44597830203082195,[0.30190765]
7,[0.32406201],0.49324221664015544,[0.1691802]
8,[0.97742914],0.48355079345638463,[0.49387834]
9,[0.85008758],0.4854089223138882,[0.36467866]
10,[0.11976021],0.5464118942204873,[0.42665169]
11,[0.40982619],0.5400207501093103,[0.13019456]
12,[0.15128911],0.5464118942204873,[0.39512278]
13,[0.78671491],0.44597830203082195,[0.34073661]
14,[0.97292398],0.44597830203082195,[0.52694567]
15,[0.43040863],0.49324221664015544,[0.06283359]
16,[0.86728085],0.44597830203082195,[0.42130255]
17,[0.81871593],0.48355079345638463,[0.33516514]
18,[0.29070029],0.5400207501093103,[0.24932046]
19,[0.16524227],0.49324221664015544,[0.32799994]
20,[0.75399271],0.48355079345638463,[0.27044192]
21,[0.97925835],0.4854089223138882,[0.49384943]
22,[0.67608054],0.5344263090370511,[0.14165423]
23,[0.93543194],0.5344263090370511,[0.40100563]
24,[0.05762431],0.5400207501093103,[0.48239644]
25,[0.79139546],0.48355079345638463,[0.30784466]
26,[0.0112487],0.5400207501093103,[0.52877205]
27,[0.1381716],0.5471751055527758,[0.4090035]
28,[0.64415621],0.5344263090370511,[0.1097299]
29,[0.53442631],0.5471751055527758,[0.0127488]
30,[0.45025304],0.5471751055527758,[0.09692207]
31,[0.89092231],0.48355079345638463,[0.40737152]
32,[0.48355079],0.5464118942204873,[0.0628611]
33,[0.29637095],0.5400207501093103,[0.2436498]
34,[0.99862946],0.5344263090370511,[0.46420315]
35,[0.39272444],0.5656381669100197,[0.17291372]
36,[0.95142159],0.4469900085376821,[0.50443158]
37,[0.01273984],0.5656381669100197,[0.55289833]
38,[0.51670476],0.4469900085376821,[0.06971475]
39,[0.93917626],0.5344263090370511,[0.40474995]
40,[0.42539098],0.5464118942204873,[0.12102091]
41,[0.96984928],0.44597830203082195,[0.52387098]
42,[0.05406002],0.5400207501093103,[0.48596073]
43,[0.67480955],0.4469900085376821,[0.22781954]
44,[0.02016219],0.5464118942204873,[0.52624971]
45,[0.90176544],0.5344263090370511,[0.36733913]
46,[0.8558431],0.4854089223138882,[0.37043418]
47,[0.23125786],0.5464118942204873,[0.31515403]
48,[0.08505394],0.5471751055527758,[0.46212117]
49,[0.94448371],0.5344263090370511,[0.4100574]
50,[0.54641189],0.48355079345638463,[0.0628611]
51,[0.84797709],0.48355079345638463,[0.3644263]
52,[0.31428196],0.5464118942204873,[0.23212993]
53,[0.97017854],0.4854089223138882,[0.48476962]
54,[0.54717511],0.5344263090370511,[0.0127488]
55,[0.19886037],0.49324221664015544,[0.29438185]
56,[0.7284706],0.4469900085376821,[0.28148059]
57,[0.74844806],0.44597830203082195,[0.30246976]
58,[0.47559545],0.5656381669100197,[0.09004271]
59,[0.92163313],0.44597830203082195,[0.47565483]
60,[0.33858612],0.49324221664015544,[0.1546561]
61,[0.96548182],0.4469900085376821,[0.51849181]
62,[0.30668979],0.5656381669100197,[0.25894838]
63,[0.03569069],0.49324221664015544,[0.45755153]
64,[0.20967722],0.5471751055527758,[0.33749789]
65,[0.44699001],0.49324221664015544,[0.04625221]
66,[0.28181347],0.49324221664015544,[0.21142875]
67,[0.28798739],0.5400207501093103,[0.25203336]
68,[0.90500207],0.4854089223138882,[0.41959315]
69,[0.20118151],0.5400207501093103,[0.33883924]
70,[0.79871705],0.4854089223138882,[0.31330813]
71,[0.85630819],0.4469900085376821,[0.40931818]
72,[0.14117914],0.5656381669100197,[0.42445903]
73,[0.24222468],0.5400207501093103,[0.29779607]
74,[0.12263332],0.5464118942204873,[0.42377857]
75,[0.68864981],0.4854089223138882,[0.20324088]
76,[0.4248064],0.5656381669100197,[0.14083177]
77,[0.24626396],0.5656381669100197,[0.31937421]
78,[0.87922252],0.5344263090370511,[0.34479621]
79,[0.49324222],0.4469900085376821,[0.04625221]
80,[0.83500038],0.48355079345638463,[0.35144959]
81,[0.9212166],0.48355079345638463,[0.43766581]
82,[0.26729705],0.5464118942204873,[0.27911484]
83,[0.48213041],0.5038686407579847,[0.02173823]
84,[0.04531507],0.5464118942204873,[0.50109682]
85,[0.85586337],0.4469900085376821,[0.40887336]
86,[0.05300997],0.5471751055527758,[0.49416513]
87,[0.99129614],0.4469900085376821,[0.54430613]
88,[0.59791109],0.44597830203082195,[0.15193279]
89,[0.74162852],0.44597830203082195,[0.29565022]
90,[0.75369299],0.48355079345638463,[0.2701422]
91,[0.92944015],0.4854089223138882,[0.44403122]
92,[0.06522535],0.5400207501093103,[0.4747954]
93,[0.88252023],0.4854089223138882,[0.39711131]
94,[0.28396738],0.49324221664015544,[0.20927484]
95,[0.56563817],0.4854089223138882,[0.08022924]
96,[0.13652066],0.5471751055527758,[0.41065444]
97,[0.16768471],0.5471751055527758,[0.37949039]
98,[0.3281353],0.5656381669100197,[0.23750287]
