,0,1,2
0,[0.68990049],0.3645298291455211,[0.32537066]
1,[0.28475539],0.5527014543758345,[0.26794606]
2,[0.88138596],0.47061679162888037,[0.41076916]
3,[0.20453165],0.549574738851579,[0.34504309]
4,[0.04946137],0.5527014543758345,[0.50324008]
5,[0.81760063],0.36137535105748103,[0.45622528]
6,[0.78366444],0.3642809214962729,[0.41938352]
7,[0.38670172],0.47448904588259155,[0.08778733]
8,[0.47448905],0.47061679162888037,[0.00387225]
9,[0.22857778],0.5464480233273236,[0.31787025]
10,[0.90804749],0.37867171105163,[0.52937578]
11,[0.76851179],0.37867171105163,[0.38984008]
12,[0.01693894],0.47448904588259155,[0.45755011]
13,[0.47061679],0.4309425237487716,[0.03967427]
14,[0.19534373],0.5464480233273236,[0.3511043]
15,[0.63681021],0.37867171105163,[0.2581385]
16,[0.84394941],0.40882211946321356,[0.43512729]
17,[0.34675258],0.47448904588259155,[0.12773646]
18,[0.43094252],0.4873706774036023,[0.05642815]
19,[0.1058557],0.549574738851579,[0.44371904]
20,[0.36452983],0.4873706774036023,[0.12284085]
21,[0.18323415],0.4873706774036023,[0.30413653]
22,[0.94840416],0.3685707458351596,[0.57983342]
23,[0.01103813],0.47448904588259155,[0.46345091]
24,[0.37867171],0.450779657688826,[0.07210795]
25,[0.56390939],0.38268671311464275,[0.18122268]
26,[0.60777136],0.37867171105163,[0.22909965]
27,[0.77336976],0.38268671311464275,[0.39068304]
28,[0.55270145],0.37867171105163,[0.17402974]
29,[0.83428281],0.3645298291455211,[0.46975299]
30,[0.11742778],0.42865925340326794,[0.31123147]
31,[0.65750061],0.3867017151776555,[0.27079889]
32,[0.70965005],0.38268671311464275,[0.32696334]
33,[0.29986926],0.5464480233273236,[0.24657877]
34,[0.04395785],0.47448904588259155,[0.4305312]
35,[0.73213961],0.3867017151776555,[0.34543789]
36,[0.71984209],0.3530722887189184,[0.3667698]
37,[0.23006128],0.47448904588259155,[0.24442776]
38,[0.14360096],0.5169093503654629,[0.37330839]
39,[0.02651087],0.5464480233273236,[0.51993715]
40,[0.36428092],0.4873706774036023,[0.12308976]
41,[0.35307229],0.3867017151776555,[0.03362943]
42,[0.35846978],0.5639093892102407,[0.20543961]
43,[0.91840221],0.37160077009857556,[0.54680144]
44,[0.48737068],0.3867017151776555,[0.10066896]
45,[0.69606692],0.3867017151776555,[0.3093652]
46,[0.31171354],0.450779657688826,[0.13906612]
47,[0.54644802],0.40882211946321356,[0.1376259]
48,[0.62612853],0.40882211946321356,[0.21730641]
49,[0.31413221],0.5200360658897184,[0.20590386]
