,0,1,2
0,[0.96191075],0.7419829782466243,0.5649239977454912
1,[0.06441445],0.7617018478385184,0.5097124923922552
2,[0.78919427],0.5692665042423792,0.3922075237412461
3,[0.17722624],0.5224234297770493,0.3682424194102065
4,[0.94403711],0.655123483443447,0.4946798662459213
5,[0.60919592],0.4148484183028106,0.21220916766358255
6,[0.83959192],0.49653943039635406,0.3336387186784151
7,[0.44063675],0.4340259695518485,0.13349019271189055
8,[0.67750893],0.33711582199226886,0.17155572694476884
9,[0.17855501],0.5442338598203242,0.34570977524173063
10,[0.28493852],0.49622343042387806,0.22445496967267098
11,[0.11384921],0.585800455448258,0.43161944508141525
12,[0.51586183],0.2910484863497711,0.0015056841256018139
13,[0.9333196],0.7133918335290992,0.5363328530279661
14,[0.44673635],0.3125025091906483,0.07752843239347862
15,[0.75100658],0.4620929563132912,0.3016493391157655
16,[0.07845945],0.5673256467853329,0.4383156587748229
17,[0.57412694],0.40682294676737935,0.12476969928406612
18,[0.53266773],0.2944096660945281,0.026714532211279396
19,[0.46874011],0.339570929509553,0.02681469350463539
20,[0.35736785],0.4839873103095472,0.21675909397472182
21,[0.05295805],0.6466916150897337,0.4925106047228909
22,[0.49604457],0.2870850329547734,0.02822021633688121
23,[0.69190556],0.34885306699854074,0.18595235528060183
24,[0.89947848],0.6105648578206655,0.45012124062313963
25,[0.38438244],0.42810239495692703,0.1250110514235685
26,[0.73184888],0.5489686779595745,0.4090379854526972
27,[0.15888987],0.6222720805927017,0.3505036198414946
28,[0.29589808],0.426890785708203,0.22836670112960944
29,[0.10197197],0.5976776999696064,0.44349668960276367
30,[0.79462965],0.5565225737427191,0.3471098488147753
31,[0.05760631],0.5881787886760259,0.4591688006655159
32,[0.26847347],0.5126884760719637,0.2409200153207567
33,[0.67076495],0.43265787834844616,0.22324515342050238
34,[0.56481011],0.3587849300978124,0.1172903109073104
35,[0.61218921],0.41664439373846174,0.2152024600563346
36,[0.29802844],0.4247604323135231,0.22623634773492962
37,[0.00295454],0.778207405476967,0.5064389447257599
38,[0.15943001],0.4863550815198753,0.3573450935093653
39,[0.42629949],0.3310828063231478,0.09047561740267496
40,[0.62254176],0.4547211469006035,0.29973085746247696
41,[0.96193237],0.6730187455802794,0.5125751283827535
42,[0.85198594],0.6691057316354317,0.5291750391285545
43,[0.8234762],0.6405959966325229,0.5006653041256455
44,[0.44935724],0.43177688662419256,0.12476969928406612
45,[0.40959106],0.42259782959253445,0.08719811624001406
46,[0.72998066],0.4918735910552014,0.2824608661272577
47,[0.13279184],0.6933244594912885,0.4413351040450255
48,[0.46839556],0.37501569324824635,0.06851156194772962
49,[0.87227021],0.5292177157427763,0.36631700402483724
