,0,1,2
0,[0.96191075],0.5054452096697843,0.5125535056864183
1,[0.06441445],0.4966756706406863,0.45985033709049006
2,[0.78919427],0.4970597703913272,0.3398370316821733
3,[0.17722624],0.4504077103553694,0.35544149490886623
4,[0.94403711],0.7291994500895057,0.5034003596737457
5,[0.60919592],0.399160519941991,0.1598386756045097
6,[0.83959192],0.45924509376514583,0.3928555682225068
7,[0.44063675],0.31801905867484165,0.05540782107324416
8,[0.67750893],0.3568419935584914,0.22815168807768282
9,[0.17855501],0.4014206384143357,0.3174895589048494
10,[0.28493852],0.3607770639007796,0.2477292153802202
11,[0.11384921],0.6809287648293187,0.40050693773068813
12,[0.51586183],0.31050443115829446,0.047466275279790415
13,[0.9333196],0.6843693365658343,0.4865832493800709
14,[0.44673635],0.337690288245339,0.06912548303158605
15,[0.75100658],0.2875090860137353,0.3016493391157655
16,[0.07845945],0.5793921946937208,0.4863506602454716
17,[0.57412694],0.3663174718224225,0.1273905876952438
18,[0.53266773],0.30102245305110004,0.07379133367388441
19,[0.46874011],0.30392305327478636,0.027304460674682174
20,[0.35736785],0.37407157753138937,0.20744226460269044
21,[0.05295805],0.4557042149307554,0.46290378149776557
22,[0.49604457],0.2778546754104138,0.027304460674682174
23,[0.69190556],0.33767061624371325,0.22333772325783807
24,[0.89947848],0.32144177158952986,0.4514316848287285
25,[0.38438244],0.4224208027414985,0.16435648541503833
26,[0.73184888],0.5361142431588595,0.28249164434066976
27,[0.15888987],0.5216592120853982,0.3569719668252588
28,[0.29589808],0.3371764123247001,0.22836670112960944
29,[0.10197197],0.57907251567029,0.41388986637763836
30,[0.79462965],0.45036485394969805,0.3370636923547795
31,[0.05760631],0.6604639123142556,0.5072038021361646
32,[0.26847347],0.37108428166829677,0.2641942610283059
33,[0.67076495],0.3367753071527753,0.20202484545448918
34,[0.56481011],0.29447784889892725,0.11545286991203474
35,[0.61218921],0.4244644249886975,0.16283196799726174
36,[0.29802844],0.4466463793851158,0.22623634773492962
37,[0.00295454],0.5798262922100764,0.5129072917095241
38,[0.15943001],0.41576706369003447,0.3648347690502801
39,[0.42629949],0.3036461540877682,0.10636824230548225
40,[0.62254176],0.45294170020612584,0.1758054047616272
41,[0.96193237],0.5998991955616404,0.5125751283827535
42,[0.85198594],0.526560991638767,0.38359037867590906
43,[0.8234762],0.5523560137518594,0.3550806436730001
44,[0.44935724],0.3318755490405978,0.08331049334419338
45,[0.40959106],0.36288271334055533,0.10627077495162973
46,[0.72998066],0.40606022845730694,0.2832443135431597
47,[0.13279184],0.588133535098568,0.3998758981051528
48,[0.46839556],0.3158673238673143,0.047466275279790415
49,[0.87227021],0.4321191927427724,0.4038746458171333
