,0,1,2
0,[0.96191075],0.5054452096697843,0.5125535056864183
1,[0.06441445],0.6392437086858324,0.4682532864523825
2,[0.78919427],0.4261771099116352,0.34245792009335096
3,[0.17722624],0.43208224662077976,0.35544149490886623
4,[0.94403711],0.5979326111845958,0.5034003596737457
5,[0.60919592],0.29280813662770405,0.15031951593420073
6,[0.83959192],0.33357336862027853,0.39154512401691793
7,[0.44063675],0.31801905867484165,0.05540782107324416
8,[0.67750893],0.38988931376015745,0.22815168807768282
9,[0.17855501],0.4920162669880145,0.3273981923923437
10,[0.28493852],0.3607770639007796,0.23092331665643517
11,[0.11384921],0.6809287648293186,0.41881852058007496
12,[0.51586183],0.31050443115829446,0.047466275279790415
13,[0.9333196],0.773125698301422,0.4865832493800709
14,[0.44673635],0.337690288245339,0.06912548303158605
15,[0.75100658],0.3633932946627432,0.3016493391157655
16,[0.07845945],0.4752480348204637,0.49100907493148727
17,[0.57412694],0.3663174718224226,0.1273905876952438
18,[0.53266773],0.30102245305110004,0.06427217400357543
19,[0.46874011],0.2616346946387674,0.027304460674682174
20,[0.35736785],0.36798149216647563,0.20744226460269044
21,[0.05295805],0.5044079414398006,0.46290378149776557
22,[0.49604457],0.29006455457264224,0.0037435968498467642
23,[0.69190556],0.33767061624371325,0.22350999707289787
24,[0.89947848],0.32144177158952986,0.45012124062313963
25,[0.38438244],0.3865569493312641,0.1482852971311177
26,[0.73184888],0.4651360643175355,0.28249164434066976
27,[0.15888987],0.4953633324039317,0.36537491618715134
28,[0.29589808],0.3371764123247001,0.21996375176771688
29,[0.10197197],0.5397433289881285,0.41388986637763836
30,[0.79462965],0.45036485394969805,0.3262340884788817
31,[0.05760631],0.6833700410670405,0.5072038021361646
32,[0.26847347],0.41352192604934707,0.2802654493122265
33,[0.67076495],0.2305309929841312,0.20202484545448918
34,[0.56481011],0.2954074998295727,0.11807375832321243
35,[0.61218921],0.3680676299780797,0.16283196799726174
36,[0.29802844],0.4466463793851158,0.23463929709682207
37,[0.00295454],0.6440523708044028,0.5373814293553373
38,[0.15943001],0.41576706369003447,0.35643181968838755
39,[0.42629949],0.3036461540877682,0.10636824230548225
40,[0.62254176],0.4618148322995058,0.17449496055603836
41,[0.96193237],0.6402442172184692,0.5125751283827535
42,[0.85198594],0.5610604869363522,0.38359037867590906
43,[0.8234762],0.6138798320370611,0.3550806436730001
44,[0.44935724],0.3318798735798648,0.099381681628114
45,[0.40959106],0.29160103923308683,0.10627077495162973
46,[0.72998066],0.44214576319709875,0.28193386933757086
47,[0.13279184],0.6088099328572915,0.3998758981051528
48,[0.46839556],0.27301126638549267,0.047466275279790415
49,[0.87227021],0.5085835736821747,0.41339380548744226
