,0,1,2
0,[0.96191075],0.6557508845343631,0.5030343460161093
1,[0.06441445],0.592853368035678,0.4682532864523825
2,[0.78919427],0.4406629753807095,0.3398370316821733
3,[0.17722624],0.471254444374399,0.35544149490886623
4,[0.94403711],0.6347684558812465,0.5003505571654223
5,[0.60919592],0.28948000833840126,0.1624595640156874
6,[0.83959192],0.4050846475132599,0.3928555682225068
7,[0.44063675],0.31801905867484165,0.08362803741012537
8,[0.67750893],0.4208464607857582,0.22815168807768282
9,[0.17855501],0.4920162669880145,0.33730682587983807
10,[0.28493852],0.3607770639007796,0.23932626601832774
11,[0.11384921],0.6099815456207426,0.41881852058007496
12,[0.51586183],0.30683715703025893,0.04729400146473062
13,[0.9333196],0.7167289032908042,0.4865832493800709
14,[0.44673635],0.26976979388262745,0.06912548303158605
15,[0.75100658],0.333716296199377,0.30295978332135437
16,[0.07845945],0.4752480348204637,0.49566748961750295
17,[0.57412694],0.2991967270021071,0.12476969928406612
18,[0.53266773],0.2933560285137113,0.08462093754978223
19,[0.46874011],0.2616346946387674,0.04712172764967082
20,[0.35736785],0.4317161168236351,0.17529988803484908
21,[0.05295805],0.4515797703657565,0.46290378149776557
22,[0.49604457],0.29006455457264224,0.019817266974988645
23,[0.69190556],0.31928274614915414,0.22350999707289787
24,[0.89947848],0.38766809358997295,0.45012124062313963
25,[0.38438244],0.4224208027414984,0.18042767369895907
26,[0.73184888],0.4258892582538015,0.2729724846703608
27,[0.15888987],0.4661698774167447,0.3737778655490438
28,[0.29589808],0.3371764123247001,0.21996375176771688
29,[0.10197197],0.44162626701363905,0.4306957651014234
30,[0.79462965],0.4875246363085724,0.3258895408487621
31,[0.05760631],0.7565927288983505,0.4911326138522438
32,[0.26847347],0.4250677699438067,0.2641942610283059
33,[0.67076495],0.2705489851523322,0.20202484545448918
34,[0.56481011],0.23900099605318728,0.0960700029412972
35,[0.61218921],0.3268131426455533,0.16283196799726174
36,[0.29802844],0.4855986348011294,0.23463929709682207
37,[0.00295454],0.5922970752852257,0.5129072917095241
38,[0.15943001],0.41576706369003447,0.35643181968838755
39,[0.42629949],0.24987365777081108,0.10636824230548225
40,[0.62254176],0.4552329789599595,0.1731845163504495
41,[0.96193237],0.5836541183074215,0.5125751283827535
42,[0.85198594],0.6474257722109181,0.4082993889360281
43,[0.8234762],0.33436972809596444,0.3550806436730001
44,[0.44935724],0.38518550921351247,0.08331049334419338
45,[0.40959106],0.2181671005196771,0.10627077495162973
46,[0.72998066],0.5061393610613518,0.27110426546167304
47,[0.13279184],0.6656902963790385,0.4206055010750892
48,[0.46839556],0.26599610214477726,0.047466275279790415
49,[0.87227021],0.5152203077295697,0.4038746458171333
