,0,1,2
0,[0.96191075],0.6760075965382191,0.5125535056864183
1,[0.06441445],0.592853368035678,0.4682532864523825
2,[0.78919427],0.3618686664252627,0.3398370316821733
3,[0.17722624],0.5252554822289796,0.35544149490886623
4,[0.94403711],0.6347684558812465,0.497300754657099
5,[0.60919592],0.21908305795981958,0.1624595640156874
6,[0.83959192],0.4050846475132599,0.3928555682225068
7,[0.44063675],0.31801905867484165,0.09203098677201782
8,[0.67750893],0.42624937896650444,0.22815168807768282
9,[0.17855501],0.5783429587051295,0.33730682587983807
10,[0.28493852],0.3607770639007796,0.23932626601832774
11,[0.11384921],0.5914757420333586,0.4104155712181825
12,[0.51586183],0.2076168784331111,0.047466275279790415
13,[0.9333196],0.7535647479874548,0.4865832493800709
14,[0.44673635],0.26976979388262745,0.06912548303158605
15,[0.75100658],0.333716296199377,0.3016493391157655
16,[0.07845945],0.4752480348204637,0.49566748961750295
17,[0.57412694],0.2991967270021071,0.12476969928406612
18,[0.53266773],0.337283502430431,0.08331049334419338
19,[0.46874011],0.2616346946387674,0.04712172764967082
20,[0.35736785],0.3092593851984474,0.17529988803484908
21,[0.05295805],0.39505756641072703,0.46290378149776557
22,[0.49604457],0.29006455457264224,0.019817266974988645
23,[0.69190556],0.2573816078400604,0.22350999707289787
24,[0.89947848],0.2986141252923035,0.45012124062313963
25,[0.38438244],0.4793054908025125,0.18042767369895907
26,[0.73184888],0.4258892582538015,0.28249164434066976
27,[0.15888987],0.4661698774167447,0.3737778655490438
28,[0.29589808],0.3371764123247001,0.21996375176771688
29,[0.10197197],0.44520531944100544,0.4306957651014234
30,[0.79462965],0.4479283338006774,0.3262340884788817
31,[0.05760631],0.7662373681133059,0.4911326138522438
32,[0.26847347],0.4250677699438067,0.2802654493122265
33,[0.67076495],0.27654336525328094,0.20236939308460877
34,[0.56481011],0.23366900878386257,0.11545286991203474
35,[0.61218921],0.41997025545752387,0.16283196799726174
36,[0.29802844],0.5610241916141949,0.23463929709682207
37,[0.00295454],0.5922970752852257,0.5129072917095241
38,[0.15943001],0.41576706369003447,0.35643181968838755
39,[0.42629949],0.31000202410492594,0.10636824230548225
40,[0.62254176],0.4552329789599595,0.1731845163504495
41,[0.96193237],0.7367104108886021,0.5138855725883424
42,[0.85198594],0.6923409742249789,0.4082993889360281
43,[0.8234762],0.33436972809596444,0.3550806436730001
44,[0.44935724],0.38518550921351247,0.08331049334419338
45,[0.40959106],0.24632717177245547,0.10627077495162973
46,[0.72998066],0.4890298653209135,0.27110426546167304
47,[0.13279184],0.6656902963790385,0.4206055010750892
48,[0.46839556],0.32092353213559394,0.047466275279790415
49,[0.87227021],0.44413200874779635,0.4038746458171333
