,0,1,2
0,[0.96191075],0.6557508845343631,0.4935151863458004
1,[0.06441445],0.65752608185651,0.4682532864523825
2,[0.78919427],0.5708667223990223,0.34245792009335096
3,[0.17722624],0.5195535352283978,0.35544149490886623
4,[0.94403711],0.6347684558812465,0.497300754657099
5,[0.60919592],0.3402216124166588,0.1598386756045097
6,[0.83959192],0.4050846475132599,0.3928555682225068
7,[0.44063675],0.25315355411565343,0.09203098677201782
8,[0.67750893],0.44798278820112747,0.20911336873706488
9,[0.17855501],0.5783429587051296,0.33730682587983807
10,[0.28493852],0.4197298006311324,0.23932626601832774
11,[0.11384921],0.5276121010988919,0.40201262185628994
12,[0.51586183],0.23247051549564804,0.047466275279790415
13,[0.9333196],0.7787744780212196,0.48527280517448207
14,[0.44673635],0.2145120240959612,0.06912548303158605
15,[0.75100658],0.4129961335748484,0.3016493391157655
16,[0.07845945],0.5793921946937208,0.49566748961750295
17,[0.57412694],0.2991967270021071,0.12476969928406612
18,[0.53266773],0.28515640840456186,0.08462093754978223
19,[0.46874011],0.2981227826032149,0.055524677011563384
20,[0.35736785],0.41317955077669166,0.17529988803484908
21,[0.05295805],0.37443083112575504,0.46290378149776557
22,[0.49604457],0.3068580347366203,0.019817266974988645
23,[0.69190556],0.35885697917821463,0.22350999707289787
24,[0.89947848],0.2986141252923035,0.45012124062313963
25,[0.38438244],0.3463569054106177,0.18042767369895907
26,[0.73184888],0.42581373135850364,0.28249164434066976
27,[0.15888987],0.4214678780021652,0.3737778655490438
28,[0.29589808],0.3371764123247001,0.21996375176771688
29,[0.10197197],0.44689414575483016,0.4306957651014234
30,[0.79462965],0.3860663153929341,0.3262340884788817
31,[0.05760631],0.6649518929409415,0.4750614255683232
32,[0.26847347],0.42566642842235713,0.2641942610283059
33,[0.67076495],0.2705489851523322,0.20236939308460877
34,[0.56481011],0.23366900878386257,0.11545286991203474
35,[0.61218921],0.3216816138671924,0.16283196799726174
36,[0.29802844],0.5386624809335506,0.23463929709682207
37,[0.00295454],0.6371739076392535,0.5129072917095241
38,[0.15943001],0.31416776177173056,0.35643181968838755
39,[0.42629949],0.2701657939056307,0.10636824230548225
40,[0.62254176],0.3628040200707046,0.1731845163504495
41,[0.96193237],0.7539812108817431,0.5125751283827535
42,[0.85198594],0.5803790226870197,0.4082993889360281
43,[0.8234762],0.33436972809596444,0.3550806436730001
44,[0.44935724],0.38518550921351247,0.08331049334419338
45,[0.40959106],0.25287916483199957,0.10627077495162973
46,[0.72998066],0.36754276021786636,0.280623425131982
47,[0.13279184],0.6437010103057932,0.43201827467299414
48,[0.46839556],0.23821335091589085,0.047466275279790415
49,[0.87227021],0.5149545536685209,0.4038746458171333
