,0,1,2
0,[0.96191075],0.6760075965382191,0.4935151863458004
1,[0.06441445],0.500122990324618,0.4682532864523825
2,[0.78919427],0.5708667223990223,0.34245792009335096
3,[0.17722624],0.5195535352283978,0.35544149490886623
4,[0.94403711],0.5073369826109171,0.49599031045151015
5,[0.60919592],0.32583112553654187,0.1598386756045097
6,[0.83959192],0.5291397163267594,0.3989551732391535
7,[0.44063675],0.25315355411565343,0.09203098677201782
8,[0.67750893],0.289776764506824,0.21863252840737385
9,[0.17855501],0.5313140098060583,0.33730682587983807
10,[0.28493852],0.4197298006311324,0.23932626601832774
11,[0.11384921],0.5863431384858966,0.40201262185628994
12,[0.51586183],0.2073511243720625,0.047466275279790415
13,[0.9333196],0.7787744780212196,0.4839623609688932
14,[0.44673635],0.27267371802984613,0.06912548303158605
15,[0.75100658],0.4221487682751544,0.3016493391157655
16,[0.07845945],0.6004695611563865,0.49566748961750295
17,[0.57412694],0.3153908400551986,0.12476969928406612
18,[0.53266773],0.3726718668119712,0.08462093754978223
19,[0.46874011],0.2981227826032149,0.055524677011563384
20,[0.35736785],0.38421131182999385,0.17529988803484908
21,[0.05295805],0.5103247179323958,0.46290378149776557
22,[0.49604457],0.24560674442327665,0.019817266974988645
23,[0.69190556],0.2518518061791001,0.22316544944277827
24,[0.89947848],0.5396124653055441,0.45012124062313963
25,[0.38438244],0.3463569054106177,0.18042767369895907
26,[0.73184888],0.5114211179276901,0.28249164434066976
27,[0.15888987],0.4214678780021652,0.3737778655490438
28,[0.29589808],0.3371764123247001,0.21996375176771688
29,[0.10197197],0.5063151981013971,0.4306957651014234
30,[0.79462965],0.386066315392934,0.3258895408487621
31,[0.05760631],0.6649518929409415,0.4750614255683232
32,[0.26847347],0.4256664284223571,0.2641942610283059
33,[0.67076495],0.2705489851523322,0.20236939308460877
34,[0.56481011],0.23366900878386257,0.11545286991203474
35,[0.61218921],0.32168161386719246,0.16283196799726174
36,[0.29802844],0.5386624809335506,0.23463929709682207
37,[0.00295454],0.6371739076392535,0.5129072917095241
38,[0.15943001],0.35605004765521847,0.35643181968838755
39,[0.42629949],0.27743136799790047,0.10636824230548225
40,[0.62254176],0.3628040200707046,0.1731845163504495
41,[0.96193237],0.6450377923140147,0.5138855725883424
42,[0.85198594],0.5803790226870197,0.4268720348960499
43,[0.8234762],0.37917544826324534,0.3550806436730001
44,[0.44935724],0.38518550921351247,0.06650459462040836
45,[0.40959106],0.25287916483199957,0.10627077495162973
46,[0.72998066],0.47916822210959403,0.280623425131982
47,[0.13279184],0.6437010103057932,0.43201827467299414
48,[0.46839556],0.2973617202968229,0.047466275279790415
49,[0.87227021],0.514954553668521,0.4038746458171333
