,0,1,2
0,[0.96191075],0.6769372474688644,0.4935151863458004
1,[0.06441445],0.542934278547406,0.4682532864523825
2,[0.78919427],0.6273488159930835,0.34245792009335096
3,[0.17722624],0.5195535352283978,0.35544149490886623
4,[0.94403711],0.5073369826109171,0.497300754657099
5,[0.60919592],0.39653093299624187,0.16114911981009855
6,[0.83959192],0.6387849971758127,0.3989551732391535
7,[0.44063675],0.32627303275612857,0.09203098677201782
8,[0.67750893],0.37972994464132176,0.22815168807768282
9,[0.17855501],0.5313140098060583,0.33730682587983807
10,[0.28493852],0.4197298006311324,0.23092331665643517
11,[0.11384921],0.639033803485907,0.40201262185628994
12,[0.51586183],0.2073511243720625,0.047466275279790415
13,[0.9333196],0.7509467643307751,0.4839623609688932
14,[0.44673635],0.27267371802984613,0.06912548303158605
15,[0.75100658],0.42831274167440847,0.3016493391157655
16,[0.07845945],0.6503394139022969,0.49100907493148727
17,[0.57412694],0.3153908400551986,0.12476969928406612
18,[0.53266773],0.2737067607025144,0.08593138175537107
19,[0.46874011],0.2741908473345333,0.06392762637345584
20,[0.35736785],0.38491390153677885,0.17529988803484908
21,[0.05295805],0.6312332980078106,0.46290378149776557
22,[0.49604457],0.24560674442327662,0.019817266974988645
23,[0.69190556],0.2518518061791001,0.22316544944277827
24,[0.89947848],0.5396124653055441,0.45012124062313963
25,[0.38438244],0.41329057955283865,0.1482852971311177
26,[0.73184888],0.48752643242632987,0.28249164434066976
27,[0.15888987],0.4228557343828305,0.3737778655490438
28,[0.29589808],0.3371764123247001,0.21996375176771688
29,[0.10197197],0.3918314242196674,0.4306957651014234
30,[0.79462965],0.386066315392934,0.3260618146638219
31,[0.05760631],0.7605401752329686,0.4750614255683232
32,[0.26847347],0.3754245410145628,0.2641942610283059
33,[0.67076495],0.2968631144723527,0.20236939308460877
34,[0.56481011],0.15433200642762193,0.11545286991203474
35,[0.61218921],0.3268131426455533,0.16283196799726174
36,[0.29802844],0.536518979878145,0.23463929709682207
37,[0.00295454],0.6659989734965974,0.5129072917095241
38,[0.15943001],0.3348441595304539,0.35643181968838755
39,[0.42629949],0.24533112123765885,0.10636824230548225
40,[0.62254176],0.3433867479850357,0.1731845163504495
41,[0.96193237],0.755725309567308,0.5125751283827535
42,[0.85198594],0.6899339749081098,0.4256864469778159
43,[0.8234762],0.33436972809596444,0.3550806436730001
44,[0.44935724],0.38518550921351247,0.06650459462040836
45,[0.40959106],0.2433859097760415,0.10627077495162973
46,[0.72998066],0.47916822210959403,0.280623425131982
47,[0.13279184],0.7790997803895493,0.43667668935900983
48,[0.46839556],0.28340127109024427,0.047466275279790415
49,[0.87227021],0.5149545536685209,0.4038746458171333
