,0,1,2
0,[0.96191075],0.676007596538219,0.4935151863458004
1,[0.06441445],0.5990589635738024,0.45985033709049006
2,[0.78919427],0.3675518115387138,0.3398370316821733
3,[0.17722624],0.5195535352283978,0.35544149490886623
4,[0.94403711],0.5210124602803631,0.497300754657099
5,[0.60919592],0.20565792721401674,0.1598386756045097
6,[0.83959192],0.4959256115100087,0.3928555682225068
7,[0.44063675],0.32627303275612857,0.0752250880482328
8,[0.67750893],0.2576285562852582,0.22815168807768282
9,[0.17855501],0.5665227541646797,0.33730682587983807
10,[0.28493852],0.5019996389200027,0.23932626601832774
11,[0.11384921],0.5147576662981768,0.40201262185628994
12,[0.51586183],0.2816811029397283,0.047466275279790415
13,[0.9333196],0.581468817310258,0.4839623609688932
14,[0.44673635],0.2145120240959612,0.06912548303158605
15,[0.75100658],0.40712637873990715,0.3016493391157655
16,[0.07845945],0.6004695611563866,0.49566748961750295
17,[0.57412694],0.3153908400551986,0.12476969928406612
18,[0.53266773],0.28749308984838773,0.08462093754978223
19,[0.46874011],0.24076780576225412,0.04712172764967082
20,[0.35736785],0.3842113118299938,0.17529988803484908
21,[0.05295805],0.5899348439003728,0.46290378149776557
22,[0.49604457],0.22480529931686072,0.019817266974988645
23,[0.69190556],0.35332717751725423,0.22316544944277827
24,[0.89947848],0.5396124653055442,0.45012124062313963
25,[0.38438244],0.390750815919709,0.18042767369895907
26,[0.73184888],0.47482780798344937,0.2838020885462586
27,[0.15888987],0.4076552788609262,0.36537491618715134
28,[0.29589808],0.3371764123247001,0.21996375176771688
29,[0.10197197],0.4681677942159266,0.4306957651014234
30,[0.79462965],0.34681786233058637,0.3262340884788817
31,[0.05760631],0.724052087268521,0.4750614255683232
32,[0.26847347],0.5091137481838643,0.2641942610283059
33,[0.67076495],0.2705489851523322,0.20236939308460877
34,[0.56481011],0.23366900878386257,0.11545286991203474
35,[0.61218921],0.2193287000951006,0.16283196799726174
36,[0.29802844],0.485356845299903,0.26678167366466343
37,[0.00295454],0.6199906578378339,0.5297131904333091
38,[0.15943001],0.31416776177173056,0.35643181968838755
39,[0.42629949],0.19561158775736937,0.0979652929435898
40,[0.62254176],0.4457571593429141,0.1731845163504495
41,[0.96193237],0.6924122286151162,0.5125751283827535
42,[0.85198594],0.5117005156340746,0.40393914222211585
43,[0.8234762],0.4409728658196377,0.36459980334330905
44,[0.44935724],0.3318798735798648,0.08331049334419338
45,[0.40959106],0.28539192119890083,0.10627077495162973
46,[0.72998066],0.4962777178500322,0.280623425131982
47,[0.13279184],0.7790997803895492,0.43201827467299414
48,[0.46839556],0.27351932929919426,0.047466275279790415
49,[0.87227021],0.4791919863547663,0.42291296515775123
