,0,1,2
0,[0.96191075],0.6557508845343631,0.4935151863458004
1,[0.06441445],0.6003921330725814,0.4682532864523825
2,[0.78919427],0.4924379389597238,0.3398370316821733
3,[0.17722624],0.5195535352283978,0.35544149490886623
4,[0.94403711],0.5210124602803631,0.4946798662459213
5,[0.60919592],0.37522619338318747,0.1598386756045097
6,[0.83959192],0.4959256115100087,0.3928555682225068
7,[0.44063675],0.32627303275612857,0.08362803741012537
8,[0.67750893],0.4148274385720872,0.22815168807768282
9,[0.17855501],0.5783429587051296,0.33730682587983807
10,[0.28493852],0.4197298006311324,0.2477292153802202
11,[0.11384921],0.5439054941048463,0.41881852058007496
12,[0.51586183],0.25749136274678835,0.047466275279790415
13,[0.9333196],0.581468817310258,0.4839623609688932
14,[0.44673635],0.23595797175022132,0.06912548303158605
15,[0.75100658],0.3917017412129728,0.3016493391157655
16,[0.07845945],0.6211459589151099,0.4863506602454716
17,[0.57412694],0.3153908400551986,0.11525053961375714
18,[0.53266773],0.28546259834579557,0.08462093754978223
19,[0.46874011],0.2544374895807805,0.04712172764967082
20,[0.35736785],0.3842113118299938,0.17529988803484908
21,[0.05295805],0.4858208862788368,0.46290378149776557
22,[0.49604457],0.22480529931686072,0.019817266974988645
23,[0.69190556],0.2580063356653097,0.22316544944277827
24,[0.89947848],0.4894722269308184,0.45012124062313963
25,[0.38438244],0.390750815919709,0.1482852971311177
26,[0.73184888],0.48776896717873985,0.2838020885462586
27,[0.15888987],0.4076552788609263,0.36537491618715134
28,[0.29589808],0.3371764123247001,0.21996375176771688
29,[0.10197197],0.46647896790210186,0.4306957651014234
30,[0.79462965],0.3860663153929341,0.3262340884788817
31,[0.05760631],0.724052087268521,0.4750614255683232
32,[0.26847347],0.5117829163330523,0.2641942610283059
33,[0.67076495],0.2705489851523322,0.20236939308460877
34,[0.56481011],0.23366900878386257,0.11545286991203474
35,[0.61218921],0.2593820270260706,0.16283196799726174
36,[0.29802844],0.485356845299903,0.26678167366466343
37,[0.00295454],0.5922970752852257,0.5297131904333091
38,[0.15943001],0.46274522949201835,0.35643181968838755
39,[0.42629949],0.27367574209910395,0.08956234358169723
40,[0.62254176],0.4457571593429141,0.1731845163504495
41,[0.96193237],0.6924122286151162,0.5125751283827535
42,[0.85198594],0.5986931095464616,0.40393914222211585
43,[0.8234762],0.48577858598691853,0.36459980334330905
44,[0.44935724],0.38518550921351247,0.08331049334419338
45,[0.40959106],0.2948904297202234,0.10627077495162973
46,[0.72998066],0.353670000205253,0.280623425131982
47,[0.13279184],0.6466266441143488,0.43201827467299414
48,[0.46839556],0.2833849891473211,0.05586922464168298
49,[0.87227021],0.4791919863547663,0.41339380548744226
