,0,1,2
0,[0.96191075],0.6688148285504474,0.4935151863458004
1,[0.06441445],0.5666005994017242,0.4682532864523825
2,[0.78919427],0.6150568351968981,0.3398370316821733
3,[0.17722624],0.5195535352283978,0.35544149490886623
4,[0.94403711],0.49131807997888827,0.4946798662459213
5,[0.60919592],0.27560184039500246,0.1624595640156874
6,[0.83959192],0.5524077051040698,0.3928555682225068
7,[0.44063675],0.26564433166757623,0.09203098677201782
8,[0.67750893],0.3248742584375893,0.22815168807768282
9,[0.17855501],0.6052983700756602,0.33730682587983807
10,[0.28493852],0.5019996389200027,0.2477292153802202
11,[0.11384921],0.5433361506517265,0.4104155712181825
12,[0.51586183],0.2962323919113108,0.047466275279790415
13,[0.9333196],0.745846485021991,0.4649240416282753
14,[0.44673635],0.216409269097396,0.06912548303158605
15,[0.75100658],0.38734192261658046,0.3016493391157655
16,[0.07845945],0.6666061464927703,0.4863506602454716
17,[0.57412694],0.2991967270021071,0.10573137994344817
18,[0.53266773],0.3419005729479265,0.08331049334419338
19,[0.46874011],0.2769998478894838,0.04712172764967082
20,[0.35736785],0.3619813640806586,0.17529988803484908
21,[0.05295805],0.5142766168203103,0.46290378149776557
22,[0.49604457],0.2599253924827979,0.019817266974988645
23,[0.69190556],0.2580063356653097,0.22333772325783807
24,[0.89947848],0.42388640523832277,0.45012124062313963
25,[0.38438244],0.2932639093051651,0.1482852971311177
26,[0.73184888],0.43906524066969455,0.28249164434066976
27,[0.15888987],0.46015458804531023,0.3569719668252588
28,[0.29589808],0.3371764123247001,0.2367696504915019
29,[0.10197197],0.5941206455659571,0.4306957651014234
30,[0.79462965],0.5523725803793551,0.33575324814919066
31,[0.05760631],0.7141541591220814,0.4750614255683232
32,[0.26847347],0.44481467820477,0.2641942610283059
33,[0.67076495],0.2705489851523322,0.21188855275491775
34,[0.56481011],0.2436794195919819,0.09641455057141679
35,[0.61218921],0.23877449595085382,0.16283196799726174
36,[0.29802844],0.4994323569787021,0.26678167366466343
37,[0.00295454],0.584183913895294,0.5297131904333091
38,[0.15943001],0.2658479648370927,0.35643181968838755
39,[0.42629949],0.20580881693543432,0.08956234358169723
40,[0.62254176],0.29028296210403504,0.1731845163504495
41,[0.96193237],0.7070533514623787,0.5125751283827535
42,[0.85198594],0.5323058402836862,0.402628698016527
43,[0.8234762],0.48577858598691853,0.3550806436730001
44,[0.44935724],0.38518550921351247,0.11545286991203474
45,[0.40959106],0.3005923767208052,0.1146737243135223
46,[0.72998066],0.46322495242634326,0.27110426546167304
47,[0.13279184],0.6257376068274304,0.43201827467299414
48,[0.46839556],0.2776830421467392,0.06427217400357543
49,[0.87227021],0.5400739447921066,0.4038746458171333
