,0,1,2
0,[0.96191075],0.6688148285504474,0.4935151863458004
1,[0.06441445],0.5784433207117625,0.4682532864523825
2,[0.78919427],0.5510286186432304,0.3398370316821733
3,[0.17722624],0.5195535352283978,0.35544149490886623
4,[0.94403711],0.6698651390894728,0.4946798662459213
5,[0.60919592],0.28951039180732135,0.1598386756045097
6,[0.83959192],0.5524077051040698,0.3928555682225068
7,[0.44063675],0.26564433166757623,0.09203098677201782
8,[0.67750893],0.3803921731986124,0.22815168807768282
9,[0.17855501],0.6052983700756602,0.33730682587983807
10,[0.28493852],0.3457477672387613,0.2477292153802202
11,[0.11384921],0.5673635613868979,0.4104155712181825
12,[0.51586183],0.2962323919113108,0.047466275279790415
13,[0.9333196],0.6749372157066912,0.47444320129858425
14,[0.44673635],0.2746384277496344,0.06912548303158605
15,[0.75100658],0.4295286627402026,0.3016493391157655
16,[0.07845945],0.6374126915055831,0.4863506602454716
17,[0.57412694],0.3153908400551986,0.11525053961375714
18,[0.53266773],0.3820395223696617,0.08331049334419338
19,[0.46874011],0.2769998478894838,0.06392762637345584
20,[0.35736785],0.3629394513376677,0.17529988803484908
21,[0.05295805],0.48819633518310657,0.46290378149776557
22,[0.49604457],0.2599253924827979,0.019817266974988645
23,[0.69190556],0.35332717751725423,0.22350999707289787
24,[0.89947848],0.42388640523832277,0.45012124062313963
25,[0.38438244],0.3708249951249026,0.16435648541503833
26,[0.73184888],0.43906524066969455,0.28249164434066976
27,[0.15888987],0.5457896423704128,0.3737778655490438
28,[0.29589808],0.3417716679171664,0.2367696504915019
29,[0.10197197],0.5077553602913915,0.4306957651014234
30,[0.79462965],0.5523725803793551,0.34527240781949964
31,[0.05760631],0.646557453940912,0.4750614255683232
32,[0.26847347],0.41200382592772244,0.2641942610283059
33,[0.67076495],0.2705489851523322,0.22140771242522672
34,[0.56481011],0.27789728063195285,0.09641455057141679
35,[0.61218921],0.29187828183185444,0.16283196799726174
36,[0.29802844],0.4937098034959301,0.26678167366466343
37,[0.00295454],0.695336278644012,0.5297131904333091
38,[0.15943001],0.31132850719990623,0.35643181968838755
39,[0.42629949],0.25788338801798155,0.08956234358169723
40,[0.62254176],0.40265407550426513,0.1731845163504495
41,[0.96193237],0.8259909503064253,0.5125751283827535
42,[0.85198594],0.5628564271956217,0.402628698016527
43,[0.8234762],0.5449269553678506,0.3550806436730001
44,[0.44935724],0.38518550921351247,0.11545286991203474
45,[0.40959106],0.3005923767208052,0.1146737243135223
46,[0.72998066],0.3909796354018571,0.26158510579136407
47,[0.13279184],0.7152361394550826,0.3998758981051528
48,[0.46839556],0.258983934570412,0.06427217400357543
49,[0.87227021],0.5400739447921066,0.4038746458171333
