,0,1,2
0,[0.96191075],0.7019053998321352,0.4935151863458004
1,[0.06441445],0.6925534507517546,0.4682532864523825
2,[0.78919427],0.5510286186432304,0.3398370316821733
3,[0.17722624],0.5195535352283978,0.35544149490886623
4,[0.94403711],0.6698651390894728,0.4946798662459213
5,[0.60919592],0.2458964968968289,0.1598386756045097
6,[0.83959192],0.6059865513520507,0.3928555682225068
7,[0.44063675],0.26564433166757623,0.09203098677201782
8,[0.67750893],0.3613764383542972,0.22815168807768282
9,[0.17855501],0.4948444982145725,0.33730682587983807
10,[0.28493852],0.3457477672387613,0.2477292153802202
11,[0.11384921],0.41051511212677616,0.41881852058007496
12,[0.51586183],0.3210540126927663,0.047466275279790415
13,[0.9333196],0.6749372157066912,0.47444320129858425
14,[0.44673635],0.3180530549949495,0.06912548303158605
15,[0.75100658],0.4407158178379185,0.3016493391157655
16,[0.07845945],0.6374126915055831,0.4863506602454716
17,[0.57412694],0.2938184279514355,0.10573137994344817
18,[0.53266773],0.38582804686464617,0.08331049334419338
19,[0.46874011],0.31469431995140446,0.055524677011563384
20,[0.35736785],0.35072686008344267,0.17529988803484908
21,[0.05295805],0.5000165397235564,0.47130673085965813
22,[0.49604457],0.2624158420223205,0.019817266974988645
23,[0.69190556],0.29244521907991394,0.22350999707289787
24,[0.89947848],0.5100406529295349,0.45012124062313963
25,[0.38438244],0.3708249951249026,0.1482852971311177
26,[0.73184888],0.32781766817332125,0.28249164434066976
27,[0.15888987],0.556517158570372,0.3737778655490438
28,[0.29589808],0.3417716679171664,0.2367696504915019
29,[0.10197197],0.6042001751917884,0.4306957651014234
30,[0.79462965],0.47951706736973987,0.34527240781949964
31,[0.05760631],0.6584005964822631,0.4750614255683232
32,[0.26847347],0.5227763506784989,0.2641942610283059
33,[0.67076495],0.2705489851523322,0.22140771242522672
34,[0.56481011],0.24514026682326806,0.09641455057141679
35,[0.61218921],0.2394784765747385,0.16283196799726174
36,[0.29802844],0.5381037140050213,0.26678167366466343
37,[0.00295454],0.695336278644012,0.5297131904333091
38,[0.15943001],0.4535351727652939,0.37323771841217257
39,[0.42629949],0.20112756915110735,0.08956234358169723
40,[0.62254176],0.3794722827248275,0.1731845163504495
41,[0.96193237],0.6385898157197507,0.5125751283827535
42,[0.85198594],0.6290827491960649,0.402628698016527
43,[0.8234762],0.4947867169931248,0.3550806436730001
44,[0.44935724],0.3762737840889562,0.11545286991203474
45,[0.40959106],0.2948904297202234,0.12307667367541475
46,[0.72998066],0.4737676707975572,0.26158510579136407
47,[0.13279184],0.7079115063153278,0.3998758981051528
48,[0.46839556],0.24911827472228526,0.06427217400357543
49,[0.87227021],0.5400739447921066,0.4038746458171333
