,0,1,2
0,[0.96191075],0.6688148285504474,0.4935151863458004
1,[0.06441445],0.6925534507517547,0.4682532864523825
2,[0.78919427],0.5510286186432304,0.3398370316821733
3,[0.17722624],0.5195535352283978,0.35544149490886623
4,[0.94403711],0.6698651390894728,0.4946798662459213
5,[0.60919592],0.2492381831708154,0.1598386756045097
6,[0.83959192],0.6189815121094356,0.3928555682225068
7,[0.44063675],0.23892094599536717,0.09203098677201782
8,[0.67750893],0.3174626410381356,0.22815168807768282
9,[0.17855501],0.4990726190122302,0.33730682587983807
10,[0.28493852],0.33201489718917526,0.2477292153802202
11,[0.11384921],0.611211042944739,0.41881852058007496
12,[0.51586183],0.3210540126927663,0.047466275279790415
13,[0.9333196],0.6749372157066913,0.4839623609688932
14,[0.44673635],0.3237756084777216,0.06912548303158605
15,[0.75100658],0.4953233246422458,0.3016493391157655
16,[0.07845945],0.672308093493352,0.47027947196155084
17,[0.57412694],0.2991967270021071,0.12476969928406612
18,[0.53266773],0.35283092592092363,0.08331049334419338
19,[0.46874011],0.3146733911839183,0.04712172764967082
20,[0.35736785],0.28744198361660017,0.17529988803484908
21,[0.05295805],0.5435126208871239,0.46290378149776557
22,[0.49604457],0.22480529931686072,0.019817266974988645
23,[0.69190556],0.2921794650188653,0.22350999707289787
24,[0.89947848],0.44100533037414136,0.45012124062313963
25,[0.38438244],0.3708249951249026,0.16435648541503833
26,[0.73184888],0.3431233046253845,0.28249164434066976
27,[0.15888987],0.5378503423735517,0.3737778655490438
28,[0.29589808],0.3417716679171664,0.2367696504915019
29,[0.10197197],0.5054928133833612,0.4306957651014234
30,[0.79462965],0.5381205132302607,0.33575324814919066
31,[0.05760631],0.658400596482263,0.4750614255683232
32,[0.26847347],0.5117829163330524,0.2641942610283059
33,[0.67076495],0.2705489851523322,0.22140771242522672
34,[0.56481011],0.2436794195919819,0.09641455057141679
35,[0.61218921],0.3244661992409882,0.16283196799726174
36,[0.29802844],0.48479807837137373,0.26678167366466343
37,[0.00295454],0.6773614740427608,0.5297131904333091
38,[0.15943001],0.461407867932688,0.37323771841217257
39,[0.42629949],0.23821431559410536,0.0979652929435898
40,[0.62254176],0.40212919307895884,0.1731845163504495
41,[0.96193237],0.6385898157197507,0.5125751283827535
42,[0.85198594],0.4978022619074383,0.402628698016527
43,[0.8234762],0.4425519384418351,0.3550806436730001
44,[0.44935724],0.3318798735798648,0.11545286991203474
45,[0.40959106],0.2846711625326438,0.12307667367541475
46,[0.72998066],0.4969965988679257,0.26158510579136407
47,[0.13279184],0.7079115063153278,0.3998758981051528
48,[0.46839556],0.251493723626555,0.06427217400357543
49,[0.87227021],0.5400739447921066,0.4038746458171333
