,0,1,2
0,[0.96191075],0.638673556984796,0.5138639498920072
1,[0.06441445],0.5987515789887261,0.4514473877285975
2,[0.78919427],0.5451320812075917,0.3398370316821733
3,[0.17722624],0.3956027144102287,0.35544149490886623
4,[0.94403711],0.6371439047855162,0.5034003596737457
5,[0.60919592],0.38262588151945687,0.15031951593420073
6,[0.83959192],0.5616593272725815,0.39154512401691793
7,[0.44063675],0.33050983622676444,0.11276058974195424
8,[0.67750893],0.4145692697984867,0.22815168807768282
9,[0.17855501],0.543549097135509,0.33730682587983807
10,[0.28493852],0.32284049559294703,0.2477292153802202
11,[0.11384921],0.42529295945071083,0.3548908942066191
12,[0.51586183],0.2568185883264916,0.047466275279790415
13,[0.9333196],0.5859293325511168,0.4865832493800709
14,[0.44673635],0.2232964367585109,0.06912548303158605
15,[0.75100658],0.28370142214561167,0.29213017944545655
16,[0.07845945],0.4414158586687374,0.3902806573041744
17,[0.57412694],0.3412157712160321,0.13349019271189055
18,[0.53266773],0.29856128490752404,0.03662316569877366
19,[0.46874011],0.24586861916518798,0.000344547630119596
20,[0.35736785],0.4449011690385006,0.17529988803484908
21,[0.05295805],0.6437633976346384,0.4529951480102712
22,[0.49604457],0.307268569715862,0.003915870664906562
23,[0.69190556],0.44515136698444496,0.22350999707289787
24,[0.89947848],0.4614322485637869,0.45012124062313963
25,[0.38438244],0.42087133021452433,0.16435648541503833
26,[0.73184888],0.41022376501156926,0.2742829288759496
27,[0.15888987],0.42104410945706683,0.38144610447107197
28,[0.29589808],0.3055001150802486,0.2367696504915019
29,[0.10197197],0.4712842450405471,0.4306957651014234
30,[0.79462965],0.4916606676091801,0.3262340884788817
31,[0.05760631],0.5650550712089407,0.4911326138522438
32,[0.26847347],0.4022116270187894,0.29633663759614726
33,[0.67076495],0.5182168484637164,0.2240286008364044
34,[0.56481011],0.29746958661026135,0.10707188063225481
35,[0.61218921],0.2653938064855211,0.16283196799726174
36,[0.29802844],0.1807955891128639,0.22623634773492962
37,[0.00295454],0.5666641991555789,0.5129072917095241
38,[0.15943001],0.6127125157230795,0.3648347690502801
39,[0.42629949],0.3784005028472193,0.10636824230548225
40,[0.62254176],0.3946654147906286,0.19624226531173838
41,[0.96193237],0.6867171814651596,0.5138855725883424
42,[0.85198594],0.6303205087134475,0.39310953834621803
43,[0.8234762],0.389683789415587,0.37542940721920687
44,[0.44935724],0.3449161768694598,0.06650459462040836
45,[0.40959106],0.37464612437615286,0.10627077495162973
46,[0.72998066],0.41917304067876426,0.2862941160514831
47,[0.13279184],0.438906539947827,0.3998758981051528
48,[0.46839556],0.36052176846867584,0.02764900830480177
49,[0.87227021],0.5246231301205901,0.4038746458171333
