,0,1,2
0,[0.96191075],0.6253136599696518,0.5125535056864183
1,[0.06441445],0.6112380320013819,0.45985033709049006
2,[0.78919427],0.5451320812075917,0.3303178720118643
3,[0.17722624],0.3956027144102287,0.35544149490886623
4,[0.94403711],0.4986123688701703,0.5034003596737457
5,[0.60919592],0.3226735740127621,0.16114911981009855
6,[0.83959192],0.5216300303140358,0.3902346798113291
7,[0.44063675],0.31801905867484165,0.11276058974195424
8,[0.67750893],0.2297971291600014,0.22815168807768282
9,[0.17855501],0.543549097135509,0.33730682587983807
10,[0.28493852],0.3881854116198117,0.2477292153802202
11,[0.11384921],0.5359995122283716,0.3821953548813013
12,[0.51586183],0.2568185883264916,0.047466275279790415
13,[0.9333196],0.6971769050474901,0.4865832493800709
14,[0.44673635],0.2848193104371528,0.06912548303158605
15,[0.75100658],0.28370142214561167,0.3016493391157655
16,[0.07845945],0.4414158586687374,0.3902806573041744
17,[0.57412694],0.375433632256003,0.12912994599797833
18,[0.53266773],0.24747260210317687,0.03662316569877366
19,[0.46874011],0.2817407179562754,0.000344547630119596
20,[0.35736785],0.38655803054404514,0.17529988803484908
21,[0.05295805],0.7673633319499488,0.46290378149776557
22,[0.49604457],0.2828004800015772,0.019817266974988645
23,[0.69190556],0.29545909030449125,0.22350999707289787
24,[0.89947848],0.4767834172013929,0.45012124062313963
25,[0.38438244],0.3539376560723033,0.18042767369895907
26,[0.73184888],0.5238218367442837,0.28511253275184745
27,[0.15888987],0.49358085653672046,0.40592024211688515
28,[0.29589808],0.3415730448290957,0.2367696504915019
29,[0.10197197],0.4995564396554947,0.4222928157395309
30,[0.79462965],0.5386318747587031,0.3401134948631029
31,[0.05760631],0.5650550712089406,0.5072038021361646
32,[0.26847347],0.4548333824927758,0.25579131166641345
33,[0.67076495],0.3869769086620415,0.20236939308460877
34,[0.56481011],0.3212704738109392,0.0960700029412972
35,[0.61218921],0.32736385432063864,0.16283196799726174
36,[0.29802844],0.40596657580743134,0.22623634773492962
37,[0.00295454],0.6463390638220964,0.5129072917095241
38,[0.15943001],0.562842662977169,0.37323771841217257
39,[0.42629949],0.3422820579172942,0.10636824230548225
40,[0.62254176],0.39466541479062855,0.19624226531173838
41,[0.96193237],0.6855966167858727,0.5125751283827535
42,[0.85198594],0.6303205087134475,0.38359037867590906
43,[0.8234762],0.23993469025661512,0.3550806436730001
44,[0.44935724],0.31579378995414753,0.06650459462040836
45,[0.40959106],0.4037827582281019,0.10627077495162973
46,[0.72998066],0.46092680490015336,0.280623425131982
47,[0.13279184],0.6102807264218426,0.3998758981051528
48,[0.46839556],0.3198676771546908,0.03755764179229604
49,[0.87227021],0.5246231301205901,0.41339380548744226
