,0,1,2
0,[0.96191075],0.5847250470452557,0.5125535056864183
1,[0.06441445],0.6392437086858324,0.4682532864523825
2,[0.78919427],0.5421582840749124,0.3398370316821733
3,[0.17722624],0.4504077103553694,0.35544149490886623
4,[0.94403711],0.5979326111845958,0.5034003596737457
5,[0.60919592],0.4250776858090842,0.16114911981009855
6,[0.83959192],0.5581984619722549,0.3902346798113291
7,[0.44063675],0.31801905867484165,0.09203098677201782
8,[0.67750893],0.3420012116315818,0.22815168807768282
9,[0.17855501],0.5564568005646325,0.33730682587983807
10,[0.28493852],0.3320761545971228,0.2477292153802202
11,[0.11384921],0.5110455723715583,0.3821953548813013
12,[0.51586183],0.2217480694227069,0.047466275279790415
13,[0.9333196],0.7931448101162235,0.4865832493800709
14,[0.44673635],0.2948665221430243,0.06912548303158605
15,[0.75100658],0.2875090860137353,0.3016493391157655
16,[0.07845945],0.5793921946937208,0.4383156587748229
17,[0.57412694],0.30452436294070306,0.1273905876952438
18,[0.53266773],0.2713965882350683,0.08331049334419338
19,[0.46874011],0.2799911180061047,0.013479956522281289
20,[0.35736785],0.4111583239743874,0.21210067928870613
21,[0.05295805],0.4614224438742604,0.46290378149776557
22,[0.49604457],0.2830662340626258,0.019817266974988645
23,[0.69190556],0.33767061624371325,0.22350999707289787
24,[0.89947848],0.4787685449272671,0.45012124062313963
25,[0.38438244],0.3316005873514053,0.16435648541503833
26,[0.73184888],0.5358484890978108,0.28511253275184745
27,[0.15888987],0.44683541948267463,0.3569719668252588
28,[0.29589808],0.3371764123247001,0.22836670112960944
29,[0.10197197],0.4571187952744443,0.403981232890144
30,[0.79462965],0.5386318747587031,0.3262340884788817
31,[0.05760631],0.6604639123142556,0.4911326138522438
32,[0.26847347],0.37108428166829677,0.2641942610283059
33,[0.67076495],0.3167561953379739,0.20202484545448918
34,[0.56481011],0.28322926790127756,0.11676331411762358
35,[0.61218921],0.36260240658095416,0.16283196799726174
36,[0.29802844],0.3930628057033349,0.21783339837303706
37,[0.00295454],0.544665211257751,0.5129072917095241
38,[0.15943001],0.4254500271033111,0.37323771841217257
39,[0.42629949],0.2743615635545827,0.10636824230548225
40,[0.62254176],0.3820590397264338,0.17885520726995058
41,[0.96193237],0.693549852852117,0.5138855725883424
42,[0.85198594],0.609648492882362,0.39310953834621803
43,[0.8234762],0.479337785511718,0.3550806436730001
44,[0.44935724],0.34086036385958174,0.07490754398230093
45,[0.40959106],0.3312491802370714,0.10627077495162973
46,[0.72998066],0.46470623180882165,0.280623425131982
47,[0.13279184],0.49168872019817106,0.3998758981051528
48,[0.46839556],0.23741475231641393,0.03755764179229604
49,[0.87227021],0.4321191927427724,0.41339380548744226
