,0,1,2
0,[0.6961921],0.5750605937744788,0.25305373109309537
1,[0.09971056],0.5750420810512505,0.3491688035342262
2,[0.66335794],0.4665712424796579,0.2804513895592753
3,[0.44887937],0.3390472815547089,0.06597281489070927
4,[0.8876941],0.5926949420450689,0.39710952136643307
5,[0.38290655],0.34050941333946294,0.06597281489070927
6,[0.53994654],0.29161306414863164,0.09589795960356295
7,[0.44404858],0.2972372003559641,0.09589795960356295
8,[0.74663258],0.4516334231020197,0.25604800242338377
9,[0.97062169],0.8494901754827866,0.5274833128014031
10,[0.49058458],0.34251859683429065,0.1089246132464542
11,[0.79432438],0.4782668584950297,0.3502757949452002
12,[0.14069432],0.6416704635967239,0.4588148719914741
13,[0.58051291],0.31595306599711626,0.12754118663815373
14,[0.59950919],0.35502464355429886,0.1089246132464542
15,[0.3516151],0.40662936615316925,0.2085363306495983
16,[0.03900027],0.6989774232943688,0.5211511637750075
17,[0.71138317],0.5902516618648945,0.2682447991835112
18,[0.56155919],0.3121623232240907,0.10858747277302594
19,[0.53466164],0.4641128333231756,0.06603347996173814
20,[0.3295642],0.3575180644747015,0.2151141542611199
21,[0.22181026],0.5605545216894554,0.37769893008420563
22,[0.26251288],0.5198519059977025,0.3369963143924527
23,[0.35939375],0.42297103151611354,0.24011543991086381
24,[0.21807357],0.46900869541055057,0.326604785196969
25,[0.72605028],0.6049187687414184,0.282911906060035
26,[0.29944577],0.4050918951157862,0.24050076821227329
27,[0.0162551],0.7217225909816457,0.5438963314622842
28,[0.71267003],0.3966125127987654,0.26862144924893594
29,[0.76505066],0.47005150147104713,0.2744660807924112
30,[0.69061159],0.4938248898147853,0.30770503689440265
31,[0.96057183],0.6261252809459024,0.5076001074951758
32,[0.06391384],0.6740638520009334,0.49623759248157207
33,[0.14848499],0.5262676554876567,0.3003943779706325
34,[0.07636173],0.5983909128728483,0.37251763535582394
35,[0.13487324],0.6031044567869139,0.42527819726755256
36,[0.80496989],0.47052334204934565,0.3519981685986192
37,[0.83654841],0.6397617078646455,0.4536418549442629
38,[0.55689109],0.29500197403162154,0.11284250901851267
39,[0.91293739],0.6179382271084735,0.4223528064298375
40,[0.27646966],0.4038226289706296,0.17240970730406757
41,[0.21865152],0.4684307496731657,0.3260268394595841
42,[0.52779752],0.30540998900341904,0.05794496611798872
43,[0.37814592],0.31102049769792006,0.16653243889101466
44,[0.9188563],0.6027987832689972,0.4748077197191677
45,[0.23618697],0.4683506992548153,0.30375957235130246
46,[0.34117711],0.3633605577809961,0.1987694308774831
47,[0.58564122],0.4947005816136244,0.14250285068786017
48,[0.25942916],0.4451085116258534,0.28051738472234045
49,[0.73436592],0.5375792186704003,0.3514593657500177
