,0,1,2
0,[0.6961921],0.4666722433253521,0.340687675503509
1,[0.09971056],0.5045218704143433,0.43151901866012554
2,[0.66335794],0.31655293298859577,0.2804513895592753
3,[0.44887937],0.28678936294153984,0.10801172564841022
4,[0.8876941],0.42149775407058676,0.39710952136643307
5,[0.38290655],0.3171018528054441,0.14489096924621925
6,[0.53994654],0.3320673174589982,0.09589795960356295
7,[0.44404858],0.1837095609485352,0.09589795960356295
8,[0.74663258],0.3548719762621996,0.25604800242338377
9,[0.97062169],0.8128808674012749,0.5924757674777387
10,[0.49058458],0.27983295819761395,0.037212940615638845
11,[0.79432438],0.38064697322563656,0.3502757949452002
12,[0.14069432],0.6079469247188054,0.416196770653559
13,[0.58051291],0.20365544379343828,0.1316335393239959
14,[0.59950919],0.29486042119445166,0.15546061035642778
15,[0.3516151],0.2660458918239878,0.18304654040755763
16,[0.03900027],0.431715693461603,0.4956613735329668
17,[0.71138317],0.39477581673697176,0.29790560400642696
18,[0.56155919],0.41187371033944586,0.11751060882897058
19,[0.53466164],0.4135301328851623,0.18304654040755763
20,[0.3295642],0.23058827194345888,0.2050974402502196
21,[0.22181026],0.4117645799668309,0.3181362793313408
22,[0.26251288],0.3311250089589458,0.2990463128649955
23,[0.35939375],0.4121460177230155,0.1974973385729487
24,[0.21807357],0.3203070990048455,0.3388175209381902
25,[0.72605028],0.5329651548639605,0.27717091175254494
26,[0.29944577],0.3925978948022215,0.24050076821227329
27,[0.0162551],0.31788590738253963,0.5184065412202435
28,[0.71267003],0.33295051175679624,0.26862144924893594
29,[0.76505066],0.33711700292557084,0.2744660807924112
30,[0.69061159],0.37035010685635983,0.24173222200369338
31,[0.96057183],0.570690807560112,0.5824259091648436
32,[0.06391384],0.4035602327990063,0.4707478022395314
33,[0.14848499],0.3392849852537957,0.3793125323261425
34,[0.07636173],0.6209106437567865,0.4659825753577841
35,[0.13487324],0.25635787237104923,0.3997884070255119
36,[0.80496989],0.353257221257061,0.3560905212844614
37,[0.83654841],0.5049966838811557,0.4536418549442629
38,[0.55689109],0.23221716916578386,0.11284250901851267
39,[0.91293739],0.4527989237948393,0.4688888035398111
40,[0.27646966],0.3663062905113085,0.2581919832003563
41,[0.21865152],0.3198447424149376,0.3382395752008053
42,[0.52779752],0.3654140225231256,0.07891815435550997
43,[0.37814592],0.27547966833555193,0.17874517463223583
44,[0.9188563],0.5112247413736589,0.47239232803411646
45,[0.23618697],0.22665622512268965,0.30375957235130246
46,[0.34117711],0.27454954091122324,0.1987694308774831
47,[0.58564122],0.37036015292133734,0.20511498831763753
48,[0.25942916],0.22951635146414712,0.29746193413729016
49,[0.73436592],0.4415562698307062,0.28790194254435963
