,0,1,2
0,[0.6961921],0.41003410865632367,0.32504195069322916
1,[0.09971056],0.4764506097607536,0.4375935295991008
2,[0.66335794],0.32951311445207726,0.2804513895592753
3,[0.44887937],0.2323759726911873,0.10801172564841022
4,[0.8876941],0.4214977540705867,0.39710952136643307
5,[0.38290655],0.3171018528054441,0.14489096924621925
6,[0.53994654],0.3320673174589982,0.09589795960356295
7,[0.44404858],0.2426283537157024,0.09589795960356295
8,[0.74663258],0.3548719762621996,0.25604800242338377
9,[0.97062169],0.6975788802002262,0.5924757674777387
10,[0.49058458],0.24677273259190696,0.037212940615638845
11,[0.79432438],0.2492086063411799,0.3502757949452002
12,[0.14069432],0.6341850900516872,0.416196770653559
13,[0.58051291],0.28911726010964234,0.1316335393239959
14,[0.59950919],0.2952875889123334,0.15546061035642778
15,[0.3516151],0.2660458918239878,0.18304654040755763
16,[0.03900027],0.5264645140285725,0.4956613735329668
17,[0.71138317],0.3947758167369718,0.29790560400642696
18,[0.56155919],0.387069026313953,0.11751060882897058
19,[0.53466164],0.4641128333231756,0.18304654040755763
20,[0.3295642],0.23058827194345882,0.2050974402502196
21,[0.22181026],0.41176457996683097,0.3181362793313408
22,[0.26251288],0.35803880013800027,0.2943782130545376
23,[0.35939375],0.42919896882551434,0.1974973385729487
24,[0.21807357],0.3203070990048455,0.3388175209381902
25,[0.72605028],0.5329651548639605,0.27717091175254494
26,[0.29944577],0.3832167549825564,0.24050076821227329
27,[0.0162551],0.31788590738253963,0.5184065412202435
28,[0.71267003],0.3810506653992509,0.26862144924893594
29,[0.76505066],0.23677442313288893,0.2744660807924112
30,[0.69061159],0.27067565263261767,0.24173222200369338
31,[0.96057183],0.570690807560112,0.5824259091648436
32,[0.06391384],0.40356023279900627,0.4707478022395314
33,[0.14848499],0.3392849852537957,0.38274459309653186
34,[0.07636173],0.6209106437567865,0.45829991125211267
35,[0.13487324],0.2513751581123621,0.3997884070255119
36,[0.80496989],0.353257221257061,0.36092130465456385
37,[0.83654841],0.5487365702972778,0.4536418549442629
38,[0.55689109],0.2691410541895394,0.11284250901851267
39,[0.91293739],0.5077967667137765,0.4688888035398111
40,[0.27646966],0.34758894722962047,0.269306708076417
41,[0.21865152],0.3198447424149376,0.3382395752008053
42,[0.52779752],0.2978747144716139,0.07891815435550997
43,[0.37814592],0.27547966833555193,0.17874517463223583
44,[0.9188563],0.6622895632160141,0.4748077197191677
45,[0.23618697],0.22665622512268965,0.30375957235130246
46,[0.34117711],0.27454954091122324,0.20724170558495802
47,[0.58564122],0.46450971336924357,0.20273467127107936
48,[0.25942916],0.2568092160029668,0.29746193413729016
49,[0.73436592],0.33727078965085217,0.29031733422941086
