,0,1,2
0,[0.6961921],0.44998115096740643,0.31328555167631456
1,[0.09971056],0.4764506097607536,0.4402359797676867
2,[0.66335794],0.32951311445207726,0.2804513895592753
3,[0.44887937],0.2323759726911873,0.10801172564841022
4,[0.8876941],0.31284967454455426,0.39710952136643307
5,[0.38290655],0.31710185280544406,0.14489096924621925
6,[0.53994654],0.3320673174589982,0.09589795960356295
7,[0.44404858],0.24262835371570243,0.09589795960356295
8,[0.74663258],0.3548719762621996,0.25604800242338377
9,[0.97062169],0.6394660935436767,0.5924757674777387
10,[0.49058458],0.2805802966359939,0.037212940615638845
11,[0.79432438],0.3888219185415642,0.3502757949452002
12,[0.14069432],0.6341850900516872,0.416196770653559
13,[0.58051291],0.31141538629681215,0.1316335393239959
14,[0.59950919],0.23234602097935783,0.15304521867137655
15,[0.3516151],0.26604589182398786,0.18304654040755763
16,[0.03900027],0.5931075300223115,0.4956613735329668
17,[0.71138317],0.34273290513299437,0.26733458824612355
18,[0.56155919],0.41187371033944586,0.11751060882897058
19,[0.53466164],0.4641128333231756,0.15651572488011434
20,[0.3295642],0.3086100277774423,0.2050974402502196
21,[0.22181026],0.5085885206807074,0.3181362793313408
22,[0.26251288],0.35803880013800027,0.2943782130545376
23,[0.35939375],0.42919896882551434,0.1890250638654739
24,[0.21807357],0.3203070990048455,0.3388175209381902
25,[0.72605028],0.5329651548639605,0.27717091175254494
26,[0.29944577],0.3832167549825565,0.24050076821227329
27,[0.0162551],0.31788590738253963,0.5184065412202435
28,[0.71267003],0.41396517322933296,0.26862144924893594
29,[0.76505066],0.23677442313288893,0.2744660807924112
30,[0.69061159],0.2673755163285202,0.24173222200369338
31,[0.96057183],0.570690807560112,0.5824259091648436
32,[0.06391384],0.40356023279900627,0.4707478022395314
33,[0.14848499],0.4655023299634683,0.38617665386692124
34,[0.07636173],0.5179360532289466,0.46941463612817336
35,[0.13487324],0.35248526627060706,0.3997884070255119
36,[0.80496989],0.2820132212884342,0.39149232041486726
37,[0.83654841],0.5569333220030932,0.4536418549442629
38,[0.55689109],0.2181722876296644,0.11284250901851267
39,[0.91293739],0.5077967667137765,0.4688888035398111
40,[0.27646966],0.3475889472296204,0.2804214329524778
41,[0.21865152],0.3198447424149376,0.3382395752008053
42,[0.52779752],0.3360320461237043,0.07891815435550997
43,[0.37814592],0.27547966833555193,0.17874517463223583
44,[0.9188563],0.7127182672471556,0.4748077197191677
45,[0.23618697],0.22665622512268965,0.30375957235130246
46,[0.34117711],0.27454954091122324,0.1987694308774831
47,[0.58564122],0.46450971336924357,0.20273467127107936
48,[0.25942916],0.29181402984846094,0.29746193413729016
49,[0.73436592],0.33727078965085217,0.29031733422941086
