,0,1,2
0,[0.6961921],0.44725880033568827,0.31328555167631456
1,[0.09971056],0.4764506097607536,0.4402359797676867
2,[0.66335794],0.2392259565098105,0.2804513895592753
3,[0.44887937],0.2838077975192751,0.10801172564841022
4,[0.8876941],0.41335723093223625,0.39710952136643307
5,[0.38290655],0.3171018528054441,0.151755090786998
6,[0.53994654],0.3289457272391269,0.09589795960356295
7,[0.44404858],0.24262835371570243,0.09589795960356295
8,[0.74663258],0.28316847321126326,0.25604800242338377
9,[0.97062169],0.636532672168372,0.5877151333846223
10,[0.49058458],0.29504025250345967,0.037212940615638845
11,[0.79432438],0.2492086063411799,0.3502757949452002
12,[0.14069432],0.6341850900516872,0.4077244959460842
13,[0.58051291],0.31079864208026164,0.1316335393239959
14,[0.59950919],0.1505426169770671,0.15546061035642778
15,[0.3516151],0.26872194099873015,0.18304654040755763
16,[0.03900027],0.5885123069572606,0.4956613735329668
17,[0.71138317],0.2808985923961068,0.26733458824612355
18,[0.56155919],0.3687687612884469,0.11751060882897058
19,[0.53466164],0.4641128333231756,0.15651572488011434
20,[0.3295642],0.3086100277774423,0.20773989041880547
21,[0.22181026],0.4363775346026869,0.3181362793313408
22,[0.26251288],0.4528183895587802,0.2943782130545376
23,[0.35939375],0.42919896882551434,0.1974973385729487
24,[0.21807357],0.27541570261275244,0.3388175209381902
25,[0.72605028],0.35746896390247074,0.27717091175254494
26,[0.29944577],0.31187081253168625,0.24050076821227329
27,[0.0162551],0.31788590738253963,0.5184065412202435
28,[0.71267003],0.3411989813336829,0.26862144924893594
29,[0.76505066],0.23677442313288893,0.2744660807924112
30,[0.69061159],0.2673755163285202,0.24173222200369338
31,[0.96057183],0.6335678690690301,0.5824259091648436
32,[0.06391384],0.4256704088800533,0.4733902524081173
33,[0.14848499],0.4232294740717302,0.38617665386692124
34,[0.07636173],0.5423006349609931,0.46358481158928444
35,[0.13487324],0.35248526627060706,0.3997884070255119
36,[0.80496989],0.2820132212884342,0.36092130465456385
37,[0.83654841],0.48709956129624804,0.4536418549442629
38,[0.55689109],0.2389869933172155,0.11284250901851267
39,[0.91293739],0.4335518589829597,0.4688888035398111
40,[0.27646966],0.3475889472296204,0.2581919832003563
41,[0.21865152],0.3662437403774974,0.3160101254486838
42,[0.52779752],0.3059712454206352,0.07891815435550997
43,[0.37814592],0.22679752917043325,0.15915817504870022
44,[0.9188563],0.6426631082581156,0.4748077197191677
45,[0.23618697],0.2645462668204657,0.30375957235130246
46,[0.34117711],0.2437884125478667,0.1987694308774831
47,[0.58564122],0.30139019761993435,0.14159263975047254
48,[0.25942916],0.3112731698388463,0.29746193413729016
49,[0.73436592],0.4601207611227557,0.29031733422941086
