,0,1,2
0,[0.6961921],0.48976996414352325,0.31328555167631456
1,[0.09971056],0.3840372581238941,0.4349510794305149
2,[0.66335794],0.337323753689704,0.2804513895592753
3,[0.44887937],0.28214466969792235,0.10801172564841022
4,[0.8876941],0.4287133271998549,0.39710952136643307
5,[0.38290655],0.3171018528054441,0.1739845405391195
6,[0.53994654],0.28449806329357136,0.09589795960356295
7,[0.44404858],0.2586210569878995,0.09589795960356295
8,[0.74663258],0.3844493213896848,0.25604800242338377
9,[0.97062169],0.6425563576933484,0.5877151333846223
10,[0.49058458],0.29504025250345967,0.037212940615638845
11,[0.79432438],0.38064697322563656,0.3502757949452002
12,[0.14069432],0.6652222143257323,0.416196770653559
13,[0.58051291],0.34174617743843116,0.1316335393239959
14,[0.59950919],0.12987779635769375,0.15546061035642778
15,[0.3516151],0.26604589182398786,0.18304654040755763
16,[0.03900027],0.605100548297076,0.4956613735329668
17,[0.71138317],0.2808985923961068,0.26733458824612355
18,[0.56155919],0.3687687612884469,0.11751060882897058
19,[0.53466164],0.4641128333231756,0.15651572488011434
20,[0.3295642],0.298261386126703,0.2050974402502196
21,[0.22181026],0.36577104276068384,0.3181362793313408
22,[0.26251288],0.4611594323067544,0.2943782130545376
23,[0.35939375],0.39258548345212557,0.180552789157999
24,[0.21807357],0.3421744504172518,0.3277027960621294
25,[0.72605028],0.3095341793453632,0.27717091175254494
26,[0.29944577],0.36827115155621576,0.24050076821227329
27,[0.0162551],0.45811327155764464,0.5184065412202435
28,[0.71267003],0.3014450951581863,0.26862144924893594
29,[0.76505066],0.4939754631223302,0.3161712945322823
30,[0.69061159],0.23239903943787618,0.24173222200369338
31,[0.96057183],0.5871688711064703,0.5824259091648436
32,[0.06391384],0.564697722462318,0.4707478022395314
33,[0.14848499],0.4232294740717302,0.38617665386692124
34,[0.07636173],0.5423006349609931,0.48052936100423416
35,[0.13487324],0.38808694426711604,0.40507330736268365
36,[0.80496989],0.36464941698958353,0.42206333617517067
37,[0.83654841],0.3699233755302599,0.4536418549442629
38,[0.55689109],0.2593202687965755,0.11284250901851267
39,[0.91293739],0.4926478416667005,0.4688888035398111
40,[0.27646966],0.3890835735242293,0.2581919832003563
41,[0.21865152],0.3033666788685793,0.3160101254486838
42,[0.52779752],0.2610798490285421,0.07891815435550997
43,[0.37814592],0.3024459801500696,0.1618006252172861
44,[0.9188563],0.6344663565523001,0.4748077197191677
45,[0.23618697],0.4043039636539299,0.3122318470587774
46,[0.34117711],0.3514676385209591,0.1987694308774831
47,[0.58564122],0.30139019761993435,0.14159263975047254
48,[0.25942916],0.28494646197404705,0.28051738472234045
49,[0.73436592],0.4102653858116012,0.32088834998971427
