,0,1,2
0,[0.6961921],0.5190378427033033,0.31328555167631456
1,[0.09971056],0.3840372581238941,0.4402359797676867
2,[0.66335794],0.37476873915639175,0.2804513895592753
3,[0.44887937],0.31291527200498487,0.10801172564841022
4,[0.8876941],0.4287133271998549,0.39710952136643307
5,[0.38290655],0.3171018528054441,0.1739845405391195
6,[0.53994654],0.28449806329357136,0.09348256791851173
7,[0.44404858],0.2586210569878995,0.09589795960356295
8,[0.74663258],0.33187824125800586,0.25604800242338377
9,[0.97062169],0.5910114597546248,0.5877151333846223
10,[0.49058458],0.2913566368296542,0.037212940615638845
11,[0.79432438],0.3922106016753021,0.3502757949452002
12,[0.14069432],0.5168381523790497,0.416196770653559
13,[0.58051291],0.3381066710423049,0.1316335393239959
14,[0.59950919],0.17512729021867549,0.15546061035642778
15,[0.3516151],0.28347936253423356,0.18304654040755763
16,[0.03900027],0.5885123069572606,0.4956613735329668
17,[0.71138317],0.35432896486679244,0.26733458824612355
18,[0.56155919],0.37848510436246796,0.11751060882897058
19,[0.53466164],0.4164612440959365,0.15651572488011434
20,[0.3295642],0.32247784704957,0.21038234058739136
21,[0.22181026],0.4901837983840256,0.3181362793313408
22,[0.26251288],0.43835067019045565,0.2774336636395879
23,[0.35939375],0.3421047500381224,0.180552789157999
24,[0.21807357],0.3421744504172518,0.3165880711860687
25,[0.72605028],0.3095341793453632,0.27717091175254494
26,[0.29944577],0.34510261214638477,0.24050076821227329
27,[0.0162551],0.4957795597065905,0.5184065412202435
28,[0.71267003],0.3411989813336829,0.26862144924893594
29,[0.76505066],0.4939754631223302,0.3161712945322823
30,[0.69061159],0.23239903943787618,0.24173222200369338
31,[0.96057183],0.6713418451992736,0.5824259091648436
32,[0.06391384],0.564697722462318,0.4707478022395314
33,[0.14848499],0.4232294740717302,0.38617665386692124
34,[0.07636173],0.5651722948171468,0.48052936100423416
35,[0.13487324],0.38808694426711604,0.40507330736268365
36,[0.80496989],0.36848666602111785,0.36092130465456385
37,[0.83654841],0.43000225112438634,0.4536418549442629
38,[0.55689109],0.25567694045267864,0.11284250901851267
39,[0.91293739],0.4926478416667006,0.4688888035398111
40,[0.27646966],0.3890835735242293,0.2581919832003563
41,[0.21865152],0.2503765829568774,0.32129502578585556
42,[0.52779752],0.284215688520864,0.07891815435550997
43,[0.37814592],0.3024459801500696,0.1618006252172861
44,[0.9188563],0.7380373003281332,0.4748077197191677
45,[0.23618697],0.4043039636539299,0.3122318470587774
46,[0.34117711],0.3236934854712487,0.1987694308774831
47,[0.58564122],0.30139019761993435,0.14159263975047254
48,[0.25942916],0.2670493393891394,0.28051738472234045
49,[0.73436592],0.34443167966300237,0.29031733422941086
