,0,1,2
0,[0.6961921],0.5706762393433746,0.31328555167631456
1,[0.09971056],0.4461575284428374,0.4349510794305149
2,[0.66335794],0.2806845559610006,0.2804513895592753
3,[0.44887937],0.29537113135225185,0.0910671762334605
4,[0.8876941],0.4221707268546022,0.4388147351063042
5,[0.38290655],0.31655293298859577,0.15703999112416978
6,[0.53994654],0.2930256818372968,0.0910671762334605
7,[0.44404858],0.2929083827164117,0.09589795960356295
8,[0.74663258],0.4297043116986631,0.2977532161632549
9,[0.97062169],0.6580834599171619,0.5877151333846223
10,[0.49058458],0.32701019322171915,0.037212940615638845
11,[0.79432438],0.3572417787764393,0.3502757949452002
12,[0.14069432],0.5174699016699528,0.416196770653559
13,[0.58051291],0.29544285248007573,0.1316335393239959
14,[0.59950919],0.23274095554113275,0.15546061035642778
15,[0.3516151],0.3034552065637679,0.1883314407447294
16,[0.03900027],0.46617778527521125,0.4956613735329668
17,[0.71138317],0.23072866515484244,0.26733458824612355
18,[0.56155919],0.3479044807342551,0.11751060882897058
19,[0.53466164],0.330326215643846,0.151755090786998
20,[0.3295642],0.3711599862146886,0.21038234058739136
21,[0.22181026],0.4318864599495785,0.3181362793313408
22,[0.26251288],0.4611594323067544,0.2943782130545376
23,[0.35939375],0.24817960377237433,0.180552789157999
24,[0.21807357],0.3870416825047994,0.3165880711860687
25,[0.72605028],0.3566405662182492,0.2820016951226474
26,[0.29944577],0.31187081253168625,0.24050076821227329
27,[0.0162551],0.5270286718170194,0.5184065412202435
28,[0.71267003],0.2671577694296742,0.26862144924893594
29,[0.76505066],0.4939754631223302,0.3161712945322823
30,[0.69061159],0.2086624052949296,0.30770503689440265
31,[0.96057183],0.570690807560112,0.5470942593114239
32,[0.06391384],0.638719546204987,0.4707478022395314
33,[0.14848499],0.4232294740717302,0.38617665386692124
34,[0.07636173],0.4514157113366862,0.48052936100423416
35,[0.13487324],0.38808694426711593,0.40507330736268365
36,[0.80496989],0.2558581571906379,0.36092130465456385
37,[0.83654841],0.49685444640896687,0.4536418549442629
38,[0.55689109],0.2663887033475847,0.11284250901851267
39,[0.91293739],0.6122773604934781,0.4688888035398111
40,[0.27646966],0.35031129786133863,0.2581919832003563
41,[0.21865152],0.31095667917407077,0.3297673004933305
42,[0.52779752],0.3433135081745955,0.07891815435550997
43,[0.37814592],0.3003168782081969,0.15915817504870022
44,[0.9188563],0.7250958097961242,0.4748077197191677
45,[0.23618697],0.33103604828864863,0.3207041217662522
46,[0.34117711],0.3572099275728258,0.21571398029243283
47,[0.58564122],0.2478268197666551,0.14159263975047254
48,[0.25942916],0.42080956263776265,0.28051738472234045
49,[0.73436592],0.3810924919960151,0.29031733422941086
