,0,1,2
0,[0.6961921],0.5873673317013204,0.31328555167631456
1,[0.09971056],0.4281743636647777,0.4349510794305149
2,[0.66335794],0.3119440367751764,0.2804513895592753
3,[0.44887937],0.2811695361141034,0.0910671762334605
4,[0.8876941],0.570422350817456,0.4388147351063042
5,[0.38290655],0.31655293298859577,0.15703999112416978
6,[0.53994654],0.25274545391877223,0.09348256791851173
7,[0.44404858],0.29195845047810903,0.09589795960356295
8,[0.74663258],0.5177515076522003,0.2977532161632549
9,[0.97062169],0.6094486485501469,0.5877151333846223
10,[0.49058458],0.33615445729578575,0.037212940615638845
11,[0.79432438],0.34892363516146113,0.3502757949452002
12,[0.14069432],0.5174699016699527,0.416196770653559
13,[0.58051291],0.3121985087954414,0.1316335393239959
14,[0.59950919],0.23274095554113275,0.15546061035642778
15,[0.3516151],0.3294720086943693,0.1883314407447294
16,[0.03900027],0.5602103699686756,0.4956613735329668
17,[0.71138317],0.29108391705490244,0.2625038048760211
18,[0.56155919],0.31049645857153985,0.11509521714391935
19,[0.53466164],0.36782643272892157,0.151755090786998
20,[0.3295642],0.4114708292734261,0.21038234058739136
21,[0.22181026],0.3943547849634819,0.3181362793313408
22,[0.26251288],0.5053191505339844,0.2943782130545376
23,[0.35939375],0.29652604817311307,0.17526788882082722
24,[0.21807357],0.37732533943077834,0.3165880711860687
25,[0.72605028],0.35664056621824913,0.2820016951226474
26,[0.29944577],0.31161371909050234,0.2489730429197482
27,[0.0162551],0.4415265415306294,0.5236914415574153
28,[0.71267003],0.2719741756139745,0.26862144924893594
29,[0.76505066],0.4939754631223302,0.3161712945322823
30,[0.69061159],0.20866240529492966,0.30770503689440265
31,[0.96057183],0.570690807560112,0.5776652750717273
32,[0.06391384],0.638719546204987,0.4707478022395314
33,[0.14848499],0.4232294740717302,0.38617665386692124
34,[0.07636173],0.5146499702431425,0.47205708629675935
35,[0.13487324],0.3926826021932007,0.40507330736268365
36,[0.80496989],0.3788025055057742,0.36092130465456385
37,[0.83654841],0.49685444640896675,0.4536418549442629
38,[0.55689109],0.25932026879657544,0.11284250901851267
39,[0.91293739],0.5721808024212528,0.4688888035398111
40,[0.27646966],0.3636260691204292,0.2634768835375281
41,[0.21865152],0.31095667917407077,0.3297673004933305
42,[0.52779752],0.32978698776847876,0.07891815435550997
43,[0.37814592],0.32959241563254466,0.15651572488011434
44,[0.9188563],0.7250958097961242,0.4748077197191677
45,[0.23618697],0.33103604828864863,0.3122318470587774
46,[0.34117711],0.3224133989812973,0.21571398029243283
47,[0.58564122],0.24782681976665516,0.14159263975047254
48,[0.25942916],0.3813100949231728,0.27787493455375456
49,[0.73436592],0.3301321305587481,0.3514593657500177
