,0,1,2
0,[0.6961921],0.5873673317013204,0.31328555167631456
1,[0.09971056],0.3944954471787586,0.4349510794305149
2,[0.66335794],0.29646818683210263,0.2804513895592753
3,[0.44887937],0.2811695361141034,0.0910671762334605
4,[0.8876941],0.44154690175091993,0.4388147351063042
5,[0.38290655],0.31655293298859577,0.1655122658316447
6,[0.53994654],0.24682319801047167,0.09348256791851173
7,[0.44404858],0.29195845047810903,0.09589795960356295
8,[0.74663258],0.5171347634356499,0.2977532161632549
9,[0.97062169],0.5556937851825966,0.5877151333846223
10,[0.49058458],0.26464474055229575,0.037212940615638845
11,[0.79432438],0.44129336096008,0.3502757949452002
12,[0.14069432],0.5021921056467217,0.416196770653559
13,[0.58051291],0.2688501354718505,0.1316335393239959
14,[0.59950919],0.30675173269785494,0.15546061035642778
15,[0.3516151],0.3294720086943693,0.1883314407447294
16,[0.03900027],0.44794659638570994,0.4956613735329668
17,[0.71138317],0.3536068836799842,0.2625038048760211
18,[0.56155919],0.2606587275105405,0.11509521714391935
19,[0.53466164],0.33657732061849266,0.151755090786998
20,[0.3295642],0.4884669216961347,0.21038234058739136
21,[0.22181026],0.3642217758094353,0.3181362793313408
22,[0.26251288],0.46860202042988214,0.2943782130545376
23,[0.35939375],0.3353505742824744,0.180552789157999
24,[0.21807357],0.37732533943077834,0.3165880711860687
25,[0.72605028],0.35664056621824913,0.3125727108829508
26,[0.29944577],0.31161371909050245,0.257445317627223
27,[0.0162551],0.4415265415306294,0.5236914415574153
28,[0.71267003],0.2719741756139745,0.26862144924893594
29,[0.76505066],0.39433967372690004,0.3161712945322823
30,[0.69061159],0.20866240529492966,0.30770503689440265
31,[0.96057183],0.5479135245471912,0.5470942593114239
32,[0.06391384],0.638719546204987,0.4707478022395314
33,[0.14848499],0.4232294740717302,0.38617665386692124
34,[0.07636173],0.3815819506298409,0.46358481158928444
35,[0.13487324],0.4497005087457879,0.40507330736268365
36,[0.80496989],0.386274797961945,0.36092130465456385
37,[0.83654841],0.5549012616887977,0.4536418549442629
38,[0.55689109],0.25932026879657544,0.11284250901851267
39,[0.91293739],0.49615385382662486,0.4688888035398111
40,[0.27646966],0.3636260691204292,0.2634768835375281
41,[0.21865152],0.31095667917407077,0.32129502578585556
42,[0.52779752],0.29777251850728786,0.07891815435550997
43,[0.37814592],0.28994186415313766,0.15651572488011434
44,[0.9188563],0.577806518291672,0.4748077197191677
45,[0.23618697],0.2536550995854271,0.30375957235130246
46,[0.34117711],0.32241339898129723,0.21571398029243283
47,[0.58564122],0.24782681976665516,0.14159263975047254
48,[0.25942916],0.5035556812068631,0.2752324843851687
49,[0.73436592],0.3301321305587481,0.29031733422941086
