,0,1,2
0,[0.6961921],0.5610311098567655,0.3445770012968742
1,[0.09971056],0.504750207901247,0.42808695788973616
2,[0.66335794],0.3539979184552835,0.2804513895592753
3,[0.44887937],0.30335837001045396,0.06597281489070927
4,[0.8876941],0.4147396198398283,0.39710952136643307
5,[0.38290655],0.31655293298859577,0.06597281489070927
6,[0.53994654],0.22188341286347796,0.04936196249358937
7,[0.44404858],0.17536329348157714,0.09589795960356295
8,[0.74663258],0.3092576360329999,0.25604800242338377
9,[0.97062169],0.8128808674012751,0.619006583005182
10,[0.49058458],0.3092576360329998,0.1089246132464542
11,[0.79432438],0.34899901737331557,0.3502757949452002
12,[0.14069432],0.5091768143285836,0.39925222123860926
13,[0.58051291],0.38520671918445515,0.16461994676935054
14,[0.59950919],0.2963699626651955,0.13219261180144098
15,[0.3516151],0.40662936615316925,0.18304654040755763
16,[0.03900027],0.5705460986211991,0.4956613735329668
17,[0.71138317],0.570145750711015,0.35976806938729
18,[0.56155919],0.3024459801500696,0.07563613996616436
19,[0.53466164],0.4641128333231756,0.18304654040755763
20,[0.3295642],0.27547966833555193,0.23199498981279898
21,[0.22181026],0.5605545216894554,0.356389879415248
22,[0.26251288],0.376122604971595,0.3369963143924527
23,[0.35939375],0.359915741453151,0.17447827821902373
24,[0.21807357],0.3667060969674053,0.3434856207486481
25,[0.72605028],0.5789460148369293,0.36665652467708343
26,[0.29944577],0.1840525051134798,0.23521586787510151
27,[0.0162551],0.5932912663084757,0.5184065412202435
28,[0.71267003],0.34512344927332084,0.26862144924893594
29,[0.76505066],0.3166248673806108,0.2744660807924112
30,[0.69061159],0.37035010685635983,0.30770503689440265
31,[0.96057183],0.5706908075601121,0.432774305825508
32,[0.06391384],0.5456325273277637,0.4707478022395314
33,[0.14848499],0.45597578233765323,0.3003943779706325
34,[0.07636173],0.5280990397228448,0.37251763535582394
35,[0.13487324],0.49839675895269053,0.3997884070255119
36,[0.80496989],0.44620925644286674,0.2771723669289514
37,[0.83654841],0.4925502907632735,0.4536418549442629
38,[0.55689109],0.22050029708898222,0.11284250901851267
39,[0.91293739],0.5699151391263007,0.4223528064298375
40,[0.27646966],0.4517166318288484,0.2581919832003563
41,[0.21865152],0.3662437403774974,0.3429076750112632
42,[0.52779752],0.295693645929398,0.07891815435550997
43,[0.37814592],0.3024459801500696,0.18341327444269373
44,[0.9188563],0.7739201504200074,0.4748077197191677
45,[0.23618697],0.2346595484247031,0.30375957235130246
46,[0.34117711],0.17536329348157714,0.1987694308774831
47,[0.58564122],0.4947005816136244,0.234026120891639
48,[0.25942916],0.3750533526368133,0.28051738472234045
49,[0.73436592],0.39660270416972887,0.31847295830466305
