,0,1,2
0,[0.6961921],0.4589671784349469,0.25214352015570773
1,[0.09971056],0.521276151380133,0.4375935295991008
2,[0.66335794],0.25732720194066194,0.2804513895592753
3,[0.44887937],0.325255313943663,0.0910671762334605
4,[0.8876941],0.5504294317045876,0.44364551847640665
5,[0.38290655],0.31655293298859577,0.15703999112416978
6,[0.53994654],0.26026923284057235,0.09589795960356295
7,[0.44404858],0.2208437149693438,0.09589795960356295
8,[0.74663258],0.47304898560609027,0.2977532161632549
9,[0.97062169],0.6094486485501469,0.5877151333846223
10,[0.49058458],0.27881432630990793,0.037212940615638845
11,[0.79432438],0.4934536079124,0.3502757949452002
12,[0.14069432],0.5970684736234186,0.416196770653559
13,[0.58051291],0.3290816658203711,0.1316335393239959
14,[0.59950919],0.33871678054545135,0.15546061035642778
15,[0.3516151],0.30817956929888507,0.1883314407447294
16,[0.03900027],0.40912221263505516,0.4956613735329668
17,[0.71138317],0.24401810454637723,0.2625038048760211
18,[0.56155919],0.26411267407231753,0.11751060882897058
19,[0.53466164],0.38521213198550763,0.151755090786998
20,[0.3295642],0.3243814871834685,0.21038234058739136
21,[0.22181026],0.46024554867652967,0.3181362793313408
22,[0.26251288],0.46387765769476497,0.2943782130545376
23,[0.35939375],0.29534517262970994,0.180552789157999
24,[0.21807357],0.3773253394307784,0.32187297152324046
25,[0.72605028],0.3512159560898316,0.3431437266432542
26,[0.29944577],0.3612294782177127,0.24050076821227329
27,[0.0162551],0.5682314313469815,0.5210489913888294
28,[0.71267003],0.3183731735765344,0.26862144924893594
29,[0.76505066],0.39433967372690004,0.3161712945322823
30,[0.69061159],0.15161328280638703,0.24173222200369338
31,[0.96057183],0.4625487304935339,0.5165232435511204
32,[0.06391384],0.638719546204987,0.4707478022395314
33,[0.14848499],0.5663650685870797,0.391461554204093
34,[0.07636173],0.4731957887832885,0.46358481158928444
35,[0.13487324],0.4261983869799938,0.40507330736268365
36,[0.80496989],0.3848261910307506,0.36092130465456385
37,[0.83654841],0.5135455387669126,0.3924998234236561
38,[0.55689109],0.24886058909871492,0.11284250901851267
39,[0.91293739],0.45229198221889105,0.4688888035398111
40,[0.27646966],0.4273335023346122,0.2634768835375281
41,[0.21865152],0.34399774552225937,0.3186525756172697
42,[0.52779752],0.2938893281922182,0.07891815435550997
43,[0.37814592],0.28994186415313766,0.15651572488011434
44,[0.9188563],0.577806518291672,0.4748077197191677
45,[0.23618697],0.2926181365031816,0.30375957235130246
46,[0.34117711],0.32241339898129723,0.21571398029243283
47,[0.58564122],0.42047808331210684,0.14159263975047254
48,[0.25942916],0.41248872031559686,0.28051738472234045
49,[0.73436592],0.325658309645506,0.32088834998971427
