,0,1,2
0,[0.6961921],0.5064610565014689,0.25214352015570773
1,[0.09971056],0.521276151380133,0.4349510794305149
2,[0.66335794],0.25732720194066194,0.2804513895592753
3,[0.44887937],0.325255313943663,0.0910671762334605
4,[0.8876941],0.4860548373999395,0.44364551847640665
5,[0.38290655],0.31655293298859577,0.15703999112416978
6,[0.53994654],0.22059177935399452,0.09589795960356295
7,[0.44404858],0.2208437149693438,0.09589795960356295
8,[0.74663258],0.47304898560609027,0.2977532161632549
9,[0.97062169],0.5910114597546248,0.5877151333846223
10,[0.49058458],0.30111245249707774,0.037212940615638845
11,[0.79432438],0.4581017886663683,0.3502757949452002
12,[0.14069432],0.5970684736234186,0.416196770653559
13,[0.58051291],0.3318040164520893,0.1316335393239959
14,[0.59950919],0.3352096898585407,0.15546061035642778
15,[0.3516151],0.3841913534702895,0.1883314407447294
16,[0.03900027],0.40912221263505516,0.4956613735329668
17,[0.71138317],0.24401810454637723,0.2625038048760211
18,[0.56155919],0.29865778494457007,0.11751060882897058
19,[0.53466164],0.38521213198550763,0.151755090786998
20,[0.3295642],0.3404228043417613,0.21038234058739136
21,[0.22181026],0.3820123858800284,0.3181362793313408
22,[0.26251288],0.44015505597584276,0.2943782130545376
23,[0.35939375],0.29534517262970994,0.180552789157999
24,[0.21807357],0.5161825133751992,0.3192305213546546
25,[0.72605028],0.2834166587868391,0.3431437266432542
26,[0.29944577],0.3612294782177127,0.24050076821227329
27,[0.0162551],0.7442026381441301,0.5236914415574153
28,[0.71267003],0.3183731735765344,0.26862144924893594
29,[0.76505066],0.4939754631223301,0.3161712945322823
30,[0.69061159],0.15161328280638703,0.24173222200369338
31,[0.96057183],0.5532196876526798,0.5165232435511204
32,[0.06391384],0.5368636478577483,0.4707478022395314
33,[0.14848499],0.5663650685870797,0.391461554204093
34,[0.07636173],0.3710558745123424,0.46358481158928444
35,[0.13487324],0.4261983869799938,0.40507330736268365
36,[0.80496989],0.3922984834869214,0.3585059129695126
37,[0.83654841],0.5619879847898005,0.3924998234236561
38,[0.55689109],0.2540550870542325,0.11284250901851267
39,[0.91293739],0.6065758381400475,0.4688888035398111
40,[0.27646966],0.4273335023346122,0.2634768835375281
41,[0.21865152],0.34399774552225937,0.3186525756172697
42,[0.52779752],0.28023212213672977,0.07891815435550997
43,[0.37814592],0.24303755446744307,0.15651572488011434
44,[0.9188563],0.697940742255908,0.4748077197191677
45,[0.23618697],0.2926181365031815,0.30375957235130246
46,[0.34117711],0.32241339898129723,0.21571398029243283
47,[0.58564122],0.3895305479539373,0.14159263975047254
48,[0.25942916],0.41248872031559686,0.2752324843851687
49,[0.73436592],0.325658309645506,0.3514593657500177
