,0,1,2
0,[0.6961921],0.5091834071331871,0.3445770012968742
1,[0.09971056],0.504750207901247,0.4094804875819168
2,[0.66335794],0.31655293298859577,0.2804513895592753
3,[0.44887937],0.30335837001045396,0.07891815435550997
4,[0.8876941],0.39037590832002406,0.39710952136643307
5,[0.38290655],0.31655293298859577,0.06597281489070927
6,[0.53994654],0.22188341286347796,0.04936196249358937
7,[0.44404858],0.17536329348157714,0.09589795960356295
8,[0.74663258],0.3092576360329999,0.25604800242338377
9,[0.97062169],0.8128808674012749,0.619006583005182
10,[0.49058458],0.3092576360329998,0.04936196249358937
11,[0.79432438],0.5195751904338365,0.3502757949452002
12,[0.14069432],0.5091768143285835,0.43057183601953897
13,[0.58051291],0.38003096079717613,0.19760635421470518
14,[0.59950919],0.3025001763805467,0.1089246132464542
15,[0.3516151],0.34535101617721464,0.18304654040755763
16,[0.03900027],0.475962857452061,0.4956613735329668
17,[0.71138317],0.5213362616055197,0.35976806938729
18,[0.56155919],0.3024459801500696,0.11751060882897058
19,[0.53466164],0.4641128333231756,0.18304654040755763
20,[0.3295642],0.27547966833555193,0.23199498981279898
21,[0.22181026],0.4931552588109648,0.33974892855674843
22,[0.26251288],0.376122604971595,0.3180213136287241
23,[0.35939375],0.4366709947281226,0.16840376728004847
24,[0.21807357],0.3203070990048455,0.3434856207486481
25,[0.72605028],0.4065095022381908,0.37054585047044863
26,[0.29944577],0.27003352083151144,0.2378583180436874
27,[0.0162551],0.49415899160188237,0.5184065412202435
28,[0.71267003],0.34512344927332084,0.26862144924893594
29,[0.76505066],0.3166248673806108,0.2744660807924112
30,[0.69061159],0.3274543919226466,0.30770503689440265
31,[0.96057183],0.5706908075601121,0.5076001074951758
32,[0.06391384],0.5456325273277637,0.4707478022395314
33,[0.14848499],0.41032155822056504,0.3003943779706325
34,[0.07636173],0.46802016412871816,0.37251763535582394
35,[0.13487324],0.43761367084907904,0.3997884070255119
36,[0.80496989],0.44620925644286674,0.3519981685986192
37,[0.83654841],0.4442038463625349,0.4536418549442629
38,[0.55689109],0.2334009524016552,0.11284250901851267
39,[0.91293739],0.6179382271084735,0.4456208049848243
40,[0.27646966],0.5116894696963952,0.2547599224299669
41,[0.21865152],0.3198447424149376,0.3429076750112632
42,[0.52779752],0.37647851628323586,0.07891815435550997
43,[0.37814592],0.27547966833555193,0.18341327444269373
44,[0.9188563],0.7034166779070892,0.46997693634906523
45,[0.23618697],0.3585416540902787,0.3207041217662522
46,[0.34117711],0.27454954091122324,0.21571398029243283
47,[0.58564122],0.4947005816136244,0.1721285808722829
48,[0.25942916],0.3235642891113687,0.28051738472234045
49,[0.73436592],0.39660270416972887,0.29031733422941086
