,0,1,2
0,[0.6961921],0.5064610565014689,0.25214352015570773
1,[0.09971056],0.5351938679163035,0.4402359797676867
2,[0.66335794],0.38644756384634116,0.2804513895592753
3,[0.44887937],0.2886418285702742,0.0910671762334605
4,[0.8876941],0.5643471482407583,0.44364551847640665
5,[0.38290655],0.3036864149184607,0.15703999112416978
6,[0.53994654],0.22526441899507824,0.09589795960356295
7,[0.44404858],0.2262653667226726,0.09589795960356295
8,[0.74663258],0.4530560664932219,0.30258399953335735
9,[0.97062169],0.5694606720058348,0.5877151333846223
10,[0.49058458],0.4155957522478282,0.037212940615638845
11,[0.79432438],0.5137888595764484,0.3502757949452002
12,[0.14069432],0.5459688012873188,0.416196770653559
13,[0.58051291],0.37431518025992433,0.1316335393239959
14,[0.59950919],0.23636363537552035,0.15546061035642778
15,[0.3516151],0.4331056348185632,0.1883314407447294
16,[0.03900027],0.3634732697659807,0.4956613735329668
17,[0.71138317],0.24401810454637723,0.2625038048760211
18,[0.56155919],0.22789156641842595,0.11751060882897058
19,[0.53466164],0.42654933997146643,0.1211840750266946
20,[0.3295642],0.42969610755627163,0.21038234058739136
21,[0.22181026],0.33355164119143205,0.3181362793313408
22,[0.26251288],0.4410886759379343,0.2774336636395879
23,[0.35939375],0.3173674095044146,0.17526788882082722
24,[0.21807357],0.45992000721292287,0.32187297152324046
25,[0.72605028],0.34590979298434293,0.3431437266432542
26,[0.29944577],0.29031681276342175,0.24050076821227329
27,[0.0162551],0.6127642712596735,0.5236914415574153
28,[0.71267003],0.3183731735765344,0.26862144924893594
29,[0.76505066],0.39146433233089234,0.3161712945322823
30,[0.69061159],0.27484780878469095,0.24656300537379583
31,[0.96057183],0.6687555258512974,0.5165232435511204
32,[0.06391384],0.4569059664526459,0.4733902524081173
33,[0.14848499],0.44366674615737545,0.391461554204093
34,[0.07636173],0.3710558745123424,0.47205708629675935
35,[0.13487324],0.35023666852087904,0.40507330736268365
36,[0.80496989],0.48335460810545766,0.3560905212844614
37,[0.83654841],0.48865769470315146,0.3876690400535536
38,[0.55689109],0.30520717622132026,0.11284250901851267
39,[0.91293739],0.6686130573828499,0.4688888035398111
40,[0.27646966],0.34137135135456276,0.2634768835375281
41,[0.21865152],0.38409161903078315,0.3160101254486838
42,[0.52779752],0.3040744644876888,0.07891815435550997
43,[0.37814592],0.3269299850139191,0.15651572488011434
44,[0.9188563],0.7629251443918944,0.4748077197191677
45,[0.23618697],0.37739284633844256,0.30375957235130246
46,[0.34117711],0.3934826799586408,0.21571398029243283
47,[0.58564122],0.3085208851006222,0.14159263975047254
48,[0.25942916],0.4100353872548076,0.28051738472234045
49,[0.73436592],0.33402405506404165,0.29031733422941086
