,0,1,2
0,[0.6961921],0.4293345955449922,0.25214352015570773
1,[0.09971056],0.5688727844023227,0.4402359797676867
2,[0.66335794],0.38644756384634116,0.21930935803866847
3,[0.44887937],0.29555416198809165,0.0910671762334605
4,[0.8876941],0.5174628356247736,0.44364551847640665
5,[0.38290655],0.27017566751288874,0.15703999112416978
6,[0.53994654],0.31941397944298444,0.0910671762334605
7,[0.44404858],0.21487780468346532,0.09589795960356295
8,[0.74663258],0.4733948770195278,0.30258399953335735
9,[0.97062169],0.6245071688828686,0.5265731018640155
10,[0.49058458],0.3035712720960456,0.037212940615638845
11,[0.79432438],0.355668772319812,0.3502757949452002
12,[0.14069432],0.4504606840197189,0.416196770653559
13,[0.58051291],0.3330483504994888,0.13646432269409836
14,[0.59950919],0.22504026451561981,0.15546061035642778
15,[0.3516151],0.3600272720224635,0.1883314407447294
16,[0.03900027],0.45750585445944514,0.4956613735329668
17,[0.71138317],0.18865273200873453,0.26733458824612355
18,[0.56155919],0.28959174483089484,0.11751060882897058
19,[0.53466164],0.39497005532239393,0.09061305926639118
20,[0.3295642],0.3922705070653397,0.21038234058739136
21,[0.22181026],0.2685926080524317,0.3181362793313408
22,[0.26251288],0.5113643148801025,0.2774336636395879
23,[0.35939375],0.27098492792702666,0.17526788882082722
24,[0.21807357],0.36258195226805096,0.32187297152324046
25,[0.72605028],0.41913370041575304,0.3431437266432542
26,[0.29944577],0.34710868413268203,0.24050076821227329
27,[0.0162551],0.5733809915528851,0.5184065412202435
28,[0.71267003],0.3183731735765344,0.26862144924893594
29,[0.76505066],0.34780382728795756,0.3161712945322823
30,[0.69061159],0.38053174264024864,0.24656300537379583
31,[0.96057183],0.5998401255919227,0.5776652750717273
32,[0.06391384],0.4569059664526459,0.47603270257670316
33,[0.14848499],0.5663650685870797,0.391461554204093
34,[0.07636173],0.48540792947508865,0.46358481158928444
35,[0.13487324],0.35023666852087904,0.40507330736268365
36,[0.80496989],0.48335460810545755,0.3585059129695126
37,[0.83654841],0.40424502746811725,0.39008443173860485
38,[0.55689109],0.2968609087543622,0.11284250901851267
39,[0.91293739],0.75906798464283,0.4688888035398111
40,[0.27646966],0.3413713513545627,0.2634768835375281
41,[0.21865152],0.3107662714550329,0.3186525756172697
42,[0.52779752],0.30407446448768877,0.07891815435550997
43,[0.37814592],0.3269299850139191,0.15651572488011434
44,[0.9188563],0.6337572664827483,0.4748077197191677
45,[0.23618697],0.25712317146100194,0.30375957235130246
46,[0.34117711],0.3169847921983524,0.21571398029243283
47,[0.58564122],0.3420366698874152,0.14159263975047254
48,[0.25942916],0.40847965693746147,0.28051738472234045
49,[0.73436592],0.32137229423623587,0.29031733422941086
