,0,1,2
0,[0.6961921],0.5091834071331871,0.3445770012968742
1,[0.09971056],0.33661162303088155,0.42808695788973616
2,[0.66335794],0.31655293298859577,0.2804513895592753
3,[0.44887937],0.30335837001045385,0.10801172564841022
4,[0.8876941],0.5926949420450689,0.39710952136643307
5,[0.38290655],0.31655293298859577,0.14489096924621925
6,[0.53994654],0.29674964288697014,0.07262996104857616
7,[0.44404858],0.1837095609485352,0.09589795960356295
8,[0.74663258],0.30111711289464926,0.25604800242338377
9,[0.97062169],0.8128808674012749,0.619006583005182
10,[0.49058458],0.2848939245131956,0.04936196249358937
11,[0.79432438],0.364739045972313,0.3502757949452002
12,[0.14069432],0.593647375614551,0.4185308205587879
13,[0.58051291],0.31595306599711626,0.1316335393239959
14,[0.59950919],0.21152409633677888,0.15062982698632532
15,[0.3516151],0.2946355995423004,0.18304654040755763
16,[0.03900027],0.42704857610378744,0.4956613735329668
17,[0.71138317],0.39477581673697176,0.3519894178005596
18,[0.56155919],0.3121623232240907,0.11751060882897058
19,[0.53466164],0.4641128333231756,0.18304654040755763
20,[0.3295642],0.27547966833555193,0.20773989041880547
21,[0.22181026],0.44194565832628807,0.3181362793313408
22,[0.26251288],0.376122604971595,0.2990463128649955
23,[0.35939375],0.4163324507553794,0.1890250638654739
24,[0.21807357],0.3203070990048455,0.3434856207486481
25,[0.72605028],0.5329651548639605,0.36665652467708343
26,[0.29944577],0.3424265629716424,0.24050076821227329
27,[0.0162551],0.41293861807574556,0.5184065412202435
28,[0.71267003],0.3966125127987654,0.26862144924893594
29,[0.76505066],0.39260373565348844,0.2744660807924112
30,[0.69061159],0.37035010685635994,0.30770503689440265
31,[0.96057183],0.5706908075601121,0.511692460181018
32,[0.06391384],0.30419747051297086,0.4707478022395314
33,[0.14848499],0.41032155822056504,0.3793125323261425
34,[0.07636173],0.46802016412871816,0.4514357897113339
35,[0.13487324],0.35639329732294217,0.3997884070255119
36,[0.80496989],0.44620925644286674,0.3166314441067064
37,[0.83654841],0.4442038463625348,0.4536418549442629
38,[0.55689109],0.2334009524016552,0.11284250901851267
39,[0.91293739],0.44169238212131035,0.4688888035398111
40,[0.27646966],0.40788145564889006,0.2581919832003563
41,[0.21865152],0.3198447424149376,0.3429076750112632
42,[0.52779752],0.39375639053633443,0.11190456180086461
43,[0.37814592],0.27547966833555193,0.18341327444269373
44,[0.9188563],0.7293033417446052,0.46997693634906523
45,[0.23618697],0.22665622512268965,0.3122318470587774
46,[0.34117711],0.21068011903867526,0.1987694308774831
47,[0.58564122],0.4279004052877321,0.17454397255733411
48,[0.25942916],0.3931138008859375,0.29746193413729016
49,[0.73436592],0.46643646487657414,0.32088834998971427
