,0,1,2
0,[0.6961921],0.3991424383466282,0.25214352015570773
1,[0.09971056],0.48030522691234845,0.4349510794305149
2,[0.66335794],0.3581051958331324,0.21930935803866847
3,[0.44887937],0.29555416198809165,0.0910671762334605
4,[0.8876941],0.577105951277799,0.44364551847640665
5,[0.38290655],0.21705081356862546,0.15703999112416978
6,[0.53994654],0.2864994716129024,0.0910671762334605
7,[0.44404858],0.2570595576926841,0.09589795960356295
8,[0.74663258],0.4733948770195278,0.30258399953335735
9,[0.97062169],0.6751476630832471,0.5265731018640155
10,[0.49058458],0.219632430720507,0.037212940615638845
11,[0.79432438],0.355668772319812,0.3502757949452002
12,[0.14069432],0.4541442996935244,0.416196770653559
13,[0.58051291],0.26103758902519825,0.13646432269409836
14,[0.59950919],0.20398852130804362,0.15546061035642778
15,[0.3516151],0.3600272720224635,0.1883314407447294
16,[0.03900027],0.6226955874705864,0.4956613735329668
17,[0.71138317],0.2943990123509687,0.26733458824612355
18,[0.56155919],0.2982764770670071,0.11751060882897058
19,[0.53466164],0.4231823591110039,0.09061305926639118
20,[0.3295642],0.3922705070653397,0.21038234058739136
21,[0.22181026],0.3807980615125183,0.3181362793313408
22,[0.26251288],0.4077933711042694,0.2774336636395879
23,[0.35939375],0.32445184557625134,0.17526788882082722
24,[0.21807357],0.3380294547278181,0.32187297152324046
25,[0.72605028],0.41913370041575304,0.3431437266432542
26,[0.29944577],0.3248966785841415,0.24050076821227329
27,[0.0162551],0.5733809915528851,0.5184065412202435
28,[0.71267003],0.3183731735765344,0.26862144924893594
29,[0.76505066],0.45618507003187947,0.3161712945322823
30,[0.69061159],0.38053174264024864,0.24656300537379583
31,[0.96057183],0.5998401255919227,0.5776652750717273
32,[0.06391384],0.3589333048785685,0.47603270257670316
33,[0.14848499],0.574334223576676,0.391461554204093
34,[0.07636173],0.4067701683744224,0.47205708629675935
35,[0.13487324],0.4261983869799938,0.40507330736268365
36,[0.80496989],0.2539943204639935,0.36092130465456385
37,[0.83654841],0.5585445900326945,0.3924998234236561
38,[0.55689109],0.24358024019757804,0.11284250901851267
39,[0.91293739],0.711214259331564,0.4688888035398111
40,[0.27646966],0.30823756971342464,0.2634768835375281
41,[0.21865152],0.32707371247819605,0.3160101254486838
42,[0.52779752],0.2858683147655131,0.07891815435550997
43,[0.37814592],0.2451666564093158,0.15651572488011434
44,[0.9188563],0.5486928269432841,0.4748077197191677
45,[0.23618697],0.3726590096596195,0.30375957235130246
46,[0.34117711],0.35526554379976727,0.21571398029243283
47,[0.58564122],0.27887342439948687,0.14159263975047254
48,[0.25942916],0.5156954568609761,0.28051738472234045
49,[0.73436592],0.45771974822087313,0.29031733422941086
