,0,1,2
0,[0.6961921],0.35064627975244056,0.25214352015570773
1,[0.09971056],0.5085175307009584,0.4349510794305149
2,[0.66335794],0.3581051958331324,0.21930935803866847
3,[0.44887937],0.3005730342566419,0.0910671762334605
4,[0.8876941],0.5099173955802749,0.44364551847640665
5,[0.38290655],0.32798917510636566,0.15703999112416978
6,[0.53994654],0.2729436223563927,0.0910671762334605
7,[0.44404858],0.2570595576926841,0.09589795960356295
8,[0.74663258],0.44490412661639567,0.30258399953335735
9,[0.97062169],0.6795578430517796,0.5265731018640155
10,[0.49058458],0.3949087137775888,0.037212940615638845
11,[0.79432438],0.43985384094162205,0.3502757949452002
12,[0.14069432],0.5012374392960591,0.416196770653559
13,[0.58051291],0.24935837142805575,0.13646432269409836
14,[0.59950919],0.1958329930953406,0.15546061035642778
15,[0.3516151],0.31891306723013735,0.1883314407447294
16,[0.03900027],0.5540675629200986,0.4956613735329668
17,[0.71138317],0.2943990123509687,0.26733458824612355
18,[0.56155919],0.30186194118593307,0.11751060882897058
19,[0.53466164],0.4301399110393853,0.09061305926639118
20,[0.3295642],0.5024791184967803,0.21038234058739136
21,[0.22181026],0.3148582951380566,0.3181362793313408
22,[0.26251288],0.39446859351596675,0.2774336636395879
23,[0.35939375],0.3947437187262549,0.17526788882082722
24,[0.21807357],0.4097302664773374,0.32187297152324046
25,[0.72605028],0.38467907437067284,0.3431437266432542
26,[0.29944577],0.33453909368016305,0.24050076821227329
27,[0.0162551],0.5190580668363376,0.5184065412202435
28,[0.71267003],0.3183731735765344,0.26862144924893594
29,[0.76505066],0.4330994437105648,0.3210020779023848
30,[0.69061159],0.3164530456978207,0.24656300537379583
31,[0.96057183],0.6282980827526085,0.5776652750717273
32,[0.06391384],0.5949245045665139,0.47603270257670316
33,[0.14848499],0.4663548676305653,0.391461554204093
34,[0.07636173],0.4067701683744224,0.48052936100423416
35,[0.13487324],0.4497005087457879,0.40507330736268365
36,[0.80496989],0.4534620208999066,0.36092130465456385
37,[0.83654841],0.5585445900326945,0.3924998234236561
38,[0.55689109],0.24358024019757804,0.11284250901851267
39,[0.91293739],0.7427935439806365,0.4664734118547599
40,[0.27646966],0.23457992083519086,0.2634768835375281
41,[0.21865152],0.3247592613362077,0.32129502578585556
42,[0.52779752],0.2887559514743932,0.07891815435550997
43,[0.37814592],0.2451666564093158,0.15651572488011434
44,[0.9188563],0.5437101126845971,0.4748077197191677
45,[0.23618697],0.2801115170074606,0.30375957235130246
46,[0.34117711],0.46245511453142674,0.21571398029243283
47,[0.58564122],0.2749646697248781,0.14159263975047254
48,[0.25942916],0.347763688849491,0.28051738472234045
49,[0.73436592],0.4457301524100183,0.29031733422941086
