,0,1,2
0,[0.6961921],0.4666722433253521,0.340687675503509
1,[0.09971056],0.5045218704143433,0.42808695788973616
2,[0.66335794],0.31655293298859577,0.2804513895592753
3,[0.44887937],0.30335837001045385,0.10801172564841022
4,[0.8876941],0.4214977540705867,0.39710952136643307
5,[0.38290655],0.3171018528054441,0.14489096924621925
6,[0.53994654],0.3320673174589982,0.09589795960356295
7,[0.44404858],0.1837095609485352,0.09589795960356295
8,[0.74663258],0.3011171128946493,0.25604800242338377
9,[0.97062169],0.8128808674012749,0.5924757674777387
10,[0.49058458],0.3092576360329999,0.04328745155461411
11,[0.79432438],0.43506050002696206,0.3502757949452002
12,[0.14069432],0.593647375614551,0.416196770653559
13,[0.58051291],0.2973883774698223,0.1316335393239959
14,[0.59950919],0.27386239289968783,0.15304521867137655
15,[0.3516151],0.26872194099873015,0.18304654040755763
16,[0.03900027],0.42704857610378744,0.4956613735329668
17,[0.71138317],0.39477581673697176,0.340233018783645
18,[0.56155919],0.35258380696806757,0.11751060882897058
19,[0.53466164],0.32459377427538516,0.18304654040755763
20,[0.3295642],0.27547966833555193,0.2050974402502196
21,[0.22181026],0.4236771101174039,0.3181362793313408
22,[0.26251288],0.376122604971595,0.2990463128649955
23,[0.35939375],0.4121460177230155,0.1998313884781776
24,[0.21807357],0.3203070990048455,0.34115157084341907
25,[0.72605028],0.5329651548639605,0.27717091175254494
26,[0.29944577],0.4672394230717374,0.24050076821227329
27,[0.0162551],0.31788590738253963,0.5184065412202435
28,[0.71267003],0.42048588248953694,0.26862144924893594
29,[0.76505066],0.33711700292557084,0.2744660807924112
30,[0.69061159],0.37035010685635983,0.274718629449048
31,[0.96057183],0.570690807560112,0.5470591846729308
32,[0.06391384],0.40356023279900627,0.4707478022395314
33,[0.14848499],0.45130073472531984,0.3793125323261425
34,[0.07636173],0.5102019171379369,0.4514357897113339
35,[0.13487324],0.25635787237104923,0.3997884070255119
36,[0.80496989],0.353257221257061,0.3560905212844614
37,[0.83654841],0.5049966838811557,0.4536418549442629
38,[0.55689109],0.23221716916578386,0.11284250901851267
39,[0.91293739],0.47078208857289905,0.4688888035398111
40,[0.27646966],0.3497180491714932,0.2581919832003563
41,[0.21865152],0.3198447424149376,0.3405736251060342
42,[0.52779752],0.3654140225231256,0.11190456180086461
43,[0.37814592],0.27547966833555193,0.18341327444269373
44,[0.9188563],0.6892067836723801,0.47239232803411646
45,[0.23618697],0.22665622512268965,0.3122318470587774
46,[0.34117711],0.27454954091122324,0.20724170558495802
47,[0.58564122],0.4279004052877321,0.20273467127107936
48,[0.25942916],0.14084056494165453,0.29746193413729016
49,[0.73436592],0.4760382112915197,0.32088834998971427
