,0,1,2
0,[17.72735076],10.857622460319702,13.38762333597585
1,[15.85932658],9.612273006982027,11.51959915596934
2,[19.26465905],13.94833307109894,16.709549627590047
3,[15.90111705],11.425676576004648,13.346007634130991
4,[17.94350025],15.054886768888693,15.170006498314727
5,[15.6038745],13.406024842323953,14.340278196486354
6,[2.77349375],6.066350260108583,1.6872017351445612
7,[0.41013089],12.232004026315954,15.449195684970231
8,[4.96352587],2.587073992321507,2.587073992321507
9,[1.26359631],6.097744745364328,3.377858051046917
10,[2.66480007],1.4377110891894582,0.8610147170746392
11,[4.46069549],6.066350260108583,1.6872017351445612
12,[1.21046813],9.097655636003674,8.689965754129041
13,[2.0881037],1.7260592752468678,1.7260592752468678
14,[4.33972742],9.612273006982027,11.51959915596934
15,[1.43165121],6.9609119580195555,3.0290442820110215
16,[0.68849832],6.481143404404139,3.952956039606632
17,[0.25396801],9.815030723596825,9.64646587091991
18,[4.64145436],6.09774474536433,3.377858051046917
19,[3.89975071],8.425334990315825,4.65604188000195
