,0,1,2
0,[17.72735076],15.394254993446173,14.925688892059625
1,[15.85932658],13.197925561213088,11.51959915596934
2,[19.26465905],14.593977527293077,18.054190918965745
3,[15.90111705],13.87830802182238,12.001366342755293
4,[17.94350025],14.616676549803367,15.170006498314727
5,[15.6038745],13.502026226341338,12.939074436038817
6,[2.77349375],5.016752846523271,1.8679606057673368
7,[0.41013089],11.135323612749167,9.68939610698556
8,[4.96352587],5.182585997611553,2.8754221783789164
9,[1.26359631],7.691383650189603,3.538893808879276
10,[2.66480007],6.292274206400657,2.0473106131203505
11,[4.46069549],8.16991091378655,1.6872017351445612
12,[1.21046813],7.4536516221821625,2.689282582751394
13,[2.0881037],4.668089030629292,0.5766963721148191
14,[4.33972742],8.167637072740275,5.539811223994892
15,[1.43165121],9.896526908371134,3.0290442820110215
16,[0.68849832],8.151462041037377,4.113991797438991
17,[0.25396801],8.218851715614857,3.645782699542263
18,[4.64145436],6.6926481468815435,1.8679606057673368
19,[3.89975071],7.438191956456928,0.4399767079795547
