,0,1,2
0,[17.72735076],13.14639136962397,14.95385700286382
1,[15.85932658],11.499207915843895,11.51959915596934
2,[19.26465905],16.91770894424284,17.176555352069627
3,[15.90111705],8.889316190519969,11.44042156651915
4,[17.94350025],15.221899373328645,15.170006498314727
5,[15.6038745],10.76034171420692,14.172223298073234
6,[2.77349375],8.34432472580277,8.320529369004191
7,[0.41013089],8.381079036788332,3.929596529000891
8,[4.96352587],4.7847872832648,3.5318746682985145
9,[1.26359631],10.76400411182474,3.6999295667116345
10,[2.66480007],7.173132200896847,2.2987258062640974
11,[4.46069549],8.17826900954783,1.1240732556903525
12,[1.21046813],10.77803745564782,9.07323206016239
13,[2.0881037],7.342302088912335,2.2516237238348342
14,[4.33972742],6.838396940785566,1.566233666887972
15,[1.43165121],9.641537522592998,3.5318746682985145
16,[0.68849832],5.042537832882346,3.952956039606632
17,[0.25396801],7.537785221161767,2.739959191614623
18,[4.64145436],6.338502242434166,1.97665429059938
19,[3.89975071],5.405311771381124,2.6361544041879976
