,0,1,2
0,[17.72735076],13.14639136962397,14.95385700286382
1,[15.85932658],13.0617158648088,11.368735686529657
2,[19.26465905],16.91770894424284,17.176555352069627
3,[15.90111705],12.28266092585461,12.618841664625524
4,[17.94350025],15.221899373328643,15.170006498314727
5,[15.6038745],10.76034171420692,14.172223298073234
6,[2.77349375],6.812537792031589,1.6872017351445612
7,[0.41013089],8.381079036788332,3.929596529000891
8,[4.96352587],6.921036997388515,3.5318746682985145
9,[1.26359631],10.76400411182474,3.6999295667116345
10,[2.66480007],9.461216514200677,13.194526507689355
11,[4.46069549],8.17826900954783,1.6872017351445612
12,[1.21046813],10.77803745564782,3.753057745275031
13,[2.0881037],7.342302088912335,1.4685068903908483
14,[4.33972742],7.2052240775229635,1.566233666887972
15,[1.43165121],9.641537522592998,3.5318746682985145
16,[0.68849832],7.998155518624036,3.952956039606632
17,[0.25396801],7.988109965928734,3.645782699542263
18,[4.64145436],6.107021176654368,0.30172693887936486
19,[3.89975071],9.345950203681397,2.6361544041879976
