,0,1,2
0,[17.72735076],13.14639136962397,14.95385700286382
1,[15.85932658],11.162094078185296,11.51959915596934
2,[19.26465905],16.91770894424284,16.59985897995481
3,[15.90111705],8.889316190519969,12.001366342755293
4,[17.94350025],15.221899373328643,15.170006498314727
5,[15.6038745],10.76034171420692,14.172223298073234
6,[2.77349375],8.093871806253345,14.95385700286382
7,[0.41013089],10.77299420957811,3.929596529000891
8,[4.96352587],6.921036997388515,3.5318746682985145
9,[1.26359631],10.76400411182474,3.6999295667116345
10,[2.66480007],9.461216514200679,2.2987258062640974
11,[4.46069549],7.4370415079192345,4.822263073271273
12,[1.21046813],10.778037455647821,3.753057745275031
13,[2.0881037],7.342302088912335,0.014468783513632122
14,[4.33972742],6.479650159498658,1.566233666887972
15,[1.43165121],7.844520516058317,3.5318746682985145
16,[0.68849832],8.034456285403948,3.952956039606632
17,[0.25396801],7.345859487379191,3.645782699542263
18,[4.64145436],8.241070906604127,0.30172693887936486
19,[3.89975071],9.345950203681397,2.6627184934696957
