,0,1,2
0,[17.72735076],12.61916048878637,14.95385700286382
1,[15.85932658],11.162094078185294,11.51959915596934
2,[19.26465905],16.91770894424284,16.59985897995481
3,[15.90111705],11.92348184185929,12.618841664625524
4,[17.94350025],15.221899373328643,15.170006498314727
5,[15.6038745],12.9017353289647,14.172223298073234
6,[2.77349375],8.093871806253345,14.95385700286382
7,[0.41013089],10.772994209578112,9.68939610698556
8,[4.96352587],6.921036997388515,3.2036484233387155
9,[1.26359631],10.401674708653683,3.6999295667116345
10,[2.66480007],9.36065043694318,2.2987258062640974
11,[4.46069549],7.437041507919236,11.44042156651915
12,[1.21046813],8.437212697188148,3.753057745275031
13,[2.0881037],7.140376429841481,0.6853900569468623
14,[4.33972742],6.11282302276126,1.566233666887972
15,[1.43165121],7.844520516058317,3.5318746682985145
16,[0.68849832],10.630451160780481,4.2750275552713495
17,[0.25396801],7.25786414578328,3.645782699542263
18,[4.64145436],8.241070906604127,10.962420145439438
19,[3.89975071],7.483533451680617,2.689282582751394
