,0,1,2
0,[17.72735076],12.992752609939838,14.95385700286382
1,[15.85932658],13.397310425842011,11.39863108771275
2,[19.26465905],17.153245582996316,17.176555352069627
3,[15.90111705],11.528221492057842,12.618841664625524
4,[17.94350025],15.864149851878187,15.170006498314727
5,[15.6038745],13.297066187084576,14.172223298073234
6,[2.77349375],9.17246409322795,12.830380751206775
7,[0.41013089],10.684998867982198,3.929596529000891
8,[4.96352587],7.069667574783082,2.8754221783789164
9,[1.26359631],7.119549454737682,3.6999295667116345
10,[2.66480007],9.36065043694318,12.939074436038817
11,[4.46069549],8.22935942387794,11.39863108771275
12,[1.21046813],8.437212697188148,3.753057745275031
13,[2.0881037],7.140376429841481,0.6853900569468623
14,[4.33972742],6.177237325894204,0.6322533640043035
15,[1.43165121],7.98159852744769,3.2804594751547675
16,[0.68849832],11.39855061047584,4.2750275552713495
17,[0.25396801],7.25786414578328,3.645782699542263
18,[4.64145436],8.241070906604127,10.962420145439438
19,[3.89975071],7.643600899334605,2.689282582751394
