,0,1,2
0,[17.72735076],12.844411880568055,14.95385700286382
1,[15.85932658],13.90798055838485,11.51959915596934
2,[19.26465905],16.951319923925464,17.176555352069627
3,[15.90111705],11.528221492057842,13.12762330166371
4,[17.94350025],15.336918971040586,15.170006498314727
5,[15.6038745],10.76034171420692,13.515770808153636
6,[2.77349375],11.529620244187402,12.830380751206775
7,[0.41013089],10.684998867982198,4.05056459725748
8,[4.96352587],6.443815716636893,3.5318746682985145
9,[1.26359631],10.709136367105472,3.6999295667116345
10,[2.66480007],9.461216514200679,12.939074436038817
11,[4.46069549],8.22935942387794,0.5609447762361439
12,[1.21046813],8.437212697188148,3.2211701640132127
13,[2.0881037],7.140376429841483,0.6853900569468623
14,[4.33972742],6.198976062860614,0.30172693887936486
15,[1.43165121],7.844520516058319,3.5318746682985145
16,[0.68849832],11.546891339847626,4.2750275552713495
17,[0.25396801],7.25786414578328,3.645782699542263
18,[4.64145436],6.107021176654368,10.962420145439438
19,[3.89975071],7.643600899334603,2.6361544041879976
