,0,1,2
0,[17.72735076],13.348317028694822,15.062550687695865
1,[15.85932658],14.094264943015862,11.51959915596934
2,[19.26465905],16.951319923925464,17.176555352069627
3,[15.90111705],11.528221492057842,13.12762330166371
4,[17.94350025],14.481913459986316,15.170006498314727
5,[15.6038745],12.984461062315978,14.172223298073234
6,[2.77349375],11.529620244187402,12.830380751206775
7,[0.41013089],10.72822876707238,15.449195684970231
8,[4.96352587],6.443815716636893,2.8754221783789164
9,[1.26359631],13.836985779067609,3.6999295667116345
10,[2.66480007],9.710061659293165,2.2987258062640974
11,[4.46069549],8.229359423877938,5.418843155738303
12,[1.21046813],8.437212697188148,3.753057745275031
13,[2.0881037],7.106765450158858,2.2516237238348342
14,[4.33972742],6.198976062860614,1.566233666887972
15,[1.43165121],7.163454021605228,3.209803152633797
16,[0.68849832],11.39855061047584,4.2750275552713495
17,[0.25396801],10.753629974719814,4.0857594075218175
18,[4.64145436],6.107021176654368,0.30172693887936486
19,[3.89975071],7.643600899334606,2.689282582751394
