,0,1,2
0,[17.72735076],13.177623945328156,15.062550687695865
1,[15.85932658],13.612098531855503,11.39863108771275
2,[19.26465905],15.700663878040299,16.59985897995481
3,[15.90111705],11.528221492057842,13.12762330166371
4,[17.94350025],15.183739685316983,15.170006498314727
5,[15.6038745],13.603705484865714,14.172223298073234
6,[2.77349375],7.777772123507854,13.12762330166371
7,[0.41013089],10.72822876707238,15.449195684970231
8,[4.96352587],7.0715786634208255,2.2987258062640974
9,[1.26359631],7.069667574783082,9.020103881598994
10,[2.66480007],12.013981490487033,2.2987258062640974
11,[4.46069549],8.680293259334112,0.5609447762361439
12,[1.21046813],7.909981816350549,3.5920219874426724
13,[2.0881037],9.474325050756374,2.2516237238348342
14,[4.33972742],8.958349994803264,0.6237984545440822
15,[1.43165121],6.703708860352409,3.209803152633797
16,[0.68849832],7.702947011391823,9.595201870158709
17,[0.25396801],9.972293740244252,15.349906491840619
18,[4.64145436],8.971316726749581,0.7417036468589195
19,[3.89975071],7.643600899334606,1.1262569589084173
