,0,1,2
0,[17.72735076],12.897383193238648,15.062550687695865
1,[15.85932658],11.024283644647738,13.194526507689355
2,[19.26465905],16.275748313716083,16.59985897995481
3,[15.90111705],11.528221492057842,13.12762330166371
4,[17.94350025],15.350486948979224,15.170006498314727
5,[15.6038745],11.526726173240878,14.172223298073234
6,[2.77349375],7.777772123507854,13.12762330166371
7,[0.41013089],11.178553511839347,15.449195684970231
8,[4.96352587],7.0715786634208255,2.2987258062640974
9,[1.26359631],7.069667574783082,9.020103881598994
10,[2.66480007],12.013981490487033,2.2987258062640974
11,[4.46069549],8.229359423877938,11.39863108771275
12,[1.21046813],7.909981816350549,3.5920219874426724
13,[2.0881037],9.474325050756374,2.2516237238348342
14,[4.33972742],8.958349994803262,0.6237984545440822
15,[1.43165121],6.703708860352409,3.5318746682985145
16,[0.68849832],7.702947011391823,4.2750275552713495
17,[0.25396801],13.006459391583572,15.477632527665888
18,[4.64145436],8.866922764750317,1.97665429059938
19,[3.89975071],4.9120322589670335,2.689282582751394
