,0,1,2
0,[17.72735076],12.080231311734284,15.763152567919633
1,[15.85932658],13.648250305980056,13.194526507689355
2,[19.26465905],16.150988622807265,16.59985897995481
3,[15.90111705],11.528221492057842,13.12762330166371
4,[17.94350025],15.350486948979224,15.170006498314727
5,[15.6038745],11.526726173240878,14.172223298073234
6,[2.77349375],6.6906619889600565,1.1262569589084173
7,[0.41013089],8.031667814438347,15.449195684970231
8,[4.96352587],7.0715786634208255,0.6237984545440822
9,[1.26359631],7.586272819908001,3.6999295667116345
10,[2.66480007],12.013981490487033,12.939074436038817
11,[4.46069549],8.680293259334114,11.39863108771275
12,[1.21046813],7.909981816350549,3.753057745275031
13,[2.0881037],9.474325050756374,2.2516237238348342
14,[4.33972742],8.958349994803264,0.6237984545440822
15,[1.43165121],6.703708860352409,3.370838910466156
16,[0.68849832],7.702947011391823,15.212618735503007
17,[0.25396801],9.972293740244252,3.645782699542263
18,[4.64145436],8.866922764750317,0.7417036468589195
19,[3.89975071],4.9014066232543545,2.6361544041879976
