,0,1,2
0,[17.72735076],12.755802921943669,13.38762333597585
1,[15.85932658],13.648250305980056,13.085832822857313
2,[19.26465905],16.150988622807265,16.59985897995481
3,[15.90111705],11.528221492057842,13.236316986495755
4,[17.94350025],15.976338807125416,15.170006498314727
5,[15.6038745],14.063450646118534,14.172223298073234
6,[2.77349375],8.803923405404749,1.1262569589084173
7,[0.41013089],8.481992559205313,3.929596529000891
8,[4.96352587],5.330589299098562,1.4612621304040898
9,[1.26359631],7.361021428126318,3.6999295667116345
10,[2.66480007],12.013981490487033,12.939074436038817
11,[4.46069549],10.276881621019585,5.418843155738303
12,[1.21046813],8.585553426559933,3.753057745275031
13,[2.0881037],9.474325050756374,2.3725917920914235
14,[4.33972742],9.293944555836475,0.6237984545440822
15,[1.43165121],6.703708860352409,14.172223298073234
16,[0.68849832],8.471046461087182,3.6512291007272673
17,[0.25396801],7.096541937383432,2.5195257406338456
18,[4.64145436],8.866922764750317,0.7417036468589195
19,[3.89975071],4.9014066232543545,2.6361544041879976
