,0,1,2
0,[17.72735076],13.215094853161123,15.296552031337253
1,[15.85932658],9.187605340202648,11.39863108771275
2,[19.26465905],17.092900195220444,17.176555352069627
3,[15.90111705],14.31768745416565,14.22446786099938
4,[17.94350025],15.94163854720579,15.170006498314727
5,[15.6038745],11.324480837459003,13.555648867056025
6,[2.77349375],7.215516702893541,1.6267177010162666
7,[0.41013089],11.135323612749167,3.929596529000891
8,[4.96352587],7.203496437312303,2.2987258062640974
9,[1.26359631],9.934958093607598,3.538893808879276
10,[2.66480007],9.425064740076124,2.2987258062640974
11,[4.46069549],8.22935942387794,0.5609447762361439
12,[1.21046813],7.862128261512366,2.689282582751394
13,[2.0881037],7.040667084811202,0.6310432145308407
14,[4.33972742],7.112671495091805,1.566233666887972
15,[1.43165121],7.504611735581356,3.0290442820110215
16,[0.68849832],12.582554720501703,4.2750275552713495
17,[0.25396801],11.389931026667174,3.645782699542263
18,[4.64145436],7.446543792631149,1.8679606057673368
19,[3.89975071],7.438191956456928,1.0140613988976614
