,0,1,2
0,[17.72735076],10.902816926205976,15.639247059810684
1,[15.85932658],6.834506183316418,6.7249892896699475
2,[19.26465905],14.84932575180245,16.59985897995481
3,[15.90111705],12.002739850476127,12.001366342755293
4,[17.94350025],16.525632193935117,16.511849045181187
5,[15.6038745],11.806647248619363,12.939074436038817
6,[2.77349375],6.552744019366723,1.6267177010162666
7,[0.41013089],13.493748775863462,3.929596529000891
8,[4.96352587],5.367732030398334,2.915300237281306
9,[1.26359631],10.35179282869908,3.168041985449816
10,[2.66480007],9.425064740076124,2.2987258062640974
11,[4.46069549],8.178269009547831,1.6872017351445612
12,[1.21046813],8.43721269718815,3.753057745275031
13,[2.0881037],12.415602291092224,2.553350662714199
14,[4.33972742],7.343292274770787,1.566233666887972
15,[1.43165121],10.334533332657546,3.0290442820110215
16,[0.68849832],10.395036484455371,3.952956039606632
17,[0.25396801],10.922005877245585,3.0283073776720326
18,[4.64145436],9.035565586842436,4.492882927420028
19,[3.89975071],5.007460767763599,2.689282582751394
