,0,1,2
0,[17.72735076],15.888155046913502,16.40629108821854
1,[15.85932658],13.352690862798042,13.140179665273333
2,[19.26465905],10.289765038132755,14.623204689355429
3,[15.90111705],8.349282363099723,10.937591180231657
4,[17.94350025],9.408992506927396,13.30204589254739
5,[15.6038745],8.1511206627951,10.64034862977472
6,[2.77349375],4.101444725109268,0.508781637038187
7,[4.96352587],8.151120662795098,10.64034862977472
8,[2.66480007],4.128618146317278,0.6718221642862519
9,[4.46069549],5.938163596124056,3.1396358204992794
10,[1.21046813],5.236198294865431,1.7357052179820271
11,[2.0881037],10.068068781714375,13.515770808153636
12,[4.33972742],9.610143799513638,13.603772831426756
13,[1.43165121],5.180902525621301,1.4039306025172522
14,[0.68849832],5.610844458072717,2.648123913293504
15,[0.25396801],5.953573382458583,2.692205334772896
16,[4.64145436],9.408992506927396,13.30204589254739
17,[3.89975071],4.383008964836372,1.1806038013244389
