,0,1,2
0,[17.72735076],15.888155046913502,16.5168826267068
1,[15.85932658],12.986072521432302,11.959575863948896
2,[19.26465905],12.175575739096871,14.774068158795112
3,[15.90111705],11.035270800003818,13.813013358610574
4,[17.94350025],7.577787799059901,13.30204589254739
5,[15.6038745],13.18094519454873,12.830380751206775
6,[2.77349375],5.847231930328769,0.508781637038187
7,[0.41013089],5.64395484233025,1.677972805166057
8,[4.96352587],6.541337307728379,2.8754221783789164
9,[1.26359631],5.003855779705246,0.8245073883327181
10,[2.66480007],5.890709404261585,0.6718221642862519
11,[4.46069549],5.938163596124056,3.250227358987538
12,[1.21046813],5.236198294865431,3.250227358987538
13,[2.0881037],6.541337307728381,2.8754221783789164
14,[4.33972742],10.087507638627564,12.561685993698049
15,[1.43165121],7.711323588894885,3.0290442820110215
16,[0.68849832],7.471750803467387,2.648123913293504
17,[0.25396801],5.953573382458583,4.206727475778407
18,[4.64145436],9.86121243446804,12.259959054818683
19,[3.89975071],5.8472319303287685,1.1806038013244389
