,0,1,2
0,[17.72735076],16.23048348011865,16.4637544481434
1,[15.85932658],10.796686004376022,11.51959915596934
2,[19.26465905],17.272214710045134,16.491165295122766
3,[15.90111705],13.227754829091705,13.813013358610574
4,[17.94350025],12.156108325551903,13.543288797298462
5,[15.6038745],12.730620449781764,12.267252271752564
6,[2.77349375],6.528298424781861,0.10869368483204322
7,[0.41013089],5.361428567440251,4.231323467880256
8,[4.96352587],7.112284731475919,2.8754221783789164
9,[1.26359631],7.407592370727803,3.377858051046917
10,[2.66480007],6.247269259895622,1.6749273517200152
11,[4.46069549],7.754553487985068,3.0290442820110215
12,[1.21046813],10.685331893630247,3.250227358987538
13,[2.0881037],6.603053357771168,2.8754221783789164
14,[4.33972742],5.5080005971950055,0.30172693887936486
15,[1.43165121],7.842890185593882,3.209803152633797
16,[0.68849832],8.305100800721508,3.2112523927477126
17,[0.25396801],9.27137184677789,4.206727475778407
18,[4.64145436],6.49452340925006,0.30172693887936486
19,[3.89975071],5.847231930328769,1.1262569589084173
