,0,1,2
0,[17.72735076],13.396038820504007,16.40629108821854
1,[15.85932658],11.043676133124114,11.51959915596934
2,[19.26465905],17.272214710045134,16.59985897995481
3,[15.90111705],13.934129762751407,14.469465848530172
4,[17.94350025],12.156108325551903,13.603772831426756
5,[15.6038745],11.375158855671998,12.267252271752564
6,[2.77349375],4.466127422667274,0.10869368483204322
7,[0.41013089],7.4894982933951955,4.231323467880256
8,[4.96352587],6.738679895474616,2.8754221783789164
9,[1.26359631],7.407592370727803,3.0761311121675523
10,[2.66480007],8.864435824467083,1.6749273517200152
11,[4.46069549],7.754553487985068,3.0290442820110215
12,[1.21046813],7.612350226387379,3.250227358987538
13,[2.0881037],9.86283731480587,2.8754221783789164
14,[4.33972742],5.5080005971950055,0.30172693887936486
15,[1.43165121],7.47764344535386,3.0290442820110215
16,[0.68849832],8.305100800721508,3.2112523927477126
17,[0.25396801],5.973138787753338,4.206727475778407
18,[4.64145436],6.49452340925006,0.30172693887936486
19,[3.89975071],7.970501460570307,0.3431401254644313
