,0,1,2
0,[17.72735076],13.396038820504007,16.29569954973028
1,[15.85932658],10.796686004376022,11.51959915596934
2,[19.26465905],16.981348322242944,16.59985897995481
3,[15.90111705],13.934129762751407,14.469465848530172
4,[17.94350025],12.156108325551903,13.482804763170167
5,[15.6038745],11.039564294638785,12.830380751206775
6,[2.77349375],4.75699381046946,0.10869368483204322
7,[0.41013089],5.361428567440251,4.231323467880256
8,[4.96352587],6.794353381129341,2.8754221783789164
9,[1.26359631],7.407592370727803,3.0761311121675523
10,[2.66480007],9.545502318920175,1.6749273517200152
11,[4.46069549],7.754553487985068,2.7008180370512225
12,[1.21046813],7.6123502263873775,3.250227358987538
13,[2.0881037],9.130680406022673,2.8754221783789164
14,[4.33972742],7.672834672462855,0.30172693887936486
15,[1.43165121],10.13097449889771,3.0290442820110215
16,[0.68849832],8.305100800721508,3.2112523927477126
17,[0.25396801],5.973138787753338,4.206727475778407
18,[4.64145436],6.49452340925006,0.30172693887936486
19,[3.89975071],7.970501460570307,0.4399767079795547
