,0,1,2
0,[17.72735076],13.396038820504007,16.40629108821854
1,[15.85932658],10.796686004376022,11.51959915596934
2,[19.26465905],16.98134832224295,16.59985897995481
3,[15.90111705],13.934129762751407,14.141239603570373
4,[17.94350025],12.446974713354091,13.603772831426756
5,[15.6038745],11.039564294638785,12.830380751206775
6,[2.77349375],4.75699381046946,0.10869368483204322
7,[0.41013089],5.361428567440251,4.231323467880256
8,[4.96352587],7.167958217130642,2.8754221783789164
9,[1.26359631],7.407592370727802,3.226994581607235
10,[2.66480007],9.545502318920175,1.6749273517200152
11,[4.46069549],9.802075685126715,2.3725917920914235
12,[1.21046813],7.387098834605693,3.250227358987538
13,[2.0881037],9.130680406022673,13.515770808153636
14,[4.33972742],8.404991581246055,0.30172693887936486
15,[1.43165121],6.916071204346958,2.968560247882727
16,[0.68849832],8.305100800721508,3.2112523927477126
17,[0.25396801],5.973138787753338,4.206727475778407
18,[4.64145436],6.494523409250061,0.30172693887936486
19,[3.89975071],7.970501460570307,0.4399767079795547
