,0,1,2
0,[17.72735076],13.396038820504007,16.29569954973028
1,[15.85932658],11.07660707975451,11.51959915596934
2,[19.26465905],16.98134832224295,16.59985897995481
3,[15.90111705],13.934129762751407,14.469465848530172
4,[17.94350025],11.796929241556583,13.482804763170167
5,[15.6038745],11.039564294638785,12.830380751206775
6,[2.77349375],4.75699381046946,0.8358596543375101
7,[0.41013089],8.489277979402388,4.231323467880256
8,[4.96352587],7.167958217130642,2.8754221783789164
9,[1.26359631],7.407592370727802,3.377858051046917
10,[2.66480007],9.545502318920175,1.6749273517200152
11,[4.46069549],9.802075685126715,2.3725917920914235
12,[1.21046813],7.387098834605693,3.250227358987538
13,[2.0881037],9.130680406022673,2.8754221783789164
14,[4.33972742],7.672834672462855,0.30172693887936486
15,[1.43165121],7.117996863417811,3.0290442820110215
16,[0.68849832],10.697015973511288,4.2750275552713495
17,[0.25396801],5.973138787753338,2.5195257406338456
18,[4.64145436],6.494523409250061,0.30172693887936486
19,[3.89975071],7.970501460570307,0.4399767079795547
