,0,1,2
0,[17.72735076],15.411919591211722,16.379726998936842
1,[15.85932658],10.68134672995306,11.51959915596934
2,[19.26465905],16.646362851898942,16.491165295122766
3,[15.90111705],13.934129762751407,13.813013358610574
4,[17.94350025],11.796929241556583,13.603772831426756
5,[15.6038745],11.039564294638785,12.884727593622795
6,[2.77349375],4.75699381046946,0.6853900569468623
7,[0.41013089],8.489277979402388,4.231323467880256
8,[4.96352587],7.167958217130642,2.8754221783789164
9,[1.26359631],7.407592370727802,3.377858051046917
10,[2.66480007],9.12866758382869,1.6749273517200152
11,[4.46069549],9.802075685126715,0.9348807029019652
12,[1.21046813],7.387098834605693,2.689282582751394
13,[2.0881037],8.970612958368683,2.8754221783789164
14,[4.33972742],10.322835527765811,0.30172693887936486
15,[1.43165121],7.117996863417811,3.0290442820110215
16,[0.68849832],13.293010848887823,9.595201870158709
17,[0.25396801],5.973138787753338,4.206727475778407
18,[4.64145436],6.494523409250061,0.30172693887936486
19,[3.89975071],7.970501460570307,0.4399767079795547
