,0,1,2
0,[17.72735076],16.017728447613926,16.29569954973028
1,[15.85932658],10.68134672995306,11.51959915596934
2,[19.26465905],16.98134832224295,16.59985897995481
3,[15.90111705],13.978366378146712,13.813013358610574
4,[17.94350025],12.131914711900585,13.482804763170167
5,[15.6038745],11.039564294638785,13.227422622096228
6,[2.77349375],6.965519384034343,1.5098974452795804
7,[0.41013089],8.489277979402388,4.553394983544973
8,[4.96352587],7.167958217130642,0.502830386287493
9,[1.26359631],7.989207613478689,3.226994581607235
10,[2.66480007],9.457146620983055,1.6749273517200152
11,[4.46069549],9.252596290586705,0.502830386287493
12,[1.21046813],6.920938571948689,3.250227358987538
13,[2.0881037],6.496289457786334,2.8754221783789164
14,[4.33972742],8.158001452497961,0.30172693887936486
15,[1.43165121],10.34399329162197,3.209803152633797
16,[0.68849832],7.9427713975504535,4.2750275552713495
17,[0.25396801],8.93393149974898,3.645782699542263
18,[4.64145436],6.49452340925006,0.30172693887936486
19,[3.89975071],5.2929767933751375,0.3431401254644313
