,0,1,2
0,[17.72735076],13.238957273654004,16.29569954973028
1,[15.85932658],10.872646753311233,11.959575863948896
2,[19.26465905],16.646362851898942,16.491165295122766
3,[15.90111705],13.978366378146712,13.813013358610574
4,[17.94350025],12.156108325551903,13.482804763170167
5,[15.6038745],11.039564294638785,13.515770808153636
6,[2.77349375],6.965519384034343,0.19182024318558177
7,[0.41013089],8.489277979402388,4.553394983544973
8,[4.96352587],7.167958217130642,2.8754221783789164
9,[1.26359631],7.989207613478689,3.377858051046917
10,[2.66480007],6.252514099415056,1.2349506437404605
11,[4.46069549],9.962143132780705,0.502830386287493
12,[1.21046813],9.608319823600464,3.250227358987538
13,[2.0881037],6.331707656830811,2.8754221783789164
14,[4.33972742],8.158001452497961,5.782937011599083
15,[1.43165121],10.34399329162197,3.209803152633797
16,[0.68849832],7.84535563946869,3.2112523927477126
17,[0.25396801],8.93393149974898,4.0857594075218175
18,[4.64145436],6.49452340925006,0.30172693887936486
19,[3.89975071],5.2929767933751375,0.4399767079795547
