,0,1,2
0,[17.72735076],16.118294524871423,16.4903185374251
1,[15.85932658],11.088333798036714,11.51959915596934
2,[19.26465905],17.564776833069743,17.833007841989225
3,[15.90111705],14.018346037013032,13.813013358610574
4,[17.94350025],9.117970275877274,13.30204589254739
5,[15.6038745],13.18094519454873,12.830380751206775
6,[2.77349375],5.847231930328769,1.1262569589084173
7,[0.41013089],7.605003010858246,4.553394983544973
8,[4.96352587],7.980511534671105,2.8754221783789164
9,[1.26359631],10.024771650147098,0.8245073883327181
10,[2.66480007],6.307544139353069,1.2349506437404605
11,[4.46069549],7.711323588894887,3.250227358987538
12,[1.21046813],7.799796819685494,3.250227358987538
13,[2.0881037],9.130680406022671,2.8754221783789164
14,[4.33972742],8.404991581246055,11.51959915596934
15,[1.43165121],10.359054484134763,3.0290442820110215
16,[0.68849832],7.84535563946869,3.2112523927477126
17,[0.25396801],8.564996913118188,4.206727475778407
18,[4.64145436],8.284300805694308,11.217872217089976
19,[3.89975071],5.847231930328769,1.1806038013244389
