,0,1,2
0,[17.72735076],16.118294524871423,16.4637544481434
1,[15.85932658],9.897733725949234,11.368735686529657
2,[19.26465905],16.91473136127224,16.378969735112012
3,[15.90111705],10.984180385673712,13.813013358610574
4,[17.94350025],12.551368675353356,13.30204589254739
5,[15.6038745],13.180945194548732,12.830380751206775
6,[2.77349375],5.847231930328769,1.1262569589084173
7,[0.41013089],7.605003010858246,4.392359225712615
8,[4.96352587],7.980511534671105,2.8754221783789164
9,[1.26359631],10.024771650147098,3.1970991804241415
10,[2.66480007],6.307544139353069,1.2349506437404605
11,[4.46069549],7.74493456857751,3.2236632697058396
12,[1.21046813],10.693689989391528,3.250227358987538
13,[2.0881037],9.130680406022673,2.8754221783789164
14,[4.33972742],8.685232333335561,11.51959915596934
15,[1.43165121],10.310352844457329,8.749255065270598
16,[0.68849832],7.84535563946869,3.2112523927477126
17,[0.25396801],11.399441572732835,4.206727475778407
18,[4.64145436],8.735234641150484,11.217872217089976
19,[3.89975071],5.847231930328769,1.1806038013244389
