,0,1,2
0,[17.72735076],16.118294524871423,16.4903185374251
1,[15.85932658],10.279848294540356,11.368735686529657
2,[19.26465905],16.91473136127224,16.491165295122766
3,[15.90111705],11.099199983385654,13.813013358610574
4,[17.94350025],12.156108325551902,13.603772831426756
5,[15.6038745],13.180945194548732,12.939074436038817
6,[2.77349375],3.7339705138840755,1.1262569589084173
7,[0.41013089],7.978607846859549,4.553394983544973
8,[4.96352587],7.980511534671105,2.5327271499054853
9,[1.26359631],10.024771650147098,3.4485143735678876
10,[2.66480007],6.307614647671494,1.2349506437404605
11,[4.46069549],7.74493456857751,3.2236632697058396
12,[1.21046813],7.931087317669413,3.250227358987538
13,[2.0881037],9.130680406022673,2.8754221783789164
14,[4.33972742],8.404991581246055,0.30172693887936486
15,[1.43165121],10.310352844457329,3.119423717322409
16,[0.68849832],10.543709451097948,3.743139974009531
17,[0.25396801],9.058616814273162,3.9262550876603344
18,[4.64145436],8.28430080569431,0.30172693887936486
19,[3.89975071],4.184473297447442,1.1262569589084173
