,0,1,2
0,[17.72735076],16.118294524871423,16.4903185374251
1,[15.85932658],10.796686004376022,11.51959915596934
2,[19.26465905],17.272214710045134,16.8338603235962
3,[15.90111705],13.227754829091705,13.813013358610574
4,[17.94350025],12.156108325551903,13.543288797298462
5,[15.6038745],13.516539755581942,12.939074436038817
6,[2.77349375],6.615204486140769,0.10869368483204322
7,[0.41013089],5.361428567440251,4.231323467880256
8,[4.96352587],6.738679895474616,2.8754221783789164
9,[1.26359631],7.407592370727803,3.377858051046917
10,[2.66480007],6.247269259895622,1.4549389977302383
11,[4.46069549],7.711323588894887,3.0290442820110215
12,[1.21046813],10.685331893630249,3.250227358987538
13,[2.0881037],6.603053357771168,2.8754221783789164
14,[4.33972742],5.5080005971950055,0.30172693887936486
15,[1.43165121],7.84289018559388,3.209803152633797
16,[0.68849832],8.305100800721508,3.2112523927477126
17,[0.25396801],9.271371846777893,4.206727475778407
18,[4.64145436],8.062526242458672,0.30172693887936486
19,[3.89975071],5.847231930328769,1.1262569589084173
