,0,1,2
0,[17.72735076],14.008968637630469,13.26665526771926
1,[15.85932658],13.79754598213055,14.595730268136892
2,[19.26465905],10.912418573388534,15.70804846167878
3,[15.90111705],10.720810509473091,14.690648925506688
4,[17.94350025],12.836079625232028,14.0749904375987
5,[15.6038745],13.502291284932525,12.939074436038817
6,[2.77349375],11.075801820108488,15.830585896718745
7,[0.41013089],5.489888231717091,3.4896198210213365
8,[4.96352587],7.986412714415177,3.753057745275031
9,[1.26359631],4.951931000717698,0.8245073883327181
10,[2.66480007],4.4154607797736425,1.2349506437404605
11,[4.46069549],4.1493566221524105,0.18075887062277562
12,[1.21046813],8.924677150733935,3.753057745275031
13,[2.0881037],4.745804153634519,0.8245073883327181
14,[4.33972742],6.581566582621927,0.12096806825658923
15,[1.43165121],7.77462856986877,2.9080762137544323
16,[0.68849832],9.316154508231175,4.2750275552713495
17,[0.25396801],5.709152222233397,1.8341356836869833
18,[4.64145436],6.924492734869752,1.3670547666684874
19,[3.89975071],4.724198440708758,1.2349506437404605
