,0,1,2
0,[17.72735076],14.65889216481752,13.38762333597585
1,[15.85932658],14.072202437043762,13.771222879804174
2,[19.26465905],17.056037654930417,16.491165295122766
3,[15.90111705],13.554453314307427,13.813013358610574
4,[17.94350025],15.368323424819238,15.278700183146771
5,[15.6038745],12.994317057033907,12.939074436038817
6,[2.77349375],7.264652092362901,2.190032121432054
7,[0.41013089],10.941370112103879,3.4896198210213365
8,[4.96352587],6.827136595818553,2.190032121432054
9,[1.26359631],7.297525589293019,3.1970991804241415
10,[2.66480007],6.632345275843572,1.6749273517200152
11,[4.46069549],8.581389874589208,0.12096806825658923
12,[1.21046813],10.629590671731432,3.250227358987538
13,[2.0881037],7.056878821811912,1.8116470158552795
14,[4.33972742],5.979186754145035,0.12096806825658923
15,[1.43165121],10.41462557175532,3.119423717322409
16,[0.68849832],7.790528305290228,3.7721971689838565
17,[0.25396801],7.637303076154841,4.387486346401182
18,[4.64145436],6.049472739771376,0.30172693887936486
19,[3.89975071],6.693509338752653,1.2349506437404605
