,0,1,2
0,[17.72735076],14.65889216481752,13.607611689965626
1,[15.85932658],13.44905350123091,13.771222879804174
2,[19.26465905],17.391023125274423,16.491165295122766
3,[15.90111705],14.294439227649752,13.12762330166371
4,[17.94350025],15.368323424819238,15.278700183146771
5,[15.6038745],12.994317057033907,12.321599114168587
6,[2.77349375],7.093959008996234,2.190032121432054
7,[0.41013089],10.94137011210388,3.4896198210213365
8,[4.96352587],6.964214607207926,1.063775162523637
9,[1.26359631],9.686536139861667,3.1970991804241415
10,[2.66480007],6.203150177353806,1.6749273517200152
11,[4.46069549],8.581389874589208,0.12096806825658923
12,[1.21046813],10.629590671731432,3.5920219874426724
13,[2.0881037],7.265136120750299,2.092119403973351
14,[4.33972742],4.268869136217507,0.12096806825658923
15,[1.43165121],9.733559077302228,3.0290442820110215
16,[0.68849832],4.904993231345474,3.7721971689838565
17,[0.25396801],8.147076331013196,4.387486346401182
18,[4.64145436],7.625833668741268,0.30172693887936486
19,[3.89975071],6.139254201799022,0.4399767079795547
