,0,1,2
0,[17.72735076],14.65889216481752,13.827600043955403
1,[15.85932658],13.44905350123091,13.771222879804174
2,[19.26465905],17.391023125274423,16.59985897995481
3,[15.90111705],15.135784722805434,13.12762330166371
4,[17.94350025],15.539016508185904,15.278700183146771
5,[15.6038745],12.994317057033907,11.704123792298358
6,[2.77349375],7.093959008996234,2.190032121432054
7,[0.41013089],11.349846751434084,3.4896198210213365
8,[4.96352587],8.517199897487085,1.063775162523637
9,[1.26359631],9.686536139861667,3.1970991804241415
10,[2.66480007],9.276131844596677,1.2349506437404605
11,[4.46069549],8.581389874589208,0.12096806825658923
12,[1.21046813],10.629590671731432,3.4309862296103137
13,[2.0881037],7.265136120750299,1.8116470158552795
14,[4.33972742],6.493151721576744,0.12096806825658923
15,[1.43165121],9.733559077302228,3.0290442820110215
16,[0.68849832],4.904993231345473,3.2112523927477126
17,[0.25396801],8.147076331013196,4.387486346401182
18,[4.64145436],7.625833668741268,0.30172693887936486
19,[3.89975071],6.139254201799022,0.4399767079795547
