,0,1,2
0,[17.72735076],14.65889216481752,13.607611689965626
1,[15.85932658],14.099098973028418,13.771222879804174
2,[19.26465905],17.391023125274423,16.59985897995481
3,[15.90111705],12.795094682090284,13.12762330166371
4,[17.94350025],15.539016508185904,15.278700183146771
5,[15.6038745],12.994317057033907,11.704123792298358
6,[2.77349375],9.273119149281285,1.6872017351445612
7,[0.41013089],11.349846751434084,4.140944032568868
8,[4.96352587],6.48969624878964,0.502830386287493
9,[1.26359631],6.923933468139552,3.0761311121675523
10,[2.66480007],9.276131844596675,1.2349506437404605
11,[4.46069549],6.402229734304155,0.02989540118309364
12,[1.21046813],10.629590671731432,3.4309862296103137
13,[2.0881037],4.87322094796052,1.8116470158552795
14,[4.33972742],4.224632520822203,0.12096806825658923
15,[1.43165121],10.166543742658549,3.0290442820110215
16,[0.68849832],5.080520344724696,3.491724780865784
17,[0.25396801],8.147076331013198,4.387486346401182
18,[4.64145436],7.625833668741268,0.30172693887936486
19,[3.89975071],6.139254201799022,0.4399767079795547
