,0,1,2
0,[17.72735076],15.469005084269014,13.827600043955403
1,[15.85932658],13.786493848259823,13.194526507689355
2,[19.26465905],17.391023125274423,16.59985897995481
3,[15.90111705],13.585685890011609,13.12762330166371
4,[17.94350025],15.539016508185904,15.278700183146771
5,[15.6038745],13.456305780456628,11.704123792298358
6,[2.77349375],9.273119149281285,1.566233666887972
7,[0.41013089],11.349846751434082,4.140944032568868
8,[4.96352587],7.762760463690316,0.502830386287493
9,[1.26359631],6.923933468139552,3.0761311121675523
10,[2.66480007],9.276131844596675,1.6749273517200152
11,[4.46069549],6.4464663496994605,0.18075887062277562
12,[1.21046813],10.629590671731432,3.4309862296103137
13,[2.0881037],4.790812620167951,1.8116470158552795
14,[4.33972742],5.9469371092651855,0.15950431986148317
15,[1.43165121],12.694351789297869,3.0290442820110215
16,[0.68849832],5.080520344724696,3.491724780865784
17,[0.25396801],8.147076331013196,4.387486346401182
18,[4.64145436],7.625833668741268,0.30172693887936486
19,[3.89975071],6.385883974205905,0.4399767079795547
