,0,1,2
0,[17.72735076],11.514636568556165,13.327139301847556
1,[15.85932658],13.42995195849422,14.183476573970534
2,[19.26465905],10.421514370882752,14.924931628234795
3,[15.90111705],10.864732720882303,14.690648925506688
4,[17.94350025],15.76358377462069,15.170006498314727
5,[15.6038745],13.504987189576747,13.227422622096228
6,[2.77349375],8.68432572640126,15.170006498314727
7,[0.41013089],4.727505146406885,2.8721444991511063
8,[4.96352587],6.48969624878964,3.753057745275031
9,[1.26359631],7.297525589293019,1.5098974452795804
10,[2.66480007],3.6477078982418774,0.3291271358128207
11,[4.46069549],6.951709128844165,0.18075887062277562
12,[1.21046813],7.789787192384655,3.753057745275031
13,[2.0881037],6.499797484538343,0.12390550810894951
14,[4.33972742],6.581566582621927,6.75429570211622
15,[1.43165121],10.84761023711164,2.968560247882727
16,[0.68849832],8.207363040381711,4.2750275552713495
17,[0.25396801],5.29647831769517,4.016634522971723
18,[4.64145436],6.924492734869752,0.7417036468589195
19,[3.89975071],6.406810564110262,1.2349506437404605
