,0,1,2
0,[17.72735076],12.25309507341314,13.827600043955403
1,[15.85932658],13.539864075852938,13.140179665273333
2,[19.26465905],17.539653702668993,16.59985897995481
3,[15.90111705],13.585685890011609,12.001366342755293
4,[17.94350025],12.235639982844546,15.170006498314727
5,[15.6038745],13.145808105581427,12.939074436038817
6,[2.77349375],9.72405298473746,1.566233666887972
7,[0.41013089],14.25244477161454,4.231323467880256
8,[4.96352587],7.762760463690315,0.502830386287493
9,[1.26359631],6.869308882080619,3.0761311121675523
10,[2.66480007],9.70081438008025,1.97665429059938
11,[4.46069549],5.873140521973483,0.12096806825658923
12,[1.21046813],7.976259618187579,3.4309862296103137
13,[2.0881037],6.918882346122895,2.092119403973351
14,[4.33972742],6.501817943922822,0.4399767079795547
15,[1.43165121],12.786283328065483,3.0290442820110215
16,[0.68849832],8.647121913122541,3.6512291007272673
17,[0.25396801],8.147076331013196,4.387486346401182
18,[4.64145436],7.960819139085271,0.5217152928691418
19,[3.89975071],6.139254201799022,0.4399767079795547
