,0,1,2
0,[17.72735076],11.514636568556165,13.327139301847556
1,[15.85932658],13.42995195849422,14.183476573970534
2,[19.26465905],10.421514370882752,16.491165295122766
3,[15.90111705],14.225105726096439,14.637520746943292
4,[17.94350025],15.763583774620688,15.22435334073075
5,[15.6038745],13.504987189576747,13.515770808153636
6,[2.77349375],7.2158290904943,15.170006498314727
7,[0.41013089],4.727505146406885,3.4896198210213365
8,[4.96352587],6.848875332784961,3.753057745275031
9,[1.26359631],7.297525589293019,3.377858051046917
10,[2.66480007],6.801224049294204,0.3291271358128207
11,[4.46069549],6.370093886093279,0.18075887062277562
12,[1.21046813],7.789787192384655,3.753057745275031
13,[2.0881037],6.324721913028714,0.5766963721148191
14,[4.33972742],6.581566582621927,6.75429570211622
15,[1.43165121],10.847610237111638,2.968560247882727
16,[0.68849832],8.207363040381711,4.2750275552713495
17,[0.25396801],7.696751586246229,4.387486346401182
18,[4.64145436],8.665755141506185,0.7417036468589195
19,[3.89975071],6.406810564110262,1.2349506437404605
