,0,1,2
0,[17.72735076],14.510551435445734,13.38762333597585
1,[15.85932658],13.42995195849422,14.595730268136892
2,[19.26465905],13.434024508421924,16.491165295122766
3,[15.90111705],13.549534115887056,11.44042156651915
4,[17.94350025],15.483343022531182,15.170006498314727
5,[15.6038745],13.504987189576747,13.515770808153636
6,[2.77349375],7.2158290904943,15.170006498314727
7,[0.41013089],4.727505146406885,3.4896198210213365
8,[4.96352587],6.848875332784961,2.2987258062640974
9,[1.26359631],7.297525589293019,2.4438777481632488
10,[2.66480007],9.661450684032348,1.2349506437404605
11,[4.46069549],6.370093886093279,0.02989540118309364
12,[1.21046813],7.789787192384655,3.753057745275031
13,[2.0881037],6.324721913028714,0.12390550810894951
14,[4.33972742],6.894171707390524,0.12096806825658923
15,[1.43165121],10.73542128186441,2.9080762137544323
16,[0.68849832],10.435998843594154,4.2750275552713495
17,[0.25396801],7.696751586246229,4.387486346401182
18,[4.64145436],8.665755141506187,0.18075887062277562
19,[3.89975071],6.171273925356785,1.8116470158552795
