,0,1,2
0,[17.72735076],12.200833814478226,13.327139301847556
1,[15.85932658],14.127875922698488,14.183476573970534
2,[19.26465905],13.017509246259289,16.491165295122766
3,[15.90111705],13.383760230940757,12.954943707524661
4,[17.94350025],16.223328935873507,15.278700183146771
5,[15.6038745],13.504987189576747,12.939074436038817
6,[2.77349375],7.105226253317913,15.170006498314727
7,[0.41013089],4.727505146406885,3.4896198210213365
8,[4.96352587],9.249356806270283,2.190032121432054
9,[1.26359631],9.549458128472295,3.287478615735529
10,[2.66480007],6.632345275843572,1.2349506437404605
11,[4.46069549],6.221463308698712,0.12096806825658923
12,[1.21046813],7.789787192384655,3.753057745275031
13,[2.0881037],6.351456755166558,0.6853900569468623
14,[4.33972742],8.521149266108093,0.30172693887936486
15,[1.43165121],10.847610237111638,3.0290442820110215
16,[0.68849832],8.095174085134483,3.2112523927477126
17,[0.25396801],5.29647831769517,4.387486346401182
18,[4.64145436],8.241059891174777,0.24124290475107024
19,[3.89975071],4.903775642276909,2.4680995057748776
