,0,1,2
0,[17.72735076],13.764337636234389,13.327139301847556
1,[15.85932658],10.646786993364332,13.085832822857313
2,[19.26465905],12.917008641541301,16.491165295122766
3,[15.90111705],8.675457031627827,11.259662695896374
4,[17.94350025],15.818895201719442,16.679903943594308
5,[15.6038745],8.477295331323203,10.962420145439438
6,[2.77349375],10.646786993364332,13.085832822857313
7,[0.41013089],12.222362234772945,15.449195684970231
8,[4.96352587],4.191468975160564,0.5633144204157876
9,[1.26359631],6.456395508781902,2.6361544041879976
10,[2.66480007],2.1935669024045272,2.1935669024045272
11,[4.46069549],4.065761378588691,0.19093115901545232
12,[1.21046813],6.491814294490832,2.689282582751394
13,[2.0881037],5.784721188528964,2.6240069852351695
14,[4.33972742],4.096003395652838,0.3723832614003353
15,[1.43165121],10.617164099745734,14.172223298073234
16,[0.68849832],1.2054160279009012,0.7708857211063511
17,[0.25396801],1.4226811812981761,1.4226811812981763
18,[4.64145436],8.477295331323203,10.962420145439438
19,[3.89975071],6.4563955087819,2.6361544041879976
