,0,1,2
0,[17.72735076],8.862969132131052,12.763824881431766
1,[15.85932658],11.577527101157221,11.51959915596934
2,[19.26465905],15.140683697440357,17.833007841989225
3,[15.90111705],10.96022868776895,11.259662695896374
4,[17.94350025],12.705646331174165,15.278700183146771
5,[15.6038745],11.173044713853884,10.962420145439438
6,[2.77349375],3.770623050128241,1.6872017351445612
7,[0.41013089],8.630615869895994,4.231323467880256
8,[4.96352587],6.286774754210275,1.063775162523637
9,[1.26359631],4.778724696278011,2.6361544041879976
10,[2.66480007],9.495647802342052,0.10869368483204322
11,[4.46069549],1.8666849435320074,1.6872017351445612
12,[1.21046813],5.1709859066381965,2.689282582751394
13,[2.0881037],7.401244039527837,2.8754221783789164
14,[4.33972742],3.3919717272777867,0.12096806825658923
15,[1.43165121],10.287941384461813,14.427675369723772
16,[0.68849832],3.217188034276731,3.7721971689838565
17,[0.25396801],10.323992014091344,9.8686964191209
18,[4.64145436],8.698451749183837,10.962420145439438
19,[3.89975071],7.001686717231277,1.8116470158552795
