,0,1,2
0,[17.72735076],8.854611036369773,12.763824881431766
1,[15.85932658],11.608759676861407,13.085832822857313
2,[19.26465905],15.140683697440357,16.59985897995481
3,[15.90111705],8.431582258302937,11.259662695896374
4,[17.94350025],12.705646331174165,15.85539655526159
5,[15.6038745],11.13943373417126,10.962420145439438
6,[2.77349375],5.91511704227712,1.566233666887972
7,[0.41013089],9.047450604987478,4.231323467880256
8,[4.96352587],6.286774754210275,0.6237984545440822
9,[1.26359631],4.153758380647628,0.8245073883327181
10,[2.66480007],7.183369875386903,1.6749273517200152
11,[4.46069549],3.765576563279088,0.9040849017005752
12,[1.21046813],5.1709859066381965,2.689282582751394
13,[2.0881037],7.401244039527837,2.6240069852351695
14,[4.33972742],3.7175367811359363,1.566233666887972
15,[1.43165121],12.416011110416758,14.299949333898503
16,[0.68849832],4.830597615055663,0.7431528869728354
17,[0.25396801],10.315633918330064,2.5195257406338456
18,[4.64145436],8.698451749183837,10.962420145439438
19,[3.89975071],7.001686717231276,1.8116470158552795
