,0,1,2
0,[17.72735076],8.854611036369773,2.1234762516570473
1,[15.85932658],11.483999985952591,13.085832822857313
2,[19.26465905],12.493420300141205,15.364908336214349
3,[15.90111705],5.974860848535238,0.2972425504569376
4,[17.94350025],13.041240892207378,15.85539655526159
5,[15.6038745],9.037145983339812,10.962420145439438
6,[2.77349375],3.7934975300711473,1.566233666887972
7,[0.41013089],8.76720985289797,4.231323467880256
8,[4.96352587],6.868389996961161,0.6237984545440822
9,[1.26359631],4.209431866302352,0.8245073883327181
10,[2.66480007],1.6490035379222683,0.10869368483204322
11,[4.46069549],1.8453768748913433,1.6872017351445612
12,[1.21046813],5.1709859066381965,3.129259290730949
13,[2.0881037],7.401244039527837,2.3725917920914235
14,[4.33972742],1.748602420286072,1.566233666887972
15,[1.43165121],9.67074851810529,14.172223298073234
16,[0.68849832],4.1886369845289035,0.7431528869728354
17,[0.25396801],10.315633918330064,2.5195257406338456
18,[4.64145436],8.698451749183837,0.30172693887936486
19,[3.89975071],7.001686717231277,11.852745067526826
