,0,1,2
0,[17.72735076],8.854611036369773,2.1234762516570473
1,[15.85932658],11.483999985952591,13.085832822857313
2,[19.26465905],9.423439001773081,15.364908336214349
3,[15.90111705],5.974860848535238,0.2972425504569376
4,[17.94350025],13.041240892207378,15.85539655526159
5,[15.6038745],9.037145983339812,10.962420145439438
6,[2.77349375],4.244431365527322,1.566233666887972
7,[0.41013089],11.384389132317267,15.449195684970231
8,[4.96352587],6.286774754210275,0.6237984545440822
9,[1.26359631],4.209431866302352,1.1128555743901276
10,[2.66480007],1.6490035379222683,0.10869368483204322
11,[4.46069549],1.8453768748913433,1.7958954199766044
12,[1.21046813],5.1709859066381965,3.129259290730949
13,[2.0881037],7.401244039527837,2.3725917920914235
14,[4.33972742],1.748602420286072,1.566233666887972
15,[1.43165121],9.67074851810529,3.5318746682985145
16,[0.68849832],7.048863619267047,3.6512291007272673
17,[0.25396801],10.315633918330064,2.5195257406338456
18,[4.64145436],5.861696782161927,10.962420145439438
19,[3.89975071],7.001686717231277,11.704123792298358
