,0,1,2
0,[17.72735076],8.854611036369773,7.443650566544408
1,[15.85932658],11.483999985952591,13.085832822857313
2,[19.26465905],12.544510714471315,15.364908336214349
3,[15.90111705],6.478765996662007,11.259662695896374
4,[17.94350025],13.041240892207375,15.85539655526159
5,[15.6038745],9.037145983339812,10.962420145439438
6,[2.77349375],3.9287297554648184,1.566233666887972
7,[0.41013089],11.384389132317267,15.449195684970231
8,[4.96352587],6.1381441768157075,1.063775162523637
9,[1.26359631],4.313825828301615,1.1128555743901276
10,[2.66480007],1.5934005605859691,1.2349506437404605
11,[4.46069549],2.427277439325746,1.7958954199766044
12,[1.21046813],5.1709859066381965,3.250227358987538
13,[2.0881037],7.747012694404134,2.3725917920914235
14,[4.33972742],1.748602420286072,0.12096806825658923
15,[1.43165121],10.228492874370426,14.172223298073234
16,[0.68849832],4.088070907271406,3.7721971689838565
17,[0.25396801],7.749557768088709,2.5195257406338456
18,[4.64145436],5.410762946705751,1.1391906147393724
19,[3.89975071],7.001686717231277,11.704123792298358
