,0,1,2
0,[17.72735076],15.069286068125644,13.26665526771926
1,[15.85932658],11.714605112546597,13.085832822857313
2,[19.26465905],14.636778549313586,16.59985897995481
3,[15.90111705],10.96022868776895,11.259662695896374
4,[17.94350025],15.718156468713337,16.679903943594308
5,[15.6038745],10.7224346474034,10.962420145439438
6,[2.77349375],7.23777578693556,1.6872017351445612
7,[0.41013089],8.92944956611544,4.05056459725748
8,[4.96352587],4.208180691182721,0.6237984545440822
9,[1.26359631],4.778724696278012,2.6361544041879976
10,[2.66480007],9.947717380774723,1.4012037604475371
11,[4.46069549],2.1638304025753685,1.6872017351445612
12,[1.21046813],7.4893314898380465,2.689282582751394
13,[2.0881037],4.9076980262016585,2.3725917920914235
14,[4.33972742],5.580722547716138,0.12096806825658923
15,[1.43165121],12.822435102190042,14.299949333898503
16,[0.68849832],5.384042568929061,2.8137654248672597
17,[0.25396801],8.062979935395003,2.5195257406338456
18,[4.64145436],8.581053747493455,10.962420145439438
19,[3.89975071],7.001686717231276,2.6361544041879976
