,0,1,2
0,[17.72735076],13.628649388406808,13.085896397096484
1,[15.85932658],11.577527101157221,13.085832822857313
2,[19.26465905],14.636778549313586,16.59985897995481
3,[15.90111705],8.69995076767623,11.259662695896374
4,[17.94350025],15.718156468713337,16.26765024942795
5,[15.6038745],8.614664727176079,10.962420145439438
6,[2.77349375],7.229417691174281,1.6872017351445612
7,[0.41013089],8.594464095771437,4.05056459725748
8,[4.96352587],4.208180691182721,0.6237984545440822
9,[1.26359631],6.906794422232956,2.6361544041879976
10,[2.66480007],9.947717380774723,0.6718221642862519
11,[4.46069549],4.373875673405122,1.6872017351445612
12,[1.21046813],4.361482077875909,2.689282582751394
13,[2.0881037],7.5134329947750675,2.312107757963129
14,[4.33972742],5.860643623094626,0.12096806825658923
15,[1.43165121],10.192294505624686,14.427675369723772
16,[0.68849832],2.706517901733891,3.6512291007272673
17,[0.25396801],8.005159932622464,4.206727475778407
18,[4.64145436],8.581053747493455,10.962420145439438
19,[3.89975071],4.483156837188288,2.2239007100216384
