,0,1,2
0,[0.40481315],0.4701759979930754,0.2176946276386592
1,[0.72302313],0.5379848308349201,0.2982568564435698
2,[0.88985706],0.619277002595102,0.396678269769203
3,[0.91656374],0.645983674248692,0.42338494142279287
4,[0.30556872],0.605088799764832,0.15722213170528204
5,[0.35708754],0.5179016101115923,0.2654202397571761
6,[0.03082467],0.7673716101525722,0.5324167108116887
7,[0.68401908],0.41979375594505675,0.2792059249469977
8,[0.23678225],0.6382068957979811,0.38572552544356475
9,[0.17320269],0.7247077463060073,0.423949062067965
10,[0.27839143],0.6195190126780405,0.31876032843999813
11,[0.77852328],0.6594977495819764,0.4021921688138111
12,[0.97620705],0.8074294834175578,0.537973402350191
13,[0.38424682],0.5264107090667126,0.07062834093213166
14,[0.25764298],0.6530145485942462,0.20514788053469618
15,[0.36841542],0.5422421092167746,0.09437544115722468
16,[0.78425249],0.5992141833299056,0.3594862089385552
17,[0.85778266],0.6727443569051859,0.43301638251383556
18,[0.67472346],0.41405475282322063,0.18154466271185016
19,[0.16693954],0.7080496104699329,0.45556824011551655
20,[0.27418605],0.5673937591031878,0.4252810679148107
21,[0.87965731],0.6946190091053381,0.45489103471398784
22,[0.20361078],0.7070467407418602,0.2591800726823103
23,[0.95662781],0.8376022804495419,0.5802966996813765
24,[0.872531],0.7535054627225547,0.4961998819543895
25,[0.80962777],0.640850207923483,0.37139412685611634
26,[0.21616756],0.6588215896080863,0.40634021925367014
27,[0.91451438],0.7294760750831315,0.4897481006917812
28,[0.30732307],0.5342567424919141,0.392144051303537
29,[0.98218322],0.7179578953513227,0.5773700643532638
30,[0.28659739],0.5549824188673319,0.4128697276789547
31,[0.96777482],0.8487492860098304,0.5914437052416652
32,[0.69946712],0.5144288169170754,0.27470084252572513
33,[0.91015539],0.7413778277119958,0.4719217466446291
34,[0.07823577],0.8196746654580425,0.5189159812200002
35,[0.24333582],0.654574618122605,0.35381593388456256
36,[0.5413349],0.4706133020273409,0.16500378208935634
37,[0.65821751],0.5391919792293356,0.2818863984611703
38,[0.98849691],0.8197193402880734,0.5502632592207066
39,[0.97783071],0.8588051707856413,0.601499590017476
40,[0.03364298],0.8770145484035691,0.42914788034401913
41,[0.3882767],0.48671245292088383,0.23423108256646752
42,[0.42476628],0.4340206141112459,0.27470084252572513
43,[0.77169222],0.5866539161037018,0.34692594171235147
44,[0.03553399],0.8060458205183905,0.6639331293300132
45,[0.17172142],0.6264748607015214,0.3915199613606378
46,[0.00205465],0.9086028718986643,0.46073620383911434
47,[0.09817628],0.8124812399112047,0.36461457185165463
48,[0.41707236],0.4808380820485911,0.1800793978105487
49,[0.07072212],0.8271883225957284,0.5264296383576861
50,[0.34414971],0.5308394389680794,0.2783580686136632
51,[0.62256513],0.4007238828356011,0.1293863358843364
52,[0.83723339],0.5730080729522882,0.43242024195422923
53,[0.62250778],0.391714335438499,0.2176946276386592
54,[0.48243996],0.4017413496072801,0.08080141229977111
55,[0.73490857],0.566131006436845,0.2966749253694782
56,[0.82683095],0.5626056302734954,0.4220177992754365
57,[0.44509383],0.40921057718415027,0.11814755018412204
58,[0.80506507],0.6362875058193136,0.3668314247519469
59,[0.02155101],0.8200287995464388,0.6779161083580616
60,[0.88727199],0.6166919333823134,0.39409320055641456
61,[0.45939494],0.45330130445119776,0.11659552755892943
62,[0.22282043],0.5753758424543379,0.3404209431134544
63,[0.50391762],0.39744581777858595,0.04858492358456534
64,[0.37635927],0.4652205404305391,0.32310784924216207
65,[0.97377003],0.7095447143018572,0.5689568833037982
66,[0.75492815],0.4907028320767086,0.3501150010786497
