,0,1,2
0,[0.40481315],0.31683228467321367,0.011872110644996658
1,[0.72302313],0.5584602293067965,0.33243692333755304
2,[0.88985706],0.40407065850270546,0.38593944019746773
3,[0.91656374],0.805126580506722,0.42338494142279287
4,[0.71252129],0.5106775170269613,0.15812861546666912
5,[0.30556872],0.47819983598412874,0.2942074808983517
6,[0.35708754],0.3263774070969171,0.0678659502274177
7,[0.03082467],0.5932445224197359,0.5105102310296662
8,[0.68401908],0.4436425690614917,0.2592527978754682
9,[0.23678225],0.4039827621704326,0.18817123591380636
10,[0.17320269],0.7592188347781793,0.2718911354228034
11,[0.22379866],0.6054985820502956,0.4744715212605607
12,[0.27839143],0.48416884678653843,0.26294347219693603
13,[0.77852328],0.5500983907105688,0.39226152850547213
14,[0.97620705],0.5654306828274678,0.516812112266318
15,[0.38424682],0.477814698945595,0.21552939020023232
16,[0.25764298],0.589091910282985,0.34213322972776583
17,[0.36841542],0.4873135390356322,0.23136079035029433
18,[0.68632528],0.4976598931694157,0.18240765615022148
19,[0.78425249],0.3475681836608281,0.3594862089385552
20,[0.85778266],0.4063923225210524,0.43301638251383556
21,[0.67472346],0.3169831879946489,0.17080583314011488
22,[0.16693954],0.774918333040244,0.4817047554488384
23,[0.27418605],0.48907881751733234,0.4252810679148107
24,[0.87965731],0.7633885026948866,0.3559916084706405
25,[0.20361078],0.5189830123749399,0.39616542187537995
26,[0.95662781],0.7282029215781344,0.5703660593730376
27,[0.872531],0.6441061038511473,0.48626924164605057
28,[0.80962777],0.432167262432208,0.35023283677224326
29,[0.21616756],0.42459745598053794,0.20878592972391175
30,[0.91451438],0.8252049306404547,0.4897481006917812
31,[0.30732307],0.5342567424919141,0.392144051303537
32,[0.98218322],0.6703831728559513,0.5856382918171679
33,[0.28659739],0.5557785226968609,0.4004978960731964
34,[0.96777482],0.739349927138423,0.5815130649333262
35,[0.69946712],0.631893748841071,0.20628832592336682
36,[0.91015539],0.5744232565646842,0.42771542767876414
37,[0.07823577],0.6442933690105399,0.46309912497693806
38,[0.24333582],0.654574618122605,0.35381593388456256
39,[0.5413349],0.49354870598823125,0.05889493251774858
40,[0.65821751],0.4386315825736002,0.27195575815283135
41,[0.98849691],0.6370964666255461,0.5060569402548416
42,[0.97783071],0.8492200210197586,0.5733241587094682
43,[0.03364298],0.813091910092308,0.5661332295370888
44,[0.3882767],0.5711072282753833,0.2699408179195234
45,[0.42476628],0.3686146372060638,0.27470084252572513
46,[0.77169222],0.3425440767703466,0.34692594171235147
47,[0.03553399],0.7396134712872154,0.39939606137742417
48,[0.17172142],0.48052712285889515,0.3696134815786153
49,[0.00205465],0.6802279173003833,0.597721553032184
50,[0.09817628],0.7485586015999435,0.5015999210447243
51,[0.41707236],0.43746022293582437,0.2576511013333235
52,[0.07072212],0.7145404153735343,0.6040013418804608
53,[0.34414971],0.32896497286821447,0.08080377908390479
54,[0.62256513],0.3169831879946489,0.11864750631260113
55,[0.83723339],0.5254333504569166,0.4406884694181334
56,[0.62250778],0.3391038979565358,0.22596285510256336
57,[0.48243996],0.35623970323454845,0.05889493251774858
58,[0.73490857],0.40227958183755275,0.27551363528560513
59,[0.82683095],0.6013082982664961,0.33365215560154865
60,[0.44509383],0.4619539725759395,0.03734613788435093
61,[0.80506507],0.6902926447691408,0.4002519198882345
62,[0.02155101],0.7678156272401464,0.6655442767523033
63,[0.88727199],0.4020026031324747,0.3833543709846793
64,[0.45939494],0.41176744246766017,0.08193996139974047
65,[0.22282043],0.5873045049322976,0.39974469626975495
66,[0.50391762],0.35623970323454845,0.037417273374278026
67,[0.37635927],0.4669532472169344,0.05857078128957299
68,[0.97377003],0.7188595654891856,0.4805912396299104
69,[0.75492815],0.5003698299668133,0.33016187400712016
