,0,1,2
0,[0.40481315],0.31992562414859027,0.2176946276386592
1,[0.72302313],0.4067574451843342,0.28809308187043375
2,[0.88985706],0.4941714982046873,0.4304621282229302
3,[0.91656374],0.5219365755423997,0.4714699088788791
4,[0.71252129],0.3596831533971549,0.23008132737378018
5,[0.30556872],0.4644702828092958,0.3169390537312028
6,[0.35708754],0.40769983293590756,0.2654202397571761
7,[0.03082467],0.7943722593996622,0.5105102310296662
8,[0.68401908],0.4113821320916841,0.2592527978754682
9,[0.23678225],0.46140149614331294,0.3045526444248067
10,[0.17320269],0.622376559949078,0.3681322058249029
11,[0.22379866],0.3134606851319997,0.3987091156877547
12,[0.27839143],0.38754060241890553,0.24423483550979708
13,[0.77852328],0.39391887837224504,0.3637335698085911
14,[0.97620705],0.5169995629928155,0.5451239568513706
15,[0.38424682],0.3529043150143999,0.2561445066693938
16,[0.25764298],0.4877245207524683,0.36492215448018195
17,[0.36841542],0.3915564391251749,0.25409236318314543
18,[0.68632528],0.2891563949770822,0.22693034417568392
19,[0.78425249],0.4449908140691291,0.3594862089385552
20,[0.85778266],0.33755210142400827,0.43301638251383556
21,[0.67472346],0.2621055065172911,0.19228349228358543
22,[0.16693954],0.6362809168065132,0.45556824011551655
23,[0.27418605],0.46577163396936366,0.34837907787578026
24,[0.87965731],0.5786131073892113,0.4202623765653567
25,[0.20361078],0.4965578089408641,0.41892567066801356
26,[0.95662781],0.4939435310936434,0.5115339879941198
27,[0.872531],0.4598007589775598,0.4554586414325198
28,[0.80962777],0.49446706815835473,0.3848614949208744
29,[0.21616756],0.35771394233645876,0.40634021925367014
30,[0.91451438],0.5897378464475714,0.5097012277633107
31,[0.30732307],0.4190503874621604,0.2340118283261835
32,[0.98218322],0.49628810867903483,0.5773700643532638
33,[0.28659739],0.4891390149026481,0.33596773763992427
34,[0.96777482],0.487926105782228,0.56296166977221
35,[0.69946712],0.27559730708779784,0.20628832592336682
36,[0.91015539],0.5994371131427432,0.45076045656075603
37,[0.07823577],0.5719852620500919,0.5442720059956961
38,[0.24333582],0.48687412377896655,0.33861419411066196
39,[0.5413349],0.35873415920561735,0.08193996139974047
40,[0.65821751],0.32872561209353846,0.2534043629917151
41,[0.98849691],0.7309019125969196,0.5291019691368335
42,[0.97783071],0.70459187204117,0.5607583494956063
43,[0.03364298],0.548193934985495,0.6245745377229958
44,[0.3882767],0.43545465871156297,0.19364464205708842
45,[0.42476628],0.34275922727279307,0.1977988524866947
46,[0.77169222],0.4612788514905429,0.31229728356372033
47,[0.03553399],0.7606540633287111,0.4683836329783817
48,[0.17172142],0.5709673286106629,0.4508437145169384
49,[0.00205465],0.7428284241248495,0.539280244846277
50,[0.09817628],0.5168868625391687,0.4837450533681963
51,[0.41707236],0.345810195446486,0.08684526819320859
52,[0.07072212],0.670731839692025,0.587495398486438
53,[0.34414971],0.41276681201654253,0.2783580686136632
54,[0.62256513],0.24938813230762086,0.1293863358843364
55,[0.83723339],0.6763956513173763,0.43242024195422923
56,[0.62250778],0.3477732442086674,0.2176946276386592
57,[0.48243996],0.19699561853645486,0.04018629583060962
58,[0.73490857],0.3087085975278766,0.28981474428796417
59,[0.82683095],0.3492404297204318,0.3674360140552758
60,[0.44509383],0.3301915197682551,0.05882379702782148
61,[0.80506507],0.5735340395780242,0.38799271483582
62,[0.02155101],0.444128309670464,0.6009567663994662
63,[0.88727199],0.5179674154780247,0.40483203012814983
64,[0.45939494],0.4118801733889882,0.12252640190911945
65,[0.22282043],0.5276955913102173,0.39974469626975495
66,[0.50391762],0.3245534615677865,0.02147765914347055
67,[0.37635927],0.2955284452438498,0.24614850728356663
68,[0.97377003],0.5446644506271134,0.5143750980836376
69,[0.75492815],0.43435526255810963,0.30983432486084805
