,0,1,2
0,[0.40481315],0.3566119910423422,0.2176946276386592
1,[0.72302313],0.45131588861856997,0.2982568564435698
2,[0.88985706],0.4941714982046873,0.4304621282229302
3,[0.91656374],0.7065920454326774,0.4917974580251512
4,[0.71252129],0.49132204343022545,0.25312635625577207
5,[0.30556872],0.4650925906868726,0.3169677296909853
6,[0.35708754],0.314407954018451,0.2654202397571761
7,[0.03082467],0.7034169213632866,0.5105102310296662
8,[0.68401908],0.4014909246213822,0.2592527978754682
9,[0.23678225],0.46513522661967543,0.3045526444248067
10,[0.17320269],0.634957204847584,0.4087186463342819
11,[0.22379866],0.31346068513199976,0.3987091156877547
12,[0.27839143],0.3699458741979195,0.225526198822658
13,[0.77852328],0.5056082946374983,0.3435932316996903
14,[0.97620705],0.6568744790405203,0.531113221268677
15,[0.38424682],0.4423367165618185,0.2739706983861393
16,[0.25764298],0.3750718507925872,0.36492215448018195
17,[0.36841542],0.45195376459119546,0.25409236318314543
18,[0.68632528],0.37645538760401387,0.22693034417568392
19,[0.78425249],0.37147943561954655,0.3391586597922831
20,[0.85778266],0.5729307498870576,0.4228526079406995
21,[0.67472346],0.23663274058165468,0.19228349228358543
22,[0.16693954],0.20201398735883988,0.45556824011551655
23,[0.27418605],0.46577163396936366,0.34837907787578026
24,[0.87965731],0.5020658914889515,0.4202623765653567
25,[0.20361078],0.4190390138723273,0.41889699470823105
26,[0.95662781],0.6100461755781708,0.5216977625672559
27,[0.872531],0.48470163165721686,0.4554586414325198
28,[0.80962777],0.39016658213519123,0.3645339457746023
29,[0.21616756],0.5398824005799729,0.40634021925367014
30,[0.91451438],0.47738858228401987,0.4897481006917812
31,[0.30732307],0.5122417787194402,0.274626944795345
32,[0.98218322],0.5391106900013078,0.5651108593008493
33,[0.28659739],0.4495792444053091,0.33596773763992427
34,[0.96777482],0.6239955056988824,0.5568320672460028
35,[0.69946712],0.30155668007509484,0.2170271554951021
36,[0.91015539],0.48817744556221615,0.45076045656075603
37,[0.07823577],0.5148860515189849,0.5442720059956961
38,[0.24333582],0.4841491480676199,0.33858551815087945
39,[0.5413349],0.4105960447050293,0.08193996139974047
40,[0.65821751],0.3683875851514767,0.24114515793930058
41,[0.98849691],0.5902566674120944,0.5434030781391925
42,[0.97783071],0.7593278906461697,0.5607583494956063
43,[0.03364298],0.548193934985495,0.5889221542895049
44,[0.3882767],0.3376955213555629,0.13434956486057048
45,[0.42476628],0.311055508509207,0.1977415005671297
46,[0.77169222],0.3514340132279571,0.31229728356372033
47,[0.03553399],0.7536826501331524,0.4683836329783817
48,[0.17172142],0.5709673286106629,0.4508437145169384
49,[0.00205465],0.6691541076346621,0.539280244846277
50,[0.09817628],0.6556046161571218,0.4837450533681963
51,[0.41707236],0.29582945184657505,0.08684526819320859
52,[0.07072212],0.5758635593015865,0.587495398486438
53,[0.34414971],0.3726220437190168,0.2783580686136632
54,[0.62256513],0.24938813230762086,0.14012516545607168
55,[0.83723339],0.6763956513173763,0.4201610369018147
56,[0.62250778],0.3597382191869782,0.2176946276386592
57,[0.48243996],0.14375417337650756,0.02147765914347055
58,[0.73490857],0.5327114493887484,0.28981474428796417
59,[0.82683095],0.38472684234281884,0.3674360140552758
60,[0.44509383],0.2785950437006486,0.05882379702782148
61,[0.80506507],0.5145017199789137,0.380298792816705
62,[0.02155101],0.5523953614889414,0.6009567663994662
63,[0.88727199],0.3746288261928841,0.40483203012814983
64,[0.45939494],0.316509388351469,0.16311284241849855
65,[0.22282043],0.48335174256898616,0.39974469626975495
66,[0.50391762],0.2917061584722295,0.02147765914347055
67,[0.37635927],0.3328228754818305,0.24614850728356663
68,[0.97377003],0.49821770309033997,0.5143750980836376
69,[0.75492815],0.36472392115704827,0.30983432486084805
