,0,1,2
0,[0.40481315],0.3566119910423422,0.2176946276386592
1,[0.72302313],0.45131588861856997,0.2982568564435698
2,[0.88985706],0.49581269170375436,0.4304621282229302
3,[0.91656374],0.7065920454326774,0.4917974580251512
4,[0.71252129],0.49675569554890775,0.25312635625577207
5,[0.30556872],0.40713217097963234,0.3169964056507678
6,[0.35708754],0.314396483634538,0.2654202397571761
7,[0.03082467],0.7034169213632866,0.5105102310296662
8,[0.68401908],0.4127610971445853,0.2592527978754682
9,[0.23678225],0.47508812053722843,0.3045526444248067
10,[0.17320269],0.5219156192093407,0.449305086843661
11,[0.22379866],0.2791692090940956,0.3987091156877547
12,[0.27839143],0.37075800844676404,0.225526198822658
13,[0.77852328],0.39391887837224504,0.35375700627282636
14,[0.97620705],0.5029682631163217,0.531113221268677
15,[0.38424682],0.4014878328924366,0.2739706983861393
16,[0.25764298],0.453249455112101,0.3827483461969273
17,[0.36841542],0.4821135703844751,0.25409236318314543
18,[0.68632528],0.35243106321543827,0.22693034417568392
19,[0.78425249],0.3007280343649813,0.34932243436541915
20,[0.85778266],0.5729307498870576,0.4228526079406995
21,[0.67472346],0.28806487950458803,0.20380600672458138
22,[0.16693954],0.34081155403802543,0.45556824011551655
23,[0.27418605],0.46577163396936366,0.34837907787578026
24,[0.87965731],0.5020658914889515,0.4274129310665362
25,[0.20361078],0.4190390138723273,0.41889699470823105
26,[0.95662781],0.5094457673092803,0.5318615371403919
27,[0.872531],0.4456590869251137,0.4516116804229623
28,[0.80962777],0.39016658213519123,0.3645339457746023
29,[0.21616756],0.5474419675980119,0.36575377874429105
30,[0.91451438],0.47738858228401987,0.4897481006917812
31,[0.30732307],0.5122417787194402,0.3152420612645066
32,[0.98218322],0.6322063025947894,0.5651108593008493
33,[0.28659739],0.4495792444053091,0.33596773763992427
34,[0.96777482],0.6357375274208572,0.56296166977221
35,[0.69946712],0.2892344404224878,0.2170271554951021
36,[0.91015539],0.5555730627067123,0.45076045656075603
37,[0.07823577],0.5148860515189849,0.5442720059956961
38,[0.24333582],0.4841491480676199,0.37917195866025855
39,[0.5413349],0.4105960447050293,0.08193996139974047
40,[0.65821751],0.3683875851514767,0.24114515793930058
41,[0.98849691],0.6561042157149666,0.5434030781391925
42,[0.97783071],0.7593278906461697,0.5607583494956063
43,[0.03364298],0.6547413106515387,0.5889221542895049
44,[0.3882767],0.3632368777559131,0.13434956486057048
45,[0.42476628],0.311055508509207,0.1977415005671297
46,[0.77169222],0.31062430529211965,0.31229728356372033
47,[0.03553399],0.7536826501331524,0.48709226966552077
48,[0.17172142],0.5709673286106629,0.4508437145169384
49,[0.00205465],0.6230550470713995,0.539280244846277
50,[0.09817628],0.6556046161571218,0.4431586128588173
51,[0.41707236],0.29582945184657505,0.08684526819320859
52,[0.07072212],0.5455510104368491,0.5696692067696925
53,[0.34414971],0.3726220437190168,0.2783580686136632
54,[0.62256513],0.24938813230762086,0.14012516545607168
55,[0.83723339],0.6763956513173763,0.4201610369018147
56,[0.62250778],0.3597382191869782,0.2176946276386592
57,[0.48243996],0.26157828374241754,0.02147765914347055
58,[0.73490857],0.5327114493887484,0.28981474428796417
59,[0.82683095],0.38472684234281884,0.3674360140552758
60,[0.44509383],0.2785950437006486,0.05882379702782148
61,[0.80506507],0.3948238995743639,0.380298792816705
62,[0.02155101],0.5523953614889414,0.6009567663994662
63,[0.88727199],0.31196381750593194,0.40483203012814983
64,[0.45939494],0.35721574516091825,0.16311284241849855
65,[0.22282043],0.507926560384906,0.39971602030997244
66,[0.50391762],0.3013791204932397,0.02147765914347055
67,[0.37635927],0.3328228754818305,0.24614850728356663
68,[0.97377003],0.5225325949402271,0.5143750980836376
69,[0.75492815],0.36472392115704827,0.30983432486084805
