,0,1,2
0,[0.40481315],0.3566119910423422,0.2176946276386592
1,[0.72302313],0.4630721037208331,0.2982568564435698
2,[0.88985706],0.49581269170375436,0.4304621282229302
3,[0.91656374],0.6231011635111489,0.4917974580251512
4,[0.71252129],0.49675569554890775,0.25312635625577207
5,[0.30556872],0.40585050231647946,0.3169677296909853
6,[0.35708754],0.387594308978205,0.20612516256065805
7,[0.03082467],0.8530788122392273,0.5105102310296662
8,[0.68401908],0.41276109714458525,0.24908902330233212
9,[0.23678225],0.5690368028160192,0.34513908493418566
10,[0.17320269],0.4724606904398412,0.449305086843661
11,[0.22379866],0.41908600541836644,0.3987091156877547
12,[0.27839143],0.370758008446764,0.225526198822658
13,[0.77852328],0.35721441161982,0.3435932316996903
14,[0.97620705],0.6271683445943759,0.531113221268677
15,[0.38424682],0.4940717087265745,0.2739706983861393
16,[0.25764298],0.453249455112101,0.36492215448018195
17,[0.36841542],0.4315621763957898,0.25409236318314543
18,[0.68632528],0.38853963751629167,0.22693034417568392
19,[0.78425249],0.34142082180041466,0.3391586597922831
20,[0.85778266],0.6688682127943973,0.41268883336756346
21,[0.67472346],0.32339518753950114,0.19228349228358543
22,[0.16693954],0.34081155403802543,0.45556824011551655
23,[0.27418605],0.46577163396936366,0.34835040191599775
24,[0.87965731],0.5020658914889515,0.43456348556771573
25,[0.20361078],0.4713508143371903,0.41889699470823105
26,[0.95662781],0.536970252505114,0.5318615371403919
27,[0.872531],0.4456590869251137,0.4554586414325198
28,[0.80962777],0.39016658213519123,0.3645339457746023
29,[0.21616756],0.4536370971620263,0.40634021925367014
30,[0.91451438],0.5353800308422761,0.4897481006917812
31,[0.30732307],0.5122417787194402,0.274626944795345
32,[0.98218322],0.6322063025947895,0.5612638982912918
33,[0.28659739],0.4495792444053091,0.33596773763992427
34,[0.96777482],0.6239955056988824,0.5507024647197954
35,[0.69946712],0.2834555230376255,0.240072184377094
36,[0.91015539],0.5278472254298494,0.45076045656075603
37,[0.07823577],0.5148860515189849,0.5442720059956961
38,[0.24333582],0.49598333352920954,0.37920063462004105
39,[0.5413349],0.37178355109218886,0.08193996139974047
40,[0.65821751],0.43496386998913117,0.24114515793930058
41,[0.98849691],0.7309019125969196,0.5434030781391925
42,[0.97783071],0.7593278906461697,0.5607583494956063
43,[0.03364298],0.6547413106515387,0.5889221542895049
44,[0.3882767],0.3675993178943349,0.15305820154770944
45,[0.42476628],0.2873641535921025,0.1977415005671297
46,[0.77169222],0.4393887079243176,0.31229728356372033
47,[0.03553399],0.7839951989978898,0.48709226966552077
48,[0.17172142],0.5709673286106629,0.4508437145169384
49,[0.00205465],0.6230550470713995,0.539280244846277
50,[0.09817628],0.6556046161571218,0.5243314938775754
51,[0.41707236],0.3260294029010919,0.08684526819320859
52,[0.07072212],0.643855427140213,0.5518430150529471
53,[0.34414971],0.3667636955457412,0.2783580686136632
54,[0.62256513],0.24938813230762086,0.14012516545607168
55,[0.83723339],0.5898944688266154,0.4124671148826997
56,[0.62250778],0.3821950715461079,0.20771806410289445
57,[0.48243996],0.2862061373846303,0.04018629583060962
58,[0.73490857],0.48739306241248637,0.28981474428796417
59,[0.82683095],0.3331966220761541,0.35591349961427987
60,[0.44509383],0.2785950437006486,0.05882379702782148
61,[0.80506507],0.4501910104560654,0.380298792816705
62,[0.02155101],0.5482855079627142,0.6009567663994662
63,[0.88727199],0.5226932944587218,0.40483203012814983
64,[0.45939494],0.3073240216757714,0.16311284241849855
65,[0.22282043],0.4713147197449806,0.39971602030997244
66,[0.50391762],0.3013791204932397,0.02147765914347055
67,[0.37635927],0.27820751754838896,0.24614850728356663
68,[0.97377003],0.4576507052142138,0.5143750980836376
69,[0.75492815],0.36472392115704827,0.30983432486084805
