,0,1,2
0,[0.40481315],0.3517635275095718,0.2176946276386592
1,[0.72302313],0.3503486042690271,0.2982568564435698
2,[0.88985706],0.4680765055778645,0.4304621282229302
3,[0.91656374],0.6563317989255557,0.4917974580251512
4,[0.71252129],0.3422877135065847,0.25312635625577207
5,[0.30556872],0.40585050231647946,0.3169964056507678
6,[0.35708754],0.31474668121445026,0.2654202397571761
7,[0.03082467],0.8003327775855608,0.5105102310296662
8,[0.68401908],0.43491558502007954,0.24908902330233212
9,[0.23678225],0.5865734885135939,0.38572552544356475
10,[0.17320269],0.5855022760780845,0.449305086843661
11,[0.22379866],0.24738015305211863,0.3987091156877547
12,[0.27839143],0.370758008446764,0.225526198822658
13,[0.77852328],0.2556760273495836,0.33342945712655425
14,[0.97620705],0.768546101819806,0.531113221268677
15,[0.38424682],0.4940717087265745,0.28222367008315075
16,[0.25764298],0.41554707080451364,0.4005745379136728
17,[0.36841542],0.45315519499611706,0.25409236318314543
18,[0.68632528],0.36325529240088467,0.22693034417568392
19,[0.78425249],0.2706119892871642,0.34932243436541915
20,[0.85778266],0.5032863325339949,0.41268883336756346
21,[0.67472346],0.28806487950458803,0.19228349228358543
22,[0.16693954],0.46817719507797195,0.45556824011551655
23,[0.27418605],0.4657716339693637,0.34837907787578026
24,[0.87965731],0.582721252354625,0.43456348556771573
25,[0.20361078],0.515353440473889,0.37831055419885196
26,[0.95662781],0.536970252505114,0.5216977625672559
27,[0.872531],0.41532875101395267,0.4477647194134048
28,[0.80962777],0.4052770562245424,0.3645339457746023
29,[0.21616756],0.4313882588266461,0.36575377874429105
30,[0.91451438],0.4914967455037445,0.4897481006917812
31,[0.30732307],0.5122417787194402,0.274626944795345
32,[0.98218322],0.6322063025947895,0.5574169372817342
33,[0.28659739],0.37247675468129504,0.33596773763992427
34,[0.96777482],0.6239955056988824,0.5507024647197954
35,[0.69946712],0.3251752667749336,0.240072184377094
36,[0.91015539],0.5140945746774377,0.45076045656075603
37,[0.07823577],0.5148860515189849,0.5442720059956961
38,[0.24333582],0.46615791568407816,0.33858551815087945
39,[0.5413349],0.3677929207626642,0.08193996139974047
40,[0.65821751],0.41569348512659865,0.24114515793930058
41,[0.98849691],0.6302968766719743,0.5434030781391925
42,[0.97783071],0.7938851141142084,0.5607583494956063
43,[0.03364298],0.6823494010020037,0.5889221542895049
44,[0.3882767],0.3369564544928886,0.15305820154770944
45,[0.42476628],0.3700656187472922,0.1977415005671297
46,[0.77169222],0.5015324177364908,0.31229728356372033
47,[0.03553399],0.7839951989978898,0.5058009063526597
48,[0.17172142],0.5709673286106629,0.4508437145169384
49,[0.00205465],0.6787266607941321,0.539280244846277
50,[0.09817628],0.6763398263574307,0.4431586128588173
51,[0.41707236],0.2905636089587097,0.08684526819320859
52,[0.07072212],0.5506289690761407,0.587495398486438
53,[0.34414971],0.4458302852314988,0.2783580686136632
54,[0.62256513],0.24938813230762086,0.14012516545607168
55,[0.83723339],0.6763956513173763,0.4124671148826997
56,[0.62250778],0.3540110756468091,0.1977415005671297
57,[0.48243996],0.23265121827697874,0.02147765914347055
58,[0.73490857],0.4327477275286335,0.28981474428796417
59,[0.82683095],0.3331966220761541,0.3674360140552758
60,[0.44509383],0.25068310059539284,0.11811887422433953
61,[0.80506507],0.4501910104560654,0.380298792816705
62,[0.02155101],0.5482855079627142,0.6009567663994662
63,[0.88727199],0.47375085696198005,0.40483203012814983
64,[0.45939494],0.3599534647844055,0.16311284241849855
65,[0.22282043],0.4713147197449806,0.39968734435018993
66,[0.50391762],0.2854508254849668,0.02147765914347055
67,[0.37635927],0.27820751754838896,0.24614850728356663
68,[0.97377003],0.3554287235032415,0.5143750980836376
69,[0.75492815],0.42827364413102365,0.30983432486084805
