,0,1,2
0,[0.40481315],0.3517635275095718,0.2176946276386592
1,[0.72302313],0.35034860426902703,0.28809308187043375
2,[0.88985706],0.4680765055778645,0.4304621282229302
3,[0.91656374],0.6563317989255557,0.4714699088788791
4,[0.71252129],0.3422877135065847,0.25312635625577207
5,[0.30556872],0.40585050231647946,0.3169964056507678
6,[0.35708754],0.39717625609503815,0.2654202397571761
7,[0.03082467],0.6640980103729055,0.5105102310296662
8,[0.68401908],0.43491558502007954,0.2592527978754682
9,[0.23678225],0.5044541376100564,0.38572552544356475
10,[0.17320269],0.634957204847584,0.449305086843661
11,[0.22379866],0.25365668749712106,0.3987091156877547
12,[0.27839143],0.370758008446764,0.225526198822658
13,[0.77852328],0.2556760273495836,0.33342945712655425
14,[0.97620705],0.7685461018198059,0.531113221268677
15,[0.38424682],0.47448626740372646,0.2739706983861393
16,[0.25764298],0.41554707080451364,0.4005745379136728
17,[0.36841542],0.4315621763957898,0.25409236318314543
18,[0.68632528],0.36325529240088467,0.24123145317804295
19,[0.78425249],0.34142082180041466,0.3391586597922831
20,[0.85778266],0.46145697562746807,0.43301638251383556
21,[0.67472346],0.32339518753950114,0.19228349228358543
22,[0.16693954],0.46817719507797195,0.45556824011551655
23,[0.27418605],0.46577163396936366,0.34837907787578026
24,[0.87965731],0.582721252354625,0.43456348556771573
25,[0.20361078],0.5016328661373279,0.33772411368947297
26,[0.95662781],0.536970252505114,0.5216977625672559
27,[0.872531],0.43311429383434774,0.4477647194134048
28,[0.80962777],0.4052770562245424,0.3573833912734228
29,[0.21616756],0.33247230836239205,0.36575377874429105
30,[0.91451438],0.5226165304908391,0.4897481006917812
31,[0.30732307],0.5122417787194402,0.2340118283261835
32,[0.98218322],0.5549618939350759,0.5370893881354621
33,[0.28659739],0.42711055621580085,0.33596773763992427
34,[0.96777482],0.6362139749312417,0.56296166977221
35,[0.69946712],0.3251752667749336,0.240072184377094
36,[0.91015539],0.5345560541451733,0.45076045656075603
37,[0.07823577],0.42234907803855287,0.5442720059956961
38,[0.24333582],0.4926305199881632,0.33858551815087945
39,[0.5413349],0.3677929207626641,0.05889493251774858
40,[0.65821751],0.39530189693119294,0.24114515793930058
41,[0.98849691],0.48547617957429134,0.5434030781391925
42,[0.97783071],0.6443453905633841,0.5569113884860488
43,[0.03364298],0.6823494010020037,0.5889221542895049
44,[0.3882767],0.4079151400633039,0.15305820154770944
45,[0.42476628],0.3700656187472922,0.1977415005671297
46,[0.77169222],0.4393887079243176,0.31229728356372033
47,[0.03553399],0.7909666121934484,0.5058009063526597
48,[0.17172142],0.570967328610663,0.4508437145169384
49,[0.00205465],0.6787266607941321,0.539280244846277
50,[0.09817628],0.6572910616999756,0.4431586128588173
51,[0.41707236],0.2905636089587097,0.08684526819320859
52,[0.07072212],0.5604977521770044,0.587495398486438
53,[0.34414971],0.3838531860472437,0.2783580686136632
54,[0.62256513],0.24938813230762086,0.14012516545607168
55,[0.83723339],0.6763956513173763,0.4124671148826997
56,[0.62250778],0.3821950715461079,0.1977415005671297
57,[0.48243996],0.22193694612637188,0.02147765914347055
58,[0.73490857],0.49082150623086174,0.28981474428796417
59,[0.82683095],0.3331966220761541,0.3674360140552758
60,[0.44509383],0.25068310059539284,0.11811887422433953
61,[0.80506507],0.4501910104560654,0.380298792816705
62,[0.02155101],0.5482855079627142,0.6009567663994662
63,[0.88727199],0.47375085696198005,0.4163545445691458
64,[0.45939494],0.3283617684013647,0.16311284241849855
65,[0.22282043],0.5762255726670189,0.39968734435018993
66,[0.50391762],0.2854508254849668,0.02147765914347055
67,[0.37635927],0.27820751754838896,0.24614850728356663
68,[0.97377003],0.36645646960155265,0.5143750980836376
69,[0.75492815],0.42032863692142913,0.30983432486084805
