,0,1,2
0,[0.40481315],0.32928268598585103,0.040280676217801625
1,[0.72302313],0.4769862069563814,0.32849315121231143
2,[0.88985706],0.4088949789908658,0.41893961378193423
3,[0.91656374],0.5313330575006201,0.45716879987652004
4,[0.71252129],0.49806094344613266,0.20860366823030962
5,[0.30556872],0.28086479741237413,0.2357661727124447
6,[0.35708754],0.3483729308332578,0.08800628833631852
7,[0.03082467],0.535755571638145,0.5511253474988277
8,[0.68401908],0.3364476976407265,0.26922936141123294
9,[0.23678225],0.4838133541217454,0.2564321092237569
10,[0.17320269],0.5821729997964957,0.2718911354228034
11,[0.22379866],0.5502531279115741,0.4744715212605607
12,[0.27839143],0.5571686467610575,0.30355858866609753
13,[0.77852328],0.5500983907105688,0.39226152850547213
14,[0.97620705],0.39380942271820285,0.516812112266318
15,[0.38424682],0.5264107090667126,0.21552939020023232
16,[0.25764298],0.589091910282985,0.34213322972776583
17,[0.36841542],0.463252384965104,0.2898020985362013
18,[0.68632528],0.6092958909861486,0.19314648572195675
19,[0.78425249],0.4739396690842623,0.3594862089385552
20,[0.85778266],0.5327638079444867,0.43301638251383556
21,[0.67472346],0.3454791695952789,0.17080583314011488
22,[0.16693954],0.6300927750275571,0.4556255920350816
23,[0.27418605],0.5800570244601299,0.4252810679148107
24,[0.87965731],0.6946190091053381,0.39660672493980204
25,[0.20361078],0.6452832023637448,0.45460673006128693
26,[0.95662781],0.5358412151861883,0.5683511191397297
27,[0.872531],0.6441061038511473,0.47598607394883846
28,[0.80962777],0.40183692652104697,0.3645339457746023
29,[0.21616756],0.461108914430453,0.22892626783281256
30,[0.91451438],0.6227117289082365,0.4897481006917812
31,[0.30732307],0.45744247914953445,0.392144051303537
32,[0.98218322],0.7045725765019508,0.5773700643532638
33,[0.28659739],0.5557785226968609,0.4004978960731964
34,[0.96777482],0.5447588196344193,0.5794981247000183
35,[0.69946712],0.4122765633772391,0.19554949635163155
36,[0.91015539],0.5801772593280062,0.45076045656075603
37,[0.07823577],0.7172931689850591,0.5037142414460996
38,[0.24333582],0.37038490054813744,0.37922931057982356
39,[0.5413349],0.43021325743391403,0.05889493251774858
40,[0.65821751],0.4164770946981059,0.2699408179195234
41,[0.98849691],0.6370964666255461,0.5060569402548416
42,[0.97783071],0.7759869300990495,0.5733241587094682
43,[0.03364298],0.7310703363145395,0.6245745377229958
44,[0.3882767],0.44943640808001273,0.2699408179195234
45,[0.42476628],0.4216355166548828,0.22849714922129893
46,[0.77169222],0.21238371522196947,0.27851342510999316
47,[0.03553399],0.6886809819829904,0.45768037115161
48,[0.17172142],0.5631246977901767,0.4102285980477768
49,[0.00205465],0.3999359026700797,0.539280244846277
50,[0.09817628],0.8274260649047276,0.4431586128588173
51,[0.41707236],0.4214153145017061,0.23157193791956654
52,[0.07072212],0.7145404153735343,0.5957483701834494
53,[0.34414971],0.3289649728682146,0.1009441171928056
54,[0.62256513],0.32461583886427336,0.11864750631260113
55,[0.83723339],0.5287406414424783,0.44895669688203754
56,[0.62250778],0.3391038979565358,0.2176946276386592
57,[0.48243996],0.3359947212092101,0.09951004898691007
58,[0.73490857],0.37194924592639167,0.28981474428796417
59,[0.82683095],0.5517949464999502,0.3229133260298134
60,[0.44509383],0.2971768646795659,0.03734613788435093
61,[0.80506507],0.4995390284049218,0.4002519198882345
62,[0.02155101],0.6575274731571565,0.6010141183190312
63,[0.88727199],0.5155179998709304,0.3833543709846793
64,[0.45939494],0.41176744246766017,0.06323132471260151
65,[0.22282043],0.5873045049322976,0.39974469626975495
66,[0.50391762],0.3444602173328062,0.07803238984343952
67,[0.37635927],0.38503509326785307,0.06873455586270905
68,[0.97377003],0.6693462137226397,0.46985241005817513
69,[0.75492815],0.31697606927514854,0.33016187400712016
