,0,1,2
0,[0.40481315],0.39848446364893625,0.2176946276386592
1,[0.72302313],0.463072103720833,0.2779293072972977
2,[0.88985706],0.49581269170375436,0.4304621282229302
3,[0.91656374],0.6167834988121298,0.4816336834520151
4,[0.71252129],0.43861350333192445,0.25312635625577207
5,[0.30556872],0.3795240806291673,0.3169390537312028
6,[0.35708754],0.3599036627889624,0.2654202397571761
7,[0.03082467],0.7752801540975134,0.5105102310296662
8,[0.68401908],0.4087888410212496,0.2592527978754682
9,[0.23678225],0.4752529048355214,0.38572552544356475
10,[0.17320269],0.6340867028865355,0.449305086843661
11,[0.22379866],0.5015794283949064,0.3987091156877547
12,[0.27839143],0.37075800844676404,0.225526198822658
13,[0.77852328],0.3262057851664354,0.33342945712655425
14,[0.97620705],0.641638949991296,0.531113221268677
15,[0.38424682],0.4052988478816462,0.2739706983861393
16,[0.25764298],0.5351343507540512,0.3827483461969273
17,[0.36841542],0.308514664079529,0.25409236318314543
18,[0.68632528],0.362056249694567,0.23408089867686344
19,[0.78425249],0.38622082176227923,0.3391586597922831
20,[0.85778266],0.5399826058127786,0.43301638251383556
21,[0.67472346],0.32339518753950114,0.19228349228358543
22,[0.16693954],0.581643044673657,0.45556824011551655
23,[0.27418605],0.4657716339693637,0.34837907787578026
24,[0.87965731],0.5817793874192237,0.4447272601408518
25,[0.20361078],0.39613329325525176,0.41889699470823105
26,[0.95662781],0.5998230565762548,0.5115339879941198
27,[0.872531],0.5103774376642536,0.4274371702671327
28,[0.80962777],0.3863122356404693,0.35023283677224326
29,[0.21616756],0.48278028497138925,0.40634021925367014
30,[0.91451438],0.5749283309557022,0.4897481006917812
31,[0.30732307],0.44511100705717366,0.2745982688355625
32,[0.98218322],0.5549618939350759,0.5612638982912918
33,[0.28659739],0.5364203264903479,0.33596773763992427
34,[0.96777482],0.5185841758042895,0.546855503710238
35,[0.69946712],0.3238446917942375,0.240072184377094
36,[0.91015539],0.5345560541451733,0.45076045656075603
37,[0.07823577],0.4750951126922196,0.5442720059956961
38,[0.24333582],0.49598333352920954,0.33858551815087945
39,[0.5413349],0.3074453795314838,0.08193996139974047
40,[0.65821751],0.33133555733056835,0.24114515793930058
41,[0.98849691],0.5072259217514807,0.5434030781391925
42,[0.97783071],0.6653831372889776,0.5530644274764913
43,[0.03364298],0.6647546727810176,0.5889221542895049
44,[0.3882767],0.3369564544928886,0.23423108256646752
45,[0.42476628],0.4259129051076063,0.1977415005671297
46,[0.77169222],0.46440462701974017,0.31229728356372033
47,[0.03553399],0.7716566650532563,0.5058009063526597
48,[0.17172142],0.578526895628702,0.4508437145169384
49,[0.00205465],0.5342862293964817,0.6204531258650351
50,[0.09817628],0.6572910616999756,0.5243314938775754
51,[0.41707236],0.3281626428628865,0.12426254156748662
52,[0.07072212],0.5506289690761406,0.587495398486438
53,[0.34414971],0.3667636955457411,0.2783580686136632
54,[0.62256513],0.2493881323076208,0.14012516545607168
55,[0.83723339],0.6763956513173766,0.4124671148826997
56,[0.62250778],0.3540110756468091,0.1977415005671297
57,[0.48243996],0.2969880326386001,0.05889493251774858
58,[0.73490857],0.49082150623086174,0.28981474428796417
59,[0.82683095],0.2786062840849213,0.3674360140552758
60,[0.44509383],0.34959116102469245,0.17741395142085759
61,[0.80506507],0.4501910104560654,0.380298792816705
62,[0.02155101],0.5482855079627142,0.6009567663994662
63,[0.88727199],0.39887651461947504,0.4278770590101417
64,[0.45939494],0.3283617684013648,0.16311284241849855
65,[0.22282043],0.5863553706456134,0.39971602030997244
66,[0.50391762],0.3493906799325697,0.02147765914347055
67,[0.37635927],0.27820751754838896,0.24614850728356663
68,[0.97377003],0.4760351809681479,0.5143750980836376
69,[0.75492815],0.42576228904011143,0.30983432486084805
