,0,1,2
0,[0.40481315],0.3258506491295542,0.2176946276386592
1,[0.72302313],0.3650546389840831,0.2779293072972977
2,[0.88985706],0.38612478673326006,0.4304621282229302
3,[0.91656374],0.7271406314388063,0.4917974580251512
4,[0.71252129],0.556008260806208,0.25312635625577207
5,[0.30556872],0.3795240806291673,0.3169390537312028
6,[0.35708754],0.37858732691525965,0.2654202397571761
7,[0.03082467],0.7603617057180567,0.5510966715390452
8,[0.68401908],0.3433500460193821,0.23892524872919607
9,[0.23678225],0.4752529048355214,0.38572552544356475
10,[0.17320269],0.6245377675105399,0.449305086843661
11,[0.22379866],0.39524649478555185,0.3987091156877547
12,[0.27839143],0.4352830296039805,0.26294347219693603
13,[0.77852328],0.27360959748158314,0.32627890262537473
14,[0.97620705],0.641638949991296,0.516812112266318
15,[0.38424682],0.38210137313795955,0.23831831495264844
16,[0.25764298],0.5015185084279788,0.4005745379136728
17,[0.36841542],0.31217708203158434,0.21350592267376634
18,[0.68632528],0.36324277459698884,0.24123145317804295
19,[0.78425249],0.34587238787192487,0.3391586597922831
20,[0.85778266],0.4440451429054389,0.4228526079406995
21,[0.67472346],0.3258774555866723,0.19228349228358543
22,[0.16693954],0.4696024581380886,0.45556824011551655
23,[0.27418605],0.4497306950307813,0.34837907787578026
24,[0.87965731],0.5957479303536141,0.45489103471398784
25,[0.20361078],0.4525049417825763,0.41889699470823105
26,[0.95662781],0.7001272096944027,0.5115339879941198
27,[0.872531],0.6893239779914015,0.4274371702671327
28,[0.80962777],0.37256532446792756,0.3645339457746023
29,[0.21616756],0.36850150547409355,0.40634021925367014
30,[0.91451438],0.5820702780263133,0.4897481006917812
31,[0.30732307],0.49990324477480674,0.2340118283261835
32,[0.98218322],0.5549618939350759,0.5651108593008493
33,[0.28659739],0.4803470467329697,0.33596773763992427
34,[0.96777482],0.5355042898535378,0.5430085427006804
35,[0.69946712],0.3238446917942376,0.240072184377094
36,[0.91015539],0.39728529546781,0.45076045656075603
37,[0.07823577],0.3652797969542102,0.5442720059956961
38,[0.24333582],0.3494385941034939,0.37917195866025855
39,[0.5413349],0.29710849095959596,0.08193996139974047
40,[0.65821751],0.39374171682326864,0.24114515793930058
41,[0.98849691],0.5732582965529047,0.5434030781391925
42,[0.97783071],0.6317677787563403,0.5530644274764913
43,[0.03364298],0.6823494010020037,0.5889221542895049
44,[0.3882767],0.4079151400633039,0.19364464205708842
45,[0.42476628],0.3671017136160019,0.1977415005671297
46,[0.77169222],0.4988902858164822,0.28925225468172844
47,[0.03553399],0.4941589158487914,0.5058009063526597
48,[0.17172142],0.5735781629863986,0.4508437145169384
49,[0.00205465],0.5342862293964817,0.6204531258650351
50,[0.09817628],0.6763398263574307,0.5243314938775754
51,[0.41707236],0.37795202509331216,0.12426254156748662
52,[0.07072212],0.5564873172494164,0.587495398486438
53,[0.34414971],0.4220449270312727,0.2377716281042841
54,[0.62256513],0.2493881323076208,0.14012516545607168
55,[0.83723339],0.4644801293044756,0.3921395657364276
56,[0.62250778],0.3540110756468091,0.1977415005671297
57,[0.48243996],0.35461603544287035,0.05889493251774858
58,[0.73490857],0.46011373881753703,0.28981474428796417
59,[0.82683095],0.36291693770999905,0.3674360140552758
60,[0.44509383],0.3495911610246924,0.17741395142085759
61,[0.80506507],0.4291532637304719,0.380298792816705
62,[0.02155101],0.5482855079627142,0.6009567663994662
63,[0.88727199],0.6045954805574534,0.4278770590101417
64,[0.45939494],0.37106766301130467,0.16311284241849855
65,[0.22282043],0.5863553706456134,0.39968734435018993
66,[0.50391762],0.3493906799325697,0.02147765914347055
67,[0.37635927],0.2782075175483889,0.24614850728356663
68,[0.97377003],0.44689836473101463,0.5143750980836376
69,[0.75492815],0.47628929712876167,0.3199980994339841
