,0,1,2
0,[0.40481315],0.3640093980085689,0.2176946276386592
1,[0.72302313],0.41363166698712667,0.2779293072972977
2,[0.88985706],0.38612478673326,0.4304621282229302
3,[0.91656374],0.7271406314388063,0.4917974580251512
4,[0.71252129],0.556008260806208,0.2674274652581311
5,[0.30556872],0.30600620758623903,0.3169390537312028
6,[0.35708754],0.33644967247852725,0.2654202397571761
7,[0.03082467],0.6550269766250029,0.5510966715390452
8,[0.68401908],0.3433500460193821,0.23177469422801655
9,[0.23678225],0.4752529048355214,0.38572552544356475
10,[0.17320269],0.6477309490849519,0.449305086843661
11,[0.22379866],0.4486422186551014,0.3987091156877547
12,[0.27839143],0.40346519044257534,0.26294347219693603
13,[0.77852328],0.3935278754583089,0.3191283481241952
14,[0.97620705],0.7151190276097001,0.516812112266318
15,[0.38424682],0.44663642654028524,0.23831831495264844
16,[0.25764298],0.3819312284784412,0.3827483461969273
17,[0.36841542],0.34036585613093906,0.21350592267376634
18,[0.68632528],0.36324277459698884,0.24123145317804295
19,[0.78425249],0.34587238787192487,0.3391586597922831
20,[0.85778266],0.4212030912176129,0.41268883336756346
21,[0.67472346],0.3258774555866723,0.21532852116557732
22,[0.16693954],0.4696024581380886,0.45556824011551655
23,[0.27418605],0.3367808917729529,0.34837907787578026
24,[0.87965731],0.5817793874192236,0.45489103471398784
25,[0.20361078],0.4453744650958781,0.41889699470823105
26,[0.95662781],0.6253851830255316,0.5043834334929402
27,[0.872531],0.6893239779914015,0.43760094484026874
28,[0.80962777],0.2977044007516338,0.3645339457746023
29,[0.21616756],0.46551028816271167,0.40634021925367014
30,[0.91451438],0.6719312953950456,0.4897481006917812
31,[0.30732307],0.5341316402944555,0.3151847093449416
32,[0.98218322],0.47069167855103344,0.5651108593008493
33,[0.28659739],0.3693938311493472,0.33596773763992427
34,[0.96777482],0.5355042898535378,0.5507024647197954
35,[0.69946712],0.3238446917942376,0.240072184377094
36,[0.91015539],0.5747973891042042,0.45076045656075603
37,[0.07823577],0.39902078963732296,0.5443006819554786
38,[0.24333582],0.3494385941034939,0.37917195866025855
39,[0.5413349],0.3030704490914533,0.08193996139974047
40,[0.65821751],0.39374171682326864,0.24114515793930058
41,[0.98849691],0.6276365236374654,0.5434030781391925
42,[0.97783071],0.6653831372889776,0.5429006529033553
43,[0.03364298],0.6823494010020037,0.5889221542895049
44,[0.3882767],0.4079151400633038,0.23423108256646752
45,[0.42476628],0.367746936526701,0.1977415005671297
46,[0.77169222],0.505964992761972,0.28925225468172844
47,[0.03553399],0.6205966122199851,0.5058009063526597
48,[0.17172142],0.5709673286106629,0.4508437145169384
49,[0.00205465],0.6322143694824087,0.579866685355656
50,[0.09817628],0.6763398263574307,0.5243314938775754
51,[0.41707236],0.37830103016804023,0.12426254156748662
52,[0.07072212],0.5564873172494164,0.587495398486438
53,[0.34414971],0.43913441753277543,0.2783580686136632
54,[0.62256513],0.24938813230762086,0.14012516545607168
55,[0.83723339],0.5236286052794368,0.3921395657364276
56,[0.62250778],0.3540110756468091,0.1977415005671297
57,[0.48243996],0.29105683679889216,0.05889493251774858
58,[0.73490857],0.46011373881753703,0.28981474428796417
59,[0.82683095],0.3447210335570697,0.3674360140552758
60,[0.44509383],0.3495911610246924,0.17741395142085759
61,[0.80506507],0.4291532637304719,0.380298792816705
62,[0.02155101],0.6882023042869851,0.6009567663994662
63,[0.88727199],0.6126259383422099,0.4278770590101417
64,[0.45939494],0.37106766301130467,0.16311284241849855
65,[0.22282043],0.5863553706456134,0.39971602030997244
66,[0.50391762],0.36515826825793607,0.02147765914347055
67,[0.37635927],0.3607963930079651,0.24614850728356663
68,[0.97377003],0.5485743416414245,0.5143750980836376
69,[0.75492815],0.47628929712876167,0.30983432486084805
