,0,1,2
0,[0.40481315],0.338802403404895,0.2176946276386592
1,[0.72302313],0.4378278925819646,0.26362819829493866
2,[0.88985706],0.5727874146258178,0.4304621282229302
3,[0.91656374],0.6287789694518843,0.4714699088788791
4,[0.71252129],0.3952618327838978,0.2674274652581311
5,[0.30556872],0.3351752785937113,0.3169964056507678
6,[0.35708754],0.40844392121261386,0.2654202397571761
7,[0.03082467],0.8308537906297065,0.5105102310296662
8,[0.68401908],0.34335004601938207,0.23892524872919607
9,[0.23678225],0.5477366454978312,0.38572552544356475
10,[0.17320269],0.6652697537123214,0.449305086843661
11,[0.22379866],0.3963304181902384,0.3987091156877547
12,[0.27839143],0.22287958519040957,0.26294347219693603
13,[0.77852328],0.4220034804992615,0.3191283481241952
14,[0.97620705],0.641638949991296,0.516812112266318
15,[0.38424682],0.3999154904009208,0.23826096303308342
16,[0.25764298],0.4879847411099882,0.36492215448018195
17,[0.36841542],0.37135532026606344,0.25409236318314543
18,[0.68632528],0.40065104896670095,0.24123145317804295
19,[0.78425249],0.38449367828764924,0.3391586597922831
20,[0.85778266],0.4212030912176129,0.43301638251383556
21,[0.67472346],0.3117914888800102,0.21532852116557732
22,[0.16693954],0.4329146042747404,0.45556824011551655
23,[0.27418605],0.3431587653507814,0.34832172595621524
24,[0.87965731],0.4085581741284597,0.45489103471398784
25,[0.20361078],0.3822537329975813,0.41889699470823105
26,[0.95662781],0.49602328713105825,0.4972328789917607
27,[0.872531],0.5320480725945369,0.4477647194134048
28,[0.80962777],0.4247079363232178,0.3645339457746023
29,[0.21616756],0.48687946561655177,0.40634021925367014
30,[0.91451438],0.5920062966694484,0.4897481006917812
31,[0.30732307],0.5105553331765865,0.3152420612645066
32,[0.98218322],0.5979766947905146,0.5574169372817342
33,[0.28659739],0.37749772364253786,0.33596773763992427
34,[0.96777482],0.6744150185590346,0.5430085427006804
35,[0.69946712],0.3631636027846187,0.240072184377094
36,[0.91015539],0.5326466470443788,0.45076045656075603
37,[0.07823577],0.38757952999589945,0.5443006819554786
38,[0.24333582],0.15546627138655372,0.37917195866025855
39,[0.5413349],0.280391508866793,0.05889493251774858
40,[0.65821751],0.27729899182708195,0.23345123592018557
41,[0.98849691],0.6561121286784181,0.5434030781391925
42,[0.97783071],0.509557819713323,0.5255863238290397
43,[0.03364298],0.7173292820818333,0.5889221542895049
44,[0.3882767],0.41931520504933273,0.23423108256646752
45,[0.42476628],0.40740743846374833,0.1977415005671297
46,[0.77169222],0.505964992761972,0.3007747691227244
47,[0.03553399],0.5026858103248193,0.5058009063526597
48,[0.17172142],0.33791235356019905,0.4508437145169384
49,[0.00205465],0.7330261790993984,0.579866685355656
50,[0.09817628],0.6675332786350815,0.5243314938775754
51,[0.41707236],0.34696232650584713,0.12426254156748662
52,[0.07072212],0.534187584207727,0.587495398486438
53,[0.34414971],0.42704620854180214,0.2783580686136632
54,[0.62256513],0.2797206148562067,0.16317019433806357
55,[0.83723339],0.4354919540857173,0.4124671148826997
56,[0.62250778],0.28832177049873237,0.1977415005671297
57,[0.48243996],0.3513221836769934,0.04018629583060962
58,[0.73490857],0.39603225827152605,0.28981474428796417
59,[0.82683095],0.3825287775761611,0.3674360140552758
60,[0.44509383],0.3232007155866704,0.1368275109114785
61,[0.80506507],0.5353760382365623,0.380298792816705
62,[0.02155101],0.6717412561118693,0.6009567663994662
63,[0.88727199],0.5465111888700616,0.4278770590101417
64,[0.45939494],0.3665548537852599,0.16311284241849855
65,[0.22282043],0.5863553706456134,0.39974469626975495
66,[0.50391762],0.34674197814388696,0.037417273374278026
67,[0.37635927],0.3980908232459458,0.24614850728356663
68,[0.97377003],0.5363799880180465,0.5143750980836376
69,[0.75492815],0.4301857881395527,0.30983432486084805
