,0,1,2
0,[0.40481315],0.2944956512964918,0.21775197955822423
1,[0.72302313],0.41739324884743495,0.2779293072972977
2,[0.88985706],0.5727874146258178,0.4304621282229302
3,[0.91656374],0.5051230122127102,0.4714699088788791
4,[0.71252129],0.33346038304508047,0.25312635625577207
5,[0.30556872],0.35869584767496815,0.3169390537312028
6,[0.35708754],0.43047605169164366,0.2654202397571761
7,[0.03082467],0.7541829164327706,0.5916831120484243
8,[0.68401908],0.3876174775291919,0.23892524872919607
9,[0.23678225],0.5477366454978311,0.38572552544356475
10,[0.17320269],0.6298461248193156,0.449305086843661
11,[0.22379866],0.4873052130873218,0.3987664676073197
12,[0.27839143],0.3578895600883025,0.26294347219693603
13,[0.77852328],0.39478050611268,0.33342945712655425
14,[0.97620705],0.6167464985162299,0.516812112266318
15,[0.38424682],0.4121613608999179,0.23826096303308342
16,[0.25764298],0.5015185084279788,0.36492215448018195
17,[0.36841542],0.3662442402377949,0.25409236318314543
18,[0.68632528],0.3406965968984166,0.24123145317804295
19,[0.78425249],0.4218538776862323,0.32485755078992407
20,[0.85778266],0.4808029067459129,0.43301638251383556
21,[0.67472346],0.3117914888800102,0.21532852116557732
22,[0.16693954],0.38768734090795653,0.45556824011551655
23,[0.27418605],0.3431587653507814,0.34832172595621524
24,[0.87965731],0.44056011513025994,0.43456348556771573
25,[0.20361078],0.45906002525943557,0.41889699470823105
26,[0.95662781],0.5799583466803335,0.5115339879941198
27,[0.872531],0.6286211635646352,0.4477647194134048
28,[0.80962777],0.42856228281793973,0.35023283677224326
29,[0.21616756],0.5711107387674375,0.40634021925367014
30,[0.91451438],0.5820702780263133,0.4897481006917812
31,[0.30732307],0.5346263278319987,0.3152420612645066
32,[0.98218322],0.5926910122580781,0.5574169372817342
33,[0.28659739],0.3774977236425379,0.33596773763992427
34,[0.96777482],0.6172009123901361,0.5507024647197954
35,[0.69946712],0.39134295267482877,0.240072184377094
36,[0.91015539],0.35230816770607304,0.45076045656075603
37,[0.07823577],0.5022295593947458,0.5443293579152612
38,[0.24333582],0.2713445184190337,0.37917195866025855
39,[0.5413349],0.280391508866793,0.037417273374278026
40,[0.65821751],0.46024483916509046,0.23345123592018557
41,[0.98849691],0.6853870992081309,0.5434030781391925
42,[0.97783071],0.5872289343680515,0.5327368783302192
43,[0.03364298],0.7206304707606379,0.5889221542895049
44,[0.3882767],0.4970677427727603,0.15305820154770944
45,[0.42476628],0.4416358339833971,0.1977415005671297
46,[0.77169222],0.5027988127826981,0.28925225468172844
47,[0.03553399],0.6992761669567154,0.5058009063526597
48,[0.17172142],0.26206649144423433,0.4508437145169384
49,[0.00205465],0.6346215478669509,0.539280244846277
50,[0.09817628],0.6452117522601423,0.5243601698373579
51,[0.41707236],0.2971729442754215,0.12426254156748662
52,[0.07072212],0.6339866440393491,0.5518430150529471
53,[0.34414971],0.5252688778674456,0.2783580686136632
54,[0.62256513],0.2797206148562067,0.16317019433806357
55,[0.83723339],0.527536036684936,0.4124671148826997
56,[0.62250778],0.29146134826760406,0.17741395142085759
57,[0.48243996],0.31824044846765603,0.04018629583060962
58,[0.73490857],0.4118272088025899,0.28981474428796417
59,[0.82683095],0.3515029133807258,0.3674360140552758
60,[0.44509383],0.35508103485645615,0.17741395142085759
61,[0.80506507],0.6039534802593762,0.380298792816705
62,[0.02155101],0.6945833077996953,0.6009567663994662
63,[0.88727199],0.2497620544826138,0.4278770590101417
64,[0.45939494],0.3334636014285154,0.16311284241849855
65,[0.22282043],0.6008003904829387,0.39974469626975495
66,[0.50391762],0.40454793509583487,0.02147765914347055
67,[0.37635927],0.31787903518450283,0.24614850728356663
68,[0.97377003],0.5179955122641123,0.5143750980836376
69,[0.75492815],0.4995692966308963,0.30983432486084805
