,0,1,2
0,[0.40481315],0.44849790949735685,0.21772330359844172
1,[0.72302313],0.4283096058914671,0.26362819829493866
2,[0.88985706],0.5727874146258178,0.4304621282229302
3,[0.91656374],0.5180296739111829,0.4714699088788791
4,[0.71252129],0.4468988640996502,0.25312635625577207
5,[0.30556872],0.39942783387674974,0.3169390537312028
6,[0.35708754],0.43047605169164366,0.2654202397571761
7,[0.03082467],0.7541829164327706,0.5510966715390452
8,[0.68401908],0.38761747752919196,0.23892524872919607
9,[0.23678225],0.5612717080512519,0.38572552544356475
10,[0.17320269],0.5942252186458024,0.449305086843661
11,[0.22379866],0.49317008007360874,0.3987664676073197
12,[0.27839143],0.29606594015016363,0.26294347219693603
13,[0.77852328],0.39478050611268,0.33342945712655425
14,[0.97620705],0.6167464985162299,0.516812112266318
15,[0.38424682],0.3150943897659064,0.23826096303308342
16,[0.25764298],0.5015185084279788,0.36492215448018195
17,[0.36841542],0.41163532183542373,0.25409236318314543
18,[0.68632528],0.34069659689841664,0.24123145317804295
19,[0.78425249],0.4319313556325401,0.32485755078992407
20,[0.85778266],0.4808029067459129,0.43301638251383556
21,[0.67472346],0.3117914888800102,0.21532852116557732
22,[0.16693954],0.2838422689492669,0.45556824011551655
23,[0.27418605],0.3431587653507814,0.34832172595621524
24,[0.87965731],0.5689199505243911,0.43456348556771573
25,[0.20361078],0.45191807818882435,0.41889699470823105
26,[0.95662781],0.5799583466803335,0.5115339879941198
27,[0.872531],0.563303164902546,0.4477647194134048
28,[0.80962777],0.42856228281793973,0.3573833912734228
29,[0.21616756],0.45102051081561056,0.40634021925367014
30,[0.91451438],0.5118913890867138,0.4897481006917812
31,[0.30732307],0.5346263278319987,0.3152420612645066
32,[0.98218322],0.635513593580351,0.5574169372817342
33,[0.28659739],0.404449628856591,0.33596773763992427
34,[0.96777482],0.5624067727129083,0.5507024647197954
35,[0.69946712],0.39134295267482877,0.240072184377094
36,[0.91015539],0.6020105379089964,0.45076045656075603
37,[0.07823577],0.5162608592712397,0.5443293579152612
38,[0.24333582],0.21077791259412057,0.37917195866025855
39,[0.5413349],0.280391508866793,0.037417273374278026
40,[0.65821751],0.42058286610715223,0.23345123592018557
41,[0.98849691],0.6853870992081309,0.5434030781391925
42,[0.97783071],0.5469792819824808,0.5327368783302192
43,[0.03364298],0.7173292820818334,0.5889221542895049
44,[0.3882767],0.4375883772075662,0.15305820154770944
45,[0.42476628],0.4381706205917658,0.1977415005671297
46,[0.77169222],0.43344001858759923,0.28925225468172844
47,[0.03553399],0.8036519062984604,0.5058009063526597
48,[0.17172142],0.26206649144423433,0.45078636259737337
49,[0.00205465],0.6333588098662049,0.6204531258650351
50,[0.09817628],0.5749707715110275,0.5243314938775754
51,[0.41707236],0.3660511413100783,0.12426254156748662
52,[0.07072212],0.6324637075503923,0.5518430150529471
53,[0.34414971],0.5080507897071487,0.2783580686136632
54,[0.62256513],0.28680890503790896,0.16317019433806357
55,[0.83723339],0.527536036684936,0.4124671148826997
56,[0.62250778],0.326011045752537,0.17741395142085759
57,[0.48243996],0.29186281289221533,0.02147765914347055
58,[0.73490857],0.39808029763004804,0.28981474428796417
59,[0.82683095],0.24595377246953207,0.3674360140552758
60,[0.44509383],0.35508103485645615,0.17741395142085759
61,[0.80506507],0.6039534802593762,0.380298792816705
62,[0.02155101],0.6945833077996953,0.6009567663994662
63,[0.88727199],0.5183318389798514,0.44217816801250076
64,[0.45939494],0.3334636014285154,0.16311284241849855
65,[0.22282043],0.6008003904829387,0.39974469626975495
66,[0.50391762],0.40454793509583487,0.037417273374278026
67,[0.37635927],0.429720232801907,0.24614850728356663
68,[0.97377003],0.5617619533769174,0.5143750980836376
69,[0.75492815],0.5519493400651077,0.30983432486084805
