,0,1,2
0,[0.40481315],0.3130871487781171,0.2176946276386592
1,[0.72302313],0.41880797669112135,0.3182099835150993
2,[0.88985706],0.2894015414716094,0.4304621282229302
3,[0.91656374],0.5258871899980799,0.45716879987652004
4,[0.71252129],0.48668911856058034,0.23008132737378018
5,[0.30556872],0.3632851766444333,0.3169390537312028
6,[0.35708754],0.3134839432137041,0.14683008536414
7,[0.03082467],0.839650438141042,0.5105102310296662
8,[0.68401908],0.37403531229669945,0.28747415241090185
9,[0.23678225],0.6130033479816148,0.3045526444248067
10,[0.17320269],0.5012100753980149,0.36774866563441166
11,[0.22379866],0.5093501621710546,0.44731963201845193
12,[0.27839143],0.30446872425391563,0.30355858866609753
13,[0.77852328],0.4063999169032971,0.3942764687387801
14,[0.97620705],0.5445333030983668,0.5239626667674975
15,[0.38424682],0.4029093953413353,0.15708808201432534
16,[0.25764298],0.4144258895424179,0.32430703801102034
17,[0.36841542],0.463252384965104,0.25414971510271045
18,[0.68632528],0.3790686254097742,0.19314648572195675
19,[0.78425249],0.23957807757487956,0.34932243436541915
20,[0.85778266],0.42965188599781723,0.4228526079406995
21,[0.67472346],0.3112960166085782,0.19228349228358543
22,[0.16693954],0.6115151989611253,0.4556255920350816
23,[0.27418605],0.5424479269618143,0.3840314613092711
24,[0.87965731],0.7087271723250628,0.3972173476833648
25,[0.20361078],0.5155326251926212,0.45460673006128693
26,[0.95662781],0.5185378393561364,0.5600828916758256
27,[0.872531],0.4359221736717366,0.4677178464849343
28,[0.80962777],0.41438025178097276,0.37469772034773835
29,[0.21616756],0.37536775452382465,0.32516733823491206
30,[0.91451438],0.6621987874444242,0.49972466422754597
31,[0.30732307],0.5425543275841777,0.34596903395889333
32,[0.98218322],0.6766571728699512,0.5773700643532638
33,[0.28659739],0.5645143173824227,0.33596773763992427
34,[0.96777482],0.6592350195556884,0.5815130649333262
35,[0.69946712],0.3760758612178,0.20628832592336682
36,[0.91015539],0.2960067823241838,0.45076045656075603
37,[0.07823577],0.5141348111137463,0.5443293579152612
38,[0.24333582],0.2815985719299158,0.37922931057982356
39,[0.5413349],0.3761125505085686,0.07041744695874452
40,[0.65821751],0.4062378924370475,0.2699408179195234
41,[0.98849691],0.6375814928760868,0.5175794546958375
42,[0.97783071],0.5958766186932438,0.593583889942445
43,[0.03364298],0.7310703363145395,0.6245745377229958
44,[0.3882767],0.5421172637955761,0.2699408179195234
45,[0.42476628],0.4583023337472872,0.1977988524866947
46,[0.77169222],0.39970211286977275,0.28925225468172844
47,[0.03553399],0.5921704018453795,0.48709226966552077
48,[0.17172142],0.5268688936056456,0.4508437145169384
49,[0.00205465],0.6507183301767923,0.539280244846277
50,[0.09817628],0.5501050299523894,0.4431586128588173
51,[0.41707236],0.4041453176930285,0.20549277450580972
52,[0.07072212],0.7486772392077305,0.587495398486438
53,[0.34414971],0.4334155463579947,0.1267677406361606
54,[0.62256513],0.2793502661089061,0.1293863358843364
55,[0.83723339],0.581790260010061,0.4509716371153455
56,[0.62250778],0.34442102782471384,0.2176946276386592
57,[0.48243996],0.33128584982101505,0.14012516545607168
58,[0.73490857],0.30548682427491675,0.28981474428796417
59,[0.82683095],0.4897285429564156,0.3443909851732839
60,[0.44509383],0.25944774635656376,0.05882379702782148
61,[0.80506507],0.4558488864092121,0.3701350182435689
62,[0.02155101],0.741084953101965,0.6009567663994662
63,[0.88727199],0.414523905705968,0.40483203012814983
64,[0.45939494],0.42309377434710377,0.08193996139974047
65,[0.22282043],0.6132126917526268,0.39974469626975495
66,[0.50391762],0.2683543639498806,0.07800371388365701
67,[0.37635927],0.26885799566665664,0.20556206677418754
68,[0.97377003],0.5300287851276682,0.4805912396299104
69,[0.75492815],0.31567613341046297,0.3501150010786497
