,0,1,2
0,[0.40481315],0.39991836074910925,0.21775197955822423
1,[0.72302313],0.46085470426392156,0.26362819829493866
2,[0.88985706],0.5883127774462483,0.4304621282229302
3,[0.91656374],0.6996498219126416,0.4714699088788791
4,[0.71252129],0.35500860888068997,0.25312635625577207
5,[0.30556872],0.3664307067346475,0.3169390537312028
6,[0.35708754],0.37707073213733555,0.2654202397571761
7,[0.03082467],0.6438423083142615,0.5105102310296662
8,[0.68401908],0.27297490048358014,0.23892524872919607
9,[0.23678225],0.5612717080512519,0.38572552544356475
10,[0.17320269],0.6314679973771467,0.449305086843661
11,[0.22379866],0.51829181948269,0.3987091156877547
12,[0.27839143],0.4016948588796102,0.26294347219693603
13,[0.77852328],0.3670546688358172,0.3191283481241952
14,[0.97620705],0.6828894850063548,0.516812112266318
15,[0.38424682],0.4121613608999179,0.23826096303308342
16,[0.25764298],0.5015185084279788,0.36486480256061693
17,[0.36841542],0.2674476328411274,0.25409236318314543
18,[0.68632528],0.34188312180083835,0.24123145317804295
19,[0.78425249],0.3888878022187455,0.32485755078992407
20,[0.85778266],0.4808029067459129,0.43301638251383556
21,[0.67472346],0.27148779883126783,0.21532852116557732
22,[0.16693954],0.3813063373952465,0.3743953590967585
23,[0.27418605],0.3225878636494383,0.34832172595621524
24,[0.87965731],0.5689199505243911,0.4447272601408518
25,[0.20361078],0.38899053742837847,0.41889699470823105
26,[0.95662781],0.6090773429137424,0.5115339879941198
27,[0.872531],0.49448543122017397,0.4477647194134048
28,[0.80962777],0.46874324215142477,0.3645339457746023
29,[0.21616756],0.6124358312883659,0.40634021925367014
30,[0.91451438],0.5297716221912073,0.4897481006917812
31,[0.30732307],0.5114971981119878,0.3152420612645066
32,[0.98218322],0.6188177562569079,0.5574169372817342
33,[0.28659739],0.44078727623563074,0.33596773763992427
34,[0.96777482],0.5470220234505366,0.5430085427006804
35,[0.69946712],0.3232671003308614,0.240072184377094
36,[0.91015539],0.6510125418076413,0.45791101106193555
37,[0.07823577],0.5162608592712397,0.5443293579152612
38,[0.24333582],0.32886257086357223,0.37917195866025855
39,[0.5413349],0.28080484893998653,0.037417273374278026
40,[0.65821751],0.42058286610715223,0.23729819692974308
41,[0.98849691],0.577344477792994,0.5434030781391925
42,[0.97783071],0.4627090665984383,0.5184357693278602
43,[0.03364298],0.7689985265028264,0.5889221542895049
44,[0.3882767],0.2914864836210377,0.15305820154770944
45,[0.42476628],0.4004682362841785,0.1977415005671297
46,[0.77169222],0.43344001858759923,0.28925225468172844
47,[0.03553399],0.7127305602862031,0.5058009063526597
48,[0.17172142],0.3908537264946147,0.45078636259737337
49,[0.00205465],0.5691226624959332,0.6204531258650351
50,[0.09817628],0.6775388690637485,0.5243314938775754
51,[0.41707236],0.3945828685234402,0.12426254156748662
52,[0.07072212],0.6796772400202473,0.5518430150529471
53,[0.34414971],0.5080507897071488,0.2783580686136632
54,[0.62256513],0.3331749578754525,0.16317019433806357
55,[0.83723339],0.5503541653628854,0.4124671148826997
56,[0.62250778],0.34887776957834066,0.17741395142085759
57,[0.48243996],0.30712625024075685,0.02147765914347055
58,[0.73490857],0.4062229145695125,0.28981474428796417
59,[0.82683095],0.2939682093449509,0.3674360140552758
60,[0.44509383],0.339441781497432,0.17741395142085759
61,[0.80506507],0.583457365001432,0.380298792816705
62,[0.02155101],0.6945833077996953,0.6009567663994662
63,[0.88727199],0.5985595754611055,0.4278770590101417
64,[0.45939494],0.37647840228395413,0.16311284241849855
65,[0.22282043],0.6531679075763528,0.39974469626975495
66,[0.50391762],0.36369905142645303,0.037417273374278026
67,[0.37635927],0.36682937243592495,0.20556206677418754
68,[0.97377003],0.5146426987230661,0.5143750980836376
69,[0.75492815],0.4643673430466242,0.30983432486084805
