,0,1,2
0,[0.40481315],0.4562082688243823,0.21775197955822423
1,[0.72302313],0.34986820026071924,0.2779293072972977
2,[0.88985706],0.5883127774462483,0.4304621282229302
3,[0.91656374],0.6996498219126416,0.4714699088788791
4,[0.71252129],0.4700315273856943,0.25312635625577207
5,[0.30556872],0.5459030723174867,0.3169390537312028
6,[0.35708754],0.37707073213733555,0.2654202397571761
7,[0.03082467],0.6622819091039637,0.5105102310296662
8,[0.68401908],0.2517672043099328,0.23892524872919607
9,[0.23678225],0.5612717080512519,0.38572552544356475
10,[0.17320269],0.6314679973771467,0.449305086843661
11,[0.22379866],0.49317008007360874,0.3987091156877547
12,[0.27839143],0.2589985366393555,0.26294347219693603
13,[0.77852328],0.4401441680102415,0.32627890262537473
14,[0.97620705],0.6729659365076606,0.516812112266318
15,[0.38424682],0.4530102445692997,0.23826096303308342
16,[0.25764298],0.5003232750546218,0.36486480256061693
17,[0.36841542],0.46202289759326404,0.25409236318314543
18,[0.68632528],0.3821943480321992,0.24123145317804295
19,[0.78425249],0.3888878022187455,0.32485755078992407
20,[0.85778266],0.4579847780679634,0.43301638251383556
21,[0.67472346],0.3117914888800102,0.21532852116557732
22,[0.16693954],0.35732352118195126,0.41498179960613746
23,[0.27418605],0.3225878636494383,0.34832172595621524
24,[0.87965731],0.5689199505243911,0.43456348556771573
25,[0.20361078],0.38899053742837847,0.41889699470823105
26,[0.95662781],0.762142776092958,0.5115339879941198
27,[0.872531],0.563303164902546,0.4477647194134048
28,[0.80962777],0.46874324215142477,0.3645339457746023
29,[0.21616756],0.5281770862882365,0.40634021925367014
30,[0.91451438],0.5115405202094616,0.4897481006917812
31,[0.30732307],0.500845109710208,0.3152420612645066
32,[0.98218322],0.6092326064910252,0.5574169372817342
33,[0.28659739],0.4392484918318077,0.33596773763992427
34,[0.96777482],0.47791510249756514,0.5430085427006804
35,[0.69946712],0.24938106741728974,0.240072184377094
36,[0.91015539],0.6510125418076413,0.46506156556311506
37,[0.07823577],0.503679760113352,0.5443293579152612
38,[0.24333582],0.3288625708635721,0.37917195866025855
39,[0.5413349],0.3377133969689217,0.037417273374278026
40,[0.65821751],0.42058286610715223,0.23345123592018557
41,[0.98849691],0.6172466992911729,0.5434030781391925
42,[0.97783071],0.4333090581545349,0.5184357693278602
43,[0.03364298],0.6719897438142083,0.5889221542895049
44,[0.3882767],0.3060708835863752,0.15305820154770944
45,[0.42476628],0.3772750547097665,0.1977415005671297
46,[0.77169222],0.34405882382061703,0.28925225468172844
47,[0.03553399],0.7519470804838688,0.5058009063526597
48,[0.17172142],0.4742698227561538,0.45078636259737337
49,[0.00205465],0.6099311512200828,0.6204531258650351
50,[0.09817628],0.6440127095538246,0.5243314938775754
51,[0.41707236],0.348357119824251,0.12426254156748662
52,[0.07072212],0.7463631314455581,0.5518430150529471
53,[0.34414971],0.479933553107335,0.2783580686136632
54,[0.62256513],0.3242857292067118,0.16317019433806357
55,[0.83723339],0.46838756070997467,0.40230334030956366
56,[0.62250778],0.3917003509006137,0.17741395142085759
57,[0.48243996],0.2780837503778635,0.02147765914347055
58,[0.73490857],0.4062229145695125,0.28981474428796417
59,[0.82683095],0.23748925643598282,0.3674360140552758
60,[0.44509383],0.339441781497432,0.0962410704020995
61,[0.80506507],0.583457365001432,0.380298792816705
62,[0.02155101],0.6945833077996953,0.6009567663994662
63,[0.88727199],0.541969007256924,0.44217816801250076
64,[0.45939494],0.33797641065456013,0.16311284241849855
65,[0.22282043],0.6531679075763528,0.39968734435018993
66,[0.50391762],0.363699051426453,0.037417273374278026
67,[0.37635927],0.4256405639275293,0.16497562626480855
68,[0.97377003],0.4692566298879294,0.5143750980836376
69,[0.75492815],0.5519493400651078,0.30983432486084805
