,0,1,2
0,[0.40481315],0.34959860722803215,0.2176946276386592
1,[0.72302313],0.4127263582640353,0.3182099835150993
2,[0.88985706],0.4846610806998005,0.4304621282229302
3,[0.91656374],0.6226068744571847,0.46431935437769956
4,[0.71252129],0.21875341500349582,0.23008132737378018
5,[0.30556872],0.36328517664443344,0.3169390537312028
6,[0.35708754],0.4547247095858964,0.14683008536414
7,[0.03082467],0.664713550103777,0.5105102310296662
8,[0.68401908],0.23474221025296557,0.26922936141123294
9,[0.23678225],0.6693430700013401,0.3045526444248067
10,[0.17320269],0.622376559949078,0.449305086843661
11,[0.22379866],0.5108964985587645,0.44731963201845193
12,[0.27839143],0.26337016935275365,0.24423483550979708
13,[0.77852328],0.6415112307579267,0.3942764687387801
14,[0.97620705],0.6312366165262284,0.516812112266318
15,[0.38424682],0.3710160570779436,0.15708808201432534
16,[0.25764298],0.4877245207524683,0.32430703801102034
17,[0.36841542],0.49006149262748827,0.17291948216438735
18,[0.68632528],0.43480496784499767,0.20388531529369203
19,[0.78425249],0.4520284389167363,0.34932243436541915
20,[0.85778266],0.6046610497321976,0.4228526079406995
21,[0.67472346],0.2550150342839307,0.19228349228358543
22,[0.16693954],0.6019064172009453,0.4556255920350816
23,[0.27418605],0.46372520061051425,0.3840314613092711
24,[0.87965731],0.6045675967379577,0.3972173476833648
25,[0.20361078],0.5816611679791117,0.45460673006128693
26,[0.95662781],0.6056172552967856,0.5518146642119214
27,[0.872531],0.5632686310206729,0.4677178464849343
28,[0.80962777],0.4624100734625977,0.3645339457746023
29,[0.21616756],0.5516169612526372,0.32516733823491206
30,[0.91451438],0.4840159856062747,0.49972466422754597
31,[0.30732307],0.4449880058868674,0.36740038809202036
32,[0.98218322],0.6766571728699512,0.5773700643532638
33,[0.28659739],0.5079987018548872,0.33596773763992427
34,[0.96777482],0.7847135890359843,0.5794981247000183
35,[0.69946712],0.46825365179039197,0.20628832592336682
36,[0.91015539],0.38560228872553415,0.45076045656075603
37,[0.07823577],0.5141348111137463,0.5443293579152612
38,[0.24333582],0.36004631735948384,0.26058180426722244
39,[0.5413349],0.3093798669785312,0.07041744695874452
40,[0.65821751],0.4358970302666284,0.2699408179195234
41,[0.98849691],0.7365577462127904,0.5291019691368335
42,[0.97783071],0.5958766186932438,0.5607583494956063
43,[0.03364298],0.8407000004427729,0.6245745377229958
44,[0.3882767],0.440432111914014,0.23423108256646752
45,[0.42476628],0.4478277873081769,0.1977988524866947
46,[0.77169222],0.39485131052783784,0.28925225468172844
47,[0.03553399],0.5537794895501008,0.5463873468620387
48,[0.17172142],0.5219201609633423,0.4508437145169384
49,[0.00205465],0.7248762687373477,0.539280244846277
50,[0.09817628],0.6438625944351472,0.4837450533681963
51,[0.41707236],0.3641141871370281,0.20549277450580972
52,[0.07072212],0.736748576729771,0.587495398486438
53,[0.34414971],0.2935992050465237,0.16773772133603082
54,[0.62256513],0.2793502661089061,0.1293863358843364
55,[0.83723339],0.5676665834486441,0.44895669688203754
56,[0.62250778],0.34442102782471384,0.2176946276386592
57,[0.48243996],0.29112915173122256,0.05889493251774858
58,[0.73490857],0.3859961030631338,0.28981474428796417
59,[0.82683095],0.4897285429564156,0.3443909851732839
60,[0.44509383],0.373597535994035,0.05882379702782148
61,[0.80506507],0.5606664595748849,0.35997124367043287
62,[0.02155101],0.5848743649175696,0.6009854423592487
63,[0.88727199],0.414523905705968,0.40483203012814983
64,[0.45939494],0.36653985780803566,0.12252640190911945
65,[0.22282043],0.6236443571181296,0.39974469626975495
66,[0.50391762],0.3044290867768058,0.007969807115403738
67,[0.37635927],0.28691047879308523,0.20556206677418754
68,[0.97377003],0.4260720080515267,0.4805912396299104
69,[0.75492815],0.4117577918137768,0.3501150010786497
