,0,1,2
0,[0.40481315],0.4195038020719573,0.21772330359844172
1,[0.72302313],0.33222615234350095,0.2779293072972977
2,[0.88985706],0.5393630876153992,0.4304621282229302
3,[0.91656374],0.524347338610202,0.4714699088788791
4,[0.71252129],0.459727764590889,0.25312635625577207
5,[0.30556872],0.37158262059616426,0.3169390537312028
6,[0.35708754],0.39507343490479024,0.2654202397571761
7,[0.03082467],0.6622819091039637,0.5916831120484243
8,[0.68401908],0.29603463581974265,0.23892524872919607
9,[0.23678225],0.5059237224734071,0.38572552544356475
10,[0.17320269],0.6407624818633477,0.449305086843661
11,[0.22379866],0.6284929781627702,0.3987091156877547
12,[0.27839143],0.2835399910872276,0.26294347219693603
13,[0.77852328],0.4401441680102415,0.3191283481241952
14,[0.97620705],0.7063905969063581,0.516812112266318
15,[0.38424682],0.4121613608999179,0.23826096303308342
16,[0.25764298],0.5003232750546218,0.36486480256061693
17,[0.36841542],0.46202289759326404,0.25409236318314543
18,[0.68632528],0.34188312180083835,0.24123145317804295
19,[0.78425249],0.36276238255523435,0.32485755078992407
20,[0.85778266],0.4579847780679634,0.43301638251383556
21,[0.67472346],0.40291660728702644,0.21532852116557732
22,[0.16693954],0.3782723794310157,0.41498179960613746
23,[0.27418605],0.3225878636494383,0.34832172595621524
24,[0.87965731],0.5689199505243911,0.43456348556771573
25,[0.20361078],0.4017540377798155,0.41889699470823105
26,[0.95662781],0.7704079519741022,0.5115339879941198
27,[0.872531],0.563303164902546,0.4477647194134048
28,[0.80962777],0.49234149707620584,0.3645339457746023
29,[0.21616756],0.540811850192018,0.40634021925367014
30,[0.91451438],0.41160117039131483,0.4897481006917812
31,[0.30732307],0.3989048641575458,0.3152420612645066
32,[0.98218322],0.6255866188823356,0.5574169372817342
33,[0.28659739],0.4885279822844971,0.33591038572035925
34,[0.96777482],0.6024518070424598,0.5430085427006804
35,[0.69946712],0.3102549329000997,0.240072184377094
36,[0.91015539],0.5010323254560157,0.46506156556311506
37,[0.07823577],0.48265467971025855,0.5443293579152612
38,[0.24333582],0.32886257086357223,0.37917195866025855
39,[0.5413349],0.28080484893998653,0.037417273374278026
40,[0.65821751],0.45354379241216936,0.23345123592018557
41,[0.98849691],0.577344477792994,0.5434030781391925
42,[0.97783071],0.4333090581545349,0.5184357693278602
43,[0.03364298],0.7226706164125514,0.5889221542895049
44,[0.3882767],0.35762664547747347,0.15305820154770944
45,[0.42476628],0.5012408484739828,0.1977415005671297
46,[0.77169222],0.29288294310514196,0.31229728356372033
47,[0.03553399],0.6387459439326847,0.5869737873714178
48,[0.17172142],0.3478270050831441,0.45078636259737337
49,[0.00205465],0.6913216647337781,0.6204531258650351
50,[0.09817628],0.6452117522601423,0.5243314938775754
51,[0.41707236],0.2630589989956075,0.12426254156748662
52,[0.07072212],0.746831991484036,0.5517856631333821
53,[0.34414971],0.4799335531073351,0.2783580686136632
54,[0.62256513],0.3242857292067118,0.16317019433806357
55,[0.83723339],0.48711975887157355,0.3921395657364276
56,[0.62250778],0.35419504165183574,0.16311284241849855
57,[0.48243996],0.26493209345745733,0.02147765914347055
58,[0.73490857],0.4062229145695125,0.28981474428796417
59,[0.82683095],0.22290472723049914,0.3674360140552758
60,[0.44509383],0.24450807704213529,0.0962410704020995
61,[0.80506507],0.5290722152736846,0.380298792816705
62,[0.02155101],0.6945833077996953,0.6009567663994662
63,[0.88727199],0.6180894599985607,0.44217816801250076
64,[0.45939494],0.33797641065456013,0.16311284241849855
65,[0.22282043],0.5175206296185616,0.39968734435018993
66,[0.50391762],0.3083510658486082,0.02147765914347055
67,[0.37635927],0.366829372435925,0.24614850728356663
68,[0.97377003],0.5460966462400307,0.5143750980836376
69,[0.75492815],0.5519493400651078,0.30983432486084805
