,0,1,2
0,[0.40481315],0.4539788677123246,0.21775197955822423
1,[0.72302313],0.33222615234350095,0.26362819829493866
2,[0.88985706],0.5238377247949686,0.4304621282229302
3,[0.91656374],0.6867431602141687,0.4714699088788791
4,[0.71252129],0.459727764590889,0.25312635625577207
5,[0.30556872],0.49918932166181784,0.3169390537312028
6,[0.35708754],0.39507343490479024,0.2654202397571761
7,[0.03082467],0.5479969992430477,0.5916831120484243
8,[0.68401908],0.27341756382871163,0.23892524872919607
9,[0.23678225],0.5064111253099431,0.38572552544356475
10,[0.17320269],0.6407624818633477,0.449305086843661
11,[0.22379866],0.6284929781627703,0.3987091156877547
12,[0.27839143],0.3124569234163288,0.26294347219693603
13,[0.77852328],0.47312114516014514,0.3191283481241952
14,[0.97620705],0.5560380054790647,0.5239626667674975
15,[0.38424682],0.41216136089991784,0.23826096303308342
16,[0.25764298],0.5410552612564035,0.36486480256061693
17,[0.36841542],0.46202289759326404,0.25409236318314543
18,[0.68632528],0.326926993502331,0.24123145317804295
19,[0.78425249],0.3627623825552343,0.32485755078992407
20,[0.85778266],0.38264557673730737,0.43301638251383556
21,[0.67472346],0.40291660728702644,0.21532852116557732
22,[0.16693954],0.2697082810191848,0.45556824011551655
23,[0.27418605],0.3225878636494383,0.34832172595621524
24,[0.87965731],0.5689199505243911,0.43456348556771573
25,[0.20361078],0.4017540377798155,0.41889699470823105
26,[0.95662781],0.6921832916135402,0.5115339879941198
27,[0.872531],0.563303164902546,0.4477647194134048
28,[0.80962777],0.49234149707620584,0.3645339457746023
29,[0.21616756],0.540811850192018,0.40634021925367014
30,[0.91451438],0.42153718903445,0.4897481006917812
31,[0.30732307],0.3989048641575458,0.3152420612645066
32,[0.98218322],0.6255866188823356,0.5574169372817342
33,[0.28659739],0.4885279822844971,0.33596773763992427
34,[0.96777482],0.5899233483436913,0.5430085427006804
35,[0.69946712],0.2827242650202958,0.240072184377094
36,[0.91015539],0.5968284797347403,0.46506156556311506
37,[0.07823577],0.5725632851504086,0.5443293579152612
38,[0.24333582],0.36302373749159517,0.37917195866025855
39,[0.5413349],0.2990447675217466,0.037417273374278026
40,[0.65821751],0.42000436575117617,0.23345123592018557
41,[0.98849691],0.6657801113954942,0.5434030781391925
42,[0.97783071],0.42939321149962345,0.5184357693278602
43,[0.03364298],0.6203204993932152,0.5889221542895049
44,[0.3882767],0.39885434263030145,0.15305820154770944
45,[0.42476628],0.4824967371045523,0.1977415005671297
46,[0.77169222],0.29288294310514196,0.31229728356372033
47,[0.03553399],0.7414725340447584,0.5869737873714178
48,[0.17172142],0.3908537264946147,0.45078636259737337
49,[0.00205465],0.7102225064132497,0.6204531258650351
50,[0.09817628],0.6440127095538246,0.5243314938775754
51,[0.41707236],0.2630589989956075,0.12426254156748662
52,[0.07072212],0.597863527472957,0.5517856631333821
53,[0.34414971],0.4220831021709893,0.2783580686136632
54,[0.62256513],0.28105118983690275,0.16317019433806357
55,[0.83723339],0.46838756070997467,0.3921395657364276
56,[0.62250778],0.32778463634285276,0.16311284241849855
57,[0.48243996],0.2551841081426532,0.02147765914347055
58,[0.73490857],0.32115791592902126,0.28981474428796417
59,[0.82683095],0.22290472723049914,0.3674360140552758
60,[0.44509383],0.24450807704213529,0.1368275109114785
61,[0.80506507],0.5838082338786842,0.380298792816705
62,[0.02155101],0.6945833077996953,0.6009567663994662
63,[0.88727199],0.5928164940539037,0.44217816801250076
64,[0.45939494],0.37647840228395413,0.16311284241849855
65,[0.22282043],0.4668838468242857,0.39968734435018993
66,[0.50391762],0.29295919745688914,0.02147765914347055
67,[0.37635927],0.37413437134244754,0.24614850728356663
68,[0.97377003],0.5317160866006734,0.5143750980836376
69,[0.75492815],0.5519493400651078,0.30983432486084805
