,0,1,2
0,[0.40481315],0.30140129185855014,0.21775197955822423
1,[0.72302313],0.3526607960780307,0.26362819829493866
2,[0.88985706],0.5238377247949686,0.4304621282229302
3,[0.91656374],0.6867431602141687,0.4714699088788791
4,[0.71252129],0.422068217933916,0.25312635625577207
5,[0.30556872],0.49413439496354494,0.3169390537312028
6,[0.35708754],0.4285006389667072,0.2654202397571761
7,[0.03082467],0.5479969992430478,0.5510966715390452
8,[0.68401908],0.1501270366029316,0.23892524872919607
9,[0.23678225],0.5612717080512519,0.38572552544356475
10,[0.17320269],0.5270922580354018,0.449305086843661
11,[0.22379866],0.5161516382289242,0.3987091156877547
12,[0.27839143],0.3124569234163288,0.26294347219693603
13,[0.77852328],0.47312114516014514,0.3191283481241952
14,[0.97620705],0.5630025138369792,0.5239626667674975
15,[0.38424682],0.4121613608999179,0.23826096303308342
16,[0.25764298],0.5326325739666813,0.36486480256061693
17,[0.36841542],0.46202289759326404,0.25409236318314543
18,[0.68632528],0.326926993502331,0.24123145317804295
19,[0.78425249],0.40938072954697713,0.32485755078992407
20,[0.85778266],0.4886276414694096,0.43301638251383556
21,[0.67472346],0.3885937264996035,0.21532852116557732
22,[0.16693954],0.4133354106995458,0.41498179960613746
23,[0.27418605],0.3225878636494383,0.34832172595621524
24,[0.87965731],0.43352249028265294,0.43456348556771573
25,[0.20361078],0.3889905374283784,0.41889699470823105
26,[0.95662781],0.6921832916135402,0.5115339879941198
27,[0.872531],0.563303164902546,0.4477647194134048
28,[0.80962777],0.3828796516922207,0.3645339457746023
29,[0.21616756],0.540811850192018,0.40634021925367014
30,[0.91451438],0.5687688347377778,0.4897481006917812
31,[0.30732307],0.4924484334545327,0.3152420612645066
32,[0.98218322],0.6255866188823356,0.5574169372817342
33,[0.28659739],0.4885279822844971,0.33593906168014176
34,[0.96777482],0.5899233483436913,0.5430085427006804
35,[0.69946712],0.2827242650202958,0.240072184377094
36,[0.91015539],0.6494549088329442,0.46506156556311506
37,[0.07823577],0.5725632851504086,0.5443293579152612
38,[0.24333582],0.36302373749159517,0.37917195866025855
39,[0.5413349],0.32105873334984186,0.037417273374278026
40,[0.65821751],0.42000436575117617,0.23345123592018557
41,[0.98849691],0.6936851318575632,0.5434030781391925
42,[0.97783071],0.42939321149962345,0.5184357693278602
43,[0.03364298],0.4901086813323222,0.5889221542895049
44,[0.3882767],0.348397098965641,0.15305820154770944
45,[0.42476628],0.46176152690424344,0.1977415005671297
46,[0.77169222],0.2669124000384838,0.31229728356372033
47,[0.03553399],0.5926773024804974,0.5869737873714178
48,[0.17172142],0.40472489049093846,0.45078636259737337
49,[0.00205465],0.7102225064132497,0.6204531258650351
50,[0.09817628],0.48384565310401123,0.5243314938775754
51,[0.41707236],0.32510606727537467,0.12426254156748662
52,[0.07072212],0.719223901133571,0.5518430150529471
53,[0.34414971],0.4220831021709894,0.2783580686136632
54,[0.62256513],0.28105118983690275,0.16317019433806357
55,[0.83723339],0.32809313625479347,0.3921395657364276
56,[0.62250778],0.31683942718431995,0.16311284241849855
57,[0.48243996],0.29204450675991817,0.02147765914347055
58,[0.73490857],0.4062229145695125,0.28981474428796417
59,[0.82683095],0.22290472723049914,0.3674360140552758
60,[0.44509383],0.24450807704213523,0.17741395142085759
61,[0.80506507],0.5838082338786842,0.380298792816705
62,[0.02155101],0.6945833077996953,0.6009567663994662
63,[0.88727199],0.6258116193068654,0.44217816801250076
64,[0.45939494],0.3764784022839541,0.16311284241849855
65,[0.22282043],0.6064469714369884,0.39971602030997244
66,[0.50391762],0.29295919745688914,0.02147765914347055
67,[0.37635927],0.3741343713424475,0.24614850728356663
68,[0.97377003],0.5317160866006734,0.5143750980836376
69,[0.75492815],0.5519493400651078,0.30983432486084805
