,0,1,2
0,[0.40481315],0.323114532540034,0.2176946276386592
1,[0.72302313],0.4127263582640353,0.30823341997933457
2,[0.88985706],0.4941714982046873,0.4304621282229302
3,[0.91656374],0.5401800535315279,0.4714699088788791
4,[0.71252129],0.34751456868147923,0.23008132737378018
5,[0.30556872],0.4650925906868726,0.2763526132218237
6,[0.35708754],0.47039301210111184,0.14683008536414
7,[0.03082467],0.664713550103777,0.5105102310296662
8,[0.68401908],0.32704331117407365,0.2592527978754682
9,[0.23678225],0.5676109599613414,0.3045526444248067
10,[0.17320269],0.622376559949078,0.449305086843661
11,[0.22379866],0.5219315784814951,0.44731963201845193
12,[0.27839143],0.2225170054093112,0.26294347219693603
13,[0.77852328],0.39593005532740716,0.3902465882721642
14,[0.97620705],0.5266305405114076,0.531113221268677
15,[0.38424682],0.3710160570779436,0.21552939020023232
16,[0.25764298],0.5363089475609193,0.3827483461969273
17,[0.36841542],0.49006149262748816,0.21353459863354884
18,[0.68632528],0.2989052311893173,0.20388531529369203
19,[0.78425249],0.37461574200839215,0.34932243436541915
20,[0.85778266],0.6450502184888097,0.4228526079406995
21,[0.67472346],0.36373693661387246,0.19228349228358543
22,[0.16693954],0.4898040220684994,0.45556824011551655
23,[0.27418605],0.4523788569749252,0.3840314613092711
24,[0.87965731],0.46437658693884504,0.3972173476833648
25,[0.20361078],0.5816611679791117,0.45460673006128693
26,[0.95662781],0.6056172552967856,0.5518146642119214
27,[0.872531],0.6298449158583275,0.4677178464849343
28,[0.80962777],0.3727478377451045,0.3645339457746023
29,[0.21616756],0.5516169612526372,0.32516733823491206
30,[0.91451438],0.5345429936949249,0.5097012277633107
31,[0.30732307],0.5425543275841775,0.37204819737265027
32,[0.98218322],0.5378319650118877,0.5773700643532638
33,[0.28659739],0.5079987018548872,0.37162012107341513
34,[0.96777482],0.6369021673973554,0.5507024647197954
35,[0.69946712],0.5346499847914845,0.20628832592336682
36,[0.91015539],0.38560228872553415,0.45076045656075603
37,[0.07823577],0.5141348111137464,0.5443293579152612
38,[0.24333582],0.4008560252953214,0.319905557423523
39,[0.5413349],0.33352682556534363,0.07041744695874452
40,[0.65821751],0.32872561209353846,0.2699408179195234
41,[0.98849691],0.5484706592694155,0.536252523638013
42,[0.97783071],0.47974827807731246,0.5530644274764913
43,[0.03364298],0.6527301336963766,0.6245745377229958
44,[0.3882767],0.38132277446928875,0.23423108256646752
45,[0.42476628],0.34356275816400905,0.23345123592018557
46,[0.77169222],0.39485131052783784,0.28925225468172844
47,[0.03553399],0.6928734535389893,0.5058009063526597
48,[0.17172142],0.41801229451875227,0.4508437145169384
49,[0.00205465],0.7765455131583407,0.539280244846277
50,[0.09817628],0.6438625944351472,0.4837450533681963
51,[0.41707236],0.42691605953975176,0.20549277450580972
52,[0.07072212],0.674894356467655,0.587495398486438
53,[0.34414971],0.45335661176256153,0.1971851875949051
54,[0.62256513],0.2656151053578945,0.1293863358843364
55,[0.83723339],0.5039835296358328,0.43242024195422923
56,[0.62250778],0.3578643683883908,0.2176946276386592
57,[0.48243996],0.35067960230064366,0.09951004898691007
58,[0.73490857],0.37341545816462773,0.28981474428796417
59,[0.82683095],0.49805037740198976,0.3443909851732839
60,[0.44509383],0.38237195978253113,0.05882379702782148
61,[0.80506507],0.47831058616724176,0.3701350182435689
62,[0.02155101],0.6286948475322048,0.6009567663994662
63,[0.88727199],0.3377835856850896,0.40483203012814983
64,[0.45939494],0.4118801733889882,0.16311284241849855
65,[0.22282043],0.6011756689286213,0.39974469626975495
66,[0.50391762],0.3205190675061499,0.02147765914347055
67,[0.37635927],0.3638268280237601,0.24614850728356663
68,[0.97377003],0.5253694351829628,0.4913300692016457
69,[0.75492815],0.4921969936392877,0.33785579602623517
