,0,1,2
0,[0.40481315],0.307022845139376,0.21775197955822423
1,[0.72302313],0.34722761085946935,0.26362819829493866
2,[0.88985706],0.5461281021749331,0.4447632372252892
3,[0.91656374],0.51822797740162,0.4714699088788791
4,[0.71252129],0.42206821793391586,0.2674274652581311
5,[0.30556872],0.46392649043442125,0.3169390537312028
6,[0.35708754],0.37707073213733555,0.2654202397571761
7,[0.03082467],0.7403168388672685,0.5916831120484243
8,[0.68401908],0.40908446810159277,0.23892524872919607
9,[0.23678225],0.6364754116285505,0.38572552544356475
10,[0.17320269],0.5270922580354018,0.449305086843661
11,[0.22379866],0.6426747933891007,0.3987091156877547
12,[0.27839143],0.32193914462687445,0.26294347219693603
13,[0.77852328],0.56724370158307,0.33342945712655425
14,[0.97620705],0.5729260623356736,0.516812112266318
15,[0.38424682],0.33627349369790094,0.23826096303308342
16,[0.25764298],0.5326325739666813,0.36486480256061693
17,[0.36841542],0.46202289759326404,0.17291948216438735
18,[0.68632528],0.38276817849173056,0.24123145317804295
19,[0.78425249],0.40938072954697713,0.32485755078992407
20,[0.85778266],0.618324658405361,0.43301638251383556
21,[0.67472346],0.38763735099597485,0.21532852116557732
22,[0.16693954],0.3642652226973201,0.3743953590967585
23,[0.27418605],0.3162068601367282,0.34832172595621524
24,[0.87965731],0.43352249028265294,0.45489103471398784
25,[0.20361078],0.3889905374283784,0.41889699470823105
26,[0.95662781],0.6921832916135402,0.5318615371403919
27,[0.872531],0.563303164902546,0.4477647194134048
28,[0.80962777],0.3828796516922207,0.35023283677224326
29,[0.21616756],0.497878197712817,0.40634021925367014
30,[0.91451438],0.4920857299954401,0.4897481006917812
31,[0.30732307],0.5126962408183054,0.3152420612645066
32,[0.98218322],0.6985595793944589,0.5574169372817342
33,[0.28659739],0.4885279822844971,0.33593906168014176
34,[0.96777482],0.7210234711048134,0.5430085427006804
35,[0.69946712],0.2903710448957403,0.240072184377094
36,[0.91015539],0.6131688172143186,0.46506156556311506
37,[0.07823577],0.4604276048103778,0.5443293579152612
38,[0.24333582],0.4610467068861389,0.37917195866025855
39,[0.5413349],0.3163443753364457,0.037417273374278026
40,[0.65821751],0.43885023830579006,0.23345123592018557
41,[0.98849691],0.5654075171010945,0.5434030781391925
42,[0.97783071],0.42939321149962345,0.5184357693278602
43,[0.03364298],0.6203204993932152,0.5888648023699399
44,[0.3882767],0.3228006688376396,0.15305820154770944
45,[0.42476628],0.4819309013337906,0.1977415005671297
46,[0.77169222],0.40249562171009606,0.31229728356372033
47,[0.03553399],0.6216006529814193,0.5058009063526597
48,[0.17172142],0.3746257899908921,0.45078636259737337
49,[0.00205465],0.6637135743833131,0.6204531258650351
50,[0.09817628],0.6320840470758651,0.5243314938775754
51,[0.41707236],0.32510606727537467,0.12426254156748662
52,[0.07072212],0.719223901133571,0.5517856631333821
53,[0.34414971],0.4930417877414047,0.2783580686136632
54,[0.62256513],0.24397796526886334,0.16317019433806357
55,[0.83723339],0.5503346977761151,0.3921395657364276
56,[0.62250778],0.29132775660621385,0.16311284241849855
57,[0.48243996],0.24408407817680183,0.04018629583060962
58,[0.73490857],0.35925359268907664,0.28266418978678465
59,[0.82683095],0.29470306425205556,0.3674360140552758
60,[0.44509383],0.27089852248015733,0.0962410704020995
61,[0.80506507],0.603365279644788,0.380298792816705
62,[0.02155101],0.6979361213407416,0.6009567663994662
63,[0.88727199],0.5413071484903016,0.4278770590101417
64,[0.45939494],0.3343407478472217,0.16311284241849855
65,[0.22282043],0.6249699067992575,0.39968734435018993
66,[0.50391762],0.33775869282571885,0.037417273374278026
67,[0.37635927],0.4082687423942293,0.24614850728356663
68,[0.97377003],0.521436147720719,0.5143750980836376
69,[0.75492815],0.44904228854224615,0.30983432486084805
