,0,1,2
0,[0.40481315],0.3873131379155784,0.21775197955822423
1,[0.72302313],0.34722761085946935,0.26362819829493866
2,[0.88985706],0.41414981982447435,0.4304621282229302
3,[0.91656374],0.5051230122127102,0.4714699088788791
4,[0.71252129],0.4841695646851713,0.2674274652581311
5,[0.30556872],0.4508182558003516,0.3169390537312028
6,[0.35708754],0.39717625609503815,0.2654202397571761
7,[0.03082467],0.6024401597974196,0.5510966715390452
8,[0.68401908],0.36411780735296195,0.23892524872919607
9,[0.23678225],0.6369628144650866,0.38572552544356475
10,[0.17320269],0.6004225492366932,0.449305086843661
11,[0.22379866],0.4783650774797586,0.3987091156877547
12,[0.27839143],0.36798683576704166,0.26294347219693603
13,[0.77852328],0.56724370158307,0.3191283481241952
14,[0.97620705],0.5492498630845675,0.531113221268677
15,[0.38424682],0.33627349369790094,0.23826096303308342
16,[0.25764298],0.5212862303310921,0.36486480256061693
17,[0.36841542],0.46202289759326404,0.17291948216438735
18,[0.68632528],0.42102476807565453,0.24123145317804295
19,[0.78425249],0.3614546836197731,0.32485755078992407
20,[0.85778266],0.5963748010536215,0.43301638251383556
21,[0.67472346],0.40039274272194103,0.21532852116557732
22,[0.16693954],0.33000499923933296,0.45556824011551655
23,[0.27418605],0.3162068601367282,0.34832172595621524
24,[0.87965731],0.43352249028265294,0.45489103471398784
25,[0.20361078],0.5233123643860085,0.41889699470823105
26,[0.95662781],0.6921832916135402,0.5318615371403919
27,[0.872531],0.6378439183696635,0.4274371702671327
28,[0.80962777],0.5269016308480061,0.3645339457746023
29,[0.21616756],0.5545181222879807,0.40634021925367014
30,[0.91451438],0.3182906015105533,0.4897481006917812
31,[0.30732307],0.5452381907951005,0.3152420612645066
32,[0.98218322],0.6844736126877967,0.5574169372817342
33,[0.28659739],0.5500199338780023,0.33596773763992427
34,[0.96777482],0.7367590892444372,0.5430085427006804
35,[0.69946712],0.3231781380328913,0.240072184377094
36,[0.91015539],0.6548867641777628,0.46506156556311506
37,[0.07823577],0.4897025753400908,0.5443293579152612
38,[0.24333582],0.4610467068861389,0.37917195866025855
39,[0.5413349],0.35404093076404025,0.037417273374278026
40,[0.65821751],0.4929351252194415,0.23345123592018557
41,[0.98849691],0.5711615198644167,0.5434030781391925
42,[0.97783071],0.42939321149962345,0.5327368783302192
43,[0.03364298],0.6230466741604307,0.5889221542895049
44,[0.3882767],0.36957720735860833,0.15305820154770944
45,[0.42476628],0.4532873822811476,0.1977415005671297
46,[0.77169222],0.3794330718595562,0.31229728356372033
47,[0.03553399],0.5841925185142397,0.5058009063526597
48,[0.17172142],0.5111141424967875,0.45078636259737337
49,[0.00205465],0.6994874008562312,0.6204531258650351
50,[0.09817628],0.48215920756115727,0.5243314938775754
51,[0.41707236],0.38690644225633314,0.12426254156748662
52,[0.07072212],0.7176851167297481,0.5517856631333821
53,[0.34414971],0.36749005403389,0.2783580686136632
54,[0.62256513],0.3311281044076142,0.16317019433806357
55,[0.83723339],0.5744049071909335,0.3921395657364276
56,[0.62250778],0.27255292789511343,0.16311284241849855
57,[0.48243996],0.22949954897131813,0.05889493251774858
58,[0.73490857],0.40549612547735964,0.27551363528560513
59,[0.82683095],0.2818355211499501,0.3674360140552758
60,[0.44509383],0.27089852248015733,0.1368275109114785
61,[0.80506507],0.5843718958143811,0.380298792816705
62,[0.02155101],0.6834911015034162,0.6009567663994662
63,[0.88727199],0.45292767347457874,0.4278770590101417
64,[0.45939494],0.3343407478472217,0.16311284241849855
65,[0.22282043],0.5651605914156455,0.39968734435018993
66,[0.50391762],0.36422094264303806,0.02147765914347055
67,[0.37635927],0.4967043759967294,0.20556206677418754
68,[0.97377003],0.6386019697290187,0.5143750980836376
69,[0.75492815],0.46923896071973525,0.30983432486084805
