,0,1,2
0,[0.40481315],0.323114532540034,0.2176946276386592
1,[0.72302313],0.4491383126022823,0.2982568564435698
2,[0.88985706],0.5143713583118891,0.4304621282229302
3,[0.91656374],0.4269007975386551,0.46431935437769956
4,[0.71252129],0.34751456868147923,0.23008132737378018
5,[0.30556872],0.4650925906868726,0.3169390537312028
6,[0.35708754],0.3189357179382562,0.2654202397571761
7,[0.03082467],0.8425958123516812,0.5105102310296662
8,[0.68401908],0.4394899173105976,0.2592527978754682
9,[0.23678225],0.3780438211801044,0.3045526444248067
10,[0.17320269],0.622376559949078,0.449305086843661
11,[0.22379866],0.5219315784814951,0.43441885104081057
12,[0.27839143],0.2225170054093112,0.26294347219693603
13,[0.77852328],0.4097192085424498,0.3902465882721642
14,[0.97620705],0.5266305405114076,0.5239626667674975
15,[0.38424682],0.3710160570779436,0.21552939020023232
16,[0.25764298],0.5385383486729771,0.3827483461969273
17,[0.36841542],0.4523591083199009,0.21350592267376634
18,[0.68632528],0.41151928188085696,0.21540782973468797
19,[0.78425249],0.37461574200839215,0.3594862089385552
20,[0.85778266],0.5419382965421403,0.41268883336756346
21,[0.67472346],0.36373693661387246,0.19228349228358543
22,[0.16693954],0.6184939061552779,0.45559691607529906
23,[0.27418605],0.452378856974925,0.3840314613092711
24,[0.87965731],0.5341191518065119,0.3972173476833648
25,[0.20361078],0.5816611679791117,0.41895434662779607
26,[0.95662781],0.6139123386353962,0.5518146642119214
27,[0.872531],0.6326415116639371,0.4677178464849343
28,[0.80962777],0.2574964304802281,0.3848614949208744
29,[0.21616756],0.5187287915651042,0.36575377874429105
30,[0.91451438],0.5345429936949249,0.5097012277633107
31,[0.30732307],0.42959390540158654,0.333068252981252
32,[0.98218322],0.623573124918516,0.5773700643532638
33,[0.28659739],0.5373987102987907,0.37162012107341513
34,[0.96777482],0.48792610578222806,0.56296166977221
35,[0.69946712],0.30498512389347027,0.20628832592336682
36,[0.91015539],0.2960067823241838,0.45076045656075603
37,[0.07823577],0.5141348111137464,0.5443293579152612
38,[0.24333582],0.4182250789339631,0.37922931057982356
39,[0.5413349],0.33790175600537414,0.07041744695874452
40,[0.65821751],0.32872561209353846,0.2534043629917151
41,[0.98849691],0.735868777494116,0.5434030781391925
42,[0.97783071],0.47974827807731246,0.5530644274764913
43,[0.03364298],0.6527301336963766,0.6245745377229958
44,[0.3882767],0.4713891520268554,0.19364464205708842
45,[0.42476628],0.34356275816400905,0.1977988524866947
46,[0.77169222],0.34418058066268664,0.28925225468172844
47,[0.03553399],0.5842067983407764,0.5058009063526597
48,[0.17172142],0.4657544074799551,0.4508437145169384
49,[0.00205465],0.7765455131583407,0.539280244846277
50,[0.09817628],0.6438625944351472,0.5243314938775754
51,[0.41707236],0.3454326396715641,0.20549277450580972
52,[0.07072212],0.5852988500663048,0.587495398486438
53,[0.34414971],0.5164435732710546,0.1971851875949051
54,[0.62256513],0.27986727995146377,0.1293863358843364
55,[0.83723339],0.49854987751715035,0.43242024195422923
56,[0.62250778],0.4154276050462856,0.2176946276386592
57,[0.48243996],0.3293456004243079,0.05889493251774858
58,[0.73490857],0.41079963027918076,0.28981474428796417
59,[0.82683095],0.3834812734425278,0.3443909851732839
60,[0.44509383],0.38237195978253113,0.05882379702782148
61,[0.80506507],0.35246005946918674,0.3701350182435689
62,[0.02155101],0.5721939748866374,0.6009567663994662
63,[0.88727199],0.29432213026860293,0.40483203012814983
64,[0.45939494],0.4118801733889882,0.16311284241849855
65,[0.22282043],0.6011756689286213,0.39974469626975495
66,[0.50391762],0.29484255800559067,0.007969807115403738
67,[0.37635927],0.4023800729825842,0.24614850728356663
68,[0.97377003],0.5109708495516612,0.4913300692016457
69,[0.75492815],0.5439792444633675,0.33400883501667766
