,0,1,2
0,[0.40481315],0.3122620475553936,0.21775197955822423
1,[0.72302313],0.3219745702358317,0.2779293072972977
2,[0.88985706],0.5238377247949687,0.4304621282229302
3,[0.91656374],0.5931706092533409,0.4714699088788791
4,[0.71252129],0.4996949275056018,0.2674274652581311
5,[0.30556872],0.44667383888339474,0.3169390537312028
6,[0.35708754],0.4346002549657871,0.2654202397571761
7,[0.03082467],0.6042455410330556,0.5916831120484243
8,[0.68401908],0.36411780735296195,0.23892524872919607
9,[0.23678225],0.6364754116285505,0.38572552544356475
10,[0.17320269],0.48283647875383584,0.449305086843661
11,[0.22379866],0.5642330467994204,0.3987091156877547
12,[0.27839143],0.3873082250275474,0.26294347219693603
13,[0.77852328],0.5045786928961178,0.3191283481241952
14,[0.97620705],0.7232786537629668,0.516812112266318
15,[0.38424682],0.33627349369790094,0.23826096303308342
16,[0.25764298],0.5656300790723232,0.36486480256061693
17,[0.36841542],0.46202289759326415,0.17291948216438735
18,[0.68632528],0.36178208268609735,0.24123145317804295
19,[0.78425249],0.4867291978654163,0.32485755078992407
20,[0.85778266],0.4501045087682461,0.43301638251383556
21,[0.67472346],0.40039274272194103,0.21532852116557732
22,[0.16693954],0.4628854889329149,0.45556824011551655
23,[0.27418605],0.40536999721339145,0.34832172595621524
24,[0.87965731],0.5446274223624312,0.45489103471398784
25,[0.20361078],0.5098944318069512,0.41889699470823105
26,[0.95662781],0.682036604453796,0.5115339879941198
27,[0.872531],0.563303164902546,0.4274371702671327
28,[0.80962777],0.36777816062951646,0.3645339457746023
29,[0.21616756],0.5076719057746872,0.40634021925367014
30,[0.91451438],0.30735093309553285,0.4897481006917812
31,[0.30732307],0.6274771077217147,0.3152420612645066
32,[0.98218322],0.6608304610714566,0.5370893881354621
33,[0.28659739],0.4740961408303269,0.33596773763992427
34,[0.96777482],0.5728499604660842,0.5430085427006804
35,[0.69946712],0.2931440572724727,0.240072184377094
36,[0.91015539],0.5228045182804124,0.46506156556311506
37,[0.07823577],0.6018382556801214,0.5443293579152612
38,[0.24333582],0.37371677579959484,0.37917195866025855
39,[0.5413349],0.3555638672529972,0.0481561029460133
40,[0.65821751],0.5041657139771974,0.23345123592018557
41,[0.98849691],0.6657801113954942,0.5434030781391925
42,[0.97783071],0.5872289343680515,0.5327368783302192
43,[0.03364298],0.4872121426866933,0.5888934783297224
44,[0.3882767],0.29396416667389164,0.15305820154770944
45,[0.42476628],0.45415917947762646,0.1977415005671297
46,[0.77169222],0.3387969916342575,0.31229728356372033
47,[0.03553399],0.7032333270452555,0.5869737873714178
48,[0.17172142],0.5105227154551127,0.45078636259737337
49,[0.00205465],0.8139702060705682,0.6204531258650351
50,[0.09817628],0.7098359229463542,0.5243314938775754
51,[0.41707236],0.3504029619624537,0.12426254156748662
52,[0.07072212],0.6675821359924723,0.5517856631333821
53,[0.34414971],0.36749005403389,0.2783580686136632
54,[0.62256513],0.22788722503676134,0.16317019433806357
55,[0.83723339],0.5503346977761152,0.3921395657364276
56,[0.62250778],0.34348329443629994,0.1515903279775026
57,[0.48243996],0.2683499333241072,0.05889493251774858
58,[0.73490857],0.3637506053543137,0.28981474428796417
59,[0.82683095],0.37763152045715953,0.3674360140552758
60,[0.44509383],0.3514455930833913,0.0962410704020995
61,[0.80506507],0.6298384862672798,0.380298792816705
62,[0.02155101],0.7890798973577458,0.6009567663994662
63,[0.88727199],0.45319783375287875,0.4278770590101417
64,[0.45939494],0.37176719950038517,0.16311284241849855
65,[0.22282043],0.5651605914156455,0.39968734435018993
66,[0.50391762],0.3244408346300875,0.02147765914347055
67,[0.37635927],0.4967043759967294,0.24614850728356663
68,[0.97377003],0.6386019697290187,0.5143750980836376
69,[0.75492815],0.43965239950103585,0.30983432486084805
