,0,1,2
0,[0.40481315],0.38819916445415564,0.21775197955822423
1,[0.72302313],0.24691375084434322,0.2779293072972977
2,[0.88985706],0.39094741260660204,0.4304621282229302
3,[0.91656374],0.5243473386102021,0.4714699088788791
4,[0.71252129],0.4553461254701457,0.2674274652581311
5,[0.30556872],0.5346384870674615,0.3169390537312028
6,[0.35708754],0.39717625609503815,0.2654202397571761
7,[0.03082467],0.6823220554655943,0.5916831120484243
8,[0.68401908],0.38336129195653507,0.23892524872919607
9,[0.23678225],0.5297057107920848,0.38572552544356475
10,[0.17320269],0.5563236815648912,0.449305086843661
11,[0.22379866],0.6532743866236437,0.3987091156877547
12,[0.27839143],0.30477900265733593,0.26294347219693603
13,[0.77852328],0.5125581826791261,0.3191283481241952
14,[0.97620705],0.7063905969063581,0.531113221268677
15,[0.38424682],0.2915074712208865,0.23828963899286593
16,[0.25764298],0.5656300790723232,0.36486480256061693
17,[0.36841542],0.46202289759326404,0.17291948216438735
18,[0.68632528],0.4193809867836397,0.24123145317804295
19,[0.78425249],0.42553904217287936,0.32485755078992407
20,[0.85778266],0.4472430775483177,0.43301638251383556
21,[0.67472346],0.40039274272194103,0.21532852116557732
22,[0.16693954],0.38307915209237714,0.45556824011551655
23,[0.27418605],0.4889673670391138,0.34832172595621524
24,[0.87965731],0.6060653894372195,0.45489103471398784
25,[0.20361078],0.5226464617744753,0.41889699470823105
26,[0.95662781],0.5098934280510431,0.5115339879941198
27,[0.872531],0.563303164902546,0.4274371702671327
28,[0.80962777],0.32300522776808405,0.35023283677224326
29,[0.21616756],0.5076719057746872,0.40634021925367014
30,[0.91451438],0.3068890073657281,0.4897481006917812
31,[0.30732307],0.41422872597404414,0.3152420612645066
32,[0.98218322],0.5292513894796604,0.5370893881354621
33,[0.28659739],0.4740961408303269,0.33596773763992427
34,[0.96777482],0.5802152886123398,0.5430085427006804
35,[0.69946712],0.3263560848104362,0.2472227388782735
36,[0.91015539],0.6116749409294109,0.45791101106193555
37,[0.07823577],0.5725632851504086,0.5443293579152612
38,[0.24333582],0.5017824410157682,0.37917195866025855
39,[0.5413349],0.34128553903807407,0.05889493251774858
40,[0.65821751],0.37403419077287364,0.21312368677391347
41,[0.98849691],0.5654075171010945,0.5434030781391925
42,[0.97783071],0.6175278229434709,0.5327368783302192
43,[0.03364298],0.5601189318416138,0.5888934783297224
44,[0.3882767],0.2939641666738917,0.15305820154770944
45,[0.42476628],0.44922771661358246,0.1977415005671297
46,[0.77169222],0.44665304060351285,0.31229728356372033
47,[0.03553399],0.8025437497715575,0.5869737873714178
48,[0.17172142],0.5812318422639853,0.4508437145169384
49,[0.00205465],0.8291582124269438,0.6204531258650351
50,[0.09817628],0.7098359229463543,0.5243314938775754
51,[0.41707236],0.2824638943708138,0.12426254156748662
52,[0.07072212],0.7949892861745594,0.5517856631333821
53,[0.34414971],0.4164508467386819,0.2783580686136632
54,[0.62256513],0.31327578476693035,0.16317019433806357
55,[0.83723339],0.6171993707745843,0.3921395657364276
56,[0.62250778],0.32425896803880805,0.14006781353650666
57,[0.48243996],0.33086623489530864,0.05889493251774858
58,[0.73490857],0.3250958667340117,0.28981474428796417
59,[0.82683095],0.48025603817732876,0.3674360140552758
60,[0.44509383],0.3514455930833913,0.17741395142085759
61,[0.80506507],0.569759100083807,0.380298792816705
62,[0.02155101],0.6870666104922176,0.6009567663994662
63,[0.88727199],0.39110303069682895,0.4278770590101417
64,[0.45939494],0.38224384216437,0.16311284241849855
65,[0.22282043],0.4879727033761519,0.39968734435018993
66,[0.50391762],0.3133266364031883,0.02147765914347055
67,[0.37635927],0.45460617688285276,0.24614850728356663
68,[0.97377003],0.6276620455462679,0.5143750980836376
69,[0.75492815],0.3658766411830177,0.30983432486084805
