,0,1,2
0,[0.40481315],0.31992562414859027,0.2176946276386592
1,[0.72302313],0.4491383126022823,0.2779293072972977
2,[0.88985706],0.4941714982046873,0.4304621282229302
3,[0.91656374],0.5026930909388266,0.4714699088788791
4,[0.71252129],0.3601593771646196,0.23008132737378018
5,[0.30556872],0.39027095911732157,0.3169390537312028
6,[0.35708754],0.3710134660421557,0.2654202397571761
7,[0.03082467],0.8342337436403952,0.47309295765538817
8,[0.68401908],0.4210635334349716,0.26922936141123294
9,[0.23678225],0.37180598974196266,0.3045526444248067
10,[0.17320269],0.622376559949078,0.3681322058249029
11,[0.22379866],0.3134606851319997,0.4165639833642826
12,[0.27839143],0.3880280052554416,0.26294347219693603
13,[0.77852328],0.4138636254594067,0.3637335698085911
14,[0.97620705],0.6814492968564402,0.531113221268677
15,[0.38424682],0.3529043150143999,0.2739706983861393
16,[0.25764298],0.4919650988196883,0.36492215448018195
17,[0.36841542],0.42219930252662125,0.21350592267376634
18,[0.68632528],0.4164043108866049,0.21540782973468797
19,[0.78425249],0.3070064171025199,0.34932243436541915
20,[0.85778266],0.5238040364149541,0.43301638251383556
21,[0.67472346],0.2621055065172911,0.19228349228358543
22,[0.16693954],0.5244539783197004,0.45556824011551655
23,[0.27418605],0.47283115487550464,0.36620526959252564
24,[0.87965731],0.5325416429564153,0.4202623765653567
25,[0.20361078],0.395660744129282,0.41895434662779607
26,[0.95662781],0.649819545314076,0.5043834334929402
27,[0.872531],0.4598007589775598,0.4554586414325198
28,[0.80962777],0.5350983840703736,0.3848614949208744
29,[0.21616756],0.35771394233645876,0.40634021925367014
30,[0.91451438],0.5897378464475714,0.5097012277633107
31,[0.30732307],0.4536035143941177,0.2340118283261835
32,[0.98218322],0.623573124918516,0.5773700643532638
33,[0.28659739],0.42711055621580085,0.35379392935666965
34,[0.96777482],0.6239955056988824,0.56296166977221
35,[0.69946712],0.27559730708779784,0.19554949635163155
36,[0.91015539],0.468550593556019,0.45076045656075603
37,[0.07823577],0.5719852620500919,0.5442720059956961
38,[0.24333582],0.3131889773366236,0.29799907764150046
39,[0.5413349],0.32940388680332255,0.08193996139974047
40,[0.65821751],0.4082490693922097,0.2699408179195234
41,[0.98849691],0.6466147635043451,0.5291019691368335
42,[0.97783071],0.70459187204117,0.5607583494956063
43,[0.03364298],0.548193934985495,0.6245745377229958
44,[0.3882767],0.4173587260268106,0.23423108256646752
45,[0.42476628],0.33100301217052996,0.1977988524866947
46,[0.77169222],0.4612788514905429,0.3007747691227244
47,[0.03553399],0.7606540633287111,0.48709226966552077
48,[0.17172142],0.5709673286106629,0.4508437145169384
49,[0.00205465],0.5720972808826599,0.539280244846277
50,[0.09817628],0.6556046161571218,0.4431586128588173
51,[0.41707236],0.3297643371563487,0.10555390488034766
52,[0.07072212],0.4910048682905289,0.587495398486438
53,[0.34414971],0.3703893689601435,0.2783580686136632
54,[0.62256513],0.24938813230762086,0.11864750631260113
55,[0.83723339],0.5898944688266156,0.426290639428022
56,[0.62250778],0.3477732442086674,0.2176946276386592
57,[0.48243996],0.2782431722435136,0.05889493251774858
58,[0.73490857],0.38094030605680845,0.28981474428796417
59,[0.82683095],0.45464494630296926,0.3443909851732839
60,[0.44509383],0.2915025210709839,0.11811887422433953
61,[0.80506507],0.5747573275561534,0.38799271483582
62,[0.02155101],0.4441283096704639,0.6009567663994662
63,[0.88727199],0.44831198818191725,0.40483203012814983
64,[0.45939494],0.3430019763543314,0.16311284241849855
65,[0.22282043],0.5276955913102173,0.39974469626975495
66,[0.50391762],0.32780219457701454,0.037417273374278026
67,[0.37635927],0.2955284452438498,0.24614850728356663
68,[0.97377003],0.5446644506271134,0.5028525836426416
69,[0.75492815],0.3658696620433639,0.30983432486084805
