,0,1,2
0,[0.25325613],0.6163757944253623,0.36311966406604523
1,[0.30342168],0.5048917722557411,0.20147009272060123
2,[0.39653257],0.6692430421173572,0.2727104769128452
3,[0.04328438],0.5048917722557411,0.4616073965671359
4,[0.58459156],0.46719335961541725,0.1173981977111645
5,[0.99994708],0.39653256520451197,0.6034145141493618
6,[0.90368822],0.46719335961541725,0.43649486077543503
7,[0.87960743],0.4835602709330058,0.3960471598672446
8,[0.7434455],0.39653256520451197,0.346912933938761
9,[0.05264925],0.5048917722557411,0.4522425260161058
10,[0.39330355],0.5920197708803568,0.19871622474173545
11,[0.80902825],0.5282815548639062,0.2807466957810626
12,[0.51141746],0.46719335961541725,0.04422410441501384
13,[0.78242024],0.5282815548639062,0.25413868745396284
14,[0.04106646],0.6692430421173572,0.6281765857093454
15,[0.12469985],0.6974900076193244,0.5727901616750116
16,[0.27353675],0.6692430421173572,0.39570629667861756
17,[0.24554277],0.6163757944253623,0.3708330267050709
18,[0.69927254],0.46763298382454876,0.2316395563803283
19,[0.31974164],0.6163757944253623,0.29663415545155425
20,[0.85565205],0.39653256520451197,0.4591194817992821
21,[0.27807365],0.5920197708803568,0.31394612539729994
22,[0.44803864],0.6974900076193244,0.24945136897938014
23,[0.49836608],0.4737190513901072,0.024647029090943906
24,[0.32718336],0.6163757944253623,0.2891924302339196
25,[0.72303033],0.46763298382454876,0.2553973443386349
26,[0.29023738],0.6163757944253623,0.32613841038559477
27,[0.59201977],0.5282815548639062,0.06373821601645069
28,[0.45197387],0.6163757944253623,0.16440192726314828
29,[0.83498482],0.4835602709330058,0.3514245450736576
30,[0.83994722],0.5282815548639062,0.3116656602927451
31,[0.10303232],0.5920197708803568,0.48898744628916513
32,[0.20542975],0.6692430421173572,0.46381329175795605
33,[0.52828155],0.5920197708803568,0.06373821601645069
34,[0.79646383],0.46763298382454876,0.3288308505689401
35,[0.89228867],0.46719335961541725,0.42509530968682235
36,[0.71760491],0.4835602709330058,0.23404464321392104
37,[0.90532139],0.46763298382454876,0.4376884086284283
38,[0.43602064],0.5048917722557411,0.06887113350595775
39,[0.67878523],0.39653256520451197,0.28225266735676424
40,[0.01153716],0.6692430421173572,0.6577058820759917
41,[0.92101648],0.4835602709330058,0.4374562119504569
42,[0.16436228],0.6974900076193244,0.5331277235990753
43,[0.33020075],0.6692430421173572,0.3390422900895581
44,[0.72589339],0.46763298382454876,0.2582604070003506
45,[0.88005931],0.46763298382454876,0.4124263295783619
46,[0.86209052],0.5282815548639062,0.33380896300519747
47,[0.25927708],0.5920197708803568,0.3327426899700897
48,[0.24805963],0.6974900076193244,0.44943037818945997
49,[0.42875343],0.6974900076193244,0.26873657674786433
50,[0.11562214],0.5048917722557411,0.3892696320708082
51,[0.66924304],0.39653256520451197,0.2727104769128452
52,[0.5494571],0.46719335961541725,0.08226373897660783
53,[0.11175946],0.5048917722557411,0.3931323168786276
54,[0.76556373],0.4835602709330058,0.2820034632269438
55,[0.65369675],0.5282815548639062,0.12541519098007026
56,[0.23298211],0.5920197708803568,0.3590376652888566
57,[0.70151528],0.39653256520451197,0.3049827183351771
58,[0.25142971],0.6974900076193244,0.44606030125707974
59,[0.28480393],0.6692430421173572,0.3844391079423395
60,[0.69749001],0.46763298382454876,0.22985702379477568
61,[0.70073901],0.46719335961541725,0.23354564586605303
62,[0.46763298],0.6974900076193244,0.22985702379477568
63,[0.21397885],0.5920197708803568,0.37804092143460355
64,[0.79854419],0.4835602709330058,0.3149839211266131
65,[0.51514667],0.5847893906545705,0.06964271595077287
66,[0.91175679],0.5282815548639062,0.3834752309638144
67,[0.80311917],0.39653256520451197,0.4065866013420748
