,0,1,2
0,[0.21475437],0.5736555894224107,0.35890122418730774
1,[0.25325613],0.6072096074543374,0.35395347709502034
2,[0.30342168],0.5304372813112281,0.22701560177608826
3,[0.39653257],0.6787852325612762,0.28225266735676424
4,[0.04328438],0.5304372813112281,0.4871529056226229
5,[0.58459156],0.46719335961541725,0.1173981977111645
6,[0.99994708],0.39653256520451197,0.6034145141493618
7,[0.90368822],0.46719335961541725,0.43649486077543503
8,[0.87960743],0.48169566559632254,0.39791176520392785
9,[0.7434455],0.3302007520277991,0.4132447471154739
10,[0.05264925],0.5304372813112281,0.47778803507159284
11,[0.39330355],0.5282815548639062,0.13497800872528476
12,[0.80902825],0.5282815548639062,0.2807466957810626
13,[0.18257458],0.5736555894224107,0.391081011705235
14,[0.51141746],0.47516997382163256,0.03624749020879853
15,[0.78242024],0.3933035461386214,0.3891166961792476
16,[0.04106646],0.39653256520451197,0.3554661087965002
17,[0.12469985],0.6974900076193244,0.5727901616750116
18,[0.27353675],0.39653256520451197,0.12299581976577234
19,[0.24554277],0.5151466747037976,0.2696039069835062
20,[0.69927254],0.4480386386399443,0.25123390156493275
21,[0.31974164],0.5151466747037976,0.19540503572998957
22,[0.85565205],0.49836608048105113,0.3572859665227429
23,[0.27807365],0.5282815548639062,0.25020790938084925
24,[0.44803864],0.6974900076193244,0.24945136897938014
25,[0.49836608],0.5304372813112281,0.032071200830177005
26,[0.32718336],0.5670243279593035,0.2398409637678608
27,[0.72303033],0.49836608048105113,0.22466424768213256
28,[0.29023738],0.5670243279593035,0.27678694391953595
29,[0.59201977],0.3933035461386214,0.19871622474173545
30,[0.45197387],0.5151466747037976,0.06317280754158361
31,[0.83498482],0.48169566559632254,0.35328915041034087
32,[0.83994722],0.5282815548639062,0.3116656602927451
33,[0.10303232],0.5282815548639062,0.42524923027271444
34,[0.20542975],0.39653256520451197,0.19110281484511082
35,[0.52828155],0.3933035461386214,0.13497800872528476
36,[0.79646383],0.49836608048105113,0.29809775391243776
37,[0.89228867],0.47516997382163256,0.41711869548060704
38,[0.71760491],0.45000625290107915,0.2675986612458477
39,[0.90532139],0.4480386386399443,0.45728275381303274
40,[0.43602064],0.5114174640304311,0.07539682528064773
41,[0.67878523],0.39653256520451197,0.28225266735676424
42,[0.01153716],0.39653256520451197,0.38499540516314645
43,[0.92101648],0.4835602709330058,0.4374562119504569
44,[0.16436228],0.5845915573265817,0.42022927330633264
45,[0.33020075],0.6787852325612762,0.3485844805334771
46,[0.72589339],0.4480386386399443,0.27785475218495503
47,[0.88005931],0.49836608048105113,0.3816932329218595
48,[0.86209052],0.4480386386399443,0.4140518792291593
49,[0.25927708],0.5282815548639062,0.269004473953639
50,[0.24805963],0.6974900076193244,0.44943037818945997
51,[0.42875343],0.6974900076193244,0.26873657674786433
52,[0.11562214],0.5304372813112281,0.41481514112629525
53,[0.66924304],0.3302007520277991,0.3390422900895581
54,[0.5494571],0.46719335961541725,0.08226373897660783
55,[0.11175946],0.5114174640304311,0.3996580086533176
56,[0.76556373],0.48169566559632254,0.28386806856362706
57,[0.65369675],0.3933035461386214,0.260393199705355
58,[0.23298211],0.6536967458439764,0.4207146402524762
59,[0.70151528],0.39653256520451197,0.3049827183351771
60,[0.25142971],0.6974900076193244,0.44606030125707974
61,[0.28480393],0.5151466747037976,0.2303427405287799
62,[0.69749001],0.49836608048105113,0.19912392713827332
63,[0.70073901],0.49836608048105113,0.20237292500041915
64,[0.46763298],0.6974900076193244,0.22985702379477568
65,[0.21397885],0.5282815548639062,0.31430270541815286
66,[0.79854419],0.48169566559632254,0.31684852646329636
67,[0.51514667],0.48169566559632254,0.03345100910747506
68,[0.91175679],0.4480386386399443,0.46371814718777626
69,[0.80311917],0.39653256520451197,0.4065866013420748
