,0,1,2
0,[0.21475437],0.5845915573265817,0.3698371920914788
1,[0.25325613],0.46763298382454876,0.21437685346523172
2,[0.30342168],0.5845915573265817,0.28116987779144187
3,[0.39653257],0.5132820693671143,0.11674950416260232
4,[0.04328438],0.5494570985920251,0.5061727229034199
5,[0.58459156],0.5494570985920251,0.03513445873455667
6,[0.99994708],0.43602063874978336,0.5639264406040904
7,[0.90368822],0.49836608048105113,0.40532213990980115
8,[0.87960743],0.451973867162214,0.4276335636380364
9,[0.7434455],0.48299953215279995,0.260445966990473
10,[0.05264925],0.5494570985920251,0.4968078523523898
11,[0.39330355],0.5217141147838519,0.12841056864523048
12,[0.80902825],0.5282815548639062,0.2807466957810626
13,[0.18257458],0.5132820693671143,0.3307074916499386
14,[0.51141746],0.451973867162214,0.0594435968682171
15,[0.78242024],0.46763298382454876,0.31478725849332023
16,[0.04106646],0.5282815548639062,0.4872150984558944
17,[0.12469985],0.5151466747037976,0.3904468287594848
18,[0.27353675],0.5282815548639062,0.25474480942516653
19,[0.24554277],0.5114174640304311,0.2658746963101397
20,[0.69927254],0.49836608048105113,0.20090645972382593
21,[0.31974164],0.5151466747037976,0.19540503572998957
22,[0.85565205],0.49836608048105113,0.3572859665227429
23,[0.27807365],0.5282815548639062,0.25020790938084925
24,[0.44803864],0.5920197708803568,0.14398113224041253
25,[0.49836608],0.5114174640304311,0.013051383549379958
26,[0.32718336],0.5845915573265817,0.2574081931351391
27,[0.72303033],0.46763298382454876,0.2553973443386349
28,[0.29023738],0.5114174640304311,0.22118007999066358
29,[0.59201977],0.5151466747037976,0.07687309617655924
30,[0.45197387],0.5114174640304311,0.0594435968682171
31,[0.83498482],0.451973867162214,0.3830109488444494
32,[0.83994722],0.45000625290107915,0.3899409622555721
33,[0.10303232],0.5282815548639062,0.42524923027271444
34,[0.20542975],0.5151466747037976,0.30971692434439646
35,[0.52828155],0.45000625290107915,0.078275301962827
36,[0.79646383],0.5114174640304311,0.2850463703630578
37,[0.89228867],0.46763298382454876,0.42465568547769084
38,[0.71760491],0.5217141147838519,0.19589079936307496
39,[0.90532139],0.4480386386399443,0.45728275381303274
40,[0.43602064],0.49836608048105113,0.06234544173126777
41,[0.67878523],0.4480386386399443,0.2307465939213319
42,[0.01153716],0.5494570985920251,0.5379199385506596
43,[0.92101648],0.451973867162214,0.4690426157212487
44,[0.16436228],0.5883056641034693,0.4239433800832202
45,[0.33020075],0.5845915573265817,0.25439080529878266
46,[0.72589339],0.46763298382454876,0.2582604070003506
47,[0.88005931],0.5282815548639062,0.3517777585390045
48,[0.86209052],0.451973867162214,0.41011665070688963
49,[0.25927708],0.5048917722557411,0.24561469134547398
50,[0.24805963],0.5494570985920251,0.3013974691621606
51,[0.42875343],0.5114174640304311,0.08266403315897097
52,[0.11562214],0.5494570985920251,0.4338349584070922
53,[0.66924304],0.5114174640304311,0.1578255780869261
54,[0.5494571],0.5282815548639062,0.021175543728118917
55,[0.11175946],0.49836608048105113,0.3866066251039376
56,[0.76556373],0.43602063874978336,0.32954309541016624
57,[0.65369675],0.5114174640304311,0.14227928181354532
58,[0.23298211],0.48299953215279995,0.2500174265612997
59,[0.70151528],0.5282815548639062,0.1732337286757829
60,[0.25142971],0.5114174640304311,0.2599877576681864
61,[0.28480393],0.5151466747037976,0.2303427405287799
62,[0.69749001],0.5494570985920251,0.14803290902729938
63,[0.70073901],0.46763298382454876,0.2331060216569215
64,[0.46763298],0.5132820693671143,0.045649085542565526
65,[0.21397885],0.5282815548639062,0.31430270541815286
66,[0.79854419],0.5048917722557411,0.2936524198038778
67,[0.51514667],0.451973867162214,0.06317280754158361
68,[0.91175679],0.49836608048105113,0.41339070534666944
69,[0.80311917],0.5114174640304311,0.2917017025161557
