,0,1,2
0,[0.21475437],0.5494570985920251,0.33470273335692213
1,[0.25325613],0.5151466747037976,0.26189054434448056
2,[0.30342168],0.5114174640304311,0.2079957844952912
3,[0.39653257],0.6974900076193244,0.3009574424148125
4,[0.04328438],0.5114174640304311,0.4681330883418259
5,[0.58459156],0.43602063874978336,0.14857091857679838
6,[0.99994708],0.3949180556715667,0.605029023682307
7,[0.90368822],0.43602063874978336,0.4676675816410689
8,[0.87960743],0.5132820693671143,0.3663253614331361
9,[0.7434455],0.3933035461386214,0.35014195300465156
10,[0.05264925],0.5494570985920251,0.4968078523523898
11,[0.39330355],0.5282815548639062,0.13497800872528476
12,[0.80902825],0.5601506628721316,0.2488775877728372
13,[0.18257458],0.5494570985920251,0.3668825208748494
14,[0.51141746],0.451973867162214,0.0594435968682171
15,[0.78242024],0.3933035461386214,0.3891166961792476
16,[0.04106646],0.41264299803798604,0.3715765416299743
17,[0.12469985],0.5920197708803568,0.467319924936044
18,[0.27353675],0.5282815548639062,0.25474480942516653
19,[0.24554277],0.5114174640304311,0.2658746963101397
20,[0.69927254],0.4480386386399443,0.25123390156493275
21,[0.31974164],0.5151466747037976,0.19540503572998957
22,[0.85565205],0.5838045612992042,0.27184748570458983
23,[0.27807365],0.47851749286768314,0.20044384738462623
24,[0.44803864],0.6983812739121007,0.2503426352721564
25,[0.49836608],0.5845915573265817,0.08622547684553061
26,[0.32718336],0.5494570985920251,0.2222737344005824
27,[0.72303033],0.5979280440501877,0.12510228411299595
28,[0.29023738],0.5494570985920251,0.25921971455225756
29,[0.59201977],0.3933035461386214,0.19871622474173545
30,[0.45197387],0.5114174640304311,0.0594435968682171
31,[0.83498482],0.451973867162214,0.3830109488444494
32,[0.83994722],0.5282815548639062,0.3116656602927451
33,[0.10303232],0.5282815548639062,0.42524923027271444
34,[0.20542975],0.5282815548639062,0.322851804504505
35,[0.52828155],0.3933035461386214,0.13497800872528476
36,[0.79646383],0.46763298382454876,0.3288308505689401
37,[0.89228867],0.451973867162214,0.4403148021400256
38,[0.71760491],0.4287534308714601,0.2888514832754667
39,[0.90532139],0.48299953215279995,0.4223218603001771
40,[0.43602064],0.5114174640304311,0.07539682528064773
41,[0.67878523],0.3949180556715667,0.2838671768897095
42,[0.01153716],0.5282815548639062,0.5167443948225406
43,[0.92101648],0.4287534308714601,0.4922630520120026
44,[0.16436228],0.6881376200903003,0.5237753360700512
45,[0.33020075],0.6787852325612762,0.3485844805334771
46,[0.72589339],0.48299953215279995,0.2428938586720994
47,[0.88005931],0.5979280440501877,0.2821312693527229
48,[0.86209052],0.5151466747037976,0.346943843165306
49,[0.25927708],0.48169566559632254,0.2224185846860554
50,[0.24805963],0.6983812739121007,0.4503216444822362
51,[0.42875343],0.568438012970953,0.13968458209949286
52,[0.11562214],0.5114174640304311,0.3957953238454982
53,[0.66924304],0.32497119550080356,0.34427184661655363
54,[0.5494571],0.43602063874978336,0.11343645984224171
55,[0.11175946],0.5114174640304311,0.3996580086533176
56,[0.76556373],0.451973867162214,0.3135898669977356
57,[0.65369675],0.3933035461386214,0.260393199705355
58,[0.23298211],0.6228582583621667,0.38987615277066645
59,[0.70151528],0.3949180556715667,0.3065972278681224
60,[0.25142971],0.5670243279593035,0.31559462159705876
61,[0.28480393],0.5282815548639062,0.24347762068888845
62,[0.69749001],0.5988193103429641,0.09867069727636035
63,[0.70073901],0.49836608048105113,0.20237292500041915
64,[0.46763298],0.6983812739121007,0.23074829008755193
65,[0.21397885],0.48169566559632254,0.26771681615056925
66,[0.79854419],0.451973867162214,0.3465703248974049
67,[0.51514667],0.5198495094471687,0.004702834743371076
68,[0.91175679],0.4383960347557022,0.47336075107201836
69,[0.80311917],0.5151466747037976,0.28797249184278917
