,0,1,2
0,[0.21475437],0.5151466747037976,0.30039230946869466
1,[0.25325613],0.5048917722557411,0.25163564189642407
2,[0.30342168],0.5845915573265817,0.28116987779144187
3,[0.39653257],0.5132820693671143,0.11674950416260232
4,[0.04328438],0.5845915573265817,0.5413071816379765
5,[0.58459156],0.5048917722557411,0.07969978507084063
6,[0.99994708],0.451973867162214,0.5479732121916597
7,[0.90368822],0.451973867162214,0.4517143532286383
8,[0.87960743],0.46763298382454876,0.4119744469757016
9,[0.7434455],0.451973867162214,0.29147163198105897
10,[0.05264925],0.5282815548639062,0.47563230862427086
11,[0.39330355],0.5114174640304311,0.1181139178918097
12,[0.80902825],0.5132820693671143,0.29574618127785446
13,[0.18257458],0.5151466747037976,0.33257209698662193
14,[0.51141746],0.451973867162214,0.0594435968682171
15,[0.78242024],0.5114174640304311,0.2710027782874379
16,[0.04106646],0.5282815548639062,0.4872150984558944
17,[0.12469985],0.5114174640304311,0.38671761808611826
18,[0.27353675],0.5114174640304311,0.23788071859169146
19,[0.24554277],0.5114174640304311,0.2658746963101397
20,[0.69927254],0.46763298382454876,0.2316395563803283
21,[0.31974164],0.5151466747037976,0.19540503572998957
22,[0.85565205],0.49836608048105113,0.3572859665227429
23,[0.27807365],0.5494570985920251,0.27138345310896816
24,[0.44803864],0.5883056641034693,0.14026702546352499
25,[0.49836608],0.46763298382454876,0.030733096656502368
26,[0.32718336],0.5845915573265817,0.2574081931351391
27,[0.72303033],0.46763298382454876,0.2553973443386349
28,[0.29023738],0.5151466747037976,0.2249092906640301
29,[0.59201977],0.46763298382454876,0.12438678705580808
30,[0.45197387],0.5151466747037976,0.06317280754158361
31,[0.83498482],0.4598034254933814,0.37518139051328203
32,[0.83994722],0.46763298382454876,0.3723142313321025
33,[0.10303232],0.5132820693671143,0.4102497447759226
34,[0.20542975],0.5151466747037976,0.30971692434439646
35,[0.52828155],0.451973867162214,0.07630768770169216
36,[0.79646383],0.49836608048105113,0.29809775391243776
37,[0.89228867],0.451973867162214,0.4403148021400256
38,[0.71760491],0.48299953215279995,0.2346053819941269
39,[0.90532139],0.45000625290107915,0.4553151395518979
40,[0.43602064],0.49836608048105113,0.06234544173126777
41,[0.67878523],0.451973867162214,0.22681136539906221
42,[0.01153716],0.5282815548639062,0.5167443948225406
43,[0.92101648],0.46763298382454876,0.45338349905891395
44,[0.16436228],0.5845915573265817,0.42022927330633264
45,[0.33020075],0.5494570985920251,0.219256346564226
46,[0.72589339],0.46763298382454876,0.2582604070003506
47,[0.88005931],0.5114174640304311,0.36864184937247957
48,[0.86209052],0.46763298382454876,0.39445753404455486
49,[0.25927708],0.5114174640304311,0.25214038312016396
50,[0.24805963],0.5282815548639062,0.2802219254340417
51,[0.42875343],0.5048917722557411,0.076138341384281
52,[0.11562214],0.5282815548639062,0.41265941467897327
53,[0.66924304],0.5151466747037976,0.1540963674135596
54,[0.5494571],0.5114174640304311,0.03803963456159398
55,[0.11175946],0.49836608048105113,0.3866066251039376
56,[0.76556373],0.4480386386399443,0.3175250955200053
57,[0.65369675],0.451973867162214,0.20172287868176242
58,[0.23298211],0.49836608048105113,0.2653839748895509
59,[0.70151528],0.49836608048105113,0.20314920305863793
60,[0.25142971],0.5132820693671143,0.2618523630048696
61,[0.28480393],0.5282815548639062,0.24347762068888845
62,[0.69749001],0.5217141147838519,0.17577589283547257
63,[0.70073901],0.48299953215279995,0.21773947332867033
64,[0.46763298],0.5114174640304311,0.043784480205882326
65,[0.21397885],0.5670243279593035,0.35304547851355017
66,[0.79854419],0.46763298382454876,0.33091120823507014
67,[0.51514667],0.49836608048105113,0.01678059422274647
68,[0.91175679],0.4598034254933814,0.4519533603343392
69,[0.80311917],0.5114174640304311,0.2917017025161557
