,0,1,2
0,[0.21475437],0.5114174640304311,0.29666309879532815
1,[0.25325613],0.5151466747037976,0.26189054434448056
2,[0.30342168],0.5282815548639062,0.22485987532876628
3,[0.39653257],0.49836608048105113,0.10183351527653917
4,[0.04328438],0.5282815548639062,0.48499717917530094
5,[0.58459156],0.46763298382454876,0.11695857350203298
6,[0.99994708],0.451973867162214,0.5479732121916597
7,[0.90368822],0.49836608048105113,0.40532213990980115
8,[0.87960743],0.46763298382454876,0.4119744469757016
9,[0.7434455],0.4598034254933814,0.2836420736498916
10,[0.05264925],0.5282815548639062,0.47563230862427086
11,[0.39330355],0.49836608048105113,0.10506253434242974
12,[0.80902825],0.49836608048105113,0.3106621701639176
13,[0.18257458],0.5494570985920251,0.3668825208748494
14,[0.51141746],0.451973867162214,0.0594435968682171
15,[0.78242024],0.49836608048105113,0.28405416183681786
16,[0.04106646],0.5282815548639062,0.4872150984558944
17,[0.12469985],0.5114174640304311,0.38671761808611826
18,[0.27353675],0.5114174640304311,0.23788071859169146
19,[0.24554277],0.5151466747037976,0.2696039069835062
20,[0.69927254],0.451973867162214,0.24729867304266306
21,[0.31974164],0.5114174640304311,0.19167582505662306
22,[0.85565205],0.49836608048105113,0.3572859665227429
23,[0.27807365],0.5151466747037976,0.2370730292207407
24,[0.44803864],0.5151466747037976,0.0671080360638533
25,[0.49836608],0.46763298382454876,0.030733096656502368
26,[0.32718336],0.5494570985920251,0.2222737344005824
27,[0.72303033],0.451973867162214,0.2710564610009697
28,[0.29023738],0.5151466747037976,0.2249092906640301
29,[0.59201977],0.4480386386399443,0.14398113224041253
30,[0.45197387],0.5151466747037976,0.06317280754158361
31,[0.83498482],0.4480386386399443,0.3869461773667191
32,[0.83994722],0.451973867162214,0.3879733479944373
33,[0.10303232],0.5114174640304311,0.4083851394392394
34,[0.20542975],0.5151466747037976,0.30971692434439646
35,[0.52828155],0.451973867162214,0.07630768770169216
36,[0.79646383],0.4598034254933814,0.3366604089001075
37,[0.89228867],0.451973867162214,0.4403148021400256
38,[0.71760491],0.46763298382454876,0.24997193032237808
39,[0.90532139],0.46763298382454876,0.4376884086284283
40,[0.43602064],0.49836608048105113,0.06234544173126777
41,[0.67878523],0.4480386386399443,0.2307465939213319
42,[0.01153716],0.5494570985920251,0.5379199385506596
43,[0.92101648],0.451973867162214,0.4690426157212487
44,[0.16436228],0.5282815548639062,0.36391927084365705
45,[0.33020075],0.5151466747037976,0.18494592267599852
46,[0.72589339],0.4598034254933814,0.26608996533151796
47,[0.88005931],0.46763298382454876,0.4124263295783619
48,[0.86209052],0.46763298382454876,0.39445753404455486
49,[0.25927708],0.5151466747037976,0.25586959379353047
50,[0.24805963],0.5282815548639062,0.2802219254340417
51,[0.42875343],0.5114174640304311,0.08266403315897097
52,[0.11562214],0.5282815548639062,0.41265941467897327
53,[0.66924304],0.5048917722557411,0.16435126986161608
54,[0.5494571],0.49836608048105113,0.05109101811097394
55,[0.11175946],0.5132820693671143,0.4015226139900008
56,[0.76556373],0.4480386386399443,0.3175250955200053
57,[0.65369675],0.45000625290107915,0.20369049294289726
58,[0.23298211],0.5114174640304311,0.27843535843893086
59,[0.70151528],0.451973867162214,0.24954141637747507
60,[0.25142971],0.5151466747037976,0.2637169683415529
61,[0.28480393],0.5282815548639062,0.24347762068888845
62,[0.69749001],0.5114174640304311,0.18607254358889336
63,[0.70073901],0.48299953215279995,0.21773947332867033
64,[0.46763298],0.5114174640304311,0.043784480205882326
65,[0.21397885],0.5388693267279656,0.3248904772822123
66,[0.79854419],0.46763298382454876,0.33091120823507014
67,[0.51514667],0.46763298382454876,0.04751369087924884
68,[0.91175679],0.46763298382454876,0.4441238020031718
69,[0.80311917],0.5114174640304311,0.2917017025161557
