,0,1,2
0,[0.21475437],0.5151466747037976,0.30039230946869466
1,[0.25325613],0.5151466747037976,0.26189054434448056
2,[0.30342168],0.5282815548639062,0.22485987532876628
3,[0.39653257],0.49836608048105113,0.10183351527653917
4,[0.04328438],0.5282815548639062,0.48499717917530094
5,[0.58459156],0.46763298382454876,0.11695857350203298
6,[0.99994708],0.451973867162214,0.5479732121916597
7,[0.90368822],0.49836608048105113,0.40532213990980115
8,[0.87960743],0.46763298382454876,0.4119744469757016
9,[0.7434455],0.46763298382454876,0.2758125153187242
10,[0.05264925],0.5282815548639062,0.47563230862427086
11,[0.39330355],0.5114174640304311,0.1181139178918097
12,[0.80902825],0.49836608048105113,0.3106621701639176
13,[0.18257458],0.5494570985920251,0.3668825208748494
14,[0.51141746],0.46763298382454876,0.043784480205882326
15,[0.78242024],0.46763298382454876,0.31478725849332023
16,[0.04106646],0.5282815548639062,0.4872150984558944
17,[0.12469985],0.5151466747037976,0.3904468287594848
18,[0.27353675],0.5132820693671143,0.23974532392837467
19,[0.24554277],0.5151466747037976,0.2696039069835062
20,[0.69927254],0.46763298382454876,0.2316395563803283
21,[0.31974164],0.5114174640304311,0.19167582505662306
22,[0.85565205],0.49836608048105113,0.3572859665227429
23,[0.27807365],0.5151466747037976,0.2370730292207407
24,[0.44803864],0.5151466747037976,0.0671080360638533
25,[0.49836608],0.46763298382454876,0.030733096656502368
26,[0.32718336],0.5494570985920251,0.2222737344005824
27,[0.72303033],0.451973867162214,0.2710564610009697
28,[0.29023738],0.5151466747037976,0.2249092906640301
29,[0.59201977],0.46763298382454876,0.12438678705580808
30,[0.45197387],0.5151466747037976,0.06317280754158361
31,[0.83498482],0.4480386386399443,0.3869461773667191
32,[0.83994722],0.451973867162214,0.3879733479944373
33,[0.10303232],0.5114174640304311,0.4083851394392394
34,[0.20542975],0.5151466747037976,0.30971692434439646
35,[0.52828155],0.46763298382454876,0.06064857103935739
36,[0.79646383],0.451973867162214,0.3444899672312749
37,[0.89228867],0.451973867162214,0.4403148021400256
38,[0.71760491],0.46763298382454876,0.24997193032237808
39,[0.90532139],0.46763298382454876,0.4376884086284283
40,[0.43602064],0.49836608048105113,0.06234544173126777
41,[0.67878523],0.4480386386399443,0.2307465939213319
42,[0.01153716],0.5282815548639062,0.5167443948225406
43,[0.92101648],0.4598034254933814,0.46121305739008134
44,[0.16436228],0.5282815548639062,0.36391927084365705
45,[0.33020075],0.5282815548639062,0.19808080283610707
46,[0.72589339],0.46763298382454876,0.2582604070003506
47,[0.88005931],0.46763298382454876,0.4124263295783619
48,[0.86209052],0.451973867162214,0.41011665070688963
49,[0.25927708],0.5151466747037976,0.25586959379353047
50,[0.24805963],0.5282815548639062,0.2802219254340417
51,[0.42875343],0.5114174640304311,0.08266403315897097
52,[0.11562214],0.5282815548639062,0.41265941467897327
53,[0.66924304],0.5114174640304311,0.1578255780869261
54,[0.5494571],0.49836608048105113,0.05109101811097394
55,[0.11175946],0.5151466747037976,0.4033872193266841
56,[0.76556373],0.4480386386399443,0.3175250955200053
57,[0.65369675],0.451973867162214,0.20172287868176242
58,[0.23298211],0.5151466747037976,0.28216456911229737
59,[0.70151528],0.451973867162214,0.24954141637747507
60,[0.25142971],0.5151466747037976,0.2637169683415529
61,[0.28480393],0.5282815548639062,0.24347762068888845
62,[0.69749001],0.49836608048105113,0.19912392713827332
63,[0.70073901],0.46763298382454876,0.2331060216569215
64,[0.46763298],0.5114174640304311,0.043784480205882326
65,[0.21397885],0.5282815548639062,0.31430270541815286
66,[0.79854419],0.46763298382454876,0.33091120823507014
67,[0.51514667],0.46763298382454876,0.04751369087924884
68,[0.91175679],0.46763298382454876,0.4441238020031718
69,[0.80311917],0.49836608048105113,0.30475308606553564
