,0,1,2
0,[0.21475437],0.6614698939806668,0.44671552874556386
1,[0.25325613],0.5217141147838519,0.26845798442453483
2,[0.30342168],0.5114174640304311,0.2079957844952912
3,[0.39653257],0.6787852325612762,0.28225266735676424
4,[0.04328438],0.5114174640304311,0.4681330883418259
5,[0.58459156],0.49836608048105113,0.08622547684553061
6,[0.99994708],0.43602063874978336,0.5639264406040904
7,[0.90368822],0.47516997382163256,0.4285182465692197
8,[0.87960743],0.5114174640304311,0.3681899667698193
9,[0.7434455],0.49836608048105113,0.24507941866222183
10,[0.05264925],0.5494570985920251,0.4968078523523898
11,[0.39330355],0.5282815548639062,0.13497800872528476
12,[0.80902825],0.5114174640304311,0.29761078661453766
13,[0.18257458],0.4480386386399443,0.26546406092276864
14,[0.51141746],0.49836608048105113,0.013051383549379958
15,[0.78242024],0.3933035461386214,0.3891166961792476
16,[0.04106646],0.5151466747037976,0.47408021829578584
17,[0.12469985],0.5601506628721316,0.43545081692781873
18,[0.27353675],0.5217141147838519,0.24817736934511225
19,[0.24554277],0.5151466747037976,0.2696039069835062
20,[0.69927254],0.451973867162214,0.24729867304266306
21,[0.31974164],0.5151466747037976,0.19540503572998957
22,[0.85565205],0.5114174640304311,0.34423458297336296
23,[0.27807365],0.5282815548639062,0.25020790938084925
24,[0.44803864],0.5133238176724786,0.06528517903253428
25,[0.49836608],0.5494570985920251,0.05109101811097394
26,[0.32718336],0.5494570985920251,0.2222737344005824
27,[0.72303033],0.49836608048105113,0.22466424768213256
28,[0.29023738],0.5494570985920251,0.25921971455225756
29,[0.59201977],0.5151466747037976,0.07687309617655924
30,[0.45197387],0.5151466747037976,0.06317280754158361
31,[0.83498482],0.48169566559632254,0.35328915041034087
32,[0.83994722],0.48299953215279995,0.3569476830038513
33,[0.10303232],0.5388693267279656,0.4358370021367739
34,[0.20542975],0.5601506628721316,0.3547209125127304
35,[0.52828155],0.451973867162214,0.07630768770169216
36,[0.79646383],0.46763298382454876,0.3288308505689401
37,[0.89228867],0.451973867162214,0.4403148021400256
38,[0.71760491],0.451973867162214,0.26563104698471285
39,[0.90532139],0.46763298382454876,0.4376884086284283
40,[0.43602064],0.5114174640304311,0.07539682528064773
41,[0.67878523],0.41627660197714766,0.26250863058412854
42,[0.01153716],0.5282815548639062,0.5167443948225406
43,[0.92101648],0.43602063874978336,0.48499584413367935
44,[0.16436228],0.5494570985920251,0.38509481457177597
45,[0.33020075],0.5920197708803568,0.26181901885255776
46,[0.72589339],0.4480386386399443,0.27785475218495503
47,[0.88005931],0.46763298382454876,0.4124263295783619
48,[0.86209052],0.4480386386399443,0.4140518792291593
49,[0.25927708],0.5114174640304311,0.25214038312016396
50,[0.24805963],0.6536967458439764,0.40563711641411193
51,[0.42875343],0.49795726934422746,0.06920383847276734
52,[0.11562214],0.5048917722557411,0.3892696320708082
53,[0.66924304],0.3949180556715667,0.2743249864457905
54,[0.5494571],0.49836608048105113,0.05109101811097394
55,[0.11175946],0.5048917722557411,0.3931323168786276
56,[0.76556373],0.451973867162214,0.3135898669977356
57,[0.65369675],0.48169566559632254,0.17200108024765387
58,[0.23298211],0.5282815548639062,0.2952994492724059
59,[0.70151528],0.4287534308714601,0.27276185266822894
60,[0.25142971],0.5282815548639062,0.27685184850166145
61,[0.28480393],0.5601506628721316,0.27534672869711385
62,[0.69749001],0.49836608048105113,0.19912392713827332
63,[0.70073901],0.49836608048105113,0.20237292500041915
64,[0.46763298],0.6787852325612762,0.21115224873672744
65,[0.21397885],0.4895252239274899,0.27554637448173663
66,[0.79854419],0.5114174640304311,0.2871267280291878
67,[0.51514667],0.5920197708803568,0.07687309617655924
68,[0.91175679],0.5114174640304311,0.4003393217972895
69,[0.80311917],0.5151466747037976,0.28797249184278917
