,0,1,2
0,[0.21475437],0.5883056641034693,0.37355129886836635
1,[0.25325613],0.4895252239274899,0.23626909356817288
2,[0.30342168],0.5494570985920251,0.2460354190568852
3,[0.39653257],0.6787852325612762,0.28225266735676424
4,[0.04328438],0.5494570985920251,0.5061727229034199
5,[0.58459156],0.49836608048105113,0.08622547684553061
6,[0.99994708],0.43602063874978336,0.5639264406040904
7,[0.90368822],0.47516997382163256,0.4285182465692197
8,[0.87960743],0.5114174640304311,0.3681899667698193
9,[0.7434455],0.49836608048105113,0.24507941866222183
10,[0.05264925],0.5114174640304311,0.4587682177907958
11,[0.39330355],0.5151466747037976,0.1218431285651762
12,[0.80902825],0.5114174640304311,0.29761078661453766
13,[0.18257458],0.45783581123224654,0.27526123351507087
14,[0.51141746],0.451973867162214,0.0594435968682171
15,[0.78242024],0.3933035461386214,0.3891166961792476
16,[0.04106646],0.5282815548639062,0.4872150984558944
17,[0.12469985],0.5920197708803568,0.467319924936044
18,[0.27353675],0.5282815548639062,0.25474480942516653
19,[0.24554277],0.5151466747037976,0.2696039069835062
20,[0.69927254],0.45000625290107915,0.2492662873037979
21,[0.31974164],0.5114174640304311,0.19167582505662306
22,[0.85565205],0.49836608048105113,0.3572859665227429
23,[0.27807365],0.5048917722557411,0.2268181267726842
24,[0.44803864],0.49836608048105113,0.050327441841106824
25,[0.49836608],0.5282815548639062,0.029915474382855023
26,[0.32718336],0.5494570985920251,0.2222737344005824
27,[0.72303033],0.49836608048105113,0.22466424768213256
28,[0.29023738],0.5217141147838519,0.23147673074408437
29,[0.59201977],0.5151466747037976,0.07687309617655924
30,[0.45197387],0.5217141147838519,0.06974024762163789
31,[0.83498482],0.48169566559632254,0.35328915041034087
32,[0.83994722],0.48299953215279995,0.3569476830038513
33,[0.10303232],0.5282815548639062,0.42524923027271444
34,[0.20542975],0.5601506628721316,0.3547209125127304
35,[0.52828155],0.451973867162214,0.07630768770169216
36,[0.79646383],0.49836608048105113,0.29809775391243776
37,[0.89228867],0.46763298382454876,0.42465568547769084
38,[0.71760491],0.45000625290107915,0.2675986612458477
39,[0.90532139],0.45783581123224654,0.4474855812207305
40,[0.43602064],0.49836608048105113,0.06234544173126777
41,[0.67878523],0.41627660197714766,0.26250863058412854
42,[0.01153716],0.5282815548639062,0.5167443948225406
43,[0.92101648],0.47516997382163256,0.44584650906183015
44,[0.16436228],0.5494570985920251,0.38509481457177597
45,[0.33020075],0.5920197708803568,0.26181901885255776
46,[0.72589339],0.4480386386399443,0.27785475218495503
47,[0.88005931],0.49836608048105113,0.3816932329218595
48,[0.86209052],0.4480386386399443,0.4140518792291593
49,[0.25927708],0.5151466747037976,0.25586959379353047
50,[0.24805963],0.6536967458439764,0.40563711641411193
51,[0.42875343],0.46763298382454876,0.03887955295308865
52,[0.11562214],0.49836608048105113,0.38274394029611825
53,[0.66924304],0.3933035461386214,0.2759394959787358
54,[0.5494571],0.49836608048105113,0.05109101811097394
55,[0.11175946],0.5114174640304311,0.3996580086533176
56,[0.76556373],0.4480386386399443,0.3175250955200053
57,[0.65369675],0.48169566559632254,0.17200108024765387
58,[0.23298211],0.556436556095244,0.3234544505037438
59,[0.70151528],0.4287534308714601,0.27276185266822894
60,[0.25142971],0.5282815548639062,0.27685184850166145
61,[0.28480393],0.5601506628721316,0.27534672869711385
62,[0.69749001],0.5494570985920251,0.14803290902729938
63,[0.70073901],0.5048917722557411,0.19584723322572917
64,[0.46763298],0.5670243279593035,0.0993913441347547
65,[0.21397885],0.5132820693671143,0.299303219921361
66,[0.79854419],0.5114174640304311,0.2871267280291878
67,[0.51514667],0.5920197708803568,0.07687309617655924
68,[0.91175679],0.5114174640304311,0.4003393217972895
69,[0.80311917],0.5151466747037976,0.28797249184278917
