,0,1,2
0,[0.21475437],0.5304372813112281,0.3156829160761252
1,[0.25325613],0.4598034254933814,0.20654729513406433
2,[0.30342168],0.5494570985920251,0.2460354190568852
3,[0.39653257],0.5282815548639062,0.1317489896593942
4,[0.04328438],0.5494570985920251,0.5061727229034199
5,[0.58459156],0.5114174640304311,0.07317409329615066
6,[0.99994708],0.43602063874978336,0.5639264406040904
7,[0.90368822],0.5048917722557411,0.39879644813511117
8,[0.87960743],0.451973867162214,0.4276335636380364
9,[0.7434455],0.49836608048105113,0.24507941866222183
10,[0.05264925],0.5282815548639062,0.47563230862427086
11,[0.39330355],0.5132820693671143,0.1199785232284929
12,[0.80902825],0.5282815548639062,0.2807466957810626
13,[0.18257458],0.49836608048105113,0.31579150276387546
14,[0.51141746],0.44202963869486384,0.06938782533556725
15,[0.78242024],0.43602063874978336,0.34639960356808563
16,[0.04106646],0.5282815548639062,0.4872150984558944
17,[0.12469985],0.5217141147838519,0.39701426883953905
18,[0.27353675],0.5282815548639062,0.25474480942516653
19,[0.24554277],0.5114174640304311,0.2658746963101397
20,[0.69927254],0.46763298382454876,0.2316395563803283
21,[0.31974164],0.5132820693671143,0.19354043039330626
22,[0.85565205],0.49836608048105113,0.3572859665227429
23,[0.27807365],0.5198495094471687,0.24177586396411177
24,[0.44803864],0.49836608048105113,0.050327441841106824
25,[0.49836608],0.5282815548639062,0.029915474382855023
26,[0.32718336],0.5845915573265817,0.2574081931351391
27,[0.72303033],0.49836608048105113,0.22466424768213256
28,[0.29023738],0.5282815548639062,0.23804417082413865
29,[0.59201977],0.48169566559632254,0.1103241052840343
30,[0.45197387],0.5151466747037976,0.06317280754158361
31,[0.83498482],0.451973867162214,0.3830109488444494
32,[0.83994722],0.451973867162214,0.3879733479944373
33,[0.10303232],0.5282815548639062,0.42524923027271444
34,[0.20542975],0.5282815548639062,0.322851804504505
35,[0.52828155],0.45000625290107915,0.078275301962827
36,[0.79646383],0.46763298382454876,0.3288308505689401
37,[0.89228867],0.46763298382454876,0.42465568547769084
38,[0.71760491],0.451973867162214,0.26563104698471285
39,[0.90532139],0.45783581123224654,0.4474855812207305
40,[0.43602064],0.5114174640304311,0.07539682528064773
41,[0.67878523],0.4598034254933814,0.21898180706789483
42,[0.01153716],0.5883056641034693,0.5767685040621038
43,[0.92101648],0.49836608048105113,0.4226504024024116
44,[0.16436228],0.5845915573265817,0.42022927330633264
45,[0.33020075],0.5920197708803568,0.26181901885255776
46,[0.72589339],0.4480386386399443,0.27785475218495503
47,[0.88005931],0.5114174640304311,0.36864184937247957
48,[0.86209052],0.48299953215279995,0.3790909857163037
49,[0.25927708],0.5114174640304311,0.25214038312016396
50,[0.24805963],0.5845915573265817,0.33653192789671726
51,[0.42875343],0.5114174640304311,0.08266403315897097
52,[0.11562214],0.5198495094471687,0.4042273692622358
53,[0.66924304],0.39653256520451197,0.2727104769128452
54,[0.5494571],0.5114174640304311,0.03803963456159398
55,[0.11175946],0.5114174640304311,0.3996580086533176
56,[0.76556373],0.4480386386399443,0.3175250955200053
57,[0.65369675],0.5114174640304311,0.14227928181354532
58,[0.23298211],0.5282815548639062,0.2952994492724059
59,[0.70151528],0.45000625290107915,0.2515090306386099
60,[0.25142971],0.5282815548639062,0.27685184850166145
61,[0.28480393],0.5217141147838519,0.23691018060883418
62,[0.69749001],0.5494570985920251,0.14803290902729938
63,[0.70073901],0.5048917722557411,0.19584723322572917
64,[0.46763298],0.5670243279593035,0.0993913441347547
65,[0.21397885],0.5114174640304311,0.2974386145846778
66,[0.79854419],0.5114174640304311,0.2871267280291878
67,[0.51514667],0.5601506628721316,0.04500398816833395
68,[0.91175679],0.5151466747037976,0.39661011112392297
69,[0.80311917],0.5114174640304311,0.2917017025161557
