,0,1,2
0,[0.21475437],0.5494570985920251,0.33470273335692213
1,[0.25325613],0.451973867162214,0.19871773680289695
2,[0.30342168],0.5494570985920251,0.2460354190568852
3,[0.39653257],0.5282815548639062,0.1317489896593942
4,[0.04328438],0.5494570985920251,0.5061727229034199
5,[0.58459156],0.5048917722557411,0.07969978507084063
6,[0.99994708],0.43602063874978336,0.5639264406040904
7,[0.90368822],0.5114174640304311,0.3922707563604212
8,[0.87960743],0.451973867162214,0.4276335636380364
9,[0.7434455],0.49836608048105113,0.24507941866222183
10,[0.05264925],0.5388693267279656,0.4862200804883303
11,[0.39330355],0.5151466747037976,0.1218431285651762
12,[0.80902825],0.5217141147838519,0.28731413586111687
13,[0.18257458],0.48299953215279995,0.3004249544356243
14,[0.51141746],0.4480386386399443,0.06337882539048678
15,[0.78242024],0.44202963869486384,0.34039060362300516
16,[0.04106646],0.5388693267279656,0.49780287031995385
17,[0.12469985],0.5151466747037976,0.3904468287594848
18,[0.27353675],0.5282815548639062,0.25474480942516653
19,[0.24554277],0.5114174640304311,0.2658746963101397
20,[0.69927254],0.46763298382454876,0.2316395563803283
21,[0.31974164],0.5151466747037976,0.19540503572998957
22,[0.85565205],0.49836608048105113,0.3572859665227429
23,[0.27807365],0.5282815548639062,0.25020790938084925
24,[0.44803864],0.5198495094471687,0.07181087080722437
25,[0.49836608],0.5217141147838519,0.023348034302800746
26,[0.32718336],0.5845915573265817,0.2574081931351391
27,[0.72303033],0.49836608048105113,0.22466424768213256
28,[0.29023738],0.5282815548639062,0.23804417082413865
29,[0.59201977],0.5132820693671143,0.07873770151324255
30,[0.45197387],0.5114174640304311,0.0594435968682171
31,[0.83498482],0.451973867162214,0.3830109488444494
32,[0.83994722],0.451973867162214,0.3879733479944373
33,[0.10303232],0.5282815548639062,0.42524923027271444
34,[0.20542975],0.5151466747037976,0.30971692434439646
35,[0.52828155],0.451973867162214,0.07630768770169216
36,[0.79646383],0.48299953215279995,0.31346430224068894
37,[0.89228867],0.451973867162214,0.4403148021400256
38,[0.71760491],0.451973867162214,0.26563104698471285
39,[0.90532139],0.46763298382454876,0.4376884086284283
40,[0.43602064],0.49836608048105113,0.06234544173126777
41,[0.67878523],0.4480386386399443,0.2307465939213319
42,[0.01153716],0.5920197708803568,0.5804826108389913
43,[0.92101648],0.451973867162214,0.4690426157212487
44,[0.16436228],0.5845915573265817,0.42022927330633264
45,[0.33020075],0.5920197708803568,0.26181901885255776
46,[0.72589339],0.45783581123224654,0.2680575795926528
47,[0.88005931],0.5282815548639062,0.3517777585390045
48,[0.86209052],0.451973867162214,0.41011665070688963
49,[0.25927708],0.5114174640304311,0.25214038312016396
50,[0.24805963],0.5670243279593035,0.318964698529439
51,[0.42875343],0.5198495094471687,0.09109607857570856
52,[0.11562214],0.5282815548639062,0.41265941467897327
53,[0.66924304],0.3949180556715667,0.2743249864457905
54,[0.5494571],0.5114174640304311,0.03803963456159398
55,[0.11175946],0.49836608048105113,0.3866066251039376
56,[0.76556373],0.44202963869486384,0.32353409546508577
57,[0.65369675],0.5114174640304311,0.14227928181354532
58,[0.23298211],0.5151466747037976,0.28216456911229737
59,[0.70151528],0.4480386386399443,0.25347664489974475
60,[0.25142971],0.5282815548639062,0.27685184850166145
61,[0.28480393],0.5151466747037976,0.2303427405287799
62,[0.69749001],0.5494570985920251,0.14803290902729938
63,[0.70073901],0.49836608048105113,0.20237292500041915
64,[0.46763298],0.5494570985920251,0.08182411476747631
65,[0.21397885],0.5114174640304311,0.2974386145846778
66,[0.79854419],0.48169566559632254,0.31684852646329636
67,[0.51514667],0.49836608048105113,0.01678059422274647
68,[0.91175679],0.5151466747037976,0.39661011112392297
69,[0.80311917],0.5114174640304311,0.2917017025161557
