,0,1,2
0,[0.69139518],0.3216815593663762,0.14171972746529027
1,[0.44129176],0.38503831235031194,0.17985093247258288
2,[0.86342575],0.4817109944454029,0.31375030490698963
3,[0.23128684],0.5262553120694291,0.4131268338721208
4,[0.29317854],0.53315153707848,0.3279641572007509
5,[0.61029323],0.3847591480482238,0.17479267210806626
6,[0.29549788],0.46204427012759747,0.3489157919302892
7,[0.34459634],0.39820217588945184,0.2656968964471519
8,[0.6445727],0.4342844329821607,0.11273417333564983
9,[0.64441367],0.3639025298186772,0.09686915819320308
10,[0.70946601],0.4753086368900159,0.273965452232496
11,[0.12728482],0.6075381058253255,0.44603486462952924
12,[0.6324965],0.43186919201253515,0.10065796848752173
13,[0.57331969],0.32827642746356134,0.08897101388459383
14,[0.79400849],0.5598511132551109,0.35850792859759106
15,[0.82820236],0.5940449852868406,0.3927018006293207
16,[0.63215611],0.4318011140101376,0.10014738346953989
17,[0.26758038],0.5374517376614458,0.36474591650673105
18,[0.99773904],0.7458927969421538,0.4659005149028642
19,[0.99539391],0.743547661703793,0.46355537966450333
20,[0.23024884],0.5960812322635197,0.39089385238579066
21,[0.31320249],0.42457473540572754,0.2601171975118445
22,[0.13324955],0.6717825758615608,0.499076754706846
23,[0.18534296],0.5721991894832612,0.4590707112859529
24,[0.06545356],0.7395785673935075,0.5668727462387927
25,[0.65343852],0.3693174358199883,0.10589400152872164
26,[0.54846068],0.3129248633760926,0.07268201502486615
27,[0.30260034],0.45494181366736486,0.34181333547005666
28,[0.48434867],0.3383220591779085,0.08897101388459383
29,[0.02356913],0.7081633229829182,0.5867241062021968
30,[0.90099965],0.5885451426852908,0.3534551347281695
31,[0.99065981],0.6139326258275067,0.5063111384012459
32,[0.71714197],0.4075395082344876,0.16959745555288708
33,[0.87171695],0.5592624399066969,0.32417243194957535
34,[0.90337021],0.5266430214423293,0.41902153401606834
35,[0.82650857],0.444793810584508,0.2768331210460947
36,[0.21345516],0.5182772887729972,0.39683807199227583
37,[0.39539397],0.4309361079693993,0.22574872809167024
38,[0.43152095],0.4235734727632317,0.20080535195706162
39,[0.38548025],0.3812080752156045,0.1878394305283061
40,[0.55089022],0.31146714234231576,0.06903771244042411
41,[0.72241626],0.3695184713434543,0.23806758910004244
42,[0.54754451],0.3216266858372997,0.09686915819320308
43,[0.1536657],0.5780667538589613,0.45662753707824
44,[0.75495846],0.5031122188299642,0.22311993679067443
45,[0.89433538],0.5126206238105041,0.34465993427209085
46,[0.8559855],0.4742707387201873,0.30631004918177407
47,[0.36142679],0.4485860363180684,0.27089950819465625
48,[0.43550056],0.34523352383353606,0.17479267210806626
49,[0.71669215],0.4825347755339841,0.28119159087646417
