,0,1,2
0,[0.69139518],0.36360229928442156,0.14293449499343758
1,[0.44129176],0.2631843261768002,0.17985093247258288
2,[0.86342575],0.60198135261881,0.31496507243513694
3,[0.23128684],0.5617224057609952,0.3775798400623661
4,[0.29317854],0.5034865332755506,0.33914776310657047
5,[0.61029323],0.47307919392467335,0.07033611629269187
6,[0.29549788],0.5230784897862077,0.3489157919302892
7,[0.34459634],0.49707546180465834,0.28755976974912156
8,[0.6445727],0.4560023346557728,0.09702818683260606
9,[0.64441367],0.377343888121239,0.06549479885794285
10,[0.70946601],0.517577994880362,0.24954139716917317
11,[0.12728482],0.7343300575077087,0.43482012989472885
12,[0.6324965],0.3405885061171213,0.10065796848752173
13,[0.57331969],0.3628980727841193,0.08897101388459383
14,[0.79400849],0.5036127950798182,0.35850792859759106
15,[0.82820236],0.6875388084737222,0.3366798239105478
16,[0.63215611],0.34045235011232633,0.10014738346953989
17,[0.26758038],0.6067210800014914,0.36474591650673105
18,[0.99773904],0.6327825432493953,0.4659005149028642
19,[0.99539391],0.7953597750559973,0.5110452364723597
20,[0.23024884],0.5538302894235824,0.40207745829161023
21,[0.31320249],0.5982964111991418,0.3189536189106409
22,[0.13324955],0.7605375265921593,0.49890655970085207
23,[0.18534296],0.5948228052354633,0.41230898274139793
24,[0.06545356],0.8831761372832114,0.5670429412447866
25,[0.65343852],0.3845637627896538,0.07451964219346141
26,[0.54846068],0.25612012955356084,0.07268201502486615
27,[0.30260034],0.5046716070393439,0.306266341660302
28,[0.48434867],0.38706712678664085,0.08897101388459383
29,[0.02356913],0.7765479181630289,0.5867241062021968
30,[0.90099965],0.7003442106419049,0.3534551347281695
31,[0.99065981],0.6636089032850074,0.46182563145894895
32,[0.71714197],0.4561591107827388,0.16959745555288708
33,[0.87171695],0.6246059339395686,0.32417243194957535
34,[0.90337021],0.5937772197768653,0.3745360270737714
35,[0.82650857],0.4971794645125299,0.278047888574242
36,[0.21345516],0.5704389840870675,0.3671365632090621
37,[0.39539397],0.29990256267207016,0.22574872809167024
38,[0.43152095],0.4343458037922968,0.2006351569510677
39,[0.38548025],0.45010749069330436,0.24187319838647414
40,[0.55089022],0.3565136815810811,0.0024295350562947293
41,[0.72241626],0.4989928453908467,0.23806758910004244
42,[0.54754451],0.3279206381502795,0.050107429648648116
43,[0.1536657],0.6840365252908253,0.4736877568395813
44,[0.75495846],0.5847025833405839,0.2600822429636907
45,[0.89433538],0.5514409150933269,0.34587470180023816
46,[0.8559855],0.648376594526985,0.30509528165362665
47,[0.36142679],0.46447370670973687,0.27089950819465625
48,[0.43550056],0.419465370968107,0.1563058980596529
49,[0.71669215],0.4417597249029166,0.28119159087646417
