,0,1,2
0,[0.69139518],0.26863007342858747,0.1438506610412359
1,[0.44129176],0.24591320774484587,0.19086434337240854
2,[0.86342575],0.4267057504997913,0.37907708179383537
3,[0.23128684],0.5548904976654149,0.40103946265740176
4,[0.29317854],0.38389219622753173,0.3393179581125644
5,[0.61029323],0.2714503000254239,0.06274871867052045
6,[0.29549788],0.48818354877400233,0.3368284207155702
7,[0.34459634],0.36159748139863757,0.2656968964471519
8,[0.6445727],0.23389307639836146,0.09611202078480774
9,[0.64441367],0.25080980303365913,0.09641107516930392
10,[0.70946601],0.40204766933395525,0.22511734210585033
11,[0.12728482],0.5896444372458561,0.483008412726356
12,[0.6324965],0.24298473127127126,0.08282104840853233
13,[0.57331969],0.30448686589022833,0.02410232002164725
14,[0.79400849],0.3655926397213932,0.30965981847094537
15,[0.82820236],0.44544441935210494,0.2797416811439766
16,[0.63215611],0.30713842523290635,0.08369542592469181
17,[0.26758038],0.40721535201244263,0.3536442848497523
18,[0.99773904],0.7182040131923774,0.4492783623520221
19,[0.99539391],0.5887128710389429,0.47898923179301045
20,[0.23024884],0.3497416504734587,0.38004438998364665
21,[0.31320249],0.5396356207678218,0.3191238139166348
22,[0.13324955],0.6907714614554351,0.44007013830205566
23,[0.18534296],0.49283705131394767,0.42495027176327027
24,[0.06545356],0.8424300266352563,0.5670429412447866
25,[0.65343852],0.313210977947158,0.1374919231841717
26,[0.54846068],0.21295561350209563,0.08369542592469181
27,[0.30260034],0.5864876367871498,0.30769289594737403
28,[0.48434867],0.31557758340857156,0.08897101388459383
29,[0.02356913],0.8340812392133744,0.6210035743642824
30,[0.90099965],0.42327921372180144,0.3534551347281695
31,[0.99065981],0.5820899629976003,0.4747132167457958
32,[0.71714197],0.3345825093642801,0.16959745555288708
33,[0.87171695],0.3853693625071425,0.3237143489256762
34,[0.90337021],0.5777875083537938,0.35582569070516823
35,[0.82650857],0.4827523959191248,0.34215989793294044
36,[0.21345516],0.49191515555114906,0.4187009452942455
37,[0.39539397],0.20227905785923483,0.24909921953191028
38,[0.43152095],0.25554108481190513,0.2006351569510677
39,[0.38548025],0.2808086190980326,0.2466758519271025
40,[0.55089022],0.223711723212867,0.0024295350562947293
41,[0.72241626],0.4512757924077572,0.17487174578914233
42,[0.54754451],0.38986078498585874,0.025775170573693718
43,[0.1536657],0.4516738998939608,0.46755897372922484
44,[0.75495846],0.43233342712585027,0.27060979359853077
45,[0.89433538],0.6111674280600023,0.4099867111589366
46,[0.8559855],0.4271987142440322,0.3075248167099214
47,[0.36142679],0.3728932363770273,0.27072931318866233
48,[0.43550056],0.4295141802105357,0.17479267210806626
49,[0.71669215],0.3864728627966212,0.16823147139112005
