,0,1,2
0,[0.69139518],0.25937204527021784,0.14293449499343758
1,[0.44129176],0.23530894266471908,0.19086434337240854
2,[0.86342575],0.39597136772623903,0.31496507243513694
3,[0.23128684],0.5544876948669145,0.41763925553988
4,[0.29317854],0.4357998376352933,0.3393179581125644
5,[0.61029323],0.31655277962522427,0.11877069538929336
6,[0.29549788],0.5360957167694194,0.3489157919302892
7,[0.34459634],0.4182636356031577,0.2656968964471519
8,[0.6445727],0.2132025536108783,0.09368248572851301
9,[0.64441367],0.33567133761888945,0.06549479885794285
10,[0.70946601],0.3705135593836807,0.22511734210585033
11,[0.12728482],0.5793111766369123,0.44603486462952924
12,[0.6324965],0.3137223384770984,0.08403581593667964
13,[0.57331969],0.3841862839245019,0.055700241677097306
14,[0.79400849],0.40039344887062434,0.3340838735342682
15,[0.82820236],0.6092357515190245,0.31225576884722495
16,[0.63215611],0.22896458121715751,0.040462750428204686
17,[0.26758038],0.3749485049532476,0.36457572150073714
18,[0.99773904],0.6988041539093303,0.46391070913234833
19,[0.99539391],0.7625716621460634,0.5110452364723597
20,[0.23024884],0.5212260111038762,0.4019072632856163
21,[0.31320249],0.5141346280592377,0.3192940089226287
22,[0.13324955],0.6218704548211748,0.4770436863988824
23,[0.18534296],0.450226700951711,0.4591502256056543
24,[0.06545356],0.8489300425276554,0.5670429412447866
25,[0.65343852],0.35139710607337565,0.16191597824749454
26,[0.54846068],0.20731787795287496,0.08369542592469181
27,[0.30260034],0.4373221777461042,0.28920612189896067
28,[0.48434867],0.39332414453110404,0.08897101388459383
29,[0.02356913],0.5336808193713406,0.6208445457248795
30,[0.90099965],0.5173761650031086,0.3529970517042703
31,[0.99065981],0.6818632397305573,0.5063111384012459
32,[0.71714197],0.41254595311410325,0.20119537720833713
33,[0.87171695],0.5627224781458088,0.32417243194957535
34,[0.90337021],0.6498887463611954,0.3745360270737714
35,[0.82650857],0.49510675161269757,0.3101038932535912
36,[0.21345516],0.48444776128521355,0.3374350544258484
37,[0.39539397],0.2937206367990499,0.24901970521220884
38,[0.43152095],0.4021696287806373,0.20097554696305553
39,[0.38548025],0.361602463304632,0.2466758519271025
40,[0.55089022],0.28562936255681814,0.02242946946960067
41,[0.72241626],0.2678843696582304,0.2064696674445924
42,[0.54754451],0.3153733301737763,0.0033457011040930462
43,[0.1536657],0.4939332561043572,0.45662753707824
44,[0.75495846],0.3516898822294533,0.20649778423983234
45,[0.89433538],0.5278512273358842,0.34587470180023816
46,[0.8559855],0.43547409199549075,0.30509528165362665
47,[0.36142679],0.4890341783727651,0.27072931318866233
48,[0.43550056],0.36175497863344885,0.1563058980596529
49,[0.71669215],0.264755466895788,0.16823147139112005
