,0,1,2
0,[0.69139518],0.3302732215522454,0.14293449499343758
1,[0.44129176],0.19855272688658335,0.19086434337240854
2,[0.86342575],0.5309766684501194,0.3154231554590361
3,[0.23128684],0.5038499180572452,0.3775798400623661
4,[0.29317854],0.4437127743545533,0.33914776310657047
5,[0.61029323],0.34583516448523854,0.11877069538929336
6,[0.29549788],0.5360957167694194,0.3489157919302892
7,[0.34459634],0.3512507037231214,0.2766283330981367
8,[0.6445727],0.3265845065735801,0.09611202078480774
9,[0.64441367],0.3326643472657317,0.09519630764115661
10,[0.70946601],0.4195023948390513,0.22511734210585033
11,[0.12728482],0.6148068782437063,0.4645216386779426
12,[0.6324965],0.2837485503043088,0.08403581593667964
13,[0.57331969],0.28489183169476684,0.055700241677097306
14,[0.79400849],0.47337667117316934,0.30965981847094537
15,[0.82820236],0.42350833539144206,0.31225576884722495
16,[0.63215611],0.17314360022306235,0.08126589086839708
17,[0.26758038],0.42273214311525215,0.36457572150073714
18,[0.99773904],0.6619800531127089,0.480119599503224
19,[0.99539391],0.7625716621460634,0.5110452364723597
20,[0.23024884],0.5359119505551149,0.40207745829161023
21,[0.31320249],0.566570483234347,0.3189536189106409
22,[0.13324955],0.655777791062784,0.44007013830205566
23,[0.18534296],0.6152875790340941,0.4591502256056543
24,[0.06545356],0.8831761372832114,0.5668727462387927
25,[0.65343852],0.3929406484439274,0.16191597824749454
26,[0.54846068],0.20731787795287496,0.08369542592469181
27,[0.30260034],0.4314267921189683,0.28920612189896067
28,[0.48434867],0.35505262076232935,0.08897101388459383
29,[0.02356913],0.7233708018016375,0.6208445457248795
30,[0.90099965],0.5683826921321151,0.3529970517042703
31,[0.99065981],0.7252168969740268,0.5063111384012459
32,[0.71714197],0.4148573715788223,0.20119537720833713
33,[0.87171695],0.5627224781458088,0.32417243194957535
34,[0.90337021],0.6991243439840298,0.3869655293367191
35,[0.82650857],0.5868533397205299,0.3101038932535912
36,[0.21345516],0.4728308508283593,0.3374350544258484
37,[0.39539397],0.2937206367990499,0.24901970521220884
38,[0.43152095],0.4021696287806373,0.20097554696305553
39,[0.38548025],0.4286433932748611,0.2466758519271025
40,[0.55089022],0.36046440995375917,0.02242946946960067
41,[0.72241626],0.435396252797214,0.2064696674445924
42,[0.54754451],0.33795994231503707,0.033047209887306694
43,[0.1536657],0.4643389296832406,0.45662753707824
44,[0.75495846],0.32816326531771567,0.20649778423983234
45,[0.89433538],0.6198728946799149,0.34587470180023816
46,[0.8559855],0.5451455289556799,0.30509528165362665
47,[0.36142679],0.5059632730864468,0.27072931318866233
48,[0.43550056],0.34311336787405766,0.17479267210806626
49,[0.71669215],0.4118742835919269,0.16823147139112005
