,0,1,2
0,[0.69139518],0.2668495004531983,0.14293449499343758
1,[0.44129176],0.2659310544461038,0.19086434337240854
2,[0.86342575],0.44044626054409086,0.31588123848293526
3,[0.23128684],0.370533384614142,0.40086926765140785
4,[0.29317854],0.36193019897064066,0.33914776310657047
5,[0.61029323],0.28368918938679794,0.06274871867052045
6,[0.29549788],0.48818354877400233,0.3489157919302892
7,[0.34459634],0.4182636356031577,0.28755976974912156
8,[0.6445727],0.2405374440207825,0.09489725325666043
9,[0.64441367],0.25080980303365913,0.09595299214540476
10,[0.70946601],0.4219607741723103,0.24664579615035948
11,[0.12728482],0.47440114394119365,0.44603486462952924
12,[0.6324965],0.3242564035899672,0.08282104840853233
13,[0.57331969],0.36867085488464857,0.02410232002164725
14,[0.79400849],0.43006184806073255,0.30965981847094537
15,[0.82820236],0.5138270142392481,0.31225576884722495
16,[0.63215611],0.3057193620106721,0.0824806583965445
17,[0.26758038],0.40728343001484013,0.36457572150073714
18,[0.99773904],0.6159711880080644,0.4480635948238748
19,[0.99539391],0.5383798946982423,0.5110452364723597
20,[0.23024884],0.3906655478709834,0.4019072632856163
21,[0.31320249],0.48457314100255966,0.3191238139166348
22,[0.13324955],0.6353090322378987,0.44007013830205566
23,[0.18534296],0.443848215858577,0.44698334007123386
24,[0.06545356],0.7982922657179861,0.5668727462387927
25,[0.65343852],0.31983362041263497,0.16908984483962175
26,[0.54846068],0.23851833000394382,0.0024295350562947293
27,[0.30260034],0.40853843036225956,0.30769289594737403
28,[0.48434867],0.2845351806118147,0.08897101388459383
29,[0.02356913],0.6993021198284313,0.6208445457248795
30,[0.90099965],0.4795041131596136,0.3534551347281695
31,[0.99065981],0.6559856050460489,0.5063111384012459
32,[0.71714197],0.38651796222155416,0.20119537720833713
33,[0.87171695],0.4997634076642873,0.32417243194957535
34,[0.90337021],0.5055170664651822,0.35536760768126907
35,[0.82650857],0.4661522473624033,0.27850597159814117
36,[0.21345516],0.39850864057760677,0.39683807199227583
37,[0.39539397],0.20062081916590682,0.24901970521220884
38,[0.43152095],0.381516585956135,0.20097554696305553
39,[0.38548025],0.3743817028306283,0.2466758519271025
40,[0.55089022],0.30462753665712405,0.02242946946960067
41,[0.72241626],0.41009580930131084,0.17487174578914233
42,[0.54754451],0.29853606616543127,0.0033457011040930462
43,[0.1536657],0.40929532153598763,0.45662753707824
44,[0.75495846],0.4097536298283354,0.2069558672637315
45,[0.89433538],0.4444615607654203,0.34587470180023816
46,[0.8559855],0.3274499136735292,0.30509528165362665
47,[0.36142679],0.4333157128486529,0.27072931318866233
48,[0.43550056],0.3123214199364607,0.17479267210806626
49,[0.71669215],0.3542717962471908,0.16823147139112005
