,0,1,2
0,[0.69139518],0.25937204527021784,0.14293449499343758
1,[0.44129176],0.2240101597087171,0.19086434337240854
2,[0.86342575],0.43472706921608334,0.31588123848293526
3,[0.23128684],0.5755712297757716,0.40086926765140785
4,[0.29317854],0.44748501119189105,0.33914776310657047
5,[0.61029323],0.31491260328126475,0.06274871867052045
6,[0.29549788],0.5127440204370304,0.34295720382592665
7,[0.34459634],0.4182636356031577,0.28755976974912156
8,[0.6445727],0.47566342817057317,0.09489725325666043
9,[0.64441367],0.25080980303365913,0.09641107516930392
10,[0.70946601],0.34985804702377515,0.24664579615035948
11,[0.12728482],0.5286846726744294,0.44603486462952924
12,[0.6324965],0.3989101344230986,0.08282104840853233
13,[0.57331969],0.27469993766405515,0.02410232002164725
14,[0.79400849],0.42023521020176435,0.30965981847094537
15,[0.82820236],0.297744376538667,0.28019976416787573
16,[0.63215611],0.2571085425238851,0.08369542592469181
17,[0.26758038],0.40721535201244263,0.36457572150073714
18,[0.99773904],0.6159711880080644,0.4492783623520221
19,[0.99539391],0.7319083875140734,0.5110452364723597
20,[0.23024884],0.3732065142847653,0.38004438998364665
21,[0.31320249],0.5396356207678218,0.3189536189106409
22,[0.13324955],0.696328088568624,0.44007013830205566
23,[0.18534296],0.5423492779538372,0.42495027176327027
24,[0.06545356],0.8125428689697687,0.5670429412447866
25,[0.65343852],0.31983362041263497,0.16908984483962175
26,[0.54846068],0.2118107918320508,0.08386562093068572
27,[0.30260034],0.5107757092211567,0.30769289594737403
28,[0.48434867],0.30640752372083935,0.11838922458399204
29,[0.02356913],0.8340812392133744,0.6209240600445809
30,[0.90099965],0.5306938734981799,0.3534551347281695
31,[0.99065981],0.7831435690927318,0.44311529509034575
32,[0.71714197],0.3345825093642801,0.16959745555288708
33,[0.87171695],0.49015895149995037,0.3237143489256762
34,[0.90337021],0.6639075776087143,0.35582569070516823
35,[0.82650857],0.4662462154001618,0.3105619762774904
36,[0.21345516],0.502661413256774,0.40776950864326067
37,[0.39539397],0.2878640962433311,0.2536116411996696
38,[0.43152095],0.37323810325762247,0.20097554696305553
39,[0.38548025],0.3743817028306283,0.24684604693309642
40,[0.55089022],0.38886270867785083,0.009999967206652971
41,[0.72241626],0.38158226792934047,0.17487174578914233
42,[0.54754451],0.3512063567505276,0.0033457011040930462
43,[0.1536657],0.5360887444115139,0.45662753707824
44,[0.75495846],0.4229394123325182,0.20741395028763066
45,[0.89433538],0.5128681300159427,0.4099867111589366
46,[0.8559855],0.4029891569955736,0.30631004918177407
47,[0.36142679],0.4705613598791091,0.27072931318866233
48,[0.43550056],0.4243223612267051,0.19185289186940757
49,[0.71669215],0.30321536781201386,0.16823147139112005
