,0,1,2
0,[0.54547015],0.36356266383140556,0.2324360290116752
1,[0.17186532],0.7266093766674716,0.4107176758695732
2,[0.85293181],0.5278721017961908,0.2268623294194948
3,[0.18022341],0.5115008155630165,0.35273660270084883
4,[0.58870005],0.3035750055864454,0.09663674533645261
5,[0.1207749],0.4949689444834916,0.3378818616536227
6,[0.55469875],0.369099823487747,0.24166462843891096
7,[0.08202618],0.8386502622752964,0.672219697086727
8,[0.99270517],0.8470008922472575,0.7399859133423269
9,[0.25271926],0.6457554302948502,0.32986372949695175
10,[0.53296001],0.2924269982605746,0.040896708707098495
11,[0.8921391],0.5670793898005495,0.2660696174238536
12,[0.24209363],0.44963060066435434,0.29086638780218665
13,[0.41762074],0.29940465852149667,0.11533927442296377
14,[0.86794548],0.5433463587716012,0.37588217905110166
15,[0.28633024],0.6343461992260044,0.4679156340374352
16,[0.13769966],0.47804418149270556,0.32095709866283656
17,[0.0507936],0.8476810893657032,0.5317893885678048
18,[0.92829087],0.782586589114314,0.6755716102093834
19,[0.77995014],0.33080487508907963,0.2054015432829408
20,[0.69447451],0.3698753838141369,0.20241120409363744
21,[0.95343867],0.6283789597046048,0.32736918732790876
22,[0.93194228],0.4812482802205893,0.3573936802434067
23,[0.20739954],0.7132769030660413,0.546846337877472
24,[0.22335698],0.6751177092643235,0.35922600846642505
25,[0.99751836],0.8518140824416159,0.7447991035366853
26,[0.4920633],0.28451614537832365,0.040896708707098495
27,[0.22577487],0.3899689706181565,0.2328818877882876
28,[0.98771616],0.6626564545246376,0.3616466821479416
29,[0.75659074],0.6108864587433114,0.5038714798383808
30,[0.58258299],0.4496282174569304,0.32986372949695175
31,[0.56602715],0.31256322728662683,0.06967451297446048
32,[0.37184337],0.3062175526287181,0.02800413702168525
33,[0.45296356],0.4677128776080792,0.30128231241951
34,[0.81726831],0.6715640234524051,0.5645490445474743
35,[0.10200653],0.7964681657600634,0.480576464962165
36,[0.91715646],0.5920967572957667,0.2910869849190707
37,[0.04387119],0.7193860388886174,0.5918304770464289
38,[0.5745486],0.3108589377851859,0.06115306546725563
39,[0.18049899],0.7179757049413423,0.4020840041434439
40,[0.63570166],0.2986283246917348,0.06115306546725563
41,[0.89414345],0.44344944753080034,0.31959484755361767
42,[0.65555994],0.4041917627997811,0.06919547366173573
43,[0.25422487],0.3646852680901448,0.20443189198998996
44,[0.59657902],0.394461311987925,0.15766685575775907
45,[0.91987718],0.6978136387834354,0.6068430533628191
46,[0.77454108],0.44994195037854023,0.2824777706580407
47,[0.29099454],0.4007296813670598,0.2419654685048921
48,[0.68682978],0.464766238769896,0.3737956533492796
49,[0.43332139],0.3795804333853534,0.2023802717340466
