,0,1,2
0,[0.54547015],0.3087022510967099,0.01489279992300463
1,[0.17186532],0.626274884389429,0.4107176758695732
2,[0.85293181],0.2960490937111941,0.3074616584517891
3,[0.18022341],0.34547022458554155,0.40847663933020295
4,[0.58870005],0.23302768504627563,0.05574003662935412
5,[0.1207749],0.6508701254019075,0.46180809019968094
6,[0.55469875],0.27459886012498874,0.035932022550371534
7,[0.08202618],0.43265562430925303,0.4925224209213265
8,[0.99270517],0.5528421881060678,0.4323422237906419
9,[0.25271926],0.4812528810743865,0.33686174372962596
10,[0.53296001],0.2293884147131274,0.03306713795794647
11,[0.8921391],0.6536350114547321,0.3466689464561479
12,[0.24209363],0.32313537330536324,0.32253004901796667
13,[0.41762074],0.26584035041380505,0.17107931105231788
14,[0.86794548],0.5009511548197179,0.33498547034400317
15,[0.28633024],0.4058731729373224,0.2796969103648298
16,[0.13769966],0.5702882213343788,0.41699908676785913
17,[0.0507936],0.44937725659402855,0.5317893885678048
18,[0.92829087],0.5765008444806601,0.395330858119876
19,[0.77995014],0.46616598392324826,0.2252513917816834
20,[0.69447451],0.34101948310230945,0.20241120409363744
21,[0.95343867],0.6335503520065717,0.40796851636020304
22,[0.93194228],0.6421260794072579,0.4194306200621072
23,[0.20739954],0.5141780199182587,0.37518345365436456
24,[0.22335698],0.464321939681824,0.35922600846642505
25,[0.99751836],0.6018291509868229,0.4314912134892315
26,[0.4920633],0.3611955222017939,0.07256036992287851
27,[0.22577487],0.423351726173237,0.34025227688484794
28,[0.98771616],0.5451044391747282,0.4422460111802359
29,[0.75659074],0.41932610582626095,0.22363072774887338
30,[0.58258299],0.4299158718101202,0.0268343396588846
31,[0.56602715],0.38986622004371113,0.008521447507204849
32,[0.37184337],0.41300446493067405,0.21379814683479992
33,[0.45296356],0.35847096329719297,0.11306358874690459
34,[0.81726831],0.34312891118767663,0.26256955549155825
35,[0.10200653],0.5304060226036694,0.4640206255126671
36,[0.91715646],0.5560331823288979,0.38419645149053794
37,[0.04387119],0.6171910101678102,0.544828862743376
38,[0.5745486],0.3388443333345285,0.008521447507204849
39,[0.18049899],0.41935945323678736,0.4020840041434439
40,[0.63570166],0.39056158859540824,0.06115306546725563
41,[0.89414345],0.5545400540546501,0.3281162950608225
42,[0.65555994],0.36552091897037653,0.2025963780590998
43,[0.25422487],0.4211617381026194,0.3283581205360482
44,[0.59657902],0.3172009812189104,0.05110886833361983
45,[0.91987718],0.5717756985607048,0.42781387059741527
46,[0.77454108],0.352586176898695,0.2415810619509422
47,[0.29099454],0.28756169227356476,0.2637042054713008
48,[0.68682978],0.5136512987579074,0.23386621266573548
49,[0.43332139],0.32830502473308815,0.14122720626679097
