,0,1,2
0,[0.54547015],0.29223034003000486,0.00922859942723575
1,[0.17186532],0.7082993211585041,0.4107176758695732
2,[0.85293181],0.38871840535241464,0.36086850469806053
3,[0.18022341],0.4519597145361673,0.4014009137481015
4,[0.58870005],0.25609553993086837,0.05574003662935412
5,[0.1207749],0.4158591320170479,0.46180809019968094
6,[0.55469875],0.3190456771468547,0.00922859942723575
7,[0.08202618],0.5042884629051106,0.4925224209213265
8,[0.99270517],0.5231449098575517,0.4380064242864108
9,[0.25271926],0.4026689289426325,0.32986372949695175
10,[0.53296001],0.23430554684304958,0.03306713795794647
11,[0.8921391],0.5218625376401956,0.34205464674253006
12,[0.24209363],0.4407704246851322,0.33245497326733797
13,[0.41762074],0.3457518148731172,0.17107931105231788
14,[0.86794548],0.4526349424295294,0.33498547034400317
15,[0.28633024],0.42545227084007153,0.2796969103648298
16,[0.13769966],0.4433253549957777,0.41699908676785913
17,[0.0507936],0.4985741305685695,0.5152335491183069
18,[0.92829087],0.4908353469287808,0.395330858119876
19,[0.77995014],0.36173479110885465,0.24699012874809212
20,[0.69447451],0.3442412375784234,0.20241120409363744
21,[0.95343867],0.6125503572335048,0.4613753626064745
22,[0.93194228],0.6421260794072579,0.4398789744156565
23,[0.20739954],0.35436557431574417,0.371166257683218
24,[0.22335698],0.3757580167856701,0.35520881249527847
25,[0.99751836],0.4848475385682695,0.4314912134892315
26,[0.4920633],0.2959369019700401,0.09051968611454286
27,[0.22577487],0.4131336433072156,0.33458807638907906
28,[0.98771616],0.5250590525123269,0.4422460111802359
29,[0.75659074],0.6064670231194652,0.2645274364559719
30,[0.58258299],0.41582501558676227,0.027884240441035657
31,[0.56602715],0.36702755918957575,0.006017776455784385
32,[0.37184337],0.3259422508478889,0.21073961722384504
33,[0.45296356],0.3310567288968967,0.11306358874690459
34,[0.81726831],0.581027176573615,0.26256955549155825
35,[0.10200653],0.44142935716189047,0.4640206255126671
36,[0.91715646],0.4592329876460736,0.38419645149053794
37,[0.04387119],0.6007807750341186,0.5387118035214663
38,[0.5745486],0.32067197730444547,0.008521447507204849
39,[0.18049899],0.41935945323678736,0.4020840041434439
40,[0.63570166],0.39056158859540824,0.06967451297446048
41,[0.89414345],0.5994883293811328,0.348673295479596
42,[0.65555994],0.42501627823681576,0.2025963780590998
43,[0.25422487],0.3403346047833528,0.3283581205360482
44,[0.59657902],0.35824976557582033,0.05110886833361983
45,[0.91987718],0.5717756985607048,0.42781387059741527
46,[0.77454108],0.3304319500595036,0.2415810619509422
47,[0.29099454],0.3247298973378824,0.2835540539700434
48,[0.68682978],0.450598518955409,0.23386621266573548
49,[0.43332139],0.3562661682487025,0.13270575875958612
