,0,1,2
0,[0.54547015],0.33741996905261706,0.00922859942723575
1,[0.17186532],0.5714996664194691,0.4107176758695732
2,[0.85293181],0.515052106328074,0.3074616584517891
3,[0.18022341],0.372631545224293,0.39432518816600015
4,[0.58870005],0.23354868735300077,0.05574003662935412
5,[0.1207749],0.5204884528088968,0.46180809019968094
6,[0.55469875],0.2850201925222652,0.00922859942723575
7,[0.08202618],0.5304632976067553,0.4925224209213265
8,[0.99270517],0.6056138462558293,0.44723502371364654
9,[0.25271926],0.40411022847346967,0.34385975796230017
10,[0.53296001],0.23783038448614285,0.03306713795794647
11,[0.8921391],0.46557661079177565,0.3466689464561479
12,[0.24209363],0.2897812351459786,0.33245497326733797
13,[0.41762074],0.2847728244948196,0.17107931105231788
14,[0.86794548],0.39446166486909207,0.33498547034400317
15,[0.28633024],0.42487894946229937,0.2796969103648298
16,[0.13769966],0.6191633815353942,0.422663287263628
17,[0.0507936],0.4630100085276963,0.5317893885678048
18,[0.92829087],0.4085730834203729,0.395330858119876
19,[0.77995014],0.4023082929737523,0.23447999120891916
20,[0.69447451],0.33021646867484095,0.16151449538653895
21,[0.95343867],0.648658128020168,0.4613753626064745
22,[0.93194228],0.6045887276302339,0.4194306200621072
23,[0.20739954],0.4679529357241517,0.3821814678870388
24,[0.22335698],0.476236426291225,0.351191616524132
25,[0.99751836],0.5511456856920227,0.44281961448076923
26,[0.4920633],0.34939127650092755,0.09051968611454286
27,[0.22577487],0.40289498478552,0.33458807638907906
28,[0.98771616],0.5990319301361317,0.43763171146661806
29,[0.75659074],0.5629109040596831,0.22363072774887338
30,[0.58258299],0.34108331443277135,0.027884240441035657
31,[0.56602715],0.21196520108945335,0.020557000418773508
32,[0.37184337],0.4419217760219173,0.21379814683479992
33,[0.45296356],0.4089833363501728,0.11306358874690459
34,[0.81726831],0.40734428928310107,0.26256955549155825
35,[0.10200653],0.49571650964224306,0.4640206255126671
36,[0.91715646],0.43221796383690386,0.38419645149053794
37,[0.04387119],0.5986230398969983,0.5387118035214663
38,[0.5745486],0.3319055156455818,0.019849848498742606
39,[0.18049899],0.557699603713749,0.4020840041434439
40,[0.63570166],0.28706795516511846,0.06967451297446048
41,[0.89414345],0.37725906248225777,0.348673295479596
42,[0.65555994],0.4220591153932117,0.16349663597724018
43,[0.25422487],0.275674973579848,0.32032372859375513
44,[0.59657902],0.3900156372249663,0.06361900587279279
45,[0.91987718],0.6042792538787876,0.42781387059741527
46,[0.77454108],0.2820388563585252,0.2415810619509422
47,[0.29099454],0.2845087609923345,0.2835540539700434
48,[0.68682978],0.4057389954773935,0.21431634162480567
49,[0.43332139],0.3587517521172628,0.14122720626679097
