,0,1,2
0,[0.54547015],0.3136482093493799,0.04163899445044761
1,[0.17186532],0.34744210609853615,0.4107176758695732
2,[0.85293181],0.5229348886985463,0.32955078186130693
3,[0.18022341],0.4519597145361673,0.35273660270084883
4,[0.58870005],0.3035750055864454,0.09663674533645261
5,[0.1207749],0.44982294173239346,0.4339238497586453
6,[0.55469875],0.37981592417700405,0.035932022550371534
7,[0.08202618],0.6776716126267752,0.514552841328968
8,[0.99270517],0.5873548641263436,0.4323422237906419
9,[0.25271926],0.46597645909885416,0.32986372949695175
10,[0.53296001],0.26655661977744505,0.040896708707098495
11,[0.8921391],0.5754026331274213,0.3374403470289121
12,[0.24209363],0.4265627457797616,0.29086638780218665
13,[0.41762074],0.2861410550763833,0.11533927442296377
14,[0.86794548],0.4104749781819727,0.37588217905110166
15,[0.28633024],0.48882530750513126,0.3102487782796761
16,[0.13769966],0.568605482088467,0.41699908676785913
17,[0.0507936],0.6078046407087264,0.5317893885678048
18,[0.92829087],0.5628335336394888,0.38282072058070304
19,[0.77995014],0.4775781467054797,0.21392299079014565
20,[0.69447451],0.27169819821600133,0.20241120409363744
21,[0.95343867],0.7798380404607379,0.5004751046883341
22,[0.93194228],0.6363760063168066,0.3573936802434067
23,[0.20739954],0.38695377295895117,0.37518345365436456
24,[0.22335698],0.4203731006757356,0.3313417680253894
25,[0.99751836],0.5085527287735094,0.4314912134892315
26,[0.4920633],0.3027812345704037,0.08248529417224981
27,[0.22577487],0.5279903735167819,0.3289238758933102
28,[0.98771616],0.32532952808720006,0.46894943430337166
29,[0.75659074],0.31901737331168717,0.21112059020970042
30,[0.58258299],0.413745082535596,0.0165558394494979
31,[0.56602715],0.3209409574330625,0.0165558394494979
32,[0.37184337],0.3534287196048272,0.202705225281552
33,[0.45296356],0.3646871866818439,0.1436154566617509
34,[0.81726831],0.4183353070143145,0.271798154918794
35,[0.10200653],0.4578593874471569,0.4640206255126671
36,[0.91715646],0.514886569588941,0.371686313951365
37,[0.04387119],0.7189851690839278,0.5652711402839475
38,[0.5745486],0.3043549524569696,0.006754486450218367
39,[0.18049899],0.3711739284971265,0.37419976370240826
40,[0.63570166],0.3375408923342517,0.06115306546725563
41,[0.89414345],0.5833175401066085,0.3281162950608225
42,[0.65555994],0.37472532459443497,0.13217891314048658
43,[0.25422487],0.49220604533731943,0.32032372859375513
44,[0.59657902],0.3433408449771956,0.05110886833361983
45,[0.91987718],0.70012125741778,0.42781387059741527
46,[0.77454108],0.4075467464266569,0.2824777706580407
47,[0.29099454],0.3633428071794019,0.2419654685048921
48,[0.68682978],0.4829819394299218,0.21431634162480567
49,[0.43332139],0.46417879658663813,0.17582093497156526
