,0,1,2
0,[0.54547015],0.3087022510967099,0.01489279992300463
1,[0.17186532],0.4835459924384753,0.4107176758695732
2,[0.85293181],0.42971594660066004,0.3074616584517891
3,[0.18022341],0.4519597145361673,0.37447533966725755
4,[0.58870005],0.23302768504627563,0.05574003662935412
5,[0.1207749],0.47246754306320327,0.44525225075018304
6,[0.55469875],0.4057058796255889,0.0626354456735072
7,[0.08202618],0.5719596628991124,0.5005568128636195
8,[0.99270517],0.5528421881060678,0.4426207240000287
9,[0.25271926],0.36982781941990045,0.32986372949695175
10,[0.53296001],0.2293884147131274,0.003914785374576013
11,[0.8921391],0.6114610240520865,0.3466689464561479
12,[0.24209363],0.4012375069633759,0.31260512476859537
13,[0.41762074],0.33793388677895064,0.17107931105231788
14,[0.86794548],0.39446166486909207,0.33498547034400317
15,[0.28633024],0.5218763987007927,0.28821835787203465
16,[0.13769966],0.5702882213343788,0.41699908676785913
17,[0.0507936],0.4493772565940285,0.5317893885678048
18,[0.92829087],0.5937673764109233,0.395330858119876
19,[0.77995014],0.47805104204315485,0.21392299079014565
20,[0.69447451],0.34101948310230945,0.20241120409363744
21,[0.95343867],0.6138557902625367,0.40796851636020304
22,[0.93194228],0.5877691897745689,0.3659151277506115
23,[0.20739954],0.5141780199182587,0.3821814678870388
24,[0.22335698],0.3558380084590641,0.35520881249527847
25,[0.99751836],0.6018291509868229,0.4314912134892315
26,[0.4920633],0.3636217711365105,0.07256036992287851
27,[0.22577487],0.4875909550719547,0.34025227688484794
28,[0.98771616],0.38903866662736647,0.4422460111802359
29,[0.75659074],0.3619091632793002,0.21112059020970042
30,[0.58258299],0.42991587181012025,0.03711283986827141
31,[0.56602715],0.41043391464569634,0.012538643478351319
32,[0.37184337],0.41300446493067405,0.21773763145651925
33,[0.45296356],0.371917541506755,0.11306358874690459
34,[0.81726831],0.4251142691595383,0.26256955549155825
35,[0.10200653],0.3715611447493107,0.4640206255126671
36,[0.91715646],0.556033182328898,0.37794138272095146
37,[0.04387119],0.7292107912728019,0.544828862743376
38,[0.5745486],0.28142015780685137,0.008521447507204849
39,[0.18049899],0.4193594532367874,0.39404961220115087
40,[0.63570166],0.3037388676531786,0.06115306546725563
41,[0.89414345],0.5994883293811328,0.3281162950608225
42,[0.65555994],0.3655209189703765,0.16349663597724018
43,[0.25422487],0.4211617381026194,0.3283581205360482
44,[0.59657902],0.3222653833349769,0.05110886833361983
45,[0.91987718],0.6713981660854299,0.42781387059741527
46,[0.77454108],0.352586176898695,0.2415810619509422
47,[0.29099454],0.32617460211508426,0.2637042054713008
48,[0.68682978],0.43183282369289466,0.23386621266573548
49,[0.43332139],0.3750782672662353,0.14524440223793744
