,0,1,2
0,[0.55805082],0.44213008495352535,0.03264872209406644
1,[0.0747468],0.815016721139094,0.5611810753671739
2,[0.42550334],0.36181181767636017,0.13539561641553177
3,[0.62224925],0.40246692777222776,0.07265141427301369
4,[0.60207329],0.3829835819191739,0.1470380620093198
5,[0.79904154],0.3716152352599738,0.1870458607151254
6,[0.91411051],0.6488147277620488,0.4590752887150662
7,[0.10756069],0.6130985985870002,0.5146885610675719
8,[0.52320009],0.33788401384983835,0.037698870020102526
9,[0.3320891],0.4178603641686577,0.2288098605693608
10,[0.71380493],0.45805820300394134,0.20098245111024715
11,[0.99333493],0.7309243612942293,0.4805124522853692
12,[0.71936386],0.3238086307780718,0.10736818657862202
13,[0.42606982],0.47732548903376787,0.2098580491624813
14,[0.83558657],0.5876670704802767,0.2859887390898215
15,[0.27346634],0.6162971775911982,0.3624615318192781
16,[0.07017575],0.8195877723284866,0.5657521265565665
17,[0.8168923],0.38697921522026035,0.20489662179072488
18,[0.54959783],0.37111686719997916,0.07265141427301369
19,[0.46759414],0.46022141920980725,0.1683337290161807
20,[0.34138365],0.38030021682360315,0.28086559532493327
21,[0.82138888],0.5589783084000504,0.30856639939119035
22,[0.66358071],0.37616440531772566,0.1403806234684415
23,[0.1856602],0.5349990846251799,0.4365890471057515
24,[0.20936825],0.5221645904161442,0.35153071354222243
25,[0.05539514],0.6652641480655025,0.5668541105460742
26,[0.2891168],0.502183967865987,0.3335680367037337
27,[0.66505606],0.4281510121533163,0.11545822157482799
28,[0.43368699],0.40052973502932954,0.10554138955585601
29,[0.58152804],0.32711648245020847,0.04115679822124163
30,[0.98538316],0.7229725911158773,0.4725606821070173
31,[0.01119611],0.720336731639519,0.5497028547655972
32,[0.61199568],0.3210229548199612,0.010689160070005421
33,[0.81514259],0.5498468026835537,0.36010736363657103
34,[0.81901595],0.571096452400173,0.26941812100971785
35,[0.56089896],0.3364768353836435,0.037698870020102526
36,[0.62268484],0.3188851228059601,0.010689160070005421
37,[0.80590199],0.5056306101527007,0.2827018971102403
38,[0.10822789],0.6830728791856708,0.5144569480234177
39,[0.34511062],0.41824500932735037,0.19411776104596024
40,[0.6613886],0.42595053701731694,0.11179076301482904
41,[0.9985213],0.5686082204363508,0.38652562700681536
42,[0.0668914],0.6503266555577409,0.47233697559040844
43,[0.93490569],0.6724951198520166,0.4220832108431565
44,[0.77838042],0.5130846380971841,0.32334519905020154
45,[0.47638346],0.39199043941567724,0.04149667245346378
46,[0.00440647],0.7128115901310528,0.5348219101637202
47,[0.86823668],0.5679653040134621,0.3450365909710016
48,[0.75904584],0.4587744659427955,0.23584575290033505
49,[0.55869701],0.33168268770182135,0.06398782447930618
