,0,1,2
0,[0.55805082],0.3677700044949119,0.09045667128140944
1,[0.0747468],0.6650446648234389,0.5888339154448266
2,[0.42550334],0.2941012647379969,0.18665792381383006
3,[0.62224925],0.2800921371780932,0.07265141427301369
4,[0.60207329],0.14728904809096172,0.04117432749566008
5,[0.79904154],0.2558488134561819,0.21751349886636162
6,[0.91411051],0.5974221932553379,0.390910424221509
7,[0.10756069],0.32918836497534565,0.45333827376663527
8,[0.52320009],0.2550225661798252,0.0788731975157626
9,[0.3320891],0.3501548628989227,0.24943893949472684
10,[0.71380493],0.4300716506827289,0.24621078675095187
11,[0.99333493],0.6805672875506046,0.4352841166446645
12,[0.71936386],0.2423134111858655,0.13783582472985823
13,[0.42606982],0.3839862438596848,0.18592585286839725
14,[0.83558657],0.573136787625674,0.2859887390898215
15,[0.27346634],0.4431409795354022,0.30806169737395783
16,[0.07017575],0.45091466286558424,0.4878750688217952
17,[0.8168923],0.2840878256155769,0.20489662179072488
18,[0.54959783],0.3588760792084195,0.008452982607992099
19,[0.46759414],0.37610124830286273,0.14440153272209666
20,[0.34138365],0.29794855939061743,0.21666716365991168
21,[0.82138888],0.37645629971995886,0.2093932023097984
22,[0.66358071],0.4812325495415589,0.18719724892786793
23,[0.1856602],0.40085619233408715,0.4365890471057515
24,[0.20936825],0.4086971170325372,0.3504297398758732
25,[0.05539514],0.5132118581190026,0.5055038232451375
26,[0.2891168],0.4288737257138065,0.3335680367037337
27,[0.66505606],0.5670052102818345,0.11545822157482799
28,[0.43368699],0.36526830762115314,0.18856226084872707
29,[0.58152804],0.20303129094705205,0.04115679822124163
30,[0.98538316],0.6654255697364269,0.4357853290743047
31,[0.01119611],0.6760285695256962,0.5908771822612573
32,[0.61199568],0.12108486264793646,0.010689160070005421
33,[0.81514259],0.46319284076866635,0.3387591246024403
34,[0.81901595],0.39392140900010586,0.2222540960366567
35,[0.56089896],0.23407603843454447,0.037698870020102526
36,[0.62268484],0.1769546932606818,0.010689160070005421
37,[0.80590199],0.3956900391995813,0.2827018971102403
38,[0.10822789],0.5576988487594225,0.47330014980217605
39,[0.34511062],0.3547170439932178,0.25696267253355476
40,[0.6613886],0.42595053701731694,0.23531877183454697
41,[0.9985213],0.5181622394775725,0.4169932651580516
42,[0.0668914],0.6166493953490508,0.5451042766589451
43,[0.93490569],0.5853302072044191,0.38530785781044385
44,[0.77838042],0.43378310909957074,0.3019969600160708
45,[0.47638346],0.3919904394156772,0.14630137262613663
46,[0.00440647],0.6791343299223627,0.5542905468229561
47,[0.86823668],0.38194500435920864,0.31863884792297614
48,[0.75904584],0.3365638375294887,0.19814688288023252
49,[0.55869701],0.19732354992413337,0.053298664409300756
