,0,1,2
0,[0.55805082],0.288996564869257,0.000646197031386464
1,[0.0747468],0.6107290186240848,0.5475024492974242
2,[0.42550334],0.22875588186577261,0.19674590371646838
3,[0.62224925],0.2800921371780932,0.06135028730093661
4,[0.60207329],0.14728904809096172,0.04117432749566008
5,[0.79904154],0.33441393454237445,0.21751349886636162
6,[0.91411051],0.447771955514287,0.355413501534105
7,[0.10756069],0.46104630864050045,0.5044349908432375
8,[0.52320009],0.21876749789334876,0.0939223722088719
9,[0.3320891],0.4249562090665961,0.24943893949472684
10,[0.71380493],0.3524871997844602,0.24621078675095187
11,[0.99333493],0.42517638826878096,0.434637919613278
12,[0.71936386],0.31983213202495886,0.13783582472985823
13,[0.42606982],0.27589264645041434,0.19617942309273162
14,[0.83558657],0.5314939514152901,0.2859887390898215
15,[0.27346634],0.5969294488055306,0.30806169737395783
16,[0.07017575],0.528499113763853,0.4885212658531817
17,[0.8168923],0.26261418829985245,0.23536425994196108
18,[0.54959783],0.3122734263807013,0.03193020589744311
19,[0.46759414],0.30331109430126924,0.14440153272209666
20,[0.34138365],0.27882139437069686,0.21731336069129814
21,[0.82138888],0.3722963797372854,0.22462702138541657
22,[0.66358071],0.2494377405531044,0.1403806234684415
23,[0.1856602],0.33176352585263835,0.4365890471057515
24,[0.20936825],0.5010586108536593,0.35153071354222243
25,[0.05539514],0.49085370551603685,0.5464935063582889
26,[0.2891168],0.37071640980949133,0.328223456668731
27,[0.66505606],0.35625097524215465,0.11545822157482799
28,[0.43368699],0.3285328632466075,0.18856226084872707
29,[0.58152804],0.31786418175165504,0.03046763815123621
30,[0.98538316],0.6473342354801449,0.4315588377703087
31,[0.01119611],0.6760285695256962,0.5806045579761102
32,[0.61199568],0.35712803432545415,0.010689160070005421
33,[0.81514259],0.406695305250225,0.3387591246024403
34,[0.81901595],0.4406860021486336,0.23748791511227474
35,[0.56089896],0.1795124663515083,0.0028481443640849813
36,[0.62268484],0.18687916248418582,0.02061154965094758
37,[0.80590199],0.39009188575585185,0.2827018971102403
38,[0.10822789],0.5535388417405607,0.47330014980217605
39,[0.34511062],0.31478341255277514,0.2668850621144969
40,[0.6613886],0.4246910994910726,0.23531877183454697
41,[0.9985213],0.6653517860906883,0.4169932651580516
42,[0.0668914],0.6900456514903854,0.5451042766589451
43,[0.93490569],0.5853302072044191,0.38530785781044385
44,[0.77838042],0.3494504374267988,0.25518033455664435
45,[0.47638346],0.33935230112034176,0.14630137262613663
46,[0.00440647],0.6167369806532733,0.5542905468229561
47,[0.86823668],0.5408861807303558,0.31018586531498404
48,[0.75904584],0.35439039688583723,0.19814688288023252
49,[0.55869701],0.3088512283475395,0.022831026258064546
