,0,1,2
0,[0.55805082],0.28913000544722206,0.0028481443640849813
1,[0.0747468],0.46231481258538576,0.5475024492974242
2,[0.42550334],0.21775530430713888,0.19674590371646838
3,[0.62224925],0.18118961692563418,0.06135028730093661
4,[0.60207329],0.14728904809096172,0.043376274828358596
5,[0.79904154],0.2355733952877624,0.21751349886636162
6,[0.91411051],0.5974221932553379,0.3532115542014065
7,[0.10756069],0.5445787468213462,0.5044349908432375
8,[0.52320009],0.2171307693198005,0.0788731975157626
9,[0.3320891],0.4249562090665961,0.24943893949472684
10,[0.71380493],0.35511482818069817,0.24621078675095187
11,[0.99333493],0.47187904519319773,0.4352841166446645
12,[0.71936386],0.26576797523464524,0.13783582472985823
13,[0.42606982],0.31888354799922186,0.18592585286839725
14,[0.83558657],0.5314939514152901,0.2859887390898215
15,[0.27346634],0.5969294488055306,0.30806169737395783
16,[0.07017575],0.5284991137638532,0.4885212658531817
17,[0.8168923],0.21454528327496725,0.23536425994196108
18,[0.54959783],0.3122734263807013,0.03193020589744311
19,[0.46759414],0.2674963273372935,0.14440153272209666
20,[0.34138365],0.3341993062607854,0.21731336069129814
21,[0.82138888],0.44416963078354854,0.26269186671909917
22,[0.66358071],0.3011788267595838,0.11398288042041604
23,[0.1856602],0.43881989057958276,0.4365890471057515
24,[0.20936825],0.47259435612529954,0.35153071354222243
25,[0.05539514],0.49042897448197414,0.5567661306434358
26,[0.2891168],0.35425370018012525,0.328223456668731
27,[0.66505606],0.3394234671792638,0.14185596462285344
28,[0.43368699],0.3285328632466075,0.17847428094608875
29,[0.58152804],0.30288463382842895,0.04115679822124163
30,[0.98538316],0.6473342354801449,0.4273323464663126
31,[0.01119611],0.6760285695256962,0.5908771822612573
32,[0.61199568],0.32122696431629877,0.010689160070005421
33,[0.81514259],0.406695305250225,0.3387591246024403
34,[0.81901595],0.37611022682188794,0.24780245457495775
35,[0.56089896],0.1925090430371556,0.0028481443640849813
36,[0.62268484],0.1842563690946852,0.04115679822124163
37,[0.80590199],0.39009188575585185,0.2827018971102403
38,[0.10822789],0.5855388984092904,0.47330014980217605
39,[0.34511062],0.3192462912777333,0.27201184722666405
40,[0.6613886],0.4246910994910726,0.23531877183454697
41,[0.9985213],0.660258811974639,0.4169932651580516
42,[0.0668914],0.6897505832595031,0.5451042766589451
43,[0.93490569],0.507875254359502,0.38530785781044385
44,[0.77838042],0.36505794672716546,0.2203296089006268
45,[0.47638346],0.317710595698088,0.14630137262613663
46,[0.00440647],0.6167369806532734,0.5542905468229561
47,[0.86823668],0.5408861807303558,0.30733772095089906
48,[0.75904584],0.3591320061383557,0.1878323434175495
49,[0.55869701],0.3088512283475395,0.022831026258064546
