,0,1,2
0,[0.55805082],0.44213008495352535,0.15575411546954243
1,[0.0747468],0.7623491083889968,0.639058133101945
2,[0.42550334],0.3574233631289242,0.13539561641553177
3,[0.62224925],0.3513655256292842,0.09904915732103914
4,[0.60207329],0.3668524748206393,0.12568982297518905
5,[0.79904154],0.3691284541446609,0.1870458607151254
6,[0.91411051],0.5974221932553379,0.43772704968093545
7,[0.10756069],0.4071626844385568,0.4420371467945582
8,[0.52320009],0.33788401384983835,0.037698870020102526
9,[0.3320891],0.3973240134789898,0.2288098605693608
10,[0.71380493],0.45482682782384476,0.15575411546954243
11,[0.99333493],0.6552860056584968,0.4352841166446645
12,[0.71936386],0.2894507800081575,0.10736818657862202
13,[0.42606982],0.47732548903376787,0.23531877183454697
14,[0.83558657],0.5876670704802767,0.4095167479095394
15,[0.27346634],0.563629564841101,0.44033858955404925
16,[0.07017575],0.7669201595783894,0.6436291842913376
17,[0.8168923],0.38697921522026035,0.20489662179072488
18,[0.54959783],0.3588760792084195,0.12352800881971793
19,[0.46759414],0.46022141920980725,0.09045667128140944
20,[0.34138365],0.30844670524483775,0.20821418105191958
21,[0.82138888],0.5408869741437685,0.23986084046103462
22,[0.66358071],0.37616440531772566,0.1403806234684415
23,[0.1856602],0.3551161831648009,0.36393763283273783
24,[0.20936825],0.4940884657224558,0.35153071354222243
25,[0.05539514],0.45932823391705907,0.49420269627306046
26,[0.2891168],0.38137614269135145,0.3335680367037337
27,[0.66505606],0.4281510121533163,0.18867259008227988
28,[0.43368699],0.40052973502932954,0.16838630104345054
29,[0.58152804],0.23601365423554582,0.04115679822124163
30,[0.98538316],0.6473342354801449,0.4273323464663126
31,[0.01119611],0.6922606069458306,0.5497028547655972
32,[0.61199568],0.23844202747315765,0.010689160070005421
33,[0.81514259],0.4984542681768427,0.3387591246024403
34,[0.81901595],0.571096452400173,0.2603189413703393
35,[0.56089896],0.3364768353836435,0.037698870020102526
36,[0.62268484],0.24057985948715874,0.010689160070005421
37,[0.80590199],0.5056306101527007,0.2827018971102403
38,[0.10822789],0.5622650540110354,0.5144569480234177
39,[0.34511062],0.41824500932735037,0.21578834503789468
40,[0.6613886],0.42595053701731694,0.23531877183454697
41,[0.9985213],0.5686082204363508,0.38652562700681536
42,[0.0668914],0.6503266555577409,0.535181887078003
43,[0.93490569],0.5968567642162842,0.37685487520245176
44,[0.77838042],0.4616921035904732,0.3019969600160708
45,[0.47638346],0.39199043941567724,0.12568982297518905
46,[0.00440647],0.7128115901310528,0.5976668216513147
47,[0.86823668],0.5679653040134621,0.3450365909710016
48,[0.75904584],0.4587744659427955,0.23584575290033505
49,[0.55869701],0.24057985948715874,0.06398782447930618
