,0,1,2
0,[0.55805082],0.28449844885997455,0.0028481443640849813
1,[0.0747468],0.46231481258538576,0.5372488790730898
2,[0.42550334],0.2630227681515379,0.19674590371646838
3,[0.62224925],0.24457201305977963,0.09904915732103914
4,[0.60207329],0.23681433093439264,0.04117432749566008
5,[0.79904154],0.263211428804473,0.21751349886636162
6,[0.91411051],0.5974221932553379,0.34289701473872347
7,[0.10756069],0.5794274933334458,0.49947379605276643
8,[0.52320009],0.18950096801881933,0.0788731975157626
9,[0.3320891],0.3505132089390105,0.24943893949472684
10,[0.71380493],0.35511482818069806,0.24621078675095187
11,[0.99333493],0.4929134078248043,0.434637919613278
12,[0.71936386],0.26576797523464524,0.13783582472985823
13,[0.42606982],0.38207807839619673,0.18592585286839725
14,[0.83558657],0.5314939514152901,0.2768895594504429
15,[0.27346634],0.4353891540051601,0.30806169737395783
16,[0.07017575],0.5284991137638532,0.4907232131858802
17,[0.8168923],0.3473390286550396,0.23536425994196108
18,[0.54959783],0.3627560241214411,0.03193020589744311
19,[0.46759414],0.2630268590183588,0.14974611275709937
20,[0.34138365],0.36845146963567077,0.21731336069129814
21,[0.82138888],0.44416963078354854,0.26269186671909917
22,[0.66358071],0.2649969996403839,0.11398288042041604
23,[0.1856602],0.46617920969544197,0.4365890471057515
24,[0.20936825],0.47259435612529954,0.35153071354222243
25,[0.05539514],0.5859554348943016,0.5668541105460742
26,[0.2891168],0.35425370018012525,0.3335680367037337
27,[0.66505606],0.22008560457312737,0.14185596462285344
28,[0.43368699],0.32853286324660746,0.18856226084872707
29,[0.58152804],0.19520428826972497,0.03046763815123621
30,[0.98538316],0.6473342354801449,0.4273323464663126
31,[0.01119611],0.5989669979636074,0.6007995718421995
32,[0.61199568],0.2910823139030439,0.010689160070005421
33,[0.81514259],0.5641756573656931,0.3387591246024403
34,[0.81901595],0.37611022682188794,0.23748791511227474
35,[0.56089896],0.26264034710081485,0.0022019473326985173
36,[0.62268484],0.1842563690946852,0.04115679822124163
37,[0.80590199],0.43368854498483145,0.2472049744228363
38,[0.10822789],0.61503960273729,0.47330014980217605
39,[0.34511062],0.2549617417215175,0.2668850621144969
40,[0.6613886],0.41412454901740714,0.11179076301482904
41,[0.9985213],0.6191627086418382,0.4169932651580516
42,[0.0668914],0.5759506034116428,0.5451042766589451
43,[0.93490569],0.42776112069295397,0.38108136650644786
44,[0.77838042],0.36505794672716546,0.25518033455664435
45,[0.47638346],0.317710595698088,0.1356122125561312
46,[0.00440647],0.6167369806532734,0.5564924941556546
47,[0.86823668],0.6321479186428036,0.31018586531498404
48,[0.75904584],0.2939067460945868,0.19814688288023252
49,[0.55869701],0.3088512283475395,0.022831026258064546
