,0,1,2
0,[0.55805082],0.2844984488599745,0.0028481443640849813
1,[0.0747468],0.44677984001545834,0.5372488790730898
2,[0.42550334],0.23959347192127217,0.19674590371646838
3,[0.62224925],0.17061032760591735,0.09904915732103914
4,[0.60207329],0.29837751935432016,0.04117432749566008
5,[0.79904154],0.1904239022379254,0.21751349886636162
6,[0.91411051],0.4436831589153204,0.33258247527604046
7,[0.10756069],0.6664843166623786,0.49451260126229535
8,[0.52320009],0.14264315013874992,0.0788731975157626
9,[0.3320891],0.42805358752584866,0.24943893949472684
10,[0.71380493],0.37191041681377646,0.24621078675095187
11,[0.99333493],0.6383851444237151,0.434637919613278
12,[0.71936386],0.3323117008346947,0.15846490365522425
13,[0.42606982],0.34880112890420883,0.19617942309273162
14,[0.83558657],0.5314939514152901,0.2746876121177444
15,[0.27346634],0.48058149724621524,0.3286069459442519
16,[0.07017575],0.6070685830340518,0.5318975406815403
17,[0.8168923],0.34733902865503963,0.23536425994196108
18,[0.54959783],0.3627560241214411,0.03193020589744311
19,[0.46759414],0.4213627403120368,0.19489051039103988
20,[0.34138365],0.3055164730688184,0.21731336069129814
21,[0.82138888],0.3330990659185188,0.26333806375048563
22,[0.66358071],0.2829682509232554,0.11398288042041604
23,[0.1856602],0.44738125203994566,0.4365890471057515
24,[0.20936825],0.4022932650854836,0.35153071354222243
25,[0.05539514],0.5859554348943016,0.5566005403217398
26,[0.2891168],0.3723845064063001,0.3335680367037337
27,[0.66505606],0.24183144118245706,0.14185596462285344
28,[0.43368699],0.25431572625067894,0.1783086906243927
29,[0.58152804],0.19520428826972497,0.02550644336076513
30,[0.98538316],0.5245446142633645,0.4273323464663126
31,[0.01119611],0.5989669979636074,0.6007995718421995
32,[0.61199568],0.30679384716099894,0.010689160070005421
33,[0.81514259],0.4659437743220415,0.2655447560949884
34,[0.81901595],0.37830828917732584,0.23748791511227474
35,[0.56089896],0.24310889773331867,0.0022019473326985173
36,[0.62268484],0.21072502757703057,0.04115679822124163
37,[0.80590199],0.3748222024553497,0.2472049744228363
38,[0.10822789],0.5629416188600098,0.47330014980217605
39,[0.34511062],0.2859718607275151,0.2668850621144969
40,[0.6613886],0.41412454901740714,0.10333778040683694
41,[0.9985213],0.6191627086418382,0.3964480165877575
42,[0.0668914],0.4581838203226775,0.5451042766589451
43,[0.93490569],0.4006601117081807,0.37685487520245176
44,[0.77838042],0.509079299727804,0.25518033455664435
45,[0.47638346],0.34485661363106096,0.12568982297518905
46,[0.00440647],0.6295345455491346,0.5976668216513147
47,[0.86823668],0.5128100560366674,0.31441235661898015
48,[0.75904584],0.195611035888461,0.19814688288023252
49,[0.55869701],0.2025593242345612,0.022831026258064546
