,0,1,2
0,[0.55805082],0.4236760047299363,0.03264872209406644
1,[0.0747468],0.6300612385316051,0.5611810753671739
2,[0.42550334],0.3016410387420175,0.13539561641553177
3,[0.62224925],0.5084131723258181,0.07265141427301369
4,[0.60207329],0.3668524748206393,0.10228151024547583
5,[0.79904154],0.3691284541446609,0.1870458607151254
6,[0.91411051],0.5621607658471615,0.43772704968093545
7,[0.10756069],0.4071626844385568,0.4420371467945582
8,[0.52320009],0.27370541501059104,0.037698870020102526
9,[0.3320891],0.37136761274959423,0.2288098605693608
10,[0.71380493],0.45482682782384476,0.20098245111024715
11,[0.99333493],0.6552860056584968,0.4805124522853692
12,[0.71936386],0.18672927214417123,0.10736818657862202
13,[0.42606982],0.4243061312924854,0.13198099142771003
14,[0.83558657],0.5876670704802767,0.3679924277632388
15,[0.27346634],0.471999813931167,0.3624615318192781
16,[0.07017575],0.6346322897209977,0.5657521265565665
17,[0.8168923],0.2840878256155769,0.20489662179072488
18,[0.54959783],0.3588760792084195,0.08200368867341734
19,[0.46759414],0.4160012672632254,0.09045667128140944
20,[0.34138365],0.30844670524483775,0.20821418105191958
21,[0.82138888],0.551036451086141,0.22462702138541657
22,[0.66358071],0.27415173840329815,0.12153118845839017
23,[0.1856602],0.3551161831648009,0.36393763283273783
24,[0.20936825],0.4940884657224558,0.35153071354222243
25,[0.05539514],0.45932823391705907,0.49420269627306046
26,[0.2891168],0.38137614269135145,0.3335680367037337
27,[0.66505606],0.4281510121533163,0.11545822157482799
28,[0.43368699],0.40052973502932954,0.16838630104345054
29,[0.58152804],0.14744715190535784,0.04115679822124163
30,[0.98538316],0.6473342354801449,0.4725606821070173
31,[0.01119611],0.6922606069458306,0.5855657527665813
32,[0.61199568],0.14378199751272241,0.010689160070005421
33,[0.81514259],0.4756339928670915,0.3387591246024403
34,[0.81901595],0.571096452400173,0.2603189413703393
35,[0.56089896],0.2661656410065705,0.037698870020102526
36,[0.62268484],0.1459198295267235,0.010689160070005421
37,[0.80590199],0.3956900391995813,0.2827018971102403
38,[0.10822789],0.5622650540110354,0.509112367988415
39,[0.34511062],0.41824500932735037,0.21578834503789468
40,[0.6613886],0.42595053701731694,0.19379445168824638
41,[0.9985213],0.4657168308316673,0.38652562700681536
42,[0.0668914],0.6166493953490508,0.535181887078003
43,[0.93490569],0.5968567642162842,0.37685487520245176
44,[0.77838042],0.4535766941152698,0.3019969600160708
45,[0.47638346],0.39199043941567724,0.12568982297518905
46,[0.00440647],0.6791343299223627,0.5976668216513147
47,[0.86823668],0.4580247330603425,0.3450365909710016
48,[0.75904584],0.348833894989676,0.23584575290033505
49,[0.55869701],0.16114576766019656,0.06398782447930618
