,0,1,2
0,[0.55805082],0.3020201542434394,0.0028481443640849813
1,[0.0747468],0.44612297073616586,0.5372488790730898
2,[0.42550334],0.17812592773109237,0.19674590371646838
3,[0.62224925],0.20847230990999982,0.09904915732103914
4,[0.60207329],0.27330940584570246,0.04117432749566008
5,[0.79904154],0.286308319480686,0.21751349886636162
6,[0.91411051],0.447771955514287,0.3532115542014065
7,[0.10756069],0.5882319877053948,0.49451260126229535
8,[0.52320009],0.1757765963445412,0.0788731975157626
9,[0.3320891],0.41558498022461504,0.2597115637798738
10,[0.71380493],0.35511482818069806,0.24621078675095187
11,[0.99333493],0.6185753129595073,0.434637919613278
12,[0.71936386],0.3323117008346948,0.15956587732157346
13,[0.42606982],0.313224604135854,0.19617942309273162
14,[0.83558657],0.48164551917440185,0.2746876121177444
15,[0.27346634],0.5301517315370597,0.3286069459442519
16,[0.07017575],0.5560297021136482,0.5318975406815403
17,[0.8168923],0.4502304182597231,0.23536425994196108
18,[0.54959783],0.29786869099228924,0.03193020589744311
19,[0.46759414],0.3608846052981201,0.19379445168824638
20,[0.34138365],0.29871318729969687,0.21731336069129814
21,[0.82138888],0.3976748412452644,0.26333806375048563
22,[0.66358071],0.37251397906553063,0.11398288042041604
23,[0.1856602],0.47774850089286086,0.4365890471057515
24,[0.20936825],0.4635461737703445,0.35153071354222243
25,[0.05539514],0.5443125986839177,0.5617273254339069
26,[0.2891168],0.3688965738816156,0.3228788766337283
27,[0.66505606],0.22051237490133482,0.14185596462285344
28,[0.43368699],0.3325680552076628,0.18343547573655983
29,[0.58152804],0.21018383619295103,0.02054524857029405
30,[0.98538316],0.456883045716238,0.4273323464663126
31,[0.01119611],0.6153775328682021,0.6007995718421995
32,[0.61199568],0.2755749395808994,0.010471365147169842
33,[0.81514259],0.5635187880864005,0.2613182647909924
34,[0.81901595],0.37899961940384597,0.22721529082712777
35,[0.56089896],0.2626403471008148,0.0022019473326985173
36,[0.62268484],0.29553920949333917,0.04115679822124163
37,[0.80590199],0.32101022731393714,0.2472049744228363
38,[0.10822789],0.5271426434550186,0.47330014980217605
39,[0.34511062],0.3255371579119323,0.2668850621144969
40,[0.6613886],0.44526923937357077,0.10333778040683694
41,[0.9985213],0.6191627086418382,0.4169932651580516
42,[0.0668914],0.42787144518776293,0.5451042766589451
43,[0.93490569],0.34008007557835274,0.37685487520245176
44,[0.77838042],0.4896532465734655,0.25518033455664435
45,[0.47638346],0.34485661363106096,0.12568982297518905
46,[0.00440647],0.6295345455491346,0.5771215730810206
47,[0.86823668],0.5128100560366674,0.31018586531498404
48,[0.75904584],0.1872287565398763,0.19814688288023252
49,[0.55869701],0.20865285186480845,0.022831026258064546
