,0,1,2
0,[0.55805082],0.3065182702527219,0.013162683826767996
1,[0.0747468],0.5101120586642949,0.5372488790730898
2,[0.42550334],0.19059286650324464,0.17656994391119185
3,[0.62224925],0.22726172043816212,0.09904915732103914
4,[0.60207329],0.2936289832500165,0.04117432749566008
5,[0.79904154],0.2892644414925375,0.21751349886636162
6,[0.91411051],0.41637744443737257,0.36451268117348357
7,[0.10756069],0.5882319877053946,0.49451260126229535
8,[0.52320009],0.17413986777099294,0.0788731975157626
9,[0.3320891],0.35288541588733563,0.24943893949472684
10,[0.71380493],0.35511482818069806,0.1774059696015473
11,[0.99333493],0.5283480476727199,0.4324359722805795
12,[0.71936386],0.31960156228087283,0.16066685098792277
13,[0.42606982],0.3132246041358539,0.19105263798056438
14,[0.83558657],0.38280497991978973,0.2775357564818294
15,[0.27346634],0.47427052928616026,0.3286069459442519
16,[0.07017575],0.5284991137638532,0.5318975406815403
17,[0.8168923],0.4709217383092609,0.23536425994196108
18,[0.54959783],0.21327998974855084,0.03193020589744311
19,[0.46759414],0.27281332924538065,0.19379445168824638
20,[0.34138365],0.25209271485192664,0.21951530802399666
21,[0.82138888],0.38147094259721925,0.26269186671909917
22,[0.66358071],0.3719510250775907,0.10552989781242395
23,[0.1856602],0.3795319424700084,0.4365890471057515
24,[0.20936825],0.4635461737703445,0.35153071354222243
25,[0.05539514],0.5403177154347351,0.5617273254339069
26,[0.2891168],0.3688965738816156,0.3228788766337283
27,[0.66505606],0.22051237490133482,0.11545822157482799
28,[0.43368699],0.328701138876401,0.18343547573655983
29,[0.58152804],0.21018383619295103,0.02054524857029405
30,[0.98538316],0.4568830457162381,0.4273323464663126
31,[0.01119611],0.5598976309886373,0.6007995718421995
32,[0.61199568],0.2487067762815673,0.03046763815123621
33,[0.81514259],0.5070212525679592,0.2613182647909924
34,[0.81901595],0.37899961940384597,0.25811699403764077
35,[0.56089896],0.2868101726611811,0.0022019473326985173
36,[0.62268484],0.31253322314925336,0.06178587714660766
37,[0.80590199],0.40387167498395027,0.2472049744228363
38,[0.10822789],0.5535388417405606,0.4938453983724701
39,[0.34511062],0.3255371579119323,0.2668850621144969
40,[0.6613886],0.41412454901740714,0.10333778040683694
41,[0.9985213],0.5298004453405312,0.4169932651580516
42,[0.0668914],0.4996594828775024,0.5451042766589451
43,[0.93490569],0.34008007557835274,0.37685487520245176
44,[0.77838042],0.43818478628804003,0.25518033455664435
45,[0.47638346],0.34485661363106096,0.12568982297518905
46,[0.00440647],0.7224382125719615,0.5771215730810206
47,[0.86823668],0.5604255300094415,0.31018586531498404
48,[0.75904584],0.21024255182181212,0.19814688288023252
49,[0.55869701],0.2602969389095507,0.043376274828358596
