,0,1,2
0,[0.55805082],0.2919246599906672,0.04402247185974506
1,[0.0747468],0.4542805705786563,0.5372488790730898
2,[0.42550334],0.22436442518903657,0.17656994391119185
3,[0.62224925],0.1653146409024209,0.07265141427301369
4,[0.60207329],0.250638081701209,0.043376274828358596
5,[0.79904154],0.2537608807015642,0.21751349886636162
6,[0.91411051],0.5660276821784234,0.36451268117348357
7,[0.10756069],0.49308630853588137,0.49451260126229535
8,[0.52320009],0.17413986777099294,0.0788731975157626
9,[0.3320891],0.30738966587885413,0.24943893949472684
10,[0.71380493],0.37191041681377657,0.15998060677353854
11,[0.99333493],0.5283480476727199,0.4335369459469287
12,[0.71936386],0.31960156228087283,0.16066685098792277
13,[0.42606982],0.38350896607248103,0.19617942309273162
14,[0.83558657],0.38280497991978973,0.2775357564818294
15,[0.27346634],0.482288952299818,0.33852933552519404
16,[0.07017575],0.5682430224734323,0.5318975406815403
17,[0.8168923],0.3963143758148376,0.23536425994196108
18,[0.54959783],0.22329468630374566,0.03193020589744311
19,[0.46759414],0.27281332924538065,0.19379445168824638
20,[0.34138365],0.20847847389261753,0.21951530802399666
21,[0.82138888],0.36429484111714155,0.26269186671909917
22,[0.66358071],0.3051681231320502,0.10552989781242395
23,[0.1856602],0.2793385354236445,0.42633547688141715
24,[0.20936825],0.4530629067578034,0.35153071354222243
25,[0.05539514],0.6135102236776859,0.5566005403217398
26,[0.2891168],0.3919882181965812,0.3228788766337283
27,[0.66505606],0.3113548682994471,0.11545822157482799
28,[0.43368699],0.23523221660596824,0.18856226084872707
29,[0.58152804],0.1436173555244097,0.02054524857029405
30,[0.98538316],0.4568830457162381,0.4273323464663126
31,[0.01119611],0.7247457051068052,0.6007995718421995
32,[0.61199568],0.22477866330310362,0.03046763815123621
33,[0.81514259],0.4890757879588149,0.2570917734869963
34,[0.81901595],0.38752800005094346,0.25811699403764077
35,[0.56089896],0.2868093829894188,0.02062907892536603
36,[0.62268484],0.3457334922795873,0.06398782447930618
37,[0.80590199],0.40387167498395027,0.2472049744228363
38,[0.10822789],0.6405956650694936,0.4938453983724701
39,[0.34511062],0.3338034511414127,0.26192386732402584
40,[0.6613886],0.39376303697252457,0.10333778040683694
41,[0.9985213],0.5797104361829223,0.4376223440834176
42,[0.0668914],0.6134594627253627,0.5451042766589451
43,[0.93490569],0.4212910911933715,0.37685487520245176
44,[0.77838042],0.4045075260793499,0.25518033455664435
45,[0.47638346],0.34485661363106096,0.1356122125561312
46,[0.00440647],0.6190811752425087,0.5771215730810206
47,[0.86823668],0.49793578716265896,0.31018586531498404
48,[0.75904584],0.3781437756088938,0.19814688288023252
49,[0.55869701],0.2602969389095507,0.043376274828358596
