,0,1,2
0,[0.55805082],0.21523411276721785,0.02347722328945101
1,[0.0747468],0.5832718533464979,0.5372488790730898
2,[0.42550334],0.195285468622145,0.17656994391119185
3,[0.62224925],0.1674301151497683,0.06135028730093661
4,[0.60207329],0.24542865592574267,0.043376274828358596
5,[0.79904154],0.21360607155306804,0.24034452512442617
6,[0.91411051],0.5660276821784234,0.35605969856549147
7,[0.10756069],0.49308630853588137,0.49451260126229535
8,[0.52320009],0.1757765963445412,0.0788731975157626
9,[0.3320891],0.3175714271050972,0.2699841880650209
10,[0.71380493],0.3206661712261911,0.15575411546954243
11,[0.99333493],0.5640525627414232,0.4324359722805795
12,[0.71936386],0.21060856722701377,0.16066685098792277
13,[0.42606982],0.328245443084738,0.19617942309273162
14,[0.83558657],0.49214061006794924,0.2775357564818294
15,[0.27346634],0.48228895229981805,0.33852933552519404
16,[0.07017575],0.6084420279222956,0.5318975406815403
17,[0.8168923],0.38808301617058927,0.2570943125336763
18,[0.54959783],0.22329468630374566,0.03193020589744311
19,[0.46759414],0.27281332924538065,0.1548728978692665
20,[0.34138365],0.2383576839459581,0.21951530802399666
21,[0.82138888],0.36429484111714155,0.26269186671909917
22,[0.66358071],0.3051681231320502,0.10552989781242395
23,[0.1856602],0.4202890871712679,0.42633547688141715
24,[0.20936825],0.4530629067578035,0.3927050410378825
25,[0.05539514],0.6061763568413989,0.5566005403217398
26,[0.2891168],0.45695295580029127,0.3228788766337283
27,[0.66505606],0.3398502375074712,0.11545822157482799
28,[0.43368699],0.23523221660596824,0.18856226084872707
29,[0.58152804],0.1858977631187309,0.02054524857029405
30,[0.98538316],0.6416249628370309,0.4273323464663126
31,[0.01119611],0.8846902974882138,0.6007995718421995
32,[0.61199568],0.19416358019903335,0.053298664409300756
33,[0.81514259],0.44623553843944375,0.2570917734869963
34,[0.81901595],0.366054362735219,0.25811699403764077
35,[0.56089896],0.2868093829894188,0.02062907892536603
36,[0.62268484],0.3283147475896103,0.06398782447930618
37,[0.80590199],0.47004082555468435,0.2472049744228363
38,[0.10822789],0.6405956650694934,0.4938453983724701
39,[0.34511062],0.3201811368047431,0.25696267253355476
40,[0.6613886],0.4073464990574435,0.12498963453884182
41,[0.9985213],0.5136302773499337,0.4398242914161161
42,[0.0668914],0.659733276355471,0.5451042766589451
43,[0.93490569],0.37309294676220905,0.37685487520245176
44,[0.77838042],0.4045075260793499,0.25518033455664435
45,[0.47638346],0.4372805936970437,0.14630137262613663
46,[0.00440647],0.7224382125719615,0.5976668216513147
47,[0.86823668],0.5128100560366674,0.3095396682835976
48,[0.75904584],0.3666622907121551,0.2009950272443175
49,[0.55869701],0.19546916097556039,0.043376274828358596
