,0,1,2
0,[0.55805082],0.3677700044949119,0.049454826944700714
1,[0.0747468],0.44725782191407026,0.5360689665386146
2,[0.42550334],0.25447188816195043,0.13539561641553177
3,[0.62224925],0.40246692777222776,0.09904915732103914
4,[0.60207329],0.3829835819191739,0.0788731975157626
5,[0.79904154],0.3024148468039141,0.1870458607151254
6,[0.91411051],0.5621607658471615,0.43772704968093545
7,[0.10756069],0.32918836497534565,0.4504901294025503
8,[0.52320009],0.23407603843454447,0.037698870020102526
9,[0.3320891],0.31052043465424783,0.2288098605693608
10,[0.71380493],0.44816298493901086,0.20520894241424315
11,[0.99333493],0.5698195363652344,0.45270947947267326
12,[0.71936386],0.12001566480342449,0.10736818657862202
13,[0.42606982],0.34137380620936997,0.13198099142771003
14,[0.83558657],0.5653089178773109,0.3679924277632388
15,[0.27346634],0.3677700044949119,0.3373494229907188
16,[0.07017575],0.45091466286558435,0.5406400177280072
17,[0.8168923],0.1980384129731068,0.20489662179072488
18,[0.54959783],0.3588760792084195,0.08200368867341734
19,[0.46759414],0.34967867023863003,0.09045667128140944
20,[0.34138365],0.29794855939061743,0.21666716365991168
21,[0.82138888],0.2175564752853484,0.2093932023097984
22,[0.66358071],0.45592900230136146,0.1403806234684415
23,[0.1856602],0.29794855939061743,0.37239061544072993
24,[0.20936825],0.4086971170325372,0.35153071354222243
25,[0.05539514],0.37092080455814747,0.5026556788810526
26,[0.2891168],0.38137614269135145,0.3335680367037337
27,[0.66505606],0.4281510121533163,0.11545822157482799
28,[0.43368699],0.40052973502932954,0.16838630104345054
29,[0.58152804],0.09353110946047234,0.04115679822124163
30,[0.98538316],0.6654255697364269,0.4767871734110133
31,[0.01119611],0.6255521070866779,0.5958383770517284
32,[0.61199568],0.08134405419997785,0.010689160070005421
33,[0.81514259],0.4756339928670915,0.3387591246024403
34,[0.81901595],0.571096452400173,0.23748791511227474
35,[0.56089896],0.23407603843454447,0.037698870020102526
36,[0.62268484],0.08134405419997785,0.010689160070005421
37,[0.80590199],0.33207724927059956,0.2827018971102403
38,[0.10822789],0.5622650540110354,0.5144569480234177
39,[0.34511062],0.41824500932735037,0.21578834503789468
40,[0.6613886],0.42595053701731694,0.19379445168824638
41,[0.9985213],0.6078047647112379,0.4169932651580516
42,[0.0668914],0.6166493953490508,0.535181887078003
43,[0.93490569],0.5643224605581448,0.39428023803046053
44,[0.77838042],0.4535766941152698,0.3019969600160708
45,[0.47638346],0.39199043941567724,0.12568982297518905
46,[0.00440647],0.6791343299223627,0.5976668216513147
47,[0.86823668],0.38194500435920864,0.3450365909710016
48,[0.75904584],0.348833894989676,0.19924785654658173
49,[0.55869701],0.11179593046692397,0.06398782447930618
