,0,1,2
0,[0.83742801],0.5911396936396419,[0.24628832]
1,[0.70845169],0.5752005467094384,[0.13325114]
2,[0.62749265],0.5752005467094384,[0.05229211]
3,[0.46484265],0.6374540231341552,[0.17261137]
4,[0.74086964],0.5766029446253242,[0.16426669]
5,[0.23707051],0.6425726604124277,[0.40550215]
6,[0.84496052],0.5766029446253242,[0.26835758]
7,[0.20694024],0.6043950065823671,[0.39745477]
8,[0.14882462],0.6043950065823671,[0.45557039]
9,[0.58309525],0.5979027010064251,[0.01480745]
10,[0.85793777],0.5727477705770654,[0.28519]
11,[0.54710037],0.621924008874825,[0.07482364]
12,[0.35699342],0.6043950065823671,[0.24740159]
13,[0.66873233],0.5911396936396419,[0.07759264]
14,[0.02270623],0.6650432041932446,[0.64233697]
15,[0.2750799],0.6374540231341552,[0.36237412]
16,[0.97963663],0.5911396936396419,[0.38849693]
17,[0.07499155],0.6425726604124277,[0.56758112]
18,[0.44244116],0.621924008874825,[0.17948285]
19,[0.3332414],0.6374540231341552,[0.30421263]
20,[0.12985633],0.621924008874825,[0.49206768]
21,[0.63712344],0.5752005467094384,[0.06192289]
22,[0.60712397],0.6306670019138716,[0.02354303]
23,[0.27485739],0.6374540231341552,[0.36259663]
24,[0.89052229],0.5247118656077044,[0.36581042]
25,[0.9723702],0.5766029446253242,[0.39576725]
26,[0.78545553],0.5247118656077044,[0.26074366]
27,[0.66237473],0.5247118656077044,[0.13766287]
28,[0.83963733],0.5247118656077044,[0.31492547]
29,[0.37977414],0.6650432041932446,[0.28526907]
30,[0.19072386],0.6043950065823671,[0.41367115]
31,[0.66921897],0.5911396936396419,[0.07807928]
32,[0.60617571],0.6224180025962728,[0.01624229]
33,[0.52786777],0.6650432041932446,[0.13717544]
34,[0.47784276],0.6425726604124277,[0.1647299]
35,[0.57520055],0.621924008874825,[0.04672346]
36,[0.64257266],0.5247118656077044,[0.11786079]
37,[0.46307446],0.6043950065823671,[0.14132055]
38,[0.91233648],0.5247118656077044,[0.38762461]
39,[0.52471187],0.6425726604124277,[0.11786079]
40,[0.62946211],0.5766029446253242,[0.05285916]
41,[0.90262819],0.5727477705770654,[0.32988042]
42,[0.98528437],0.5766029446253242,[0.40868143]
43,[0.69264318],0.5752005467094384,[0.11744263]
44,[0.49987933],0.621924008874825,[0.12204468]
45,[0.96702402],0.5727477705770654,[0.39427625]
46,[0.29742171],0.6043950065823671,[0.3069733]
47,[0.2342545],0.6650432041932446,[0.4307887]
48,[0.66599446],0.5766029446253242,[0.08939152]
49,[0.40026821],0.6425726604124277,[0.24230445]
50,[0.00441681],0.6425726604124277,[0.63815585]
51,[0.71607639],0.5911396936396419,[0.1249367]
52,[0.74334403],0.5727477705770654,[0.17059626]
53,[0.9239222],0.5247118656077044,[0.39921034]
54,[0.47952181],0.6043950065823671,[0.1248732]
55,[0.91782742],0.5727477705770654,[0.34507965]
56,[0.77177113],0.5247118656077044,[0.24705926]
57,[0.82342112],0.5911396936396419,[0.23228142]
58,[0.84503708],0.5727477705770654,[0.27228931]
59,[0.44973959],0.621924008874825,[0.17218441]
60,[0.14917888],0.6650432041932446,[0.51586432]
61,[0.99527442],0.5752005467094384,[0.42007387]
62,[0.83039974],0.5727477705770654,[0.25765196]
63,[0.69900156],0.5766029446253242,[0.12239861]
64,[0.54602449],0.621924008874825,[0.07589952]
65,[0.72296244],0.5727477705770654,[0.15021466]
66,[0.05463586],0.6425726604124277,[0.5879368]
67,[0.29154728],0.621924008874825,[0.33037673]
68,[0.84395761],0.5727477705770654,[0.27120984]
69,[0.43836685],0.6374540231341552,[0.19908718]
70,[0.26410547],0.6425726604124277,[0.37846719]
71,[0.06509384],0.621924008874825,[0.55683016]
72,[0.57068219],0.6374540231341552,[0.06677183]
73,[0.89142961],0.5766029446253242,[0.31482667]
74,[0.57011064],0.6043950065823671,[0.03428437]
75,[0.8470256],0.5247118656077044,[0.32231373]
76,[0.48254447],0.621924008874825,[0.13937954]
77,[0.6913495],0.5752005467094384,[0.11614895]
78,[0.69994888],0.5752005467094384,[0.12474833]
79,[0.50301351],0.6650432041932446,[0.1620297]
80,[0.78333428],0.5911396936396419,[0.19219459]
81,[0.71500143],0.5752005467094384,[0.13980088]
82,[0.09131973],0.6650432041932446,[0.57372348]
83,[0.62569476],0.5766029446253242,[0.04909182]
84,[0.37574955],0.6043950065823671,[0.22864546]
85,[0.85802669],0.5766029446253242,[0.28142374]
86,[0.24810248],0.6425726604124277,[0.39447018]
87,[0.92320615],0.5752005467094384,[0.3480056]
88,[0.02562308],0.6043950065823671,[0.57877193]
89,[0.69786936],0.5911396936396419,[0.10672967]
90,[0.27585441],0.6374540231341552,[0.36159962]
91,[0.46037816],0.6374540231341552,[0.17707586]
92,[0.1020657],0.6425726604124277,[0.54050696]
93,[0.9074684],0.5911396936396419,[0.31632871]
94,[0.57610367],0.6374540231341552,[0.06135035]
95,[0.53837157],0.6650432041932446,[0.12667164]
96,[0.71915634],0.5247118656077044,[0.19444447]
97,[0.62192401],0.5752005467094384,[0.04672346]
98,[0.36881186],0.6650432041932446,[0.29623134]
