,0,1,2
0,[0.83742801],0.6061757141775244,[0.2312523]
1,[0.70845169],0.621924008874825,[0.08652768]
2,[0.62749265],0.5701106390493823,[0.05738201]
3,[0.46484265],0.6061757141775244,[0.14133307]
4,[0.74086964],0.5752005467094384,[0.16566909]
5,[0.23707051],0.6360173829779134,[0.39894688]
6,[0.84496052],0.5701106390493823,[0.27484988]
7,[0.20694024],0.5830952502012662,[0.37615501]
8,[0.14882462],0.621924008874825,[0.47309939]
9,[0.58309525],0.6071239728564384,[0.02402872]
10,[0.85793777],0.6066498435169814,[0.25128793]
11,[0.54710037],0.5911396936396419,[0.04403932]
12,[0.35699342],0.621924008874825,[0.26493059]
13,[0.66873233],0.5761036731017595,[0.09262866]
14,[0.02270623],0.6371234352508778,[0.6144172]
15,[0.2750799],0.5761036731017595,[0.30102377]
16,[0.97963663],0.6061757141775244,[0.37346091]
17,[0.07499155],0.5756521099055989,[0.50066056]
18,[0.44244116],0.5752005467094384,[0.13275939]
19,[0.3332414],0.5830952502012662,[0.24985385]
20,[0.12985633],0.6238093859191465,[0.49395305]
21,[0.63712344],0.5830952502012662,[0.05402819]
22,[0.60712397],0.6168341830603895,[0.00971021]
23,[0.27485739],0.5761036731017595,[0.30124628]
24,[0.89052229],0.5830952502012662,[0.30742704]
25,[0.9723702],0.5703964162273223,[0.40197378]
26,[0.78545553],0.621924008874825,[0.16353152]
27,[0.66237473],0.5911396936396419,[0.07123504]
28,[0.83963733],0.5752005467094384,[0.26443678]
29,[0.37977414],0.6265937074533613,[0.24681957]
30,[0.19072386],0.6294621055433993,[0.43873825]
31,[0.66921897],0.6294621055433993,[0.03975686]
32,[0.60617571],0.5830952502012662,[0.02308046]
33,[0.52786777],0.6524736968522569,[0.12460593]
34,[0.47784276],0.5830952502012662,[0.10525249]
35,[0.57520055],0.6071239728564384,[0.03192343]
36,[0.64257266],0.5791478984553523,[0.06342476]
37,[0.46307446],0.6061757141775244,[0.14310126]
38,[0.91233648],0.5706821934052624,[0.34165429]
39,[0.52471187],0.6238093859191465,[0.09909752]
40,[0.62946211],0.6061757141775244,[0.02328639]
41,[0.90262819],0.5756521099055989,[0.32697608]
42,[0.98528437],0.5830952502012662,[0.40218912]
43,[0.69264318],0.621924008874825,[0.07071917]
44,[0.49987933],0.621924008874825,[0.12204468]
45,[0.96702402],0.6061757141775244,[0.36084831]
46,[0.29742171],0.6274926519432547,[0.33007095]
47,[0.2342545],0.6071239728564384,[0.37286947]
48,[0.66599446],0.5471003717833329,[0.11889409]
49,[0.40026821],0.5761036731017595,[0.17583546]
50,[0.00441681],0.6371234352508778,[0.63270663]
51,[0.71607639],0.5706821934052624,[0.1453942]
52,[0.74334403],0.6071239728564384,[0.13622005]
53,[0.9239222],0.5830952502012662,[0.34082695]
54,[0.47952181],0.5752005467094384,[0.09567874]
55,[0.91782742],0.5756521099055989,[0.34217531]
56,[0.77177113],0.5465624324972183,[0.2252087]
57,[0.82342112],0.6061757141775244,[0.2172454]
58,[0.84503708],0.6071239728564384,[0.23791311]
59,[0.44973959],0.6274926519432547,[0.17775306]
60,[0.14917888],0.6265937074533613,[0.47741483]
61,[0.99527442],0.5471003717833329,[0.44817405]
62,[0.83039974],0.5733929332535109,[0.2570068]
63,[0.69900156],0.6145239908656317,[0.08447757]
64,[0.54602449],0.5830952502012662,[0.03707076]
65,[0.72296244],0.5706821934052624,[0.15228024]
66,[0.05463586],0.6071239728564384,[0.55248812]
67,[0.29154728],0.5795994616515128,[0.28805218]
68,[0.84395761],0.5830952502012662,[0.26086236]
69,[0.43836685],0.5946354821893953,[0.15626863]
70,[0.26410547],0.6071239728564384,[0.34301851]
71,[0.06509384],0.621924008874825,[0.55683016]
72,[0.57068219],0.5761036731017595,[0.00542148]
73,[0.89142961],0.5701106390493823,[0.32131897]
74,[0.57011064],0.5761036731017595,[0.00599303]
75,[0.8470256],0.5706821934052624,[0.2763434]
76,[0.48254447],0.5830952502012662,[0.10055078]
77,[0.6913495],0.5752005467094384,[0.11614895]
78,[0.69994888],0.6071239728564384,[0.0928249]
79,[0.50301351],0.6256947629634679,[0.12268126]
80,[0.78333428],0.5946354821893953,[0.1886988]
81,[0.71500143],0.5761036731017595,[0.13889776]
82,[0.09131973],0.6066498435169814,[0.51533012]
83,[0.62569476],0.5471003717833329,[0.07859439]
84,[0.37574955],0.6061757141775244,[0.23042617]
85,[0.85802669],0.6061757141775244,[0.25185097]
86,[0.24810248],0.6256947629634679,[0.37759229]
87,[0.92320615],0.5761036731017595,[0.34710248]
88,[0.02562308],0.6256947629634679,[0.60007168]
89,[0.69786936],0.5761036731017595,[0.12176569]
90,[0.27585441],0.5761036731017595,[0.30024927]
91,[0.46037816],0.5830952502012662,[0.12271709]
92,[0.1020657],0.5752005467094384,[0.47313485]
93,[0.9074684],0.5830952502012662,[0.32437315]
94,[0.42717451],0.621924008874825,[0.1947495]
95,[0.57610367],0.5706821934052624,[0.00542148]
96,[0.53837157],0.621924008874825,[0.08355244]
97,[0.71915634],0.6071239728564384,[0.11203236]
98,[0.62192401],0.5830952502012662,[0.03882876]
99,[0.36881186],0.6692189694046883,[0.30040711]
