,0,1,2
0,[0.83742801],0.5795994616515128,[0.25782855]
1,[0.70845169],0.5729413700573505,[0.13551032]
2,[0.62749265],0.5752005467094384,[0.05229211]
3,[0.46484265],0.6061757141775244,[0.14133307]
4,[0.74086964],0.5706821934052624,[0.17018744]
5,[0.23707051],0.628477378743327,[0.39140687]
6,[0.84496052],0.5701106390493823,[0.27484988]
7,[0.20694024],0.6061757141775244,[0.39923548]
8,[0.14882462],0.6061757141775244,[0.45735109]
9,[0.58309525],0.6256947629634679,[0.04259951]
10,[0.85793777],0.5795994616515128,[0.27833831]
11,[0.54710037],0.5911396936396419,[0.04403932]
12,[0.35699342],0.6071239728564384,[0.25013055]
13,[0.66873233],0.5761036731017595,[0.09262866]
14,[0.02270623],0.6294621055433993,[0.60675587]
15,[0.2750799],0.5830952502012662,[0.30801535]
16,[0.97963663],0.6061757141775244,[0.37346091]
17,[0.07499155],0.6061757141775244,[0.53118417]
18,[0.44244116],0.5761036731017595,[0.13366252]
19,[0.3332414],0.5830952502012662,[0.24985385]
20,[0.12985633],0.6071239728564384,[0.47726764]
21,[0.63712344],0.5795994616515128,[0.05752397]
22,[0.60712397],0.5761036731017595,[0.0310203]
23,[0.27485739],0.5830952502012662,[0.30823786]
24,[0.89052229],0.5761036731017595,[0.31441862]
25,[0.9723702],0.5752005467094384,[0.39716965]
26,[0.78545553],0.621924008874825,[0.16353152]
27,[0.66237473],0.5830952502012662,[0.07927948]
28,[0.83963733],0.5752005467094384,[0.26443678]
29,[0.37977414],0.6238093859191465,[0.24403525]
30,[0.19072386],0.6256947629634679,[0.4349709]
31,[0.66921897],0.6066498435169814,[0.06256913]
32,[0.60617571],0.6071239728564384,[0.00094826]
33,[0.52786777],0.628477378743327,[0.10060961]
34,[0.47784276],0.6071239728564384,[0.12928122]
35,[0.57520055],0.6274926519432547,[0.05229211]
36,[0.64257266],0.5830952502012662,[0.05947741]
37,[0.46307446],0.6061757141775244,[0.14310126]
38,[0.91233648],0.5706821934052624,[0.34165429]
39,[0.52471187],0.6071239728564384,[0.08241211]
40,[0.62946211],0.5756521099055989,[0.05381]
41,[0.90262819],0.5830952502012662,[0.31953294]
42,[0.98528437],0.5752005467094384,[0.41008383]
43,[0.69264318],0.6061757141775244,[0.08646746]
44,[0.49987933],0.621924008874825,[0.12204468]
45,[0.96702402],0.5911396936396419,[0.37588433]
46,[0.29742171],0.628477378743327,[0.33105567]
47,[0.2342545],0.6145239908656317,[0.38026949]
48,[0.66599446],0.5701106390493823,[0.09588382]
49,[0.40026821],0.5761036731017595,[0.17583546]
50,[0.00441681],0.6274926519432547,[0.62307584]
51,[0.71607639],0.5706821934052624,[0.1453942]
52,[0.74334403],0.5795994616515128,[0.16374457]
53,[0.9239222],0.5830952502012662,[0.34082695]
54,[0.47952181],0.5761036731017595,[0.09658187]
55,[0.91782742],0.5706821934052624,[0.34714522]
56,[0.77177113],0.5471003717833329,[0.22467076]
57,[0.82342112],0.6061757141775244,[0.2172454]
58,[0.84503708],0.5761036731017595,[0.26893341]
59,[0.44973959],0.6256947629634679,[0.17595517]
60,[0.14917888],0.6238093859191465,[0.47463051]
61,[0.99527442],0.5703964162273223,[0.424878]
62,[0.83039974],0.5946354821893953,[0.23576425]
63,[0.69900156],0.6061757141775244,[0.09282584]
64,[0.54602449],0.6071239728564384,[0.06109948]
65,[0.72296244],0.5706821934052624,[0.15228024]
66,[0.05463586],0.6071239728564384,[0.55248812]
67,[0.29154728],0.6061757141775244,[0.31462843]
68,[0.84395761],0.5706821934052624,[0.27327541]
69,[0.43836685],0.6071239728564384,[0.16875712]
70,[0.26410547],0.6071239728564384,[0.34301851]
71,[0.06509384],0.6274926519432547,[0.56239881]
72,[0.57068219],0.5830952502012662,[0.01241306]
73,[0.89142961],0.5752005467094384,[0.31622906]
74,[0.57011064],0.5761036731017595,[0.00599303]
75,[0.8470256],0.5706821934052624,[0.2763434]
76,[0.48254447],0.6061757141775244,[0.12363125]
77,[0.6913495],0.5706821934052624,[0.1206673]
78,[0.69994888],0.6061757141775244,[0.09377316]
79,[0.50301351],0.628477378743327,[0.12546387]
80,[0.78333428],0.5761036731017595,[0.20723061]
81,[0.71500143],0.6061757141775244,[0.10882572]
82,[0.09131973],0.6256947629634679,[0.53437504]
83,[0.62569476],0.5733929332535109,[0.05230183]
84,[0.37574955],0.6066498435169814,[0.2309003]
85,[0.85802669],0.5946354821893953,[0.26339121]
86,[0.24810248],0.6256947629634679,[0.37759229]
87,[0.92320615],0.5756521099055989,[0.34755404]
88,[0.02562308],0.6256947629634679,[0.60007168]
89,[0.69786936],0.5830952502012662,[0.11477411]
90,[0.27585441],0.5830952502012662,[0.30724085]
91,[0.46037816],0.5946354821893953,[0.13425732]
92,[0.1020657],0.5761036731017595,[0.47403798]
93,[0.9074684],0.5830952502012662,[0.32437315]
94,[0.42717451],0.621924008874825,[0.1947495]
95,[0.57610367],0.5706821934052624,[0.00542148]
96,[0.53837157],0.6238093859191465,[0.08543782]
97,[0.71915634],0.5761036731017595,[0.14305266]
98,[0.62192401],0.5946354821893953,[0.02728853]
99,[0.36881186],0.6398480478316527,[0.27103619]
