,0,1,2
0,[0.83742801],0.6061757141775244,[0.2312523]
1,[0.70845169],0.5985622777921318,[0.10988941]
2,[0.62749265],0.5471003717833329,[0.08039228]
3,[0.46484265],0.6140498615261747,[0.14920721]
4,[0.74086964],0.5471003717833329,[0.19376926]
5,[0.23707051],0.6687323320907861,[0.43166183]
6,[0.84496052],0.558067566130243,[0.28689296]
7,[0.20694024],0.5791478984553523,[0.37220766]
8,[0.14882462],0.5766029446253242,[0.42777832]
9,[0.58309525],0.6294621055433993,[0.04636686]
10,[0.85793777],0.6071239728564384,[0.2508138]
11,[0.54710037],0.5752005467094384,[0.02810017]
12,[0.35699342],0.5791478984553523,[0.22215448]
13,[0.66873233],0.5761036731017595,[0.09262866]
14,[0.02270623],0.6145239908656317,[0.59181776]
15,[0.2750799],0.5911396936396419,[0.31605979]
16,[0.97963663],0.6425726604124277,[0.33706397]
17,[0.07499155],0.5706821934052624,[0.49569065]
18,[0.44244116],0.5752005467094384,[0.13275939]
19,[0.3332414],0.5752005467094384,[0.24195915]
20,[0.12985633],0.5752005467094384,[0.44534422]
21,[0.63712344],0.5471003717833329,[0.09002306]
22,[0.60712397],0.5545268808514774,[0.05259709]
23,[0.27485739],0.5752005467094384,[0.30034315]
24,[0.89052229],0.6425726604124277,[0.24794963]
25,[0.9723702],0.558067566130243,[0.41430263]
26,[0.78545553],0.6425726604124277,[0.14288286]
27,[0.66237473],0.5471003717833329,[0.11527436]
28,[0.83963733],0.5471003717833329,[0.29253696]
29,[0.37977414],0.5911622597829385,[0.21138812]
30,[0.19072386],0.6542835618502805,[0.4635597]
31,[0.66921897],0.624374187294976,[0.04484478]
32,[0.60617571],0.5990138409882922,[0.00716187]
33,[0.52786777],0.6978693600990425,[0.1700016]
34,[0.47784276],0.6061757141775244,[0.12833296]
35,[0.57520055],0.5706821934052624,[0.00451835]
36,[0.64257266],0.6692189694046883,[0.02664631]
37,[0.46307446],0.6256947629634679,[0.1626203]
38,[0.91233648],0.5247118656077044,[0.38762461]
39,[0.52471187],0.5706821934052624,[0.04597033]
40,[0.62946211],0.5830952502012662,[0.04636686]
41,[0.90262819],0.5545268808514774,[0.34810131]
42,[0.98528437],0.6256947629634679,[0.35958961]
43,[0.69264318],0.6145239908656317,[0.07811919]
44,[0.49987933],0.5830952502012662,[0.08321592]
45,[0.96702402],0.5733929332535109,[0.39363109]
46,[0.29742171],0.6294621055433993,[0.3320404]
47,[0.2342545],0.6071239728564384,[0.37286947]
48,[0.66599446],0.5586055054163577,[0.10738896]
49,[0.40026821],0.5706821934052624,[0.17041398]
50,[0.00441681],0.6524736968522569,[0.64805689]
51,[0.71607639],0.5706821934052624,[0.1453942]
52,[0.74334403],0.6071239728564384,[0.13622005]
53,[0.9239222],0.6398480478316527,[0.28407416]
54,[0.47952181],0.5791478984553523,[0.09962609]
55,[0.91782742],0.5733929332535109,[0.34443448]
56,[0.77177113],0.5383715682976925,[0.23339956]
57,[0.82342112],0.6425726604124277,[0.18084846]
58,[0.84503708],0.6071239728564384,[0.23791311]
59,[0.44973959],0.5752005467094384,[0.12546095]
60,[0.14917888],0.6952562683537747,[0.54607739]
61,[0.99527442],0.5756521099055989,[0.41962231]
62,[0.83039974],0.5727477705770654,[0.25765196]
63,[0.69900156],0.6256947629634679,[0.07330679]
64,[0.54602449],0.5830952502012662,[0.03707076]
65,[0.72296244],0.6071239728564384,[0.11583846]
66,[0.05463586],0.5701106390493823,[0.51547478]
67,[0.29154728],0.5752005467094384,[0.28365327]
68,[0.84395761],0.5727477705770654,[0.27120984]
69,[0.43836685],0.6061757141775244,[0.16780887]
70,[0.26410547],0.621924008874825,[0.35781854]
71,[0.06509384],0.6323080435970663,[0.5672142]
72,[0.57068219],0.5752005467094384,[0.00451835]
73,[0.89142961],0.558067566130243,[0.33336204]
74,[0.57011064],0.5650978109922995,[0.00501283]
75,[0.8470256],0.5247118656077044,[0.32231373]
76,[0.48254447],0.5752005467094384,[0.09265608]
77,[0.6913495],0.5471003717833329,[0.14424913]
78,[0.69994888],0.5985622777921318,[0.1013866]
79,[0.50301351],0.6689756507477371,[0.16596214]
80,[0.78333428],0.624374187294976,[0.1589601]
81,[0.71500143],0.5706821934052624,[0.14431924]
82,[0.09131973],0.6952562683537747,[0.60393654]
83,[0.62569476],0.5586055054163577,[0.06708926]
84,[0.37574955],0.6043950065823671,[0.22864546]
85,[0.85802669],0.6256947629634679,[0.23233193]
86,[0.24810248],0.662374733292086,[0.41427226]
87,[0.92320615],0.5985622777921318,[0.32464387]
88,[0.02562308],0.6294621055433993,[0.60383903]
89,[0.69786936],0.5761036731017595,[0.12176569]
90,[0.27585441],0.5911396936396419,[0.31528529]
91,[0.46037816],0.5752005467094384,[0.11482238]
92,[0.1020657],0.5706821934052624,[0.4686165]
93,[0.9074684],0.6687323320907861,[0.23873607]
94,[0.42717451],0.7090789473366624,[0.28190443]
95,[0.57610367],0.6061757141775244,[0.03007204]
96,[0.53837157],0.6978693600990425,[0.15949779]
97,[0.71915634],0.6425726604124277,[0.07658368]
98,[0.62192401],0.5795994616515128,[0.04232455]
99,[0.36881186],0.6978693600990425,[0.3290575]
