,0,1,2
0,[0.83742801],0.5946354821893953,[0.24279253]
1,[0.70845169],0.5756521099055989,[0.13279958]
2,[0.62749265],0.5701106390493823,[0.05738201]
3,[0.46484265],0.6294621055433993,[0.16461946]
4,[0.74086964],0.5830952502012662,[0.15777439]
5,[0.23707051],0.6294621055433993,[0.3923916]
6,[0.84496052],0.5701106390493823,[0.27484988]
7,[0.20694024],0.5830952502012662,[0.37615501]
8,[0.14882462],0.5761036731017595,[0.42727905]
9,[0.58309525],0.6294621055433993,[0.04636686]
10,[0.85793777],0.6066498435169814,[0.25128793]
11,[0.54710037],0.5752005467094384,[0.02810017]
12,[0.35699342],0.5946354821893953,[0.23764206]
13,[0.66873233],0.5761036731017595,[0.09262866]
14,[0.02270623],0.6294621055433993,[0.60675587]
15,[0.2750799],0.5752005467094384,[0.30012064]
16,[0.97963663],0.6061757141775244,[0.37346091]
17,[0.07499155],0.5761036731017595,[0.50111213]
18,[0.44244116],0.6061757141775244,[0.16373456]
19,[0.3332414],0.5795994616515128,[0.24635807]
20,[0.12985633],0.5752005467094384,[0.44534422]
21,[0.63712344],0.5752005467094384,[0.06192289]
22,[0.60712397],0.5729413700573505,[0.0341826]
23,[0.27485739],0.5729413700573505,[0.29808398]
24,[0.89052229],0.5830952502012662,[0.30742704]
25,[0.9723702],0.5460244932111036,[0.4263457]
26,[0.78545553],0.6275784342534336,[0.15787709]
27,[0.66237473],0.5706821934052624,[0.09169254]
28,[0.83963733],0.5471003717833329,[0.29253696]
29,[0.37977414],0.6071239728564384,[0.22734983]
30,[0.19072386],0.6425726604124277,[0.4518488]
31,[0.66921897],0.6294621055433993,[0.03975686]
32,[0.60617571],0.6294621055433993,[0.02328639]
33,[0.52786777],0.6371234352508778,[0.10925567]
34,[0.47784276],0.621924008874825,[0.14408125]
35,[0.57520055],0.621924008874825,[0.04672346]
36,[0.64257266],0.5951096115288523,[0.04746305]
37,[0.46307446],0.621924008874825,[0.15884955]
38,[0.91233648],0.5703964162273223,[0.34194006]
39,[0.52471187],0.5752005467094384,[0.05048868]
40,[0.62946211],0.5946354821893953,[0.03482662]
41,[0.90262819],0.5383715682976925,[0.36425662]
42,[0.98528437],0.6256947629634679,[0.35958961]
43,[0.69264318],0.621924008874825,[0.07071917]
44,[0.49987933],0.5830952502012662,[0.08321592]
45,[0.96702402],0.5706821934052624,[0.39634183]
46,[0.29742171],0.6256947629634679,[0.32827306]
47,[0.2342545],0.6071239728564384,[0.37286947]
48,[0.66599446],0.5460244932111036,[0.11996997]
49,[0.40026821],0.5706821934052624,[0.17041398]
50,[0.00441681],0.6274926519432547,[0.62307584]
51,[0.71607639],0.5706821934052624,[0.1453942]
52,[0.74334403],0.6061757141775244,[0.13716831]
53,[0.9239222],0.5795994616515128,[0.34432274]
54,[0.47952181],0.5752005467094384,[0.09567874]
55,[0.91782742],0.5761036731017595,[0.34172374]
56,[0.77177113],0.576100103694314,[0.19567103]
57,[0.82342112],0.6256947629634679,[0.19772636]
58,[0.84503708],0.6256947629634679,[0.21934232]
59,[0.44973959],0.6256947629634679,[0.17595517]
60,[0.14917888],0.6294621055433993,[0.48028323]
61,[0.99527442],0.5471003717833329,[0.44817405]
62,[0.83039974],0.6066498435169814,[0.22374989]
63,[0.69900156],0.6256947629634679,[0.07330679]
64,[0.54602449],0.621924008874825,[0.07589952]
65,[0.72296244],0.5752005467094384,[0.14776189]
66,[0.05463586],0.5701106390493823,[0.51547478]
67,[0.29154728],0.5729413700573505,[0.28139409]
68,[0.84395761],0.6071239728564384,[0.23683363]
69,[0.43836685],0.6140498615261747,[0.17568301]
70,[0.26410547],0.6061757141775244,[0.34207025]
71,[0.06509384],0.6274926519432547,[0.56239881]
72,[0.57068219],0.6061757141775244,[0.03549352]
73,[0.89142961],0.5830952502012662,[0.30833436]
74,[0.57011064],0.6238093859191465,[0.05369875]
75,[0.8470256],0.5706821934052624,[0.2763434]
76,[0.48254447],0.5761036731017595,[0.09355921]
77,[0.6913495],0.5752005467094384,[0.11614895]
78,[0.69994888],0.5756521099055989,[0.12429677]
79,[0.50301351],0.6256947629634679,[0.12268126]
80,[0.78333428],0.6066498435169814,[0.17668444]
81,[0.71500143],0.5752005467094384,[0.13980088]
82,[0.09131973],0.6657968513483872,[0.57447713]
83,[0.62569476],0.5701106390493823,[0.05558412]
84,[0.37574955],0.6256947629634679,[0.24994522]
85,[0.85802669],0.5830952502012662,[0.27493144]
86,[0.24810248],0.6265937074533613,[0.37849123]
87,[0.92320615],0.5703964162273223,[0.35280973]
88,[0.02562308],0.6256947629634679,[0.60007168]
89,[0.69786936],0.6061757141775244,[0.09169365]
90,[0.27585441],0.5946354821893953,[0.31878108]
91,[0.46037816],0.6061757141775244,[0.14579755]
92,[0.1020657],0.5761036731017595,[0.47403798]
93,[0.9074684],0.6071239728564384,[0.30034443]
94,[0.42717451],0.6398480478316527,[0.21267354]
95,[0.57610367],0.6061757141775244,[0.03007204]
96,[0.53837157],0.621924008874825,[0.08355244]
97,[0.71915634],0.5830952502012662,[0.13606109]
98,[0.62192401],0.5830952502012662,[0.03882876]
99,[0.36881186],0.6919963372342728,[0.32318447]
