,0,1,2
0,[0.83742801],0.6061757141775244,[0.2312523]
1,[0.70845169],0.6071239728564384,[0.10132771]
2,[0.62749265],0.5726555928794104,[0.05483706]
3,[0.46484265],0.628477378743327,[0.16363473]
4,[0.74086964],0.5706821934052624,[0.17018744]
5,[0.23707051],0.6425726604124277,[0.40550215]
6,[0.84496052],0.5701106390493823,[0.27484988]
7,[0.20694024],0.6061757141775244,[0.39923548]
8,[0.14882462],0.5830952502012662,[0.43427063]
9,[0.58309525],0.621924008874825,[0.03882876]
10,[0.85793777],0.6071239728564384,[0.2508138]
11,[0.54710037],0.5911396936396419,[0.04403932]
12,[0.35699342],0.6061757141775244,[0.24918229]
13,[0.66873233],0.5706821934052624,[0.09805014]
14,[0.02270623],0.6371234352508778,[0.6144172]
15,[0.2750799],0.5761036731017595,[0.30102377]
16,[0.97963663],0.6066498435169814,[0.37298678]
17,[0.07499155],0.5756521099055989,[0.50066056]
18,[0.44244116],0.5761036731017595,[0.13366252]
19,[0.3332414],0.5761036731017595,[0.24286228]
20,[0.12985633],0.5752005467094384,[0.44534422]
21,[0.63712344],0.5906881304434815,[0.0464353]
22,[0.60712397],0.5752005467094384,[0.03192343]
23,[0.27485739],0.5706821934052624,[0.2958248]
24,[0.89052229],0.6061757141775244,[0.28434657]
25,[0.9723702],0.5586055054163577,[0.41376469]
26,[0.78545553],0.6294621055433993,[0.15599342]
27,[0.66237473],0.5752005467094384,[0.08717419]
28,[0.83963733],0.5471003717833329,[0.29253696]
29,[0.37977414],0.6071239728564384,[0.22734983]
30,[0.19072386],0.6425726604124277,[0.4518488]
31,[0.66921897],0.6556524962516068,[0.01356647]
32,[0.60617571],0.628477378743327,[0.02230166]
33,[0.52786777],0.6802842336323636,[0.15241647]
34,[0.47784276],0.621924008874825,[0.14408125]
35,[0.57520055],0.6247083304090398,[0.04950778]
36,[0.64257266],0.6071239728564384,[0.03544869]
37,[0.46307446],0.5830952502012662,[0.12002079]
38,[0.91233648],0.5465624324972183,[0.36577405]
39,[0.52471187],0.5795994616515128,[0.0548876]
40,[0.62946211],0.6061757141775244,[0.02328639]
41,[0.90262819],0.5703964162273223,[0.33223177]
42,[0.98528437],0.5946354821893953,[0.39064889]
43,[0.69264318],0.6274926519432547,[0.06515052]
44,[0.49987933],0.5752005467094384,[0.07532122]
45,[0.96702402],0.5911396936396419,[0.37588433]
46,[0.29742171],0.6256947629634679,[0.32827306]
47,[0.2342545],0.6274926519432547,[0.39323815]
48,[0.66599446],0.5278677650135596,[0.1381267]
49,[0.40026821],0.5460244932111036,[0.14575628]
50,[0.00441681],0.6425726604124277,[0.63815585]
51,[0.71607639],0.5706821934052624,[0.1453942]
52,[0.74334403],0.6071239728564384,[0.13622005]
53,[0.9239222],0.6071239728564384,[0.31679823]
54,[0.47952181],0.5706821934052624,[0.09116039]
55,[0.91782742],0.5761036731017595,[0.34172374]
56,[0.77177113],0.5421980307543981,[0.2295731]
57,[0.82342112],0.6256947629634679,[0.19772636]
58,[0.84503708],0.6164093679099532,[0.22862772]
59,[0.44973959],0.6265937074533613,[0.17685411]
60,[0.14917888],0.6294621055433993,[0.48028323]
61,[0.99527442],0.5471003717833329,[0.44817405]
62,[0.83039974],0.6071239728564384,[0.22327576]
63,[0.69900156],0.6238093859191465,[0.07519217]
64,[0.54602449],0.6061757141775244,[0.06015122]
65,[0.72296244],0.6071239728564384,[0.11583846]
66,[0.05463586],0.5701106390493823,[0.51547478]
67,[0.29154728],0.5706821934052624,[0.27913491]
68,[0.84395761],0.6238093859191465,[0.22014822]
69,[0.43836685],0.5830952502012662,[0.1447284]
70,[0.26410547],0.5706821934052624,[0.30657673]
71,[0.06509384],0.6145239908656317,[0.54943015]
72,[0.57068219],0.5761036731017595,[0.00542148]
73,[0.89142961],0.5706821934052624,[0.32074742]
74,[0.57011064],0.5830952502012662,[0.01298461]
75,[0.8470256],0.5706821934052624,[0.2763434]
76,[0.48254447],0.5830952502012662,[0.10055078]
77,[0.6913495],0.5752005467094384,[0.11614895]
78,[0.69994888],0.6061757141775244,[0.09377316]
79,[0.50301351],0.6275784342534336,[0.12456493]
80,[0.78333428],0.5830952502012662,[0.20023903]
81,[0.71500143],0.5752005467094384,[0.13980088]
82,[0.09131973],0.6332927703971385,[0.54197304]
83,[0.62569476],0.5460244932111036,[0.07967027]
84,[0.37574955],0.621924008874825,[0.24617446]
85,[0.85802669],0.6066498435169814,[0.25137685]
86,[0.24810248],0.6238093859191465,[0.37570691]
87,[0.92320615],0.5752005467094384,[0.3480056]
88,[0.02562308],0.6256947629634679,[0.60007168]
89,[0.69786936],0.5761036731017595,[0.12176569]
90,[0.27585441],0.5761036731017595,[0.30024927]
91,[0.46037816],0.5761036731017595,[0.11572551]
92,[0.1020657],0.5752005467094384,[0.47313485]
93,[0.9074684],0.5830952502012662,[0.32437315]
94,[0.42717451],0.6425726604124277,[0.21539815]
95,[0.57610367],0.5706821934052624,[0.00542148]
96,[0.53837157],0.6071239728564384,[0.0687524]
97,[0.71915634],0.5830952502012662,[0.13606109]
98,[0.62192401],0.5752005467094384,[0.04672346]
99,[0.36881186],0.6926431766085069,[0.32383131]
