,0,1,2
0,[0.83742801],0.6061757141775244,[0.2312523]
1,[0.70845169],0.5916138229790989,[0.11683786]
2,[0.62749265],0.5752005467094384,[0.05229211]
3,[0.46484265],0.621924008874825,[0.15708136]
4,[0.74086964],0.5752005467094384,[0.16566909]
5,[0.23707051],0.6360173829779134,[0.39894688]
6,[0.84496052],0.5701106390493823,[0.27484988]
7,[0.20694024],0.6145239908656317,[0.40758376]
8,[0.14882462],0.6061757141775244,[0.45735109]
9,[0.58309525],0.621924008874825,[0.03882876]
10,[0.85793777],0.6071239728564384,[0.2508138]
11,[0.54710037],0.6140498615261747,[0.06694949]
12,[0.35699342],0.6061757141775244,[0.24918229]
13,[0.66873233],0.5706821934052624,[0.09805014]
14,[0.02270623],0.6398480478316527,[0.61714181]
15,[0.2750799],0.5795994616515128,[0.30451956]
16,[0.97963663],0.6061757141775244,[0.37346091]
17,[0.07499155],0.5761036731017595,[0.50111213]
18,[0.44244116],0.5761036731017595,[0.13366252]
19,[0.3332414],0.5761036731017595,[0.24286228]
20,[0.12985633],0.6071239728564384,[0.47726764]
21,[0.63712344],0.5752005467094384,[0.06192289]
22,[0.60712397],0.5761036731017595,[0.0310203]
23,[0.27485739],0.5706821934052624,[0.2958248]
24,[0.89052229],0.6066498435169814,[0.28387244]
25,[0.9723702],0.5586055054163577,[0.41376469]
26,[0.78545553],0.621924008874825,[0.16353152]
27,[0.66237473],0.5752005467094384,[0.08717419]
28,[0.83963733],0.5706821934052624,[0.26895514]
29,[0.37977414],0.6071239728564384,[0.22734983]
30,[0.19072386],0.6398480478316527,[0.44912419]
31,[0.66921897],0.6294621055433993,[0.03975686]
32,[0.60617571],0.621924008874825,[0.01574829]
33,[0.52786777],0.6371234352508778,[0.10925567]
34,[0.47784276],0.621924008874825,[0.14408125]
35,[0.57520055],0.6145239908656317,[0.03932344]
36,[0.64257266],0.5951096115288523,[0.04746305]
37,[0.46307446],0.5830952502012662,[0.12002079]
38,[0.91233648],0.5706821934052624,[0.34165429]
39,[0.52471187],0.6071239728564384,[0.08241211]
40,[0.62946211],0.5946354821893953,[0.03482662]
41,[0.90262819],0.5706821934052624,[0.331946]
42,[0.98528437],0.5830952502012662,[0.40218912]
43,[0.69264318],0.6238093859191465,[0.06883379]
44,[0.49987933],0.5946354821893953,[0.09475616]
45,[0.96702402],0.5761036731017595,[0.39092035]
46,[0.29742171],0.6265937074533613,[0.329172]
47,[0.2342545],0.6238093859191465,[0.38955488]
48,[0.66599446],0.5369461291123316,[0.12904833]
49,[0.40026821],0.5729413700573505,[0.17267316]
50,[0.00441681],0.6398480478316527,[0.63543124]
51,[0.71607639],0.5706821934052624,[0.1453942]
52,[0.74334403],0.6071239728564384,[0.13622005]
53,[0.9239222],0.5830952502012662,[0.34082695]
54,[0.47952181],0.5795994616515128,[0.10007766]
55,[0.91782742],0.5761036731017595,[0.34172374]
56,[0.77177113],0.5460244932111036,[0.22574664]
57,[0.82342112],0.6164093679099532,[0.20701175]
58,[0.84503708],0.6071239728564384,[0.23791311]
59,[0.44973959],0.6274926519432547,[0.17775306]
60,[0.14917888],0.628477378743327,[0.4792985]
61,[0.99527442],0.5471003717833329,[0.44817405]
62,[0.83039974],0.6071239728564384,[0.22327576]
63,[0.69900156],0.621924008874825,[0.07707755]
64,[0.54602449],0.6140498615261747,[0.06802537]
65,[0.72296244],0.5911396936396419,[0.13182274]
66,[0.05463586],0.5761036731017595,[0.52146782]
67,[0.29154728],0.5752005467094384,[0.28365327]
68,[0.84395761],0.621924008874825,[0.2220336]
69,[0.43836685],0.5830952502012662,[0.1447284]
70,[0.26410547],0.5761036731017595,[0.31199821]
71,[0.06509384],0.6071239728564384,[0.54203013]
72,[0.57068219],0.5830952502012662,[0.01241306]
73,[0.89142961],0.5706821934052624,[0.32074742]
74,[0.57011064],0.5830952502012662,[0.01298461]
75,[0.8470256],0.5706821934052624,[0.2763434]
76,[0.48254447],0.6061757141775244,[0.12363125]
77,[0.6913495],0.5752005467094384,[0.11614895]
78,[0.69994888],0.6071239728564384,[0.0928249]
79,[0.50301351],0.6256947629634679,[0.12268126]
80,[0.78333428],0.5830952502012662,[0.20023903]
81,[0.71500143],0.5752005467094384,[0.13980088]
82,[0.09131973],0.6274926519432547,[0.53617293]
83,[0.62569476],0.5460244932111036,[0.07967027]
84,[0.37574955],0.6140498615261747,[0.23830031]
85,[0.85802669],0.5946354821893953,[0.26339121]
86,[0.24810248],0.6238093859191465,[0.37570691]
87,[0.92320615],0.5752005467094384,[0.3480056]
88,[0.02562308],0.6256947629634679,[0.60007168]
89,[0.69786936],0.5830952502012662,[0.11477411]
90,[0.27585441],0.5761036731017595,[0.30024927]
91,[0.46037816],0.5830952502012662,[0.12271709]
92,[0.1020657],0.5756521099055989,[0.47358641]
93,[0.9074684],0.5830952502012662,[0.32437315]
94,[0.42717451],0.6332927703971385,[0.20611826]
95,[0.57610367],0.5768887218032643,[0.00078505]
96,[0.53837157],0.621924008874825,[0.08355244]
97,[0.71915634],0.6071239728564384,[0.11203236]
98,[0.62192401],0.5726555928794104,[0.04926842]
99,[0.36881186],0.6913494978600387,[0.32253764]
