,0,1,2
0,[0.57971378],0.46897582679894545,0.11073795248422069
1,[0.3678167],0.43476577554124274,0.06694907760507485
2,[0.28846717],0.5219828186486144,0.23351565033985633
3,[0.65158531],0.4428675655714268,0.20871774557232836
4,[0.18740461],0.5219828186486144,0.33457821002848576
5,[0.32538142],0.43476577554124274,0.10938435346118802
6,[0.59554466],0.4630694504200121,0.13247521363556697
7,[0.45716307],0.4913574491932553,0.034194375152176604
8,[0.5545495],0.3678166979361679,0.18673280037865236
9,[0.40893568],0.4079701320975203,0.0009655525557478173
10,[0.14583179],0.5069803988092308,0.36114860992269016
11,[0.32707723],0.5069803988092308,0.1799031703247589
12,[0.28989402],0.43476577554124274,0.14487175913995565
13,[0.60325658],0.4630694504200121,0.14018712620456958
14,[0.46967889],0.5069803988092308,0.03730151377566138
15,[0.65677152],0.4761011854483532,0.18067032968914054
16,[0.16649792],0.5069803988092308,0.3404824808532688
17,[0.61268887],0.46967888503356947,0.14300998701316192
18,[0.1983156],0.40893568465326813,0.21062008560657353
19,[0.52783628],0.4761011854483532,0.051735091267121724
20,[0.54786939],0.46897582679894545,0.0788935678722491
21,[0.353788],0.43687259644486226,0.08308459990328726
22,[0.40723629],0.4308776273182977,0.0236413361539487
23,[0.34256132],0.4308776273182977,0.08831631138891238
24,[0.2178282],0.5069803988092308,0.2891522012474661
25,[0.44286757],0.419423879707909,0.023443685863517805
26,[0.96074285],0.46967888503356947,0.491063962845247
27,[0.64688053],0.4799430687025805,0.16693746574591695
28,[0.72240782],0.4761011854483532,0.24630663198992575
29,[0.55030969],0.419423879707909,0.1308858062899661
30,[0.40797013],0.4308776273182977,0.022907495220777396
31,[0.63451935],0.46967888503356947,0.16484046623923854
32,[0.65201318],0.419423879707909,0.23258930401307593
33,[0.8118471],0.4630694504200121,0.3487776508152311
34,[0.61302874],0.45908969562320967,0.15393904842027084
35,[0.63981707],0.4081246276946946,0.2316924453011341
36,[0.76130054],0.4799430687025805,0.28135746750020774
37,[0.51612936],0.46967888503356947,0.04645047554818427
38,[0.91660994],0.46967888503356947,0.44693105862038296
39,[0.14508059],0.43476577554124274,0.2896851852021486
40,[0.88685846],0.4630694504200121,0.4237890088201966
41,[0.62684809],0.46967888503356947,0.15716920585728322
42,[0.13669881],0.5069803988092308,0.37028158705816505
43,[0.22668869],0.5069803988092308,0.28029171331484026
44,[0.29714218],0.4308776273182977,0.13373544341884935
45,[0.5609045],0.4761011854483532,0.08480331862828194
46,[0.74588773],0.4799430687025805,0.2659446614974563
47,[0.4590897],0.40920599377839806,0.04988370184481161
48,[0.08582021],0.5069803988092308,0.42116018732314286
49,[0.83333795],0.4761011854483532,0.3572367625951828
50,[0.40731357],0.49932642322244536,0.09201285248632429
51,[0.88671875],0.4799430687025805,0.4067756838217169
52,[0.47994307],0.5069803988092308,0.027037330106650326
53,[0.23294793],0.5137390715875652,0.2807911438355595
54,[0.04938887],0.4308776273182977,0.3814887619940278
55,[0.58972565],0.4081246276946946,0.18160102017007895
56,[0.40090756],0.4389077457666614,0.038000185430711986
57,[0.1726525],0.4389077457666614,0.266255244044224
58,[0.80372395],0.46897582679894545,0.3347481280069564
59,[0.83082733],0.40920599377839806,0.42162133635731314
60,[0.8828023],0.4761011854483532,0.40670111340248305
61,[0.88599638],0.4761011854483532,0.40989519430594856
62,[0.60410936],0.4081246276946946,0.19598472797527144
63,[0.43494793],0.5219828186486144,0.08703489268671838
64,[0.76910201],0.46967888503356947,0.2994231278245958
65,[0.72804407],0.4079701320975203,0.3200739409460108
66,[0.11170907],0.5219828186486144,0.4102737518446862
67,[0.20594898],0.4308776273182977,0.22492864383745637
68,[0.01572177],0.5137390715875652,0.49801730430612223
69,[0.39691323],0.5219828186486144,0.12506959054142108
70,[0.35632647],0.40893568465326813,0.052609219418431
71,[0.01875568],0.5069803988092308,0.4882247170435148
72,[0.40505163],0.4799430687025805,0.07489144309195117
73,[0.46897583],0.4854510728143219,0.016475246015376477
74,[0.84246058],0.4571630740410787,0.3852975022719437
75,[0.86319723],0.4799430687025805,0.3832541643122167
76,[0.41044186],0.5137390715875652,0.10329721612828935
77,[0.60662875],0.4554103480104391,0.15121840669605868
78,[0.52590373],0.4799430687025805,0.0459606622905846
79,[0.01974794],0.40893568465326813,0.3891877468523721
80,[0.31454323],0.5069803988092308,0.19243717305971308
81,[0.07757789],0.527836276715475,0.4502583906769897
82,[0.29156097],0.4308776273182977,0.13931666093041817
83,[0.05248587],0.5219828186486144,0.4694969495550536
84,[0.48252349],0.4929041228076616,0.010380636944524624
85,[0.4006361],0.5308042331293799,0.13016813652517967
86,[0.37600596],0.4913574491932553,0.11535148670130635
87,[0.6395062],0.407236291164349,0.2322699084679708
88,[0.33965841],0.4308776273182977,0.09121921822886314
89,[0.69872967],0.4079701320975203,0.29075953619790007
90,[0.23730507],0.40893568465326813,0.17163061786591483
91,[0.04351024],0.5069803988092308,0.46347015704301364
92,[0.70844867],0.4079701320975203,0.30047854049132894
93,[0.23830898],0.4308776273182977,0.19256864325210366
94,[0.51373907],0.50842261073507,0.005316460852495153
95,[0.91817199],0.4081246276946946,0.5100473577490772
96,[0.14437146],0.5069803988092308,0.362608940911446
97,[0.43087763],0.4079701320975203,0.022907495220777396
98,[0.5069804],0.46967888503356947,0.03730151377566138
99,[0.84834793],0.4630694504200121,0.38527847846256186
