,0,1,2
0,[0.57971378],0.45908969562320967,0.12062408365995647
1,[0.3678167],0.4799430687025805,0.11212637076641263
2,[0.28846717],0.48123327728285875,0.19276610897410068
3,[0.65158531],0.43291277664009686,0.2186725345036583
4,[0.18740461],0.46897582679894545,0.2815712181788168
5,[0.32538142],0.4799430687025805,0.1545616466225258
6,[0.59554466],0.46897582679894545,0.1265688372566336
7,[0.45716307],0.4799430687025805,0.022779994661501823
8,[0.5545495],0.4571630740410787,0.09738642427374156
9,[0.40893568],0.46897582679894545,0.06004014214567732
10,[0.14583179],0.5069803988092308,0.36114860992269016
11,[0.32707723],0.482523485863137,0.15544625737866502
12,[0.28989402],0.45908969562320967,0.16919567922192258
13,[0.60325658],0.46897582679894545,0.1342807498256362
14,[0.46967889],0.45592169618518613,0.01375718884838334
15,[0.65677152],0.434947925961896,0.22182358917559775
16,[0.16649792],0.48123327728285875,0.3147353593268967
17,[0.61268887],0.5069803988092308,0.10570847323750054
18,[0.1983156],0.4799430687025805,0.2816274696558859
19,[0.52783628],0.4428675655714268,0.08496871114404814
20,[0.54786939],0.4428675655714268,0.10500182909976774
21,[0.353788],0.4581263848321442,0.10433838829056918
22,[0.40723629],0.4799430687025805,0.07270677753823152
23,[0.34256132],0.4571630740410787,0.11460175811169337
24,[0.2178282],0.46897582679894545,0.2511476292371807
25,[0.44286757],0.45908969562320967,0.016222130051782857
26,[0.96074285],0.46967888503356947,0.491063962845247
27,[0.64688053],0.474810976868075,0.17206955758042247
28,[0.72240782],0.45908969562320967,0.2633181218150693
29,[0.55030969],0.4428675655714268,0.1074421204264483
30,[0.40797013],0.4799430687025805,0.07197293660506021
31,[0.63451935],0.482523485863137,0.15199586540967103
32,[0.65201318],0.4428675655714268,0.20914561814955812
33,[0.8118471],0.46403276121107756,0.3478143400241656
34,[0.61302874],0.4428675655714268,0.1701611784720537
35,[0.63981707],0.4428675655714268,0.19694950742440187
36,[0.76130054],0.46967888503356947,0.2916216511692188
37,[0.51612936],0.4799430687025805,0.036186291879173216
38,[0.91660994],0.45908969562320967,0.45752024803074276
39,[0.14508059],0.4799430687025805,0.33486247836348637
40,[0.88685846],0.46897582679894545,0.4178826324412632
41,[0.62684809],0.4799430687025805,0.14690502218827217
42,[0.13669881],0.4799430687025805,0.3432442569515147
43,[0.22668869],0.482523485863137,0.2558348003687464
44,[0.29714218],0.4799430687025805,0.18280088480313217
45,[0.5609045],0.482523485863137,0.07838101821349819
46,[0.74588773],0.45908969562320967,0.2867980345768272
47,[0.4590897],0.4428675655714268,0.016222130051782857
48,[0.08582021],0.5069803988092308,0.42116018732314286
49,[0.83333795],0.4428675655714268,0.3904703824721092
50,[0.40731357],0.46967888503356947,0.062365314297448404
51,[0.88671875],0.4799430687025805,0.4067756838217169
52,[0.47994307],0.46897582679894545,0.010967241903635072
53,[0.23294793],0.4799430687025805,0.24699514095057484
54,[0.04938887],0.45908969562320967,0.4097008302989398
55,[0.58972565],0.4308776273182977,0.15884802054647584
56,[0.40090756],0.474810976868075,0.07390341653212557
57,[0.1726525],0.4761011854483532,0.3034486837259158
58,[0.80372395],0.4104418554592758,0.39328209934662606
59,[0.83082733],0.4428675655714268,0.3879597645642844
60,[0.8828023],0.4428675655714268,0.43993473327940946
61,[0.88599638],0.4389077457666614,0.44708863398764037
62,[0.60410936],0.4308776273182977,0.17323172835166833
63,[0.43494793],0.5259037309931651,0.0909558050312691
64,[0.76910201],0.4428675655714268,0.32623444728673845
65,[0.72804407],0.40893568465326813,0.319108388390263
66,[0.11170907],0.46967888503356947,0.35796981822964125
67,[0.20594898],0.4428675655714268,0.23691858209058547
68,[0.01572177],0.46897582679894545,0.4532540595175025
69,[0.39691323],0.4799430687025805,0.0830298405953872
70,[0.35632647],0.474810976868075,0.11848451163323787
71,[0.01875568],0.4947519423361839,0.47599626057046784
72,[0.40505163],0.5161293605817537,0.11107773497112439
73,[0.46897583],0.4428675655714268,0.026108261227518637
74,[0.84246058],0.46897582679894545,0.37348474951407695
75,[0.86319723],0.4581263848321442,0.40507084818265304
76,[0.41044186],0.46967888503356947,0.059237029574293665
77,[0.60662875],0.45908969562320967,0.14753905908328813
78,[0.52590373],0.4799430687025805,0.0459606622905846
79,[0.01974794],0.4571630740410787,0.4374151362401827
80,[0.31454323],0.482523485863137,0.16798026011361922
81,[0.07757789],0.45908969562320967,0.3815118095847244
82,[0.29156097],0.45908969562320967,0.16752872923533013
83,[0.05248587],0.482523485863137,0.4300376167695762
84,[0.48252349],0.45908969562320967,0.02343379023992731
85,[0.4006361],0.482523485863137,0.0818873892589368
86,[0.37600596],0.4947519423361839,0.11874597984423496
87,[0.6395062],0.4308776273182977,0.2086285723140221
88,[0.33965841],0.46897582679894545,0.12931741770951088
89,[0.69872967],0.4571630740410787,0.24156659425434168
90,[0.23730507],0.46967888503356947,0.23237381824621617
91,[0.04351024],0.4799430687025805,0.4364328269363633
92,[0.70844867],0.4308776273182977,0.27757104527055154
93,[0.23830898],0.4428675655714268,0.20455858150523276
94,[0.51373907],0.4428675655714268,0.07087150601613834
95,[0.91817199],0.4581263848321442,0.4600456006116276
96,[0.14437146],0.5161293605817537,0.3717579026839689
97,[0.43087763],0.45908969562320967,0.028212068304911964
98,[0.5069804],0.46967888503356947,0.03730151377566138
99,[0.84834793],0.4571630740410787,0.39118485484149523
