,0,1,2
0,[0.57971378],0.4571630740410787,0.12255070524208744
1,[0.3678167],0.482523485863137,0.11470678792696909
2,[0.28846717],0.482523485863137,0.1940563175543789
3,[0.65158531],0.434947925961896,0.21663738518185915
4,[0.18740461],0.46897582679894545,0.2815712181788168
5,[0.32538142],0.4799430687025805,0.1545616466225258
6,[0.59554466],0.46897582679894545,0.1265688372566336
7,[0.45716307],0.4799430687025805,0.022779994661501823
8,[0.5545495],0.4571630740410787,0.09738642427374156
9,[0.40893568],0.46897582679894545,0.06004014214567732
10,[0.14583179],0.5069803988092308,0.36114860992269016
11,[0.32707723],0.482523485863137,0.15544625737866502
12,[0.28989402],0.45908969562320967,0.16919567922192258
13,[0.60325658],0.46403276121107756,0.1392238154135041
14,[0.46967889],0.4428675655714268,0.026811319462142658
15,[0.65677152],0.434947925961896,0.22182358917559775
16,[0.16649792],0.482523485863137,0.31602556790717495
17,[0.61268887],0.5069803988092308,0.10570847323750054
18,[0.1983156],0.46897582679894545,0.27066022775225085
19,[0.52783628],0.4428675655714268,0.08496871114404814
20,[0.54786939],0.4428675655714268,0.10500182909976774
21,[0.353788],0.4571630740410787,0.1033750774995037
22,[0.40723629],0.4799430687025805,0.07270677753823152
23,[0.34256132],0.46897582679894545,0.12641451086956013
24,[0.2178282],0.46897582679894545,0.2511476292371807
25,[0.44286757],0.45908969562320967,0.016222130051782857
26,[0.96074285],0.46967888503356947,0.491063962845247
27,[0.64688053],0.46967888503356947,0.177201649414928
28,[0.72240782],0.45908969562320967,0.2633181218150693
29,[0.55030969],0.45001531980625276,0.10029436619162235
30,[0.40797013],0.4799430687025805,0.07197293660506021
31,[0.63451935],0.4947519423361839,0.1397674089366241
32,[0.65201318],0.4571630740410787,0.19485010967990624
33,[0.8118471],0.45908969562320967,0.3527574056120335
34,[0.61302874],0.434947925961896,0.1780808180815845
35,[0.63981707],0.434947925961896,0.20486914703393266
36,[0.76130054],0.46897582679894545,0.2923247094038428
37,[0.51612936],0.4799430687025805,0.036186291879173216
38,[0.91660994],0.45001531980625276,0.4665946238476997
39,[0.14508059],0.46897582679894545,0.3238952364598513
40,[0.88685846],0.45908969562320967,0.427768763616999
41,[0.62684809],0.46967888503356947,0.15716920585728322
42,[0.13669881],0.4799430687025805,0.3432442569515147
43,[0.22668869],0.4761011854483532,0.24941249995396264
44,[0.29714218],0.4799430687025805,0.18280088480313217
45,[0.5609045],0.4947519423361839,0.06615256174045125
46,[0.74588773],0.45908969562320967,0.2867980345768272
47,[0.4590897],0.46897582679894545,0.00988613117573578
48,[0.08582021],0.5069803988092308,0.42116018732314286
49,[0.83333795],0.4428675655714268,0.3904703824721092
50,[0.40731357],0.46897582679894545,0.06166225606282438
51,[0.88671875],0.46967888503356947,0.41703986749072797
52,[0.47994307],0.45908969562320967,0.02085337307937085
53,[0.23294793],0.4799430687025805,0.24699514095057484
54,[0.04938887],0.45908969562320967,0.4097008302989398
55,[0.58972565],0.434947925961896,0.15477772190287753
56,[0.40090756],0.46403276121107756,0.06312520087512813
57,[0.1726525],0.46967888503356947,0.29702638331113207
58,[0.80372395],0.4104418554592758,0.39328209934662606
59,[0.83082733],0.4571630740410787,0.3736642560946325
60,[0.8828023],0.4428675655714268,0.43993473327940946
61,[0.88599638],0.4428675655714268,0.443128814182875
62,[0.60410936],0.4308776273182977,0.17323172835166833
63,[0.43494793],0.5161293605817537,0.08118143461985772
64,[0.76910201],0.4428675655714268,0.32623444728673845
65,[0.72804407],0.40893568465326813,0.319108388390263
66,[0.11170907],0.46967888503356947,0.35796981822964125
67,[0.20594898],0.4428675655714268,0.23691858209058547
68,[0.01572177],0.46897582679894545,0.4532540595175025
69,[0.39691323],0.4799430687025805,0.0830298405953872
70,[0.35632647],0.46967888503356947,0.11335241979873234
71,[0.01875568],0.5069803988092308,0.4882247170435148
72,[0.40505163],0.5161293605817537,0.11107773497112439
73,[0.46897583],0.4308776273182977,0.03809819948064774
74,[0.84246058],0.46403276121107756,0.37842781510194484
75,[0.86319723],0.4571630740410787,0.40603415897371853
76,[0.41044186],0.46897582679894545,0.058533971339669644
77,[0.60662875],0.434947925961896,0.17168082874460178
78,[0.52590373],0.4799430687025805,0.0459606622905846
79,[0.01974794],0.4630694504200121,0.44332151261911606
80,[0.31454323],0.482523485863137,0.16798026011361922
81,[0.07757789],0.46897582679894545,0.3913979407604602
82,[0.29156097],0.45908969562320967,0.16752872923533013
83,[0.05248587],0.482523485863137,0.4300376167695762
84,[0.48252349],0.46403276121107756,0.01849072465205942
85,[0.4006361],0.4947519423361839,0.09411584573198373
86,[0.37600596],0.482523485863137,0.10651752337118803
87,[0.6395062],0.434947925961896,0.20455827367042378
88,[0.33965841],0.474459447750763,0.13480103866132842
89,[0.69872967],0.4571630740410787,0.24156659425434168
90,[0.23730507],0.46967888503356947,0.23237381824621617
91,[0.04351024],0.474810976868075,0.4313007351018578
92,[0.70844867],0.4308776273182977,0.27757104527055154
93,[0.23830898],0.4571630740410787,0.21885408997488465
94,[0.51373907],0.45001531980625276,0.0637237517813124
95,[0.91817199],0.45908969562320967,0.4590822898205621
96,[0.14437146],0.5259037309931651,0.3815322730953803
97,[0.43087763],0.45908969562320967,0.028212068304911964
98,[0.5069804],0.46967888503356947,0.03730151377566138
99,[0.84834793],0.4428675655714268,0.4054803633111471
