,0,1,2
0,[0.57971378],0.45908969562320967,0.12062408365995647
1,[0.3678167],0.4799430687025805,0.11212637076641263
2,[0.28846717],0.4799430687025805,0.19147590039382245
3,[0.65158531],0.4428675655714268,0.20871774557232836
4,[0.18740461],0.46897582679894545,0.2815712181788168
5,[0.32538142],0.4799430687025805,0.1545616466225258
6,[0.59554466],0.4571630740410787,0.13838159001450034
7,[0.45716307],0.482523485863137,0.025360411822058282
8,[0.5545495],0.4571630740410787,0.09738642427374156
9,[0.40893568],0.46897582679894545,0.06004014214567732
10,[0.14583179],0.5069803988092308,0.36114860992269016
11,[0.32707723],0.46967888503356947,0.1426016565490975
12,[0.28989402],0.46897582679894545,0.17908181039765836
13,[0.60325658],0.45908969562320967,0.14416688100137198
14,[0.46967889],0.45908969562320967,0.0105891894103598
15,[0.65677152],0.4428675655714268,0.21390394956606695
16,[0.16649792],0.4799430687025805,0.3134451507466185
17,[0.61268887],0.482523485863137,0.1301653861835944
18,[0.1983156],0.46897582679894545,0.27066022775225085
19,[0.52783628],0.4428675655714268,0.08496871114404814
20,[0.54786939],0.4571630740410787,0.09070632063011586
21,[0.353788],0.4581263848321442,0.10433838829056918
22,[0.40723629],0.46967888503356947,0.062442593869220464
23,[0.34256132],0.45908969562320967,0.11652837969382435
24,[0.2178282],0.46897582679894545,0.2511476292371807
25,[0.44286757],0.45908969562320967,0.016222130051782857
26,[0.96074285],0.45908969562320967,0.5016531522556068
27,[0.64688053],0.46897582679894545,0.17790470764955202
28,[0.72240782],0.4428675655714268,0.27954025186685216
29,[0.55030969],0.4428675655714268,0.1074421204264483
30,[0.40797013],0.4799430687025805,0.07197293660506021
31,[0.63451935],0.4799430687025805,0.15457628257022749
32,[0.65201318],0.4428675655714268,0.20914561814955812
33,[0.8118471],0.45908969562320967,0.3527574056120335
34,[0.61302874],0.434947925961896,0.1780808180815845
35,[0.63981707],0.434947925961896,0.20486914703393266
36,[0.76130054],0.46897582679894545,0.2923247094038428
37,[0.51612936],0.46967888503356947,0.04645047554818427
38,[0.91660994],0.4571630740410787,0.45944686961287373
39,[0.14508059],0.45908969562320967,0.3140091052841155
40,[0.88685846],0.4571630740410787,0.42969538519913
41,[0.62684809],0.46897582679894545,0.15787226409190724
42,[0.13669881],0.482523485863137,0.3458246741120712
43,[0.22668869],0.46967888503356947,0.24299019953917889
44,[0.29714218],0.4799430687025805,0.18280088480313217
45,[0.5609045],0.46967888503356947,0.0912256190430657
46,[0.74588773],0.45001531980625276,0.2958724103937841
47,[0.4590897],0.46897582679894545,0.00988613117573578
48,[0.08582021],0.4799430687025805,0.39412285721649254
49,[0.83333795],0.4428675655714268,0.3904703824721092
50,[0.40731357],0.46897582679894545,0.06166225606282438
51,[0.88671875],0.45908969562320967,0.42762905690108777
52,[0.47994307],0.45908969562320967,0.02085337307937085
53,[0.23294793],0.4799430687025805,0.24699514095057484
54,[0.04938887],0.46897582679894545,0.41958696147467556
55,[0.58972565],0.434947925961896,0.15477772190287753
56,[0.40090756],0.46403276121107756,0.06312520087512813
57,[0.1726525],0.482523485863137,0.3098709841406996
58,[0.80372395],0.4104418554592758,0.39328209934662606
59,[0.83082733],0.4571630740410787,0.3736642560946325
60,[0.8828023],0.4428675655714268,0.43993473327940946
61,[0.88599638],0.4571630740410787,0.4288333057132231
62,[0.60410936],0.4308776273182977,0.17323172835166833
63,[0.43494793],0.482523485863137,0.04757555990124096
64,[0.76910201],0.4428675655714268,0.32623444728673845
65,[0.72804407],0.40893568465326813,0.319108388390263
66,[0.11170907],0.46967888503356947,0.35796981822964125
67,[0.20594898],0.4571630740410787,0.25121409056023736
68,[0.01572177],0.46403276121107756,0.44831099392963464
69,[0.39691323],0.46967888503356947,0.07276565692637615
70,[0.35632647],0.45908969562320967,0.10276323038837254
71,[0.01875568],0.482523485863137,0.4637678040974209
72,[0.40505163],0.5161293605817537,0.11107773497112439
73,[0.46897583],0.4428675655714268,0.026108261227518637
74,[0.84246058],0.4104418554592758,0.4320187208537466
75,[0.86319723],0.4571630740410787,0.40603415897371853
76,[0.41044186],0.46897582679894545,0.058533971339669644
77,[0.60662875],0.434947925961896,0.17168082874460178
78,[0.52590373],0.46897582679894545,0.05692790419421967
79,[0.01974794],0.4581263848321442,0.4383784470312482
80,[0.31454323],0.4799430687025805,0.16539984295306276
81,[0.07757789],0.46897582679894545,0.3913979407604602
82,[0.29156097],0.46897582679894545,0.1774148604110659
83,[0.05248587],0.482523485863137,0.4300376167695762
84,[0.48252349],0.46403276121107756,0.01849072465205942
85,[0.4006361],0.46967888503356947,0.06904278842936928
86,[0.37600596],0.4799430687025805,0.10393710621063157
87,[0.6395062],0.4571630740410787,0.1823431255912411
88,[0.33965841],0.46897582679894545,0.12931741770951088
89,[0.69872967],0.4571630740410787,0.24156659425434168
90,[0.23730507],0.46967888503356947,0.23237381824621617
91,[0.04351024],0.4799430687025805,0.4364328269363633
92,[0.70844867],0.4308776273182977,0.27757104527055154
93,[0.23830898],0.45908969562320967,0.22078071155701562
94,[0.51373907],0.4428675655714268,0.07087150601613834
95,[0.91817199],0.4571630740410787,0.46100891140269307
96,[0.14437146],0.5137390715875652,0.3693676136897803
97,[0.43087763],0.46897582679894545,0.03809819948064774
98,[0.5069804],0.46967888503356947,0.03730151377566138
99,[0.84834793],0.434947925961896,0.4134000029206779
