,0,1,2
0,[0.57971378],0.45908969562320967,0.12062408365995647
1,[0.3678167],0.45908969562320967,0.09127299768704178
2,[0.28846717],0.5161293605817537,0.22766219227299567
3,[0.65158531],0.4428675655714268,0.20871774557232836
4,[0.18740461],0.5161293605817537,0.3287247519616251
5,[0.32538142],0.43476577554124274,0.10938435346118802
6,[0.59554466],0.46967888503356947,0.12586577902200957
7,[0.45716307],0.43970884112911063,0.01745423291196807
8,[0.5545495],0.4393072848434188,0.11524221347140146
9,[0.40893568],0.4079701320975203,0.0009655525557478173
10,[0.14583179],0.5149342160846595,0.3691024271981188
11,[0.32707723],0.5069803988092308,0.1799031703247589
12,[0.28989402],0.40968877005627197,0.11979475365498488
13,[0.60325658],0.46967888503356947,0.13357769159101218
14,[0.46967889],0.5149342160846595,0.04525533105109003
15,[0.65677152],0.46438429032838957,0.1923872248091042
16,[0.16649792],0.5069803988092308,0.3404824808532688
17,[0.61268887],0.46967888503356947,0.14300998701316192
18,[0.1983156],0.4581263848321442,0.2598107857854496
19,[0.52783628],0.45627322530249814,0.07156305141297681
20,[0.54786939],0.4571630740410787,0.09070632063011586
21,[0.353788],0.4428675655714268,0.08907956902985181
22,[0.40723629],0.4308776273182977,0.0236413361539487
23,[0.34256132],0.4308776273182977,0.08831631138891238
24,[0.2178282],0.46897582679894545,0.2511476292371807
25,[0.44286757],0.42065974138878676,0.022207824182640057
26,[0.96074285],0.46967888503356947,0.491063962845247
27,[0.64688053],0.474810976868075,0.17206955758042247
28,[0.72240782],0.45627322530249814,0.26613459213578083
29,[0.55030969],0.419423879707909,0.1308858062899661
30,[0.40797013],0.40893568465326813,0.0009655525557478173
31,[0.63451935],0.4079701320975203,0.2265492191752877
32,[0.65201318],0.42065974138878676,0.23135344233219818
33,[0.8118471],0.46967888503356947,0.3421682162016737
34,[0.61302874],0.45908969562320967,0.15393904842027084
35,[0.63981707],0.4104418554592758,0.22937521753655288
36,[0.76130054],0.4799430687025805,0.28135746750020774
37,[0.51612936],0.4947519423361839,0.021377418245569824
38,[0.91660994],0.46967888503356947,0.44693105862038296
39,[0.14508059],0.40968877005627197,0.2646081797171778
40,[0.88685846],0.46967888503356947,0.4171795742066392
41,[0.62684809],0.4934617337559057,0.133386357134947
42,[0.13669881],0.46897582679894545,0.33227701504787965
43,[0.22668869],0.4947519423361839,0.26806325684179333
44,[0.29714218],0.4308776273182977,0.13373544341884935
45,[0.5609045],0.5069803988092308,0.05392410526740432
46,[0.74588773],0.4308776273182977,0.31501010288173914
47,[0.4590897],0.4308776273182977,0.028212068304911964
48,[0.08582021],0.4947519423361839,0.40893173085009593
49,[0.83333795],0.46967888503356947,0.36365906300996653
50,[0.40731357],0.49932642322244536,0.09201285248632429
51,[0.88671875],0.4934617337559057,0.39325701876839175
52,[0.47994307],0.40893568465326813,0.0710073840493124
53,[0.23294793],0.5137390715875652,0.2807911438355595
54,[0.04938887],0.4308776273182977,0.3814887619940278
55,[0.58972565],0.4104418554592758,0.17928379240549774
56,[0.40090756],0.4389077457666614,0.038000185430711986
57,[0.1726525],0.4428675655714268,0.2702150638489894
58,[0.80372395],0.46403276121107756,0.3396911935948243
59,[0.83082733],0.40920599377839806,0.42162133635731314
60,[0.8828023],0.45627322530249814,0.42652907354833813
61,[0.88599638],0.45627322530249814,0.42972315445180365
62,[0.60410936],0.40968877005627197,0.19442058561369407
63,[0.43494793],0.5161293605817537,0.08118143461985772
64,[0.76910201],0.434947925961896,0.33415408689626924
65,[0.72804407],0.4079701320975203,0.3200739409460108
66,[0.11170907],0.5219828186486144,0.4102737518446862
67,[0.20594898],0.4308776273182977,0.22492864383745637
68,[0.01572177],0.5137390715875652,0.49801730430612223
69,[0.39691323],0.5219828186486144,0.12506959054142108
70,[0.35632647],0.46438429032838957,0.10805782509355244
71,[0.01875568],0.46897582679894545,0.4502201450332294
72,[0.40505163],0.510359735198398,0.1053081095877686
73,[0.46897583],0.43380246475017725,0.0351733620487682
74,[0.84246058],0.4571630740410787,0.3852975022719437
75,[0.86319723],0.4799430687025805,0.3832541643122167
76,[0.41044186],0.5137390715875652,0.10329721612828935
77,[0.60662875],0.45908969562320967,0.14753905908328813
78,[0.52590373],0.4934617337559057,0.032441997237259435
79,[0.01974794],0.40893568465326813,0.3891877468523721
80,[0.31454323],0.510359735198398,0.19581650944888018
81,[0.07757789],0.527836276715475,0.4502583906769897
82,[0.29156097],0.4308776273182977,0.13931666093041817
83,[0.05248587],0.5219828186486144,0.4694969495550536
84,[0.48252349],0.46967888503356947,0.01284460082956751
85,[0.4006361],0.5161293605817537,0.11549326397755355
86,[0.37600596],0.5137390715875652,0.1377331090956162
87,[0.6395062],0.407236291164349,0.2322699084679708
88,[0.33965841],0.4308776273182977,0.09121921822886314
89,[0.69872967],0.4079701320975203,0.29075953619790007
90,[0.23730507],0.46438429032838957,0.22707922354103627
91,[0.04351024],0.5149342160846595,0.4714239743184423
92,[0.70844867],0.4079701320975203,0.30047854049132894
93,[0.23830898],0.40893568465326813,0.17062670058707408
94,[0.51373907],0.5161293605817537,0.002390288994188583
95,[0.91817199],0.40968877005627197,0.5084832153874999
96,[0.14437146],0.5149342160846595,0.3705627581868747
97,[0.43087763],0.4079701320975203,0.022907495220777396
98,[0.5069804],0.49684107014507284,0.01013932866415801
99,[0.84834793],0.43380246475017725,0.4145454641323967
