,0,1,2
0,[0.57971378],0.45908969562320967,0.12062408365995647
1,[0.3678167],0.4571630740410787,0.08934637610491081
2,[0.28846717],0.4799430687025805,0.19147590039382245
3,[0.65158531],0.4428675655714268,0.20871774557232836
4,[0.18740461],0.46967888503356947,0.28227427641344083
5,[0.32538142],0.482523485863137,0.15714206378308226
6,[0.59554466],0.4389077457666614,0.15663691828891763
7,[0.45716307],0.46967888503356947,0.012515810992490772
8,[0.5545495],0.4571630740410787,0.09738642427374156
9,[0.40893568],0.46897582679894545,0.06004014214567732
10,[0.14583179],0.482523485863137,0.3366916969765963
11,[0.32707723],0.4799430687025805,0.15286584021810856
12,[0.28989402],0.46897582679894545,0.17908181039765836
13,[0.60325658],0.4571630740410787,0.14609350258350295
14,[0.46967889],0.45908969562320967,0.0105891894103598
15,[0.65677152],0.4581263848321442,0.19864513030534958
16,[0.16649792],0.4799430687025805,0.3134451507466185
17,[0.61268887],0.46967888503356947,0.14300998701316192
18,[0.1983156],0.45908969562320967,0.26077409657651507
19,[0.52783628],0.4571630740410787,0.07067320267439625
20,[0.54786939],0.4571630740410787,0.09070632063011586
21,[0.353788],0.4799430687025805,0.12615507216100552
22,[0.40723629],0.45908969562320967,0.051853404458860664
23,[0.34256132],0.4799430687025805,0.1373817527731952
24,[0.2178282],0.46967888503356947,0.2518506874718047
25,[0.44286757],0.45908969562320967,0.016222130051782857
26,[0.96074285],0.45908969562320967,0.5016531522556068
27,[0.64688053],0.46897582679894545,0.17790470764955202
28,[0.72240782],0.4581263848321442,0.2642814326061348
29,[0.55030969],0.4571630740410787,0.09314661195679641
30,[0.40797013],0.48123327728285875,0.07326314518533844
31,[0.63451935],0.46897582679894545,0.16554352447386256
32,[0.65201318],0.4428675655714268,0.20914561814955812
33,[0.8118471],0.46967888503356947,0.3421682162016737
34,[0.61302874],0.43291277664009686,0.18011596740338365
35,[0.63981707],0.4428675655714268,0.19694950742440187
36,[0.76130054],0.45908969562320967,0.3022108405795786
37,[0.51612936],0.46897582679894545,0.04715353378280829
38,[0.91660994],0.4571630740410787,0.45944686961287373
39,[0.14508059],0.46897582679894545,0.3238952364598513
40,[0.88685846],0.4571630740410787,0.42969538519913
41,[0.62684809],0.4571630740410787,0.169685016849774
42,[0.13669881],0.482523485863137,0.3458246741120712
43,[0.22668869],0.46967888503356947,0.24299019953917889
44,[0.29714218],0.4799430687025805,0.18280088480313217
45,[0.5609045],0.45908969562320967,0.1018148084534255
46,[0.74588773],0.4428675655714268,0.30302016462861003
47,[0.4590897],0.46897582679894545,0.00988613117573578
48,[0.08582021],0.46967888503356947,0.3838586735474815
49,[0.83333795],0.46897582679894545,0.36436212124459055
50,[0.40731357],0.46897582679894545,0.06166225606282438
51,[0.88671875],0.4571630740410787,0.42955567848321874
52,[0.47994307],0.4571630740410787,0.022779994661501823
53,[0.23294793],0.4799430687025805,0.24699514095057484
54,[0.04938887],0.46967888503356947,0.4202900197092996
55,[0.58972565],0.434947925961896,0.15477772190287753
56,[0.40090756],0.46403276121107756,0.06312520087512813
57,[0.1726525],0.46967888503356947,0.29702638331113207
58,[0.80372395],0.434947925961896,0.36877602884400584
59,[0.83082733],0.4428675655714268,0.3879597645642844
60,[0.8828023],0.4428675655714268,0.43993473327940946
61,[0.88599638],0.4571630740410787,0.4288333057132231
62,[0.60410936],0.4428675655714268,0.16124179009853923
63,[0.43494793],0.46967888503356947,0.03473095907167345
64,[0.76910201],0.4428675655714268,0.32623444728673845
65,[0.72804407],0.4104418554592758,0.31760221758425533
66,[0.11170907],0.48123327728285875,0.3695242104789305
67,[0.20594898],0.46897582679894545,0.2630268433181041
68,[0.01572177],0.46897582679894545,0.4532540595175025
69,[0.39691323],0.46967888503356947,0.07276565692637615
70,[0.35632647],0.46897582679894545,0.11264936156410832
71,[0.01875568],0.4799430687025805,0.46118738693686445
72,[0.40505163],0.5069803988092308,0.1019287731986015
73,[0.46897583],0.4428675655714268,0.026108261227518637
74,[0.84246058],0.4428675655714268,0.3995930107415956
75,[0.86319723],0.4571630740410787,0.40603415897371853
76,[0.41044186],0.4799430687025805,0.06950121324330472
77,[0.60662875],0.434947925961896,0.17168082874460178
78,[0.52590373],0.46897582679894545,0.05692790419421967
79,[0.01974794],0.45908969562320967,0.43934175782231366
80,[0.31454323],0.46967888503356947,0.1551356592840517
81,[0.07757789],0.45908969562320967,0.3815118095847244
82,[0.29156097],0.46897582679894545,0.1774148604110659
83,[0.05248587],0.4799430687025805,0.42745719960901973
84,[0.48252349],0.45908969562320967,0.02343379023992731
85,[0.4006361],0.45908969562320967,0.05845359901900948
86,[0.37600596],0.46967888503356947,0.09367292254162052
87,[0.6395062],0.4571630740410787,0.1823431255912411
88,[0.33965841],0.4799430687025805,0.14028465961314596
89,[0.69872967],0.45908969562320967,0.2396399726722107
90,[0.23730507],0.46967888503356947,0.23237381824621617
91,[0.04351024],0.4799430687025805,0.4364328269363633
92,[0.70844867],0.4571630740410787,0.25128559854777055
93,[0.23830898],0.4581263848321442,0.21981740076595013
94,[0.51373907],0.45908969562320967,0.054649375964355484
95,[0.91817199],0.4571630740410787,0.46100891140269307
96,[0.14437146],0.46967888503356947,0.32530742713578464
97,[0.43087763],0.4571630740410787,0.026285446722780992
98,[0.5069804],0.46967888503356947,0.03730151377566138
99,[0.84834793],0.4428675655714268,0.4054803633111471
