,0,1,2
0,[0.57971378],0.45908969562320967,0.12062408365995647
1,[0.3678167],0.45908969562320967,0.09127299768704178
2,[0.28846717],0.46967888503356947,0.1812117167248114
3,[0.65158531],0.4389077457666614,0.21267756537709376
4,[0.18740461],0.46967888503356947,0.28227427641344083
5,[0.32538142],0.4799430687025805,0.1545616466225258
6,[0.59554466],0.434947925961896,0.16059673809368302
7,[0.45716307],0.46967888503356947,0.012515810992490772
8,[0.5545495],0.4571630740410787,0.09738642427374156
9,[0.40893568],0.46897582679894545,0.06004014214567732
10,[0.14583179],0.4799430687025805,0.33411127981603983
11,[0.32707723],0.46967888503356947,0.1426016565490975
12,[0.28989402],0.46897582679894545,0.17908181039765836
13,[0.60325658],0.4571630740410787,0.14609350258350295
14,[0.46967889],0.4571630740410787,0.012515810992490772
15,[0.65677152],0.4571630740410787,0.19960844109641507
16,[0.16649792],0.46967888503356947,0.30318096707760744
17,[0.61268887],0.46967888503356947,0.14300998701316192
18,[0.1983156],0.46897582679894545,0.27066022775225085
19,[0.52783628],0.4571630740410787,0.07067320267439625
20,[0.54786939],0.4571630740410787,0.09070632063011586
21,[0.353788],0.4799430687025805,0.12615507216100552
22,[0.40723629],0.46403276121107756,0.05679647004672855
23,[0.34256132],0.4799430687025805,0.1373817527731952
24,[0.2178282],0.46932735591625746,0.2514991583544927
25,[0.44286757],0.45908969562320967,0.016222130051782857
26,[0.96074285],0.4571630740410787,0.5035797738377378
27,[0.64688053],0.45908969562320967,0.1877908388252878
28,[0.72240782],0.4571630740410787,0.2652447433972003
29,[0.55030969],0.4428675655714268,0.1074421204264483
30,[0.40797013],0.4799430687025805,0.07197293660506021
31,[0.63451935],0.46897582679894545,0.16554352447386256
32,[0.65201318],0.4428675655714268,0.20914561814955812
33,[0.8118471],0.46403276121107756,0.3478143400241656
34,[0.61302874],0.434947925961896,0.1780808180815845
35,[0.63981707],0.4571630740410787,0.18265399895474999
36,[0.76130054],0.45908969562320967,0.3022108405795786
37,[0.51612936],0.46897582679894545,0.04715353378280829
38,[0.91660994],0.4571630740410787,0.45944686961287373
39,[0.14508059],0.46897582679894545,0.3238952364598513
40,[0.88685846],0.4428675655714268,0.44399089366878186
41,[0.62684809],0.4571630740410787,0.169685016849774
42,[0.13669881],0.4799430687025805,0.3432442569515147
43,[0.22668869],0.4799430687025805,0.25325438320818994
44,[0.29714218],0.46967888503356947,0.17253670113412112
45,[0.5609045],0.4571630740410787,0.10374143003555647
46,[0.74588773],0.4428675655714268,0.30302016462861003
47,[0.4590897],0.46897582679894545,0.00988613117573578
48,[0.08582021],0.46967888503356947,0.3838586735474815
49,[0.83333795],0.45908969562320967,0.37424825242032633
50,[0.40731357],0.46897582679894545,0.06166225606282438
51,[0.88671875],0.4571630740410787,0.42955567848321874
52,[0.47994307],0.4571630740410787,0.022779994661501823
53,[0.23294793],0.4799430687025805,0.24699514095057484
54,[0.04938887],0.46967888503356947,0.4202900197092996
55,[0.58972565],0.4308776273182977,0.15884802054647584
56,[0.40090756],0.46897582679894545,0.06806826646299602
57,[0.1726525],0.46897582679894545,0.29632332507650805
58,[0.80372395],0.434947925961896,0.36877602884400584
59,[0.83082733],0.4571630740410787,0.3736642560946325
60,[0.8828023],0.434947925961896,0.44785437288894026
61,[0.88599638],0.45908969562320967,0.4269066841310921
62,[0.60410936],0.4428675655714268,0.16124179009853923
63,[0.43494793],0.46967888503356947,0.03473095907167345
64,[0.76910201],0.4428675655714268,0.32623444728673845
65,[0.72804407],0.4104418554592758,0.31760221758425533
66,[0.11170907],0.482523485863137,0.37081441905920876
67,[0.20594898],0.46897582679894545,0.2630268433181041
68,[0.01572177],0.46897582679894545,0.4532540595175025
69,[0.39691323],0.46967888503356947,0.07276565692637615
70,[0.35632647],0.46897582679894545,0.11264936156410832
71,[0.01875568],0.4799430687025805,0.46118738693686445
72,[0.40505163],0.5069803988092308,0.1019287731986015
73,[0.46897583],0.4571630740410787,0.011812752757866751
74,[0.84246058],0.4428675655714268,0.3995930107415956
75,[0.86319723],0.4571630740410787,0.40603415897371853
76,[0.41044186],0.46967888503356947,0.059237029574293665
77,[0.60662875],0.4428675655714268,0.16376118913507098
78,[0.52590373],0.46897582679894545,0.05692790419421967
79,[0.01974794],0.46897582679894545,0.44922788899804944
80,[0.31454323],0.46967888503356947,0.1551356592840517
81,[0.07757789],0.46897582679894545,0.3913979407604602
82,[0.29156097],0.46897582679894545,0.1774148604110659
83,[0.05248587],0.482523485863137,0.4300376167695762
84,[0.48252349],0.45908969562320967,0.02343379023992731
85,[0.4006361],0.46897582679894545,0.06833973019474526
86,[0.37600596],0.46967888503356947,0.09367292254162052
87,[0.6395062],0.45908969562320967,0.18041650400911013
88,[0.33965841],0.482523485863137,0.14286507677370242
89,[0.69872967],0.45908969562320967,0.2396399726722107
90,[0.23730507],0.46967888503356947,0.23237381824621617
91,[0.04351024],0.46967888503356947,0.42616864326735227
92,[0.70844867],0.4428675655714268,0.26558110701742244
93,[0.23830898],0.4571630740410787,0.21885408997488465
94,[0.51373907],0.46897582679894545,0.044763244788619705
95,[0.91817199],0.4428675655714268,0.47530441987234495
96,[0.14437146],0.46967888503356947,0.32530742713578464
97,[0.43087763],0.45908969562320967,0.028212068304911964
98,[0.5069804],0.46967888503356947,0.03730151377566138
99,[0.84834793],0.4428675655714268,0.4054803633111471
