,0,1,2
0,[0.57971378],0.4571630740410787,0.12255070524208744
1,[0.3678167],0.46897582679894545,0.10115912886277756
2,[0.28846717],0.482523485863137,0.1940563175543789
3,[0.65158531],0.4308776273182977,0.22070768382545747
4,[0.18740461],0.482523485863137,0.29511887724300834
5,[0.32538142],0.474459447750763,0.14907802567070827
6,[0.59554466],0.46897582679894545,0.1265688372566336
7,[0.45716307],0.46897582679894545,0.011812752757866751
8,[0.5545495],0.45196187638042074,0.10258762193439952
9,[0.40893568],0.4571630740410787,0.04822738938781057
10,[0.14583179],0.5137390715875652,0.36790728270102446
11,[0.32707723],0.5115548796954923,0.18447765121102033
12,[0.28989402],0.42065974138878676,0.13076572498749967
13,[0.60325658],0.46967888503356947,0.13357769159101218
14,[0.46967889],0.5069803988092308,0.03730151377566138
15,[0.65677152],0.434947925961896,0.22182358917559775
16,[0.16649792],0.45908969562320967,0.29259177766724764
17,[0.61268887],0.482523485863137,0.1301653861835944
18,[0.1983156],0.46403276121107756,0.26571716216438296
19,[0.52783628],0.4389077457666614,0.08892853094881353
20,[0.54786939],0.434947925961896,0.11292146870929853
21,[0.353788],0.4428675655714268,0.08907956902985181
22,[0.40723629],0.46967888503356947,0.062442593869220464
23,[0.34256132],0.4308776273182977,0.08831631138891238
24,[0.2178282],0.4571630740410787,0.23933487647931395
25,[0.44286757],0.4308776273182977,0.011989938253129107
26,[0.96074285],0.46967888503356947,0.491063962845247
27,[0.64688053],0.482523485863137,0.1643570485853605
28,[0.72240782],0.4428675655714268,0.27954025186685216
29,[0.55030969],0.43291277664009686,0.11739690935777825
30,[0.40797013],0.46403276121107756,0.05606262911355725
31,[0.63451935],0.4799430687025805,0.15457628257022749
32,[0.65201318],0.42065974138878676,0.23135344233219818
33,[0.8118471],0.46897582679894545,0.3428712744362977
34,[0.61302874],0.45908969562320967,0.15393904842027084
35,[0.63981707],0.434947925961896,0.20486914703393266
36,[0.76130054],0.4799430687025805,0.28135746750020774
37,[0.51612936],0.5069803988092308,0.00914896177252289
38,[0.91660994],0.46967888503356947,0.44693105862038296
39,[0.14508059],0.46897582679894545,0.3238952364598513
40,[0.88685846],0.4799430687025805,0.40691539053762815
41,[0.62684809],0.5069803988092308,0.11986769208162185
42,[0.13669881],0.4799430687025805,0.3432442569515147
43,[0.22668869],0.5069803988092308,0.28029171331484026
44,[0.29714218],0.46897582679894545,0.1718336428994971
45,[0.5609045],0.482523485863137,0.07838101821349819
46,[0.74588773],0.4630694504200121,0.2828182797800248
47,[0.4590897],0.42065974138878676,0.038429954234422914
48,[0.08582021],0.46967888503356947,0.3838586735474815
49,[0.83333795],0.4428675655714268,0.3904703824721092
50,[0.40731357],0.482523485863137,0.07520991512701591
51,[0.88671875],0.4799430687025805,0.4067756838217169
52,[0.47994307],0.5069803988092308,0.027037330106650326
53,[0.23294793],0.46897582679894545,0.23602789904693977
54,[0.04938887],0.4428675655714268,0.3934787002471569
55,[0.58972565],0.4104418554592758,0.17928379240549774
56,[0.40090756],0.4428675655714268,0.04196000523547738
57,[0.1726525],0.4428675655714268,0.2702150638489894
58,[0.80372395],0.4571630740410787,0.34656088076482316
59,[0.83082733],0.4079701320975203,0.4228571980381909
60,[0.8828023],0.4428675655714268,0.43993473327940946
61,[0.88599638],0.4428675655714268,0.443128814182875
62,[0.60410936],0.43687259644486226,0.16723675922510378
63,[0.43494793],0.5069803988092308,0.07203247284733483
64,[0.76910201],0.4428675655714268,0.32623444728673845
65,[0.72804407],0.4079701320975203,0.3200739409460108
66,[0.11170907],0.46967888503356947,0.35796981822964125
67,[0.20594898],0.40893568465326813,0.2029867011724268
68,[0.01572177],0.46897582679894545,0.4532540595175025
69,[0.39691323],0.510359735198398,0.11344650709120463
70,[0.35632647],0.46932735591625746,0.11300089068142033
71,[0.01875568],0.5069803988092308,0.4882247170435148
72,[0.40505163],0.510359735198398,0.1053081095877686
73,[0.46897583],0.45001531980625276,0.018960506992692694
74,[0.84246058],0.46932735591625746,0.37313322039676494
75,[0.86319723],0.4571630740410787,0.40603415897371853
76,[0.41044186],0.46967888503356947,0.059237029574293665
77,[0.60662875],0.434947925961896,0.17168082874460178
78,[0.52590373],0.5069803988092308,0.01892333218393427
79,[0.01974794],0.434947925961896,0.415199988161
80,[0.31454323],0.5161293605817537,0.20158613483223597
81,[0.07757789],0.46897582679894545,0.3913979407604602
82,[0.29156097],0.4428675655714268,0.15130659918354727
83,[0.05248587],0.49932642322244536,0.44684055412888457
84,[0.48252349],0.45908969562320967,0.02343379023992731
85,[0.4006361],0.5137390715875652,0.11310297498336497
86,[0.37600596],0.5137390715875652,0.1377331090956162
87,[0.6395062],0.40893568465326813,0.23057051497905168
88,[0.33965841],0.4571630740410787,0.11750466495164413
89,[0.69872967],0.43687259644486226,0.2618570718505581
90,[0.23730507],0.45908969562320967,0.22178462883585637
91,[0.04351024],0.5161293605817537,0.47261911881553653
92,[0.70844867],0.4104418554592758,0.29800681712957344
93,[0.23830898],0.4308776273182977,0.19256864325210366
94,[0.51373907],0.46897582679894545,0.044763244788619705
95,[0.91817199],0.40893568465326813,0.5092363007905036
96,[0.14437146],0.5069803988092308,0.362608940911446
97,[0.43087763],0.4428675655714268,0.011989938253129107
98,[0.5069804],0.49684107014507284,0.01013932866415801
99,[0.84834793],0.4571630740410787,0.39118485484149523
