,0,1,2
0,[0.57971378],0.4571630740410787,0.12255070524208744
1,[0.3678167],0.46897582679894545,0.10115912886277756
2,[0.28846717],0.482523485863137,0.1940563175543789
3,[0.65158531],0.434947925961896,0.21663738518185915
4,[0.18740461],0.4761011854483532,0.2886965768282246
5,[0.32538142],0.4799430687025805,0.1545616466225258
6,[0.59554466],0.46897582679894545,0.1265688372566336
7,[0.45716307],0.46897582679894545,0.011812752757866751
8,[0.5545495],0.46897582679894545,0.0855736715158748
9,[0.40893568],0.46897582679894545,0.06004014214567732
10,[0.14583179],0.5137390715875652,0.36790728270102446
11,[0.32707723],0.5069803988092308,0.1799031703247589
12,[0.28989402],0.45001531980625276,0.16012130340496566
13,[0.60325658],0.46967888503356947,0.13357769159101218
14,[0.46967889],0.5069803988092308,0.03730151377566138
15,[0.65677152],0.4389077457666614,0.21786376937083235
16,[0.16649792],0.46967888503356947,0.30318096707760744
17,[0.61268887],0.48123327728285875,0.13145559476387264
18,[0.1983156],0.46967888503356947,0.27136328598687487
19,[0.52783628],0.4428675655714268,0.08496871114404814
20,[0.54786939],0.4428675655714268,0.10500182909976774
21,[0.353788],0.4428675655714268,0.08907956902985181
22,[0.40723629],0.46967888503356947,0.062442593869220464
23,[0.34256132],0.4428675655714268,0.10030624964204149
24,[0.2178282],0.45908969562320967,0.24126149806144492
25,[0.44286757],0.4308776273182977,0.011989938253129107
26,[0.96074285],0.46967888503356947,0.491063962845247
27,[0.64688053],0.48123327728285875,0.16564725716563872
28,[0.72240782],0.4428675655714268,0.27954025186685216
29,[0.55030969],0.434947925961896,0.11536176003597909
30,[0.40797013],0.46897582679894545,0.06100569470142514
31,[0.63451935],0.4799430687025805,0.15457628257022749
32,[0.65201318],0.4308776273182977,0.22113555640268723
33,[0.8118471],0.46897582679894545,0.3428712744362977
34,[0.61302874],0.45908969562320967,0.15393904842027084
35,[0.63981707],0.434947925961896,0.20486914703393266
36,[0.76130054],0.4799430687025805,0.28135746750020774
37,[0.51612936],0.4947519423361839,0.021377418245569824
38,[0.91660994],0.46967888503356947,0.44693105862038296
39,[0.14508059],0.46897582679894545,0.3238952364598513
40,[0.88685846],0.46897582679894545,0.4178826324412632
41,[0.62684809],0.5069803988092308,0.11986769208162185
42,[0.13669881],0.4799430687025805,0.3432442569515147
43,[0.22668869],0.5069803988092308,0.28029171331484026
44,[0.29714218],0.46897582679894545,0.1718336428994971
45,[0.5609045],0.482523485863137,0.07838101821349819
46,[0.74588773],0.4571630740410787,0.28872465615895815
47,[0.4590897],0.43291277664009686,0.026176918983112807
48,[0.08582021],0.474810976868075,0.388990765381987
49,[0.83333795],0.4428675655714268,0.3904703824721092
50,[0.40731357],0.48123327728285875,0.07391970654673768
51,[0.88671875],0.4799430687025805,0.4067756838217169
52,[0.47994307],0.5069803988092308,0.027037330106650326
53,[0.23294793],0.4757496563310412,0.24280172857903554
54,[0.04938887],0.4428675655714268,0.3934787002471569
55,[0.58972565],0.4226948907105859,0.16703075715418764
56,[0.40090756],0.4428675655714268,0.04196000523547738
57,[0.1726525],0.45001531980625276,0.27736281808381535
58,[0.80372395],0.4428675655714268,0.36085638923447505
59,[0.83082733],0.40731357073612107,0.42351375939959013
60,[0.8828023],0.4428675655714268,0.43993473327940946
61,[0.88599638],0.4428675655714268,0.443128814182875
62,[0.60410936],0.4428675655714268,0.16124179009853923
63,[0.43494793],0.4947519423361839,0.059804016374287894
64,[0.76910201],0.45001531980625276,0.3190866930519125
65,[0.72804407],0.40893568465326813,0.319108388390263
66,[0.11170907],0.46967888503356947,0.35796981822964125
67,[0.20594898],0.4308776273182977,0.22492864383745637
68,[0.01572177],0.46897582679894545,0.4532540595175025
69,[0.39691323],0.4947519423361839,0.0978387142289906
70,[0.35632647],0.46932735591625746,0.11300089068142033
71,[0.01875568],0.5069803988092308,0.4882247170435148
72,[0.40505163],0.5069803988092308,0.1019287731986015
73,[0.46897583],0.45001531980625276,0.018960506992692694
74,[0.84246058],0.46967888503356947,0.37278169127945293
75,[0.86319723],0.4571630740410787,0.40603415897371853
76,[0.41044186],0.46897582679894545,0.058533971339669644
77,[0.60662875],0.44701881079255285,0.15960994391394495
78,[0.52590373],0.5069803988092308,0.01892333218393427
79,[0.01974794],0.434947925961896,0.415199988161
80,[0.31454323],0.5161293605817537,0.20158613483223597
81,[0.07757789],0.46897582679894545,0.3913979407604602
82,[0.29156097],0.45001531980625276,0.15845435341837322
83,[0.05248587],0.482523485863137,0.4300376167695762
84,[0.48252349],0.46438429032838957,0.01813919553474741
85,[0.4006361],0.510359735198398,0.10972363859419776
86,[0.37600596],0.510359735198398,0.134353772706449
87,[0.6395062],0.40893568465326813,0.23057051497905168
88,[0.33965841],0.4571630740410787,0.11750466495164413
89,[0.69872967],0.4428675655714268,0.25586210272399357
90,[0.23730507],0.45908969562320967,0.22178462883585637
91,[0.04351024],0.5161293605817537,0.47261911881553653
92,[0.70844867],0.4308776273182977,0.27757104527055154
93,[0.23830898],0.4308776273182977,0.19256864325210366
94,[0.51373907],0.45908969562320967,0.054649375964355484
95,[0.91817199],0.4104418554592758,0.507730129984496
96,[0.14437146],0.4934617337559057,0.34909027585812086
97,[0.43087763],0.4428675655714268,0.011989938253129107
98,[0.5069804],0.4799430687025805,0.027037330106650326
99,[0.84834793],0.4571630740410787,0.39118485484149523
