,0,1,2
0,[0.57971378],0.4571630740410787,0.12255070524208744
1,[0.3678167],0.46897582679894545,0.10115912886277756
2,[0.28846717],0.46967888503356947,0.1812117167248114
3,[0.65158531],0.4428675655714268,0.20871774557232836
4,[0.18740461],0.46967888503356947,0.28227427641344083
5,[0.32538142],0.4799430687025805,0.1545616466225258
6,[0.59554466],0.434947925961896,0.16059673809368302
7,[0.45716307],0.46967888503356947,0.012515810992490772
8,[0.5545495],0.4571630740410787,0.09738642427374156
9,[0.40893568],0.46897582679894545,0.06004014214567732
10,[0.14583179],0.4799430687025805,0.33411127981603983
11,[0.32707723],0.46967888503356947,0.1426016565490975
12,[0.28989402],0.46897582679894545,0.17908181039765836
13,[0.60325658],0.4428675655714268,0.16038901105315484
14,[0.46967889],0.4571630740410787,0.012515810992490772
15,[0.65677152],0.4571630740410787,0.19960844109641507
16,[0.16649792],0.46967888503356947,0.30318096707760744
17,[0.61268887],0.46897582679894545,0.14371304524778594
18,[0.1983156],0.46967888503356947,0.27136328598687487
19,[0.52783628],0.4571630740410787,0.07067320267439625
20,[0.54786939],0.45908969562320967,0.08877969904798488
21,[0.353788],0.46967888503356947,0.11589088849199447
22,[0.40723629],0.46403276121107756,0.05679647004672855
23,[0.34256132],0.482523485863137,0.13996216993375166
24,[0.2178282],0.46897582679894545,0.2511476292371807
25,[0.44286757],0.45908969562320967,0.016222130051782857
26,[0.96074285],0.4571630740410787,0.5035797738377378
27,[0.64688053],0.4571630740410787,0.18971746040741877
28,[0.72240782],0.4571630740410787,0.2652447433972003
29,[0.55030969],0.4571630740410787,0.09314661195679641
30,[0.40797013],0.4799430687025805,0.07197293660506021
31,[0.63451935],0.4571630740410787,0.1773562772317293
32,[0.65201318],0.4428675655714268,0.20914561814955812
33,[0.8118471],0.4571630740410787,0.3546840271941645
34,[0.61302874],0.434947925961896,0.1780808180815845
35,[0.63981707],0.45001531980625276,0.18980175318957593
36,[0.76130054],0.4571630740410787,0.30413746216170956
37,[0.51612936],0.45908969562320967,0.05703966495854407
38,[0.91660994],0.45908969562320967,0.45752024803074276
39,[0.14508059],0.46897582679894545,0.3238952364598513
40,[0.88685846],0.4571630740410787,0.42969538519913
41,[0.62684809],0.4571630740410787,0.169685016849774
42,[0.13669881],0.46967888503356947,0.3329800732825037
43,[0.22668869],0.46967888503356947,0.24299019953917889
44,[0.29714218],0.46897582679894545,0.1718336428994971
45,[0.5609045],0.45908969562320967,0.1018148084534255
46,[0.74588773],0.4428675655714268,0.30302016462861003
47,[0.4590897],0.46967888503356947,0.0105891894103598
48,[0.08582021],0.46967888503356947,0.3838586735474815
49,[0.83333795],0.45908969562320967,0.37424825242032633
50,[0.40731357],0.46967888503356947,0.062365314297448404
51,[0.88671875],0.4571630740410787,0.42955567848321874
52,[0.47994307],0.4428675655714268,0.03707550313115371
53,[0.23294793],0.4799430687025805,0.24699514095057484
54,[0.04938887],0.4799430687025805,0.43055420337831063
55,[0.58972565],0.434947925961896,0.15477772190287753
56,[0.40090756],0.46897582679894545,0.06806826646299602
57,[0.1726525],0.46897582679894545,0.29632332507650805
58,[0.80372395],0.4308776273182977,0.37284632748760416
59,[0.83082733],0.4571630740410787,0.3736642560946325
60,[0.8828023],0.43291277664009686,0.4498895222107394
61,[0.88599638],0.4571630740410787,0.4288333057132231
62,[0.60410936],0.4571630740410787,0.14694628162888734
63,[0.43494793],0.46967888503356947,0.03473095907167345
64,[0.76910201],0.4428675655714268,0.32623444728673845
65,[0.72804407],0.434947925961896,0.2930961470816351
66,[0.11170907],0.46967888503356947,0.35796981822964125
67,[0.20594898],0.46897582679894545,0.2630268433181041
68,[0.01572177],0.4799430687025805,0.4642213014211376
69,[0.39691323],0.46967888503356947,0.07276565692637615
70,[0.35632647],0.46897582679894545,0.11264936156410832
71,[0.01875568],0.46967888503356947,0.4509232032678534
72,[0.40505163],0.482523485863137,0.07747186025250763
73,[0.46897583],0.4571630740410787,0.011812752757866751
74,[0.84246058],0.4571630740410787,0.3852975022719437
75,[0.86319723],0.4571630740410787,0.40603415897371853
76,[0.41044186],0.46897582679894545,0.058533971339669644
77,[0.60662875],0.4428675655714268,0.16376118913507098
78,[0.52590373],0.4428675655714268,0.0830361654217383
79,[0.01974794],0.46897582679894545,0.44922788899804944
80,[0.31454323],0.46967888503356947,0.1551356592840517
81,[0.07757789],0.46897582679894545,0.3913979407604602
82,[0.29156097],0.46967888503356947,0.17811791864568993
83,[0.05248587],0.46967888503356947,0.4171930159400087
84,[0.48252349],0.46897582679894545,0.01354765906419153
85,[0.4006361],0.46897582679894545,0.06833973019474526
86,[0.37600596],0.46967888503356947,0.09367292254162052
87,[0.6395062],0.4571630740410787,0.1823431255912411
88,[0.33965841],0.46897582679894545,0.12931741770951088
89,[0.69872967],0.4571630740410787,0.24156659425434168
90,[0.23730507],0.46897582679894545,0.23167076001159215
91,[0.04351024],0.46897582679894545,0.42546558503272824
92,[0.70844867],0.4571630740410787,0.25128559854777055
93,[0.23830898],0.45908969562320967,0.22078071155701562
94,[0.51373907],0.46897582679894545,0.044763244788619705
95,[0.91817199],0.4571630740410787,0.46100891140269307
96,[0.14437146],0.46403276121107756,0.31966130331329273
97,[0.43087763],0.46967888503356947,0.038801257715271764
98,[0.5069804],0.46897582679894545,0.0380045720102854
99,[0.84834793],0.4571630740410787,0.39118485484149523
