,0,1,2
0,[0.57971378],0.4571630740410787,0.12255070524208744
1,[0.3678167],0.4799430687025805,0.11212637076641263
2,[0.28846717],0.474810976868075,0.18634380855931693
3,[0.65158531],0.434947925961896,0.21663738518185915
4,[0.18740461],0.46897582679894545,0.2815712181788168
5,[0.32538142],0.5259037309931651,0.2005223089131104
6,[0.59554466],0.46897582679894545,0.1265688372566336
7,[0.45716307],0.5198214012903651,0.06265832724928644
8,[0.5545495],0.46897582679894545,0.0855736715158748
9,[0.40893568],0.46897582679894545,0.06004014214567732
10,[0.14583179],0.5069803988092308,0.36114860992269016
11,[0.32707723],0.482523485863137,0.15544625737866502
12,[0.28989402],0.45908969562320967,0.16919567922192258
13,[0.60325658],0.46897582679894545,0.1342807498256362
14,[0.46967889],0.482523485863137,0.01284460082956751
15,[0.65677152],0.434947925961896,0.22182358917559775
16,[0.16649792],0.474810976868075,0.30831305891211297
17,[0.61268887],0.482523485863137,0.1301653861835944
18,[0.1983156],0.46967888503356947,0.27136328598687487
19,[0.52783628],0.4428675655714268,0.08496871114404814
20,[0.54786939],0.4428675655714268,0.10500182909976774
21,[0.353788],0.4581263848321442,0.10433838829056918
22,[0.40723629],0.474810976868075,0.06757468570372599
23,[0.34256132],0.4428675655714268,0.10030624964204149
24,[0.2178282],0.46897582679894545,0.2511476292371807
25,[0.44286757],0.45908969562320967,0.016222130051782857
26,[0.96074285],0.46967888503356947,0.491063962845247
27,[0.64688053],0.474810976868075,0.17206955758042247
28,[0.72240782],0.4428675655714268,0.27954025186685216
29,[0.55030969],0.4428675655714268,0.1074421204264483
30,[0.40797013],0.46897582679894545,0.06100569470142514
31,[0.63451935],0.4799430687025805,0.15457628257022749
32,[0.65201318],0.4428675655714268,0.20914561814955812
33,[0.8118471],0.46403276121107756,0.3478143400241656
34,[0.61302874],0.45908969562320967,0.15393904842027084
35,[0.63981707],0.4428675655714268,0.19694950742440187
36,[0.76130054],0.46403276121107756,0.2972677749917107
37,[0.51612936],0.46967888503356947,0.04645047554818427
38,[0.91660994],0.46967888503356947,0.44693105862038296
39,[0.14508059],0.46897582679894545,0.3238952364598513
40,[0.88685846],0.46897582679894545,0.4178826324412632
41,[0.62684809],0.4799430687025805,0.14690502218827217
42,[0.13669881],0.4799430687025805,0.3432442569515147
43,[0.22668869],0.482523485863137,0.2558348003687464
44,[0.29714218],0.474810976868075,0.17766879296862664
45,[0.5609045],0.482523485863137,0.07838101821349819
46,[0.74588773],0.4571630740410787,0.28872465615895815
47,[0.4590897],0.4428675655714268,0.016222130051782857
48,[0.08582021],0.5069803988092308,0.42116018732314286
49,[0.83333795],0.434947925961896,0.39839002208164
50,[0.40731357],0.474810976868075,0.06749740613195393
51,[0.88671875],0.4799430687025805,0.4067756838217169
52,[0.47994307],0.46897582679894545,0.010967241903635072
53,[0.23294793],0.46897582679894545,0.23602789904693977
54,[0.04938887],0.4571630740410787,0.4077742087168088
55,[0.58972565],0.434947925961896,0.15477772190287753
56,[0.40090756],0.45908969562320967,0.05818213528726024
57,[0.1726525],0.46932735591625746,0.29667485419382006
58,[0.80372395],0.434947925961896,0.36877602884400584
59,[0.83082733],0.4428675655714268,0.3879597645642844
60,[0.8828023],0.4428675655714268,0.43993473327940946
61,[0.88599638],0.4389077457666614,0.44708863398764037
62,[0.60410936],0.4428675655714268,0.16124179009853923
63,[0.43494793],0.5161293605817537,0.08118143461985772
64,[0.76910201],0.4571630740410787,0.31193893881708656
65,[0.72804407],0.40893568465326813,0.319108388390263
66,[0.11170907],0.46967888503356947,0.35796981822964125
67,[0.20594898],0.4571630740410787,0.25121409056023736
68,[0.01572177],0.46897582679894545,0.4532540595175025
69,[0.39691323],0.48123327728285875,0.08432004917566543
70,[0.35632647],0.46967888503356947,0.11335241979873234
71,[0.01875568],0.5069803988092308,0.4882247170435148
72,[0.40505163],0.5149342160846595,0.10988259047403015
73,[0.46897583],0.4428675655714268,0.026108261227518637
74,[0.84246058],0.46897582679894545,0.37348474951407695
75,[0.86319723],0.4571630740410787,0.40603415897371853
76,[0.41044186],0.46897582679894545,0.058533971339669644
77,[0.60662875],0.434947925961896,0.17168082874460178
78,[0.52590373],0.4799430687025805,0.0459606622905846
79,[0.01974794],0.4571630740410787,0.4374151362401827
80,[0.31454323],0.5069803988092308,0.19243717305971308
81,[0.07757789],0.46897582679894545,0.3913979407604602
82,[0.29156097],0.45908969562320967,0.16752872923533013
83,[0.05248587],0.482523485863137,0.4300376167695762
84,[0.48252349],0.45908969562320967,0.02343379023992731
85,[0.4006361],0.5069803988092308,0.10634430220503066
86,[0.37600596],0.4947519423361839,0.11874597984423496
87,[0.6395062],0.40893568465326813,0.23057051497905168
88,[0.33965841],0.45908969562320967,0.1194312865337751
89,[0.69872967],0.4571630740410787,0.24156659425434168
90,[0.23730507],0.46967888503356947,0.23237381824621617
91,[0.04351024],0.510359735198398,0.46684949343218074
92,[0.70844867],0.4104418554592758,0.29800681712957344
93,[0.23830898],0.434947925961896,0.19663894189570197
94,[0.51373907],0.45001531980625276,0.0637237517813124
95,[0.91817199],0.4428675655714268,0.47530441987234495
96,[0.14437146],0.5161293605817537,0.3717579026839689
97,[0.43087763],0.45097863059731824,0.020101003279020535
98,[0.5069804],0.4799430687025805,0.027037330106650326
99,[0.84834793],0.4571630740410787,0.39118485484149523
