,0,1,2
0,[0.54547015],0.16471214383812632,0.09023151339323399
1,[0.17186532],0.39116521316320874,0.3123458814903249
2,[0.85293181],0.35775082357859744,0.08492098033755191
3,[0.18022341],0.1591380685270892,0.0012108524036372192
4,[0.58870005],0.14742018420205388,0.04700161430305283
5,[0.1207749],0.17400019604993613,0.09038361754071883
6,[0.55469875],0.3035559480768186,0.3004738800950125
7,[0.08202618],0.7084604329039483,0.7084604329039483
8,[0.99270517],0.6348846114804767,0.6612862154134659
9,[0.25271926],0.3636498269208349,0.5218218140404496
10,[0.53296001],0.2948604532902551,0.2787351431286038
11,[0.8921391],0.5735082256999483,0.6379142271239246
12,[0.24209363],0.17460562225175474,0.09159446994435605
13,[0.41762074],0.34862001109240354,0.27992107537848665
14,[0.86794548],0.6488365076037148,0.7302458201454536
15,[0.28633024],0.5885073578997572,0.6168549973520523
16,[0.13769966],0.34862001109240354,0.27992107537848665
17,[0.0507936],0.226486169826029,0.16036491590884266
18,[0.92829087],0.46955877165317206,0.6755716102093834
19,[0.77995014],0.202741757923376,0.12439020147795044
20,[0.69447451],0.18257992683960098,0.11992590992138763
21,[0.95343867],0.39109806777795647,0.2356812672001728
22,[0.93194228],0.33605704529638813,0.3432422290792039
23,[0.20739954],0.3135905865375816,0.3255604762469202
24,[0.22335698],0.3763618953614559,0.5511840930099229
25,[0.99751836],0.42636182581619797,0.27976096474797474
26,[0.4920633],0.23757012295443417,0.20241120409363744
27,[0.22577487],0.37442758165579254,0.5487662008778437
28,[0.98771616],0.4165596230884289,0.26995876202020563
29,[0.75659074],0.19577581492864043,0.16789069111951926
30,[0.58258299],0.3778521951602803,0.3206022475377246
31,[0.56602715],0.41755576657185456,0.4155279957044892
32,[0.37184337],0.2816060835231583,0.07194340850035102
33,[0.45296356],0.23871741450063122,0.18273810172136506
34,[0.81726831],0.3807407191236448,0.5645490445474743
35,[0.10200653],0.37241543626125023,0.31561421313175686
36,[0.91715646],0.2942126397516732,0.26159652422039625
37,[0.04387119],0.44441326643126305,0.48908882611402194
38,[0.5745486],0.18257992683960098,0.11992590992138763
39,[0.18049899],0.6943386122288734,0.7226862516811685
40,[0.63570166],0.14742018420205388,0.04700161430305283
41,[0.89414345],0.5097154698084678,0.5097154698084678
42,[0.65555994],0.202741757923376,0.12439020147795044
43,[0.25422487],0.29486045329025506,0.2787351431286038
44,[0.59657902],0.3377899949454567,0.26516006003343917
45,[0.91987718],0.33284837117545285,0.34532857642516546
46,[0.77454108],0.3636498269208349,0.5218218140404496
47,[0.29099454],0.30181829069528116,0.19321665153308815
48,[0.68682978],0.40605863423747207,0.19874496309548045
49,[0.43332139],0.35090078997123025,0.3466287495497318
