,0,1,2
0,[0.54547015],0.16471214383812632,0.09023151339323399
1,[0.17186532],0.39116521316320874,0.4247137043349216
2,[0.85293181],0.35775082357859744,0.27034881858351767
3,[0.18022341],0.1591380685270892,0.0012108524036372192
4,[0.58870005],0.14742018420205388,0.04700161430305283
5,[0.1207749],0.17400019604993613,0.09038361754071883
6,[0.55469875],0.42456897065521587,0.0030727517373134727
7,[0.08202618],0.7381885169410415,0.6925148974071174
8,[0.99270517],0.6348846114804767,0.6208618010692202
9,[0.25271926],0.4860622081485956,0.5218218140404496
10,[0.53296001],0.4018934435619034,0.2787351431286038
11,[0.8921391],0.6440004310471481,0.3483097155121164
12,[0.24209363],0.17460562225175474,0.09159446994435605
13,[0.41762074],0.2902998269250436,0.27992107537848665
14,[0.86794548],0.570373748288787,0.7302458201454536
15,[0.28633024],0.5885073578997572,0.5666015683978454
16,[0.13769966],0.36028009576966524,0.27992107537848665
17,[0.0507936],0.226486169826029,0.16036491590884266
18,[0.92829087],0.4978249325326109,0.458516353226241
19,[0.77995014],0.202741757923376,0.12439020147795044
20,[0.69447451],0.2844674541711507,0.16116855700751254
21,[0.95343867],0.39109806777795647,0.37085567649193163
22,[0.93194228],0.33605704529638813,0.3432422290792039
23,[0.20739954],0.3135905865375816,0.3255604762469202
24,[0.22335698],0.6035334050201089,0.4111545714848258
25,[0.99751836],0.42636182581619797,0.4149353740397336
26,[0.4920633],0.23649709020259566,0.14244824913294363
27,[0.22577487],0.5076177176185108,0.5487662008778437
28,[0.98771616],0.4165596230884289,0.40513317131196447
29,[0.75659074],0.19577581492864043,0.16789069111951926
30,[0.58258299],0.3778521951602803,0.27034881858351767
31,[0.56602715],0.41755576657185456,0.4155279957044892
32,[0.37184337],0.2816060835231583,0.22473564568919346
33,[0.45296356],0.23871741450063122,0.18273810172136506
34,[0.81726831],0.40900688000308366,0.34749378756433197
35,[0.10200653],0.3870499490846179,0.31561421313175686
36,[0.91715646],0.2942126397516732,0.26159652422039625
37,[0.04387119],0.8332310211195605,0.5247696833009484
38,[0.5745486],0.23649709020259566,0.01872030787456891
39,[0.18049899],0.6943386122288734,0.6724328227269616
40,[0.63570166],0.14742018420205388,0.04700161430305283
41,[0.89414345],0.48976521354774183,0.20731367114199162
42,[0.65555994],0.202741757923376,0.12439020147795044
43,[0.25422487],0.29486045329025506,0.2787351431286038
44,[0.59657902],0.3377899949454567,0.22473564568919346
45,[0.91987718],0.464789587374173,0.38657122351129036
46,[0.77454108],0.3919159878002738,0.3047665570573072
47,[0.29099454],0.46464235047841596,0.2835540539700434
48,[0.68682978],0.3897487558976012,0.08771130007416483
49,[0.43332139],0.35090078997123025,0.3466287495497318
