,0,1,2
0,[0.54547015],0.16471214383812632,0.01251013753917296
1,[0.17186532],0.5141633153914673,0.41683473509148294
2,[0.85293181],0.3861847992558666,0.28690465803301557
3,[0.18022341],0.2819535061417163,0.31945086127900224
4,[0.58870005],0.14742018420205388,0.007878969243438672
5,[0.1207749],0.28563153859658863,0.3712884040851381
6,[0.55469875],0.35374915284331887,0.02173873696640871
7,[0.08202618],0.7365057776951296,0.6925148974071174
8,[0.99270517],0.652621854568054,0.4181565757876682
9,[0.25271926],0.4860622081485955,0.40284067935964907
10,[0.53296001],0.3084234257323807,0.11533927442296377
11,[0.8921391],0.6525011617203724,0.35917908399532084
12,[0.24209363],0.23016067443914895,0.3239335257601331
13,[0.41762074],0.4074838505771644,0.15692785988811508
14,[0.86794548],0.6197293749319023,0.4424744179563049
15,[0.28633024],0.5905935497782345,0.369229699677025
16,[0.13769966],0.39719377636173137,0.3952603498014504
17,[0.0507936],0.3705338883823309,0.38252779035872075
18,[0.92829087],0.3768642130660204,0.24146109624309864
19,[0.77995014],0.3675848259574435,0.19736715134064775
20,[0.69447451],0.22335055929561376,0.11992590992138763
21,[0.95343867],0.5483935303275564,0.37085567649193163
22,[0.93194228],0.27170787711871097,0.3493592883011136
23,[0.20739954],0.27307128009681864,0.16444383643051952
24,[0.22335698],0.4867156342101796,0.37322203693177347
25,[0.99751836],0.5563263576412734,0.4149353740397336
26,[0.4920633],0.21117185138621003,0.10451571457989128
27,[0.22577487],0.5076177176185108,0.5487662008778437
28,[0.98771616],0.42614519344566554,0.3990161120900547
29,[0.75659074],0.28681635046232173,0.21112059020970042
30,[0.58258299],0.3883699010778624,0.21602623319558512
31,[0.56602715],0.3519511711199227,0.3239335257601331
32,[0.37184337],0.26996981838410034,0.16111663981640068
33,[0.45296356],0.23871741450063116,0.13573648741831223
34,[0.81726831],0.4090068800030838,0.2346853150505226
35,[0.10200653],0.553143602532888,0.480576464962165
36,[0.91715646],0.4773498841514002,0.34285139380784246
37,[0.04387119],0.6959968698477915,0.5918304770464289
38,[0.5745486],0.23297771458507777,0.037225451114978436
39,[0.18049899],0.5793216687818802,0.40820106336535367
40,[0.63570166],0.14742018420205388,0.06861656384814341
41,[0.89414345],0.455131964339565,0.40118165841324804
42,[0.65555994],0.22918369331987704,0.22223854807178134
43,[0.25422487],0.17581735937534376,0.2787351431286038
44,[0.59657902],0.26279756131362186,0.02203042040764147
45,[0.91987718],0.5710671040231363,0.34532857642516546
46,[0.77454108],0.2773334825324157,0.18584102532158808
47,[0.29099454],0.41969522134057724,0.2835540539700434
48,[0.68682978],0.33614705992718125,0.05112811094437042
49,[0.43332139],0.3998854265042458,0.22223854807178134
