,0,1,2
0,[0.54547015],0.2282199386276042,0.01251013753917296
1,[0.17186532],0.5079856415518271,0.4207742197132023
2,[0.85293181],0.3348125643270355,0.2982330590245533
3,[0.18022341],0.20778237084333,0.3858037406587953
4,[0.58870005],0.2258069760815661,0.007878969243438672
5,[0.1207749],0.2856315385965886,0.3712884040851381
6,[0.55469875],0.3567808531054789,0.015483668196822231
7,[0.08202618],0.6981141607864301,0.6925148974071174
8,[0.99270517],0.5719258617897679,0.4181565757876682
9,[0.25271926],0.32819954512533983,0.31330789004745385
10,[0.53296001],0.37631236494285275,0.01251013753917296
11,[0.8921391],0.43230742785909004,0.3466689464561479
12,[0.24209363],0.23016067443914895,0.3239335257601331
13,[0.41762074],0.35064874838558235,0.17895828029575656
14,[0.86794548],0.6165892442076373,0.4346240911456428
15,[0.28633024],0.5558958447479777,0.369229699677025
16,[0.13769966],0.32773393371906556,0.3952603498014504
17,[0.0507936],0.4330431867804503,0.5152335491183069
18,[0.92829087],0.3412739346315168,0.3317118522470832
19,[0.77995014],0.3433093544038338,0.19736715134064775
20,[0.69447451],0.36844675177258795,0.11992590992138763
21,[0.95343867],0.5852582733571239,0.37085567649193163
22,[0.93194228],0.36040060213748965,0.3493592883011136
23,[0.20739954],0.21267538228563546,0.16444383643051952
24,[0.22335698],0.4724468686055319,0.37322203693177347
25,[0.99751836],0.5563263576412734,0.4314912134892315
26,[0.4920633],0.2540144534869644,0.12407703710969831
27,[0.22577487],0.5076177176185108,0.4686996343134404
28,[0.98771616],0.5325030711592265,0.4020746417010096
29,[0.75659074],0.28681635046232173,0.21112059020970042
30,[0.58258299],0.3846785517108201,0.18568745084103844
31,[0.56602715],0.3964050694747937,0.31330789004745385
32,[0.37184337],0.17581735937534376,0.16111663981640068
33,[0.45296356],0.23871741450063116,0.13573648741831223
34,[0.81726831],0.4775410440048259,0.2346853150505226
35,[0.10200653],0.7960878564147649,0.480576464962165
36,[0.91715646],0.4773498841514002,0.34285139380784246
37,[0.04387119],0.6612991648175348,0.6116887533841636
38,[0.5745486],0.26498005896029386,0.037225451114978436
39,[0.18049899],0.5793216687818802,0.4020840041434439
40,[0.63570166],0.2070357727455817,0.09023151339323399
41,[0.89414345],0.455131964339565,0.3549283642491825
42,[0.65555994],0.24147929712282923,0.22223854807178134
43,[0.25422487],0.17581735937534376,0.1987386923396457
44,[0.59657902],0.3033386063699323,0.014954694825540127
45,[0.91987718],0.5710671040231363,0.34532857642516546
46,[0.77454108],0.38932318851362496,0.2198423249845335
47,[0.29099454],0.43211846781304414,0.2835540539700434
48,[0.68682978],0.3546376145886251,0.19476647058387586
49,[0.43332139],0.4024350155301205,0.33494904905012246
