,0,1,2
0,[0.54547015],0.16897181567237402,0.01251013753917296
1,[0.17186532],0.5079856415518271,0.4247137043349216
2,[0.85293181],0.30769967115602126,0.3091024275077576
3,[0.18022341],0.20778237084333,0.3858037406587953
4,[0.58870005],0.2778488057367232,0.04700161430305283
5,[0.1207749],0.2856315385965886,0.42871868177120975
6,[0.55469875],0.3567808531054789,0.02173873696640871
7,[0.08202618],0.7365057776951296,0.6925148974071174
8,[0.99270517],0.5719258617897679,0.4181565757876682
9,[0.25271926],0.38221634407058325,0.31330789004745385
10,[0.53296001],0.37631236494285275,0.014193285583962822
11,[0.8921391],0.4493841450699483,0.3466689464561479
12,[0.24209363],0.27692394698581635,0.3239335257601331
13,[0.41762074],0.36403782156545333,0.17895828029575656
14,[0.86794548],0.5786468570837365,0.42480300613930205
15,[0.28633024],0.5905935497782345,0.369229699677025
16,[0.13769966],0.32773393371906556,0.3952603498014504
17,[0.0507936],0.4330431867804503,0.5039051481267691
18,[0.92829087],0.4541837435410116,0.3395908214905219
19,[0.77995014],0.3433093544038338,0.20564507106539665
20,[0.69447451],0.31750349285659923,0.11992590992138763
21,[0.95343867],0.6445088233199895,0.37085567649193163
22,[0.93194228],0.36040060213748965,0.3493592883011136
23,[0.20739954],0.21267538228563546,0.16444383643051952
24,[0.22335698],0.536792942511257,0.36928255231005414
25,[0.99751836],0.5533236227706652,0.43715541398500035
26,[0.4920633],0.2540144534869644,0.14363835963950544
27,[0.22577487],0.5225918759259816,0.4648772675585596
28,[0.98771616],0.37207542972896196,0.40513317131196447
29,[0.75659074],0.28681635046232173,0.1965813662467113
30,[0.58258299],0.38550576385325497,0.12349235010206316
31,[0.56602715],0.3964050694747937,0.31330789004745385
32,[0.37184337],0.17581735937534376,0.16111663981640068
33,[0.45296356],0.23871741450063116,0.13573648741831223
34,[0.81726831],0.4775410440048259,0.24271970699281564
35,[0.10200653],0.7392261979231715,0.48363499457311987
36,[0.91715646],0.4773498841514002,0.33457347408309357
37,[0.04387119],0.6612991648175348,0.5487683473650954
38,[0.5745486],0.31220294566108314,0.008034391942293051
39,[0.18049899],0.4835259254823769,0.4020840041434439
40,[0.63570166],0.2758243264585099,0.09023151339323399
41,[0.89414345],0.455131964339565,0.361183433018769
42,[0.65555994],0.24147929712282923,0.21241746306544057
43,[0.25422487],0.17581735937534376,0.1987386923396457
44,[0.59657902],0.32473384768151026,0.02203042040764147
45,[0.91987718],0.5263264954123129,0.34532857642516546
46,[0.77454108],0.28633029644584373,0.18584102532158808
47,[0.29099454],0.43211846781304414,0.2875712499411899
48,[0.68682978],0.3238876553548383,0.05112811094437042
49,[0.43332139],0.4263891512052016,0.32326934855051304
