,0,1,2
0,[0.54547015],0.16897181567237402,0.01251013753917296
1,[0.17186532],0.5674985269810223,0.4247137043349216
2,[0.85293181],0.3488462838959783,0.3091024275077576
3,[0.18022341],0.2184061055483225,0.3801395401630264
4,[0.58870005],0.2901087197175342,0.007878969243438672
5,[0.1207749],0.38695281151211386,0.44525225075018304
6,[0.55469875],0.3251575687295357,0.02173873696640871
7,[0.08202618],0.7365057776951296,0.6745645632050485
8,[0.99270517],0.5405402898121447,0.4181565757876682
9,[0.25271926],0.38221634407058325,0.3218293375546587
10,[0.53296001],0.33081851113298644,0.01251013753917296
11,[0.8921391],0.5187054299562565,0.34205464674253006
12,[0.24209363],0.41602521109790896,0.33647216923848444
13,[0.41762074],0.28787368575750005,0.17895828029575656
14,[0.86794548],0.5786468570837366,0.4149819211329613
15,[0.28633024],0.5558958447479777,0.369229699677025
16,[0.13769966],0.5328559120001692,0.3952603498014504
17,[0.0507936],0.4330431867804503,0.5039051481267691
18,[0.92829087],0.48977615475664155,0.3395908214905219
19,[0.77995014],0.4095777080089117,0.2252513917816834
20,[0.69447451],0.3884005715915951,0.11992590992138763
21,[0.95343867],0.5640920224913006,0.37085567649193163
22,[0.93194228],0.322602998327524,0.3573936802434067
23,[0.20739954],0.2450170553232005,0.2357429404516213
24,[0.22335698],0.536792942511257,0.3653430676883348
25,[0.99751836],0.5563263576412735,0.43715541398500035
26,[0.4920633],0.24048694097614667,0.14363835963950544
27,[0.22577487],0.5225918759259816,0.46105490080367884
28,[0.98771616],0.37207542972896196,0.40513317131196447
29,[0.75659074],0.28681635046232173,0.21112059020970042
30,[0.58258299],0.3855057638532549,0.07297694986269732
31,[0.56602715],0.3964050694747937,0.3186207079037935
32,[0.37184337],0.17581735937534376,0.16111663981640068
33,[0.45296356],0.297235255938125,0.13573648741831223
34,[0.81726831],0.45646244174326583,0.45511033711123283
35,[0.10200653],0.6917326438587676,0.48363499457311987
36,[0.91715646],0.4773498841514002,0.34285139380784246
37,[0.04387119],0.5908962652601344,0.5221559640719684
38,[0.5745486],0.31220294566108314,0.02203042040764147
39,[0.18049899],0.483525925482377,0.4020840041434439
40,[0.63570166],0.33037235684088806,0.09023151339323399
41,[0.89414345],0.43716413694075573,0.361183433018769
42,[0.65555994],0.24858614156587094,0.2025963780590998
43,[0.25422487],0.20815903241290884,0.2787351431286038
44,[0.59657902],0.3247338476815102,0.01399602846534842
45,[0.91987718],0.598171697105598,0.3598678003881547
46,[0.77454108],0.3752775263816365,0.19291675090368954
47,[0.29099454],0.3747164816667465,0.3055844743776849
48,[0.68682978],0.3717564640313201,0.10126596620780537
49,[0.43332139],0.3848359472109383,0.2611531161881786
