,0,1,2
0,[0.54547015],0.16443723593809248,0.01251013753917296
1,[0.17186532],0.4472696164809798,0.4247137043349216
2,[0.85293181],0.3488462838959783,0.28690465803301557
3,[0.18022341],0.21840610554832254,0.37447533966725755
4,[0.58870005],0.2901087197175342,0.007878969243438672
5,[0.1207749],0.4472142326555167,0.44525225075018304
6,[0.55469875],0.3251575687295357,0.02173873696640871
7,[0.08202618],0.5090126782953985,0.6435064470238814
8,[0.99270517],0.5405402898121447,0.4181565757876682
9,[0.25271926],0.35551448746532366,0.32584653352580517
10,[0.53296001],0.33081851113298644,0.01251013753917296
11,[0.8921391],0.5187054299562565,0.3466689464561479
12,[0.24209363],0.41602521109790896,0.340489365209631
13,[0.41762074],0.28787368575750005,0.17895828029575656
14,[0.86794548],0.5786468570837366,0.37588217905110166
15,[0.28633024],0.5558958447479777,0.369229699677025
16,[0.13769966],0.5328559120001692,0.3952603498014504
17,[0.0507936],0.3961676650995478,0.5039051481267691
18,[0.92829087],0.48977615475664155,0.3317118522470832
19,[0.77995014],0.33295678107775395,0.20564507106539665
20,[0.69447451],0.32190957693812755,0.11992590992138763
21,[0.95343867],0.4285032992307382,0.37085567649193163
22,[0.93194228],0.4395480835697244,0.38647212816938503
23,[0.20739954],0.2450170553232005,0.2846637675398217
24,[0.22335698],0.536792942511257,0.3653430676883348
25,[0.99751836],0.5563263576412735,0.44281961448076923
26,[0.4920633],0.29775176914806417,0.14363835963950544
27,[0.22577487],0.5225918759259816,0.46105490080367884
28,[0.98771616],0.5255303343084176,0.40915036728311105
29,[0.75659074],0.3522192170458803,0.21112059020970042
30,[0.58258299],0.3855057638532549,0.01399602846534842
31,[0.56602715],0.43847580607187736,0.31330789004745385
32,[0.37184337],0.17581735937534376,0.16111663981640068
33,[0.45296356],0.26449229244112027,0.13573648741831223
34,[0.81726831],0.5468666157281982,0.45511033711123283
35,[0.10200653],0.6917326438587676,0.480576464962165
36,[0.91715646],0.4773498841514002,0.3624577145241292
37,[0.04387119],0.44506495727844386,0.5221559640719684
38,[0.5745486],0.3122029456610831,0.02203042040764147
39,[0.18049899],0.5713610324392328,0.4020840041434439
40,[0.63570166],0.33037235684088806,0.09023151339323399
41,[0.89414345],0.43716413694075573,0.3816317873723182
42,[0.65555994],0.3112477195753617,0.2025963780590998
43,[0.25422487],0.30833108479622356,0.2912452806677768
44,[0.59657902],0.2685141981468761,0.02203042040764147
45,[0.91987718],0.598171697105598,0.3744070243511438
46,[0.77454108],0.48303054662927336,0.19999247648579088
47,[0.29099454],0.3747164816667465,0.3055844743776849
48,[0.68682978],0.3717564640313201,0.11228117641162605
49,[0.43332139],0.4263891512052016,0.253508382678417
