,0,1,2
0,[0.54547015],0.16443723593809248,0.01251013753917296
1,[0.17186532],0.4472696164809798,0.4247137043349216
2,[0.85293181],0.30769967115602137,0.28690465803301557
3,[0.18022341],0.2869883195517036,0.37447533966725755
4,[0.58870005],0.2901087197175342,0.007878969243438672
5,[0.1207749],0.4472142326555167,0.44525225075018304
6,[0.55469875],0.3251575687295357,0.02173873696640871
7,[0.08202618],0.5391552253884412,0.6086259640878333
8,[0.99270517],0.5405402898121447,0.4040051246234654
9,[0.25271926],0.4122578008826322,0.32584653352580517
10,[0.53296001],0.37075229865943243,0.01251013753917296
11,[0.8921391],0.5187054299562565,0.3466689464561479
12,[0.24209363],0.41602521109790896,0.34660642443154077
13,[0.41762074],0.30500514950599406,0.17895828029575656
14,[0.86794548],0.5786468570837366,0.3954320500920315
15,[0.28633024],0.5558958447479777,0.3493714233392903
16,[0.13769966],0.5328559120001692,0.3952603498014504
17,[0.0507936],0.3961676650995478,0.4992908484131512
18,[0.92829087],0.48977615475664155,0.3317118522470832
19,[0.77995014],0.33295678107775395,0.19736715134064775
20,[0.69447451],0.32190957693812755,0.14439005813374817
21,[0.95343867],0.42850329923073815,0.37085567649193163
22,[0.93194228],0.2821257630828634,0.3719329042063959
23,[0.20739954],0.2450170553232005,0.3255604762469202
24,[0.22335698],0.536792942511257,0.3653430676883348
25,[0.99751836],0.5563263576412735,0.44281961448076923
26,[0.4920633],0.2895094417425028,0.14363835963950544
27,[0.22577487],0.5225918759259816,0.4159295228016865
28,[0.98771616],0.5255303343084176,0.42168901076146237
29,[0.75659074],0.3522192170458803,0.21112059020970042
30,[0.58258299],0.3855057638532549,0.01399602846534842
31,[0.56602715],0.43847580607187736,0.31330789004745385
32,[0.37184337],0.17581735937534376,0.16111663981640068
33,[0.45296356],0.23248994806590412,0.13573648741831223
34,[0.81726831],0.5468666157281982,0.45511033711123283
35,[0.10200653],0.6917326438587676,0.480576464962165
36,[0.91715646],0.4773498841514002,0.3624577145241292
37,[0.04387119],0.5481116671021052,0.5221559640719684
38,[0.5745486],0.34164171456031533,0.02203042040764147
39,[0.18049899],0.45113212193919017,0.4051425337543988
40,[0.63570166],0.38974152451474264,0.09023151339323399
41,[0.89414345],0.3811159865228542,0.4020801417258675
42,[0.65555994],0.3112477195753617,0.2025963780590998
43,[0.25422487],0.30833108479622356,0.2912452806677768
44,[0.59657902],0.2685141981468761,0.02203042040764147
45,[0.91987718],0.46128067927938676,0.3744070243511438
46,[0.77454108],0.36206982716268277,0.19999247648579088
47,[0.29099454],0.3747164816667465,0.3055844743776849
48,[0.68682978],0.3717564640313201,0.11228117641162605
49,[0.43332139],0.4263891512052016,0.22223854807178134
