,0,1,2
0,[0.54547015],0.16443723593809248,0.01251013753917296
1,[0.17186532],0.5203382300186468,0.41683473509148294
2,[0.85293181],0.3222283890764891,0.28690465803301557
3,[0.18022341],0.2869883195517036,0.37447533966725755
4,[0.58870005],0.28648228114983804,0.013061165209753423
5,[0.1207749],0.4611491352504088,0.44951297450378547
6,[0.55469875],0.3495671330158648,0.02173873696640871
7,[0.08202618],0.5391552253884412,0.6048035973329525
8,[0.99270517],0.4697918352811999,0.4040051246234654
9,[0.25271926],0.4122578008826322,0.32986372949695175
10,[0.53296001],0.3707522986594325,0.01251013753917296
11,[0.8921391],0.5187054299562565,0.3466689464561479
12,[0.24209363],0.4205597908321906,0.33647216923848444
13,[0.41762074],0.30500514950599406,0.17895828029575656
14,[0.86794548],0.5786468570837366,0.37588217905110166
15,[0.28633024],0.5558958447479777,0.30236980903623745
16,[0.13769966],0.4256923263357013,0.3952603498014504
17,[0.0507936],0.3961676650995478,0.49467654869953337
18,[0.92829087],0.3616722375474589,0.3317118522470832
19,[0.77995014],0.33295678107775395,0.19430862172969288
20,[0.69447451],0.32190957693812755,0.149004357847366
21,[0.95343867],0.42850329923073815,0.36779714688097676
22,[0.93194228],0.2821257630828634,0.3573936802434067
23,[0.20739954],0.2450170553232005,0.3255604762469202
24,[0.22335698],0.536792942511257,0.3653430676883348
25,[0.99751836],0.5563263576412735,0.452048213908005
26,[0.4920633],0.3601837027188128,0.14363835963950544
27,[0.22577487],0.47427566353579315,0.37080414479969426
28,[0.98771616],0.5255303343084176,0.4330174117530001
29,[0.75659074],0.3522192170458803,0.21112059020970042
30,[0.58258299],0.41416221994911345,0.01399602846534842
31,[0.56602715],0.43847580607187736,0.31330789004745385
32,[0.37184337],0.17581735937534376,0.08112018902744256
33,[0.45296356],0.23248994806590412,0.13573648741831223
34,[0.81726831],0.5084749988194986,0.37412582825326585
35,[0.10200653],0.6917326438587676,0.480576464962165
36,[0.91715646],0.4773498841514002,0.3624577145241292
37,[0.04387119],0.44506495727844386,0.5221559640719684
38,[0.5745486],0.26241648348431,0.02203042040764147
39,[0.18049899],0.45113212193919017,0.4051425337543988
40,[0.63570166],0.38974152451474264,0.09023151339323399
41,[0.89414345],0.3811159865228542,0.4020801417258675
42,[0.65555994],0.3112477195753617,0.2025963780590998
43,[0.25422487],0.30833108479622356,0.2912452806677768
44,[0.59657902],0.25334118432565517,0.02203042040764147
45,[0.91987718],0.47777773811383667,0.3744070243511438
46,[0.77454108],0.36206982716268277,0.19999247648579088
47,[0.29099454],0.3747164816667465,0.3055844743776849
48,[0.68682978],0.3717564640313201,0.11228117641162605
49,[0.43332139],0.4263891512052016,0.22223854807178134
