,0,1,2
0,[0.54547015],0.19526246594415675,0.05250836293365202
1,[0.17186532],0.5072942959342448,0.41683473509148294
2,[0.85293181],0.3222283890764891,0.28264393427941314
3,[0.18022341],0.2869883195517036,0.37447533966725755
4,[0.58870005],0.28648228114983804,0.034001299662945406
5,[0.1207749],0.4611491352504088,0.4537736982573879
6,[0.55469875],0.3283457669570717,0.02173873696640871
7,[0.08202618],0.5391552253884412,0.6048035973329525
8,[0.99270517],0.4697918352811999,0.4040051246234654
9,[0.25271926],0.4122578008826322,0.32584653352580517
10,[0.53296001],0.3707522986594325,0.014193285583962822
11,[0.8921391],0.4337626890892722,0.3374403470289121
12,[0.24209363],0.4205597908321906,0.33245497326733797
13,[0.41762074],0.30500514950599406,0.16496225183040814
14,[0.86794548],0.5786468570837365,0.4149819211329613
15,[0.28633024],0.5558958447479777,0.30236980903623745
16,[0.13769966],0.4256923263357013,0.3952603498014504
17,[0.0507936],0.4830924833286764,0.49467654869953337
18,[0.92829087],0.3616722375474589,0.3317118522470832
19,[0.77995014],0.33774688665652064,0.191250092118738
20,[0.69447451],0.27603606883496795,0.149004357847366
21,[0.95343867],0.42850329923073815,0.3647386172700219
22,[0.93194228],0.2821257630828634,0.3533764842722602
23,[0.20739954],0.24275137512489292,0.3255604762469202
24,[0.22335698],0.536792942511257,0.3653430676883348
25,[0.99751836],0.5563263576412735,0.46455835144717794
26,[0.4920633],0.34869762268715515,0.14363835963950544
27,[0.22577487],0.47427566353579315,0.3629251755562556
28,[0.98771616],0.5255303343084177,0.4330174117530001
29,[0.75659074],0.3522192170458803,0.20189199078246467
30,[0.58258299],0.41416221994911345,0.008034391942293051
31,[0.56602715],0.43847580607187736,0.31330789004745385
32,[0.37184337],0.17581735937534376,0.08112018902744256
33,[0.45296356],0.23248994806590412,0.13573648741831223
34,[0.81726831],0.41626401865876284,0.3643047432469251
35,[0.10200653],0.6917326438587676,0.480576464962165
36,[0.91715646],0.4773498841514002,0.3624577145241292
37,[0.04387119],0.37483909457192566,0.5221559640719684
38,[0.5745486],0.26241648348431,0.02203042040764147
39,[0.18049899],0.45113212193919006,0.40820106336535367
40,[0.63570166],0.3527732720490568,0.09023151339323399
41,[0.89414345],0.3811159865228542,0.4020801417258675
42,[0.65555994],0.3112477195753617,0.16349663597724018
43,[0.25422487],0.30833108479622356,0.2958595803813946
44,[0.59657902],0.25334118432565517,0.02203042040764147
45,[0.91987718],0.47777773811383667,0.3598678003881547
46,[0.77454108],0.36206982716268277,0.19999247648579088
47,[0.29099454],0.3747164816667465,0.3055844743776849
48,[0.68682978],0.3717564640313201,0.11228117641162605
49,[0.43332139],0.4263891512052016,0.253508382678417
