,0,1,2
0,[0.54547015],0.16471214383812632,0.09023151339323399
1,[0.17186532],0.46253454260105614,0.4247137043349216
2,[0.85293181],0.3904405648378188,0.29256885852878445
3,[0.18022341],0.26185213456003353,0.06187021489866218
4,[0.58870005],0.14742018420205388,0.04700161430305283
5,[0.1207749],0.28563153859658863,0.12131872499004992
6,[0.55469875],0.38732395936559894,0.02173873696640871
7,[0.08202618],0.6252787080315466,0.6925148974071174
8,[0.99270517],0.622924576319538,0.6208618010692202
9,[0.25271926],0.5148119474544504,0.5218218140404496
10,[0.53296001],0.3016997041827006,0.3255604762469202
11,[0.8921391],0.5729861348541695,0.3991773093897999
12,[0.24209363],0.26185213456003353,0.06187021489866218
13,[0.41762074],0.34951413260698444,0.03478095451476343
14,[0.86794548],0.5884081879492142,0.7302458201454536
15,[0.28633024],0.46451870237420206,0.3493714233392903
16,[0.13769966],0.37162389396930395,0.3952603498014504
17,[0.0507936],0.3416165772910877,0.19130002335817375
18,[0.92829087],0.3768642130660204,0.24146109624309864
19,[0.77995014],0.2810087161189735,0.12439020147795044
20,[0.69447451],0.2844674541711507,0.20241120409363744
21,[0.95343867],0.4890385303358242,0.3987399169329673
22,[0.93194228],0.33605704529638813,0.3432422290792039
23,[0.20739954],0.3135905865375816,0.3255604762469202
24,[0.22335698],0.5470378508885008,0.351191616524132
25,[0.99751836],0.4195063268521914,0.4149353740397336
26,[0.4920633],0.23649709020259566,0.08248529417224981
27,[0.22577487],0.4661549833901124,0.5487662008778437
28,[0.98771616],0.41888875296389794,0.40513317131196447
29,[0.75659074],0.19577581492864043,0.16789069111951926
30,[0.58258299],0.3778521951602803,0.27034881858351767
31,[0.56602715],0.39142554486408676,0.3858037406587953
32,[0.37184337],0.23444033989721405,0.21372043548537267
33,[0.45296356],0.23871741450063122,0.18273810172136506
34,[0.81726831],0.2880461605364932,0.1304385305811896
35,[0.10200653],0.40017840417192013,0.4309534875547206
36,[0.91715646],0.39077377431293014,0.26159652422039625
37,[0.04387119],0.6308986203297456,0.5247696833009484
38,[0.5745486],0.17066485097929757,0.02203042040764147
39,[0.18049899],0.5810182985493043,0.4651318158372739
40,[0.63570166],0.14742018420205388,0.04700161430305283
41,[0.89414345],0.48976521354774183,0.20731367114199162
42,[0.65555994],0.2312526355277933,0.12439020147795044
43,[0.25422487],0.3252824821954719,0.2912452806677768
44,[0.59657902],0.2746380800378937,0.201846962992475
45,[0.91987718],0.4750879208548026,0.42781387059741527
46,[0.77454108],0.4072910159124342,0.3047665570573072
47,[0.29099454],0.42410130542210556,0.2835540539700434
48,[0.68682978],0.32901435922058225,0.08771130007416483
49,[0.43332139],0.3651284101098133,0.22223854807178134
