,0,1,2
0,[0.54547015],0.16471214383812632,0.043229899090181156
1,[0.17186532],0.46253454260105614,0.3673497672317153
2,[0.85293181],0.36969564078984485,0.28690465803301557
3,[0.18022341],0.26185213456003353,0.06187021489866218
4,[0.58870005],0.14742018420205388,0.043229899090181156
5,[0.1207749],0.28563153859658863,0.16555534038535324
6,[0.55469875],0.32686098941138797,0.1828553767828094
7,[0.08202618],0.6030741948991648,0.6925148974071174
8,[0.99270517],0.6229245763195379,0.5750844356757833
9,[0.25271926],0.4860622081485955,0.5218218140404496
10,[0.53296001],0.30842342573238074,0.21992589147250224
11,[0.8921391],0.6271819275746067,0.37962743834887
12,[0.24209363],0.26185213456003353,0.06187021489866218
13,[0.41762074],0.4240267199394581,0.15692785988811508
14,[0.86794548],0.5314754344412499,0.45032474476696693
15,[0.28633024],0.5777486186783193,0.369229699677025
16,[0.13769966],0.3295796536045127,0.3952603498014504
17,[0.0507936],0.3705338883823309,0.19130002335817375
18,[0.92829087],0.3768642130660204,0.24146109624309864
19,[0.77995014],0.3675848259574435,0.1608786764092991
20,[0.69447451],0.2844674541711507,0.11992590992138763
21,[0.95343867],0.4810778939931768,0.37085567649193163
22,[0.93194228],0.33605704529638813,0.34630075869015875
23,[0.20739954],0.2948248912750674,0.24500215633871986
24,[0.22335698],0.5113767701165264,0.351191616524132
25,[0.99751836],0.44544740373706365,0.4149353740397336
26,[0.4920633],0.21117185138621003,0.10451571457989128
27,[0.22577487],0.5076177176185108,0.5487662008778437
28,[0.98771616],0.41888875296389794,0.40513317131196447
29,[0.75659074],0.19577581492864043,0.21112059020970042
30,[0.58258299],0.35775082357859744,0.2346853150505226
31,[0.56602715],0.39142554486408676,0.35862761420486666
32,[0.37184337],0.33489162715987014,0.17362677735557364
33,[0.45296356],0.23871741450063122,0.13573648741831223
34,[0.81726831],0.4090068800030838,0.1304385305811896
35,[0.10200653],0.47321408915670177,0.44182285603792504
36,[0.91715646],0.4773498841514002,0.33457347408309357
37,[0.04387119],0.766442102097178,0.5918304770464289
38,[0.5745486],0.17066485097929757,0.02203042040764147
39,[0.18049899],0.5656283962360508,0.43170187051688
40,[0.63570166],0.14742018420205388,0.06861656384814341
41,[0.89414345],0.48976521354774183,0.3549283642491825
42,[0.65555994],0.261922238979284,0.07297694986269732
43,[0.25422487],0.4655596664207303,0.2912452806677768
44,[0.59657902],0.25435497037441407,0.02203042040764147
45,[0.91987718],0.3901451799878183,0.34532857642516546
46,[0.77454108],0.2773334825324157,0.3215775127399003
47,[0.29099454],0.41969522134057724,0.2835540539700434
48,[0.68682978],0.32901435922058225,0.08771130007416483
49,[0.43332139],0.35277809875355043,0.22223854807178134
