,0,1,2
0,[0.54547015],0.3676572237091637,0.042309756435977786
1,[0.17186532],0.45796445742687963,0.3884976359243064
2,[0.85293181],0.6777996477671161,0.31997179599096204
3,[0.18022341],0.5764658799747796,0.39432518816600015
4,[0.58870005],0.45983755897964695,0.10715460507124952
5,[0.1207749],0.5891547469827944,0.4463101998765001
6,[0.55469875],0.311415351908807,0.12618790223988152
7,[0.08202618],0.6279034696467329,0.4850589225404387
8,[0.99270517],0.7269896357462263,0.3961261553800267
9,[0.25271926],0.503970029363438,0.3218293375546587
10,[0.53296001],0.3815080095158102,0.04158858546515132
11,[0.8921391],0.5845920289850415,0.41059365243721624
12,[0.24209363],0.6312411362911036,0.6520498208209556
13,[0.41762074],0.39322710610159106,0.1494643615072273
14,[0.86794548],0.5620127386108826,0.44509883611324486
15,[0.28633024],0.36545965580228496,0.2740327098690609
16,[0.13769966],0.6189896270753812,0.43684893526660173
17,[0.0507936],0.5736690912976214,0.5317893885678048
18,[0.92829087],0.6625753326132828,0.3317118522470832
19,[0.77995014],0.4740173970149716,0.3571034945173338
20,[0.69447451],0.33969722508096256,0.18497915180204483
21,[0.95343867],0.634305536559157,0.420478653899376
22,[0.93194228],0.6662267402019649,0.3353632598357652
23,[0.20739954],0.665935224735837,0.6867439092656892
24,[0.22335698],0.7354616485989884,0.3622068267279527
25,[0.99751836],0.8359527400551657,0.43274884851078155
26,[0.4920633],0.3896873512572299,0.08248529417224981
27,[0.22577487],0.4040548978916522,0.33458807638907906
28,[0.98771616],0.6685830313791898,0.45475614871940884
29,[0.75659074],0.4018134574432969,0.24709538416437926
30,[0.58258299],0.2626072571701537,0.07308763382295025
31,[0.56602715],0.41672118151634974,0.062195994869221116
32,[0.37184337],0.40238257918027837,0.19524172690066421
33,[0.45296356],0.26575697582914837,0.1296194281964025
34,[0.81726831],0.498135175117748,0.28430829245796696
35,[0.10200653],0.7713282360436374,0.7921369205734896
36,[0.91715646],0.6514409259839448,0.32057744561774515
37,[0.04387119],0.6891264181511128,0.5221559640719684
38,[0.5745486],0.4051830078096728,0.06203693981870051
39,[0.18049899],0.6928357752249165,0.7136444597547685
40,[0.63570166],0.29447846128513133,0.12620630734791283
41,[0.89414345],0.7556022207759795,0.4125980014606644
42,[0.65555994],0.3719320660910468,0.23271329303938337
43,[0.25422487],0.3711763384042871,0.3283581205360482
44,[0.59657902],0.410088711442205,0.2975644271459762
45,[0.91987718],0.6123301068800375,0.4383317303322122
46,[0.77454108],0.46699400694066284,0.2929956303928376
47,[0.29099454],0.3626610734610901,0.2693684059670697
48,[0.68682978],0.55964080604391,0.17431811623032656
49,[0.43332139],0.26968540983168465,0.14926159820908402
