,0,1,2
0,[0.54547015],0.32519803507132244,0.029078447925978357
1,[0.17186532],0.5144960750167625,0.4107176758695732
2,[0.85293181],0.4344498107611403,0.30284735873817126
3,[0.18022341],0.6396101417132755,0.4014009137481015
4,[0.58870005],0.3217184873734588,0.043229899090181156
5,[0.1207749],0.7127312133386619,0.44951297450378547
6,[0.55469875],0.31394287203690513,0.0010499007821510586
7,[0.08202618],0.6623808164284211,0.5005568128636195
8,[0.99270517],0.6185006609674566,0.44723502371364654
9,[0.25271926],0.49208497124353145,0.3218293375546587
10,[0.53296001],0.3945541017712638,0.04158858546515132
11,[0.8921391],0.648729428726049,0.4489966197906197
12,[0.24209363],0.4651602673524068,0.35448539367497944
13,[0.41762074],0.31929207978959584,0.15692785988811508
14,[0.86794548],0.6450000937643661,0.35543382469755236
15,[0.28633024],0.3694296255020334,0.2796969103648298
16,[0.13769966],0.6159365666040587,0.43684893526660173
17,[0.0507936],0.6478402265960079,0.5317893885678048
18,[0.92829087],0.5621848877449146,0.4157792124734252
19,[0.77995014],0.4898035377829789,0.23447999120891916
20,[0.69447451],0.5605644761937109,0.20241120409363744
21,[0.95343867],0.6803301691470244,0.420478653899376
22,[0.93194228],0.5587556474011025,0.38647212816938503
23,[0.20739954],0.535790023045611,0.38523999749799365
24,[0.22335698],0.5257286195256409,0.351191616524132
25,[0.99751836],0.7019954489261846,0.46455835144717794
26,[0.4920633],0.24979318958111882,0.09051968611454286
27,[0.22577487],0.4775692038333423,0.35680811633434584
28,[0.98771616],0.36543117178887596,0.45475614871940884
29,[0.75659074],0.4677862033426873,0.2645274364559719
30,[0.58258299],0.41337434532058637,0.0165558394494979
31,[0.56602715],0.3444332547261314,0.0165558394494979
32,[0.37184337],0.3822488008127033,0.21073961722384504
33,[0.45296356],0.35798712214155204,0.1436154566617509
34,[0.81726831],0.4063801190422417,0.271798154918794
35,[0.10200653],0.5482955557731397,0.4945724934275134
36,[0.91715646],0.6104129526814389,0.38419645149053794
37,[0.04387119],0.5833131137673918,0.5417703331324212
38,[0.5745486],0.3594444881458349,0.06203693981870051
39,[0.18049899],0.5776016728779696,0.4051425337543988
40,[0.63570166],0.41963996368482553,0.09023151339323399
41,[0.89414345],0.44587097043619633,0.361183433018769
42,[0.65555994],0.4907605303249835,0.16349663597724018
43,[0.25422487],0.3715373776311394,0.3283581205360482
44,[0.59657902],0.4092865056550563,0.10451571457989128
45,[0.91987718],0.43938892235074645,0.3869171618903168
46,[0.77454108],0.45000918904099346,0.2415810619509422
47,[0.29099454],0.4584247374156968,0.2835540539700434
48,[0.68682978],0.42575747809833936,0.15386976187677737
49,[0.43332139],0.28894700226970843,0.14122720626679097
