,0,1,2
0,[0.54547015],0.3720663828722483,0.029078447925978357
1,[0.17186532],0.37225845024595017,0.41377620548052807
2,[0.85293181],0.3581544519489382,0.30284735873817126
3,[0.18022341],0.6396101417132756,0.40847663933020295
4,[0.58870005],0.3293735440903819,0.043229899090181156
5,[0.1207749],0.6088431358676314,0.44525225075018304
6,[0.55469875],0.3351642380956982,0.011328400991537757
7,[0.08202618],0.5774417663621392,0.49653961689247295
8,[0.99270517],0.6185006609674566,0.44723502371364654
9,[0.25271926],0.49208497124353145,0.3218293375546587
10,[0.53296001],0.3667545267312123,0.04158858546515132
11,[0.8921391],0.6220394347933224,0.43917553478427895
12,[0.24209363],0.4651602673524068,0.35448539367497944
13,[0.41762074],0.32282139916272307,0.15692785988811508
14,[0.86794548],0.5593396683285007,0.35543382469755236
15,[0.28633024],0.36027776466905415,0.28821835787203465
16,[0.13769966],0.49801303424712684,0.43684893526660173
17,[0.0507936],0.704131186707634,0.5317893885678048
18,[0.92829087],0.5292961204588108,0.4362275668269745
19,[0.77995014],0.41508257058271864,0.23447999120891916
20,[0.69447451],0.4193053907389556,0.20241120409363744
21,[0.95343867],0.6803301691470244,0.420478653899376
22,[0.93194228],0.6228203931198536,0.38647212816938503
23,[0.20739954],0.4141728449206902,0.37518345365436456
24,[0.22335698],0.6025180021775622,0.35922600846642505
25,[0.99751836],0.6376799463782046,0.46455835144717794
26,[0.4920633],0.290950294453405,0.09051968611454286
27,[0.22577487],0.4775692038333423,0.35279092036319926
28,[0.98771616],0.5047298528389167,0.45475614871940884
29,[0.75659074],0.5001800068858742,0.2645274364559719
30,[0.58258299],0.4194105201160787,0.0165558394494979
31,[0.56602715],0.3488355433815477,0.0165558394494979
32,[0.37184337],0.3822488008127033,0.21073961722384504
33,[0.45296356],0.35798712214155204,0.13267795780735736
34,[0.81726831],0.4063801190422417,0.271798154918794
35,[0.10200653],0.5482955557731397,0.4945724934275134
36,[0.91715646],0.6250092861300128,0.38419645149053794
37,[0.04387119],0.5833131137673918,0.544828862743376
38,[0.5745486],0.3364405686034463,0.04158858546515132
39,[0.18049899],0.5776016728779696,0.40820106336535367
40,[0.63570166],0.4097977674555186,0.09023151339323399
41,[0.89414345],0.44587097043619633,0.361183433018769
42,[0.65555994],0.4907605303249835,0.16349663597724018
43,[0.25422487],0.4663946057922205,0.3283581205360482
44,[0.59657902],0.4092865056550563,0.10451571457989128
45,[0.91987718],0.43938892235074645,0.3869171618903168
46,[0.77454108],0.45000918904099346,0.2415810619509422
47,[0.29099454],0.4240847113414962,0.2835540539700434
48,[0.68682978],0.42575747809833936,0.15386976187677737
49,[0.43332139],0.2936905752489025,0.14122720626679097
