,0,1,2
0,[0.54547015],0.264549831402045,0.029078447925978357
1,[0.17186532],0.6668843325460245,0.4207742197132023
2,[0.85293181],0.3557282030142216,0.3074616584517891
3,[0.18022341],0.6396101417132756,0.40847663933020295
4,[0.58870005],0.25925497688583343,0.043229899090181156
5,[0.1207749],0.5424118915777779,0.44951297450378547
6,[0.55469875],0.25358430706724977,0.011328400991537757
7,[0.08202618],0.5323612330613836,0.4925224209213265
8,[0.99270517],0.691930473309871,0.4597451612528195
9,[0.25271926],0.4092010037707678,0.3218293375546587
10,[0.53296001],0.3806945014421183,0.04158858546515132
11,[0.8921391],0.6220394347933224,0.40007579270241933
12,[0.24209363],0.43075993176746685,0.35448539367497944
13,[0.41762074],0.31542801480032406,0.16496225183040814
14,[0.86794548],0.5755402511217003,0.35543382469755236
15,[0.28633024],0.3238970272316301,0.28821835787203465
16,[0.13769966],0.6878500090136948,0.4408661312377482
17,[0.0507936],0.5573640499582627,0.5317893885678048
18,[0.92829087],0.6224153597095639,0.395330858119876
19,[0.77995014],0.35183956012365253,0.23447999120891916
20,[0.69447451],0.4895644336698627,0.20241120409363744
21,[0.95343867],0.6798465907206086,0.420478653899376
22,[0.93194228],0.5114654240822557,0.38647212816938503
23,[0.20739954],0.6483908855115667,0.37518345365436456
24,[0.22335698],0.5103535914134806,0.35922600846642505
25,[0.99751836],0.6376799463782046,0.46455835144717794
26,[0.4920633],0.28501024545445314,0.09051968611454286
27,[0.22577487],0.47889836523030044,0.35680811633434584
28,[0.98771616],0.5007657368942222,0.45475614871940884
29,[0.75659074],0.42482679621571895,0.2645274364559719
30,[0.58258299],0.26365991889773116,0.0165558394494979
31,[0.56602715],0.37390703162867023,0.011328400991537757
32,[0.37184337],0.3519229550544019,0.21073961722384504
33,[0.45296356],0.35798712214155204,0.13573648741831223
34,[0.81726831],0.5140767320357315,0.2780532236883805
35,[0.10200653],0.5532990292721831,0.4906330088057941
36,[0.91715646],0.46458164469974844,0.38419645149053794
37,[0.04387119],0.5833131137673918,0.544828862743376
38,[0.5745486],0.3196612439800498,0.04158858546515132
39,[0.18049899],0.4308589274439501,0.40820106336535367
40,[0.63570166],0.37397273827819183,0.09023151339323399
41,[0.89414345],0.4283287104213634,0.361183433018769
42,[0.65555994],0.5055000615186234,0.16349663597724018
43,[0.25422487],0.39636510050194834,0.3283581205360482
44,[0.59657902],0.3990439209339284,0.10451571457989128
45,[0.91987718],0.43938892235074645,0.3869171618903168
46,[0.77454108],0.36385141199160476,0.2415810619509422
47,[0.29099454],0.49653745537388216,0.2875712499411899
48,[0.68682978],0.4500744853491613,0.15386976187677737
49,[0.43332139],0.28894700226970843,0.14122720626679097
