,0,1,2
0,[0.54547015],0.3041617387212033,0.029078447925978357
1,[0.17186532],0.6668843325460245,0.41683473509148294
2,[0.85293181],0.3004090783453891,0.3074616584517891
3,[0.18022341],0.6396101417132756,0.40847663933020295
4,[0.58870005],0.2098303053640075,0.043229899090181156
5,[0.1207749],0.542411891577778,0.44951297450378547
6,[0.55469875],0.25358430706724977,0.011328400991537757
7,[0.08202618],0.5202086539525312,0.49653961689247295
8,[0.99270517],0.45647807707715754,0.4801935156063687
9,[0.25271926],0.42852835283805835,0.3218293375546587
10,[0.53296001],0.3945541017712638,0.04158858546515132
11,[0.8921391],0.5035458382050704,0.40007579270241933
12,[0.24209363],0.39875758739225065,0.35448539367497944
13,[0.41762074],0.3192450966299902,0.16496225183040814
14,[0.86794548],0.5755402511217003,0.33498547034400317
15,[0.28633024],0.3401055266083076,0.28821835787203465
16,[0.13769966],0.7797990412642587,0.43684893526660173
17,[0.0507936],0.5573640499582627,0.5317893885678048
18,[0.92829087],0.5774682305717252,0.395330858119876
19,[0.77995014],0.32894657491260354,0.23447999120891916
20,[0.69447451],0.40036117008223926,0.20241120409363744
21,[0.95343867],0.6798465907206086,0.420478653899376
22,[0.93194228],0.6339550902507985,0.38647212816938503
23,[0.20739954],0.5370722535501521,0.371166257683218
24,[0.22335698],0.47155219839960016,0.35922600846642505
25,[0.99751836],0.6376799463782046,0.46455835144717794
26,[0.4920633],0.3670346822235281,0.09051968611454286
27,[0.22577487],0.47889836523030044,0.35680811633434584
28,[0.98771616],0.5007657368942222,0.45475614871940884
29,[0.75659074],0.44124505159077004,0.2645274364559719
30,[0.58258299],0.3952327047527854,0.0165558394494979
31,[0.56602715],0.3731829940319861,0.011328400991537757
32,[0.37184337],0.3519229550544019,0.21073961722384504
33,[0.45296356],0.35798712214155204,0.13267795780735736
34,[0.81726831],0.5140767320357315,0.28430829245796696
35,[0.10200653],0.4891835401486341,0.4906330088057941
36,[0.91715646],0.46458164469974844,0.38419645149053794
37,[0.04387119],0.6489363727795563,0.544828862743376
38,[0.5745486],0.3336012186909559,0.04158858546515132
39,[0.18049899],0.4308589274439501,0.4051425337543988
40,[0.63570166],0.3416998944135923,0.09023151339323399
41,[0.89414345],0.5744626880343563,0.361183433018769
42,[0.65555994],0.5071716806708793,0.16349663597724018
43,[0.25422487],0.39636510050194834,0.3283581205360482
44,[0.59657902],0.38217028486158655,0.10451571457989128
45,[0.91987718],0.495437072768648,0.3869171618903168
46,[0.77454108],0.36385141199160476,0.2415810619509422
47,[0.29099454],0.49653745537388216,0.2875712499411899
48,[0.68682978],0.4500744853491613,0.15386976187677737
49,[0.43332139],0.2889470022697084,0.14122720626679097
