,0,1,2
0,[0.54547015],0.32875978567083697,0.029078447925978357
1,[0.17186532],0.46151732195661294,0.4107176758695732
2,[0.85293181],0.36138550520584173,0.3074616584517891
3,[0.18022341],0.7237058724931508,0.4124161239519223
4,[0.58870005],0.2098303053640075,0.043229899090181156
5,[0.1207749],0.49482405123915674,0.4537736982573879
6,[0.55469875],0.2745843018403168,0.011328400991537757
7,[0.08202618],0.40171505736427937,0.5005568128636195
8,[0.99270517],0.48153500052469767,0.500641869959918
9,[0.25271926],0.46118563966634696,0.3218293375546587
10,[0.53296001],0.42182454645389844,0.04158858546515132
11,[0.8921391],0.39607620823178524,0.40007579270241933
12,[0.24209363],0.4465324770764562,0.35448539367497944
13,[0.41762074],0.4006316214619444,0.17107931105231788
14,[0.86794548],0.55470431530501,0.33498547034400317
15,[0.28633024],0.3401055266083076,0.28821835787203465
16,[0.13769966],0.6999638141622898,0.43684893526660173
17,[0.0507936],0.6825344215875007,0.5317893885678048
18,[0.92829087],0.47286214370895163,0.4157792124734252
19,[0.77995014],0.3191043786832965,0.23447999120891916
20,[0.69447451],0.4816037973272153,0.20241120409363744
21,[0.95343867],0.6798465907206086,0.420478653899376
22,[0.93194228],0.7597722418440951,0.38647212816938503
23,[0.20739954],0.4612942398633072,0.3671490617120715
24,[0.22335698],0.3675287434593971,0.35520881249527847
25,[0.99751836],0.737536061183644,0.46455835144717794
26,[0.4920633],0.37816879288333977,0.09051968611454286
27,[0.22577487],0.4700510421512398,0.35680811633434584
28,[0.98771616],0.5007657368942222,0.45475614871940884
29,[0.75659074],0.39265512882502246,0.2645274364559719
30,[0.58258299],0.4194845732613238,0.02222003994526678
31,[0.56602715],0.3339849651739083,0.011328400991537757
32,[0.37184337],0.2789899741344278,0.202705225281552
33,[0.45296356],0.36743352914303906,0.1296194281964025
34,[0.81726831],0.3902985165256666,0.28430829245796696
35,[0.10200653],0.4065840388301849,0.4945724934275134
36,[0.91715646],0.5700278208672682,0.38419645149053794
37,[0.04387119],0.6559090324368436,0.544828862743376
38,[0.5745486],0.33125301734652524,0.04158858546515132
39,[0.18049899],0.4308589274439501,0.4020840041434439
40,[0.63570166],0.3715522140554091,0.09023151339323399
41,[0.89414345],0.5744626880343563,0.361183433018769
42,[0.65555994],0.503451679185486,0.16349663597724018
43,[0.25422487],0.3692554292526589,0.3283581205360482
44,[0.59657902],0.3990439209339284,0.06361900587279279
45,[0.91987718],0.6156659832686906,0.3869171618903168
46,[0.77454108],0.4388474330196391,0.2415810619509422
47,[0.29099454],0.3530816776965822,0.29158844591233646
48,[0.68682978],0.45714305007596234,0.15386976187677737
49,[0.43332139],0.277192433378882,0.14122720626679097
