,0,1,2
0,[0.54547015],0.32150334518906937,0.029078447925978357
1,[0.17186532],0.3752190792587666,0.4107176758695732
2,[0.85293181],0.2954127593064514,0.3074616584517891
3,[0.18022341],0.7237058724931508,0.40847663933020295
4,[0.58870005],0.2098303053640075,0.043229899090181156
5,[0.1207749],0.521118235563838,0.44951297450378547
6,[0.55469875],0.28996504450467386,0.011328400991537757
7,[0.08202618],0.4940766754042155,0.5005568128636195
8,[0.99270517],0.48153500052469767,0.4801935156063687
9,[0.25271926],0.5380249299644546,0.3218293375546587
10,[0.53296001],0.42182454645389844,0.04560578143629779
11,[0.8921391],0.39607620823178524,0.40007579270241933
12,[0.24209363],0.4465324770764562,0.35448539367497944
13,[0.41762074],0.40887394886750583,0.16496225183040814
14,[0.86794548],0.5906014743160182,0.33498547034400317
15,[0.28633024],0.3910584813326635,0.28821835787203465
16,[0.13769966],0.6999638141622898,0.43684893526660173
17,[0.0507936],0.820295077597865,0.5317893885678048
18,[0.92829087],0.6173909615242267,0.4362275668269745
19,[0.77995014],0.41803968842320316,0.23447999120891916
20,[0.69447451],0.4816037973272153,0.18196284974008814
21,[0.95343867],0.6798465907206086,0.420478653899376
22,[0.93194228],0.7597722418440951,0.38647212816938503
23,[0.20739954],0.3494174834524153,0.3671490617120715
24,[0.22335698],0.3675287434593971,0.351191616524132
25,[0.99751836],0.737536061183644,0.46455835144717794
26,[0.4920633],0.37816879288333977,0.09051968611454286
27,[0.22577487],0.45942730744624727,0.35680811633434584
28,[0.98771616],0.7016631869504296,0.45475614871940884
29,[0.75659074],0.3526062685649126,0.2645274364559719
30,[0.58258299],0.4194845732613238,0.02222003994526678
31,[0.56602715],0.3339849651739083,0.011328400991537757
32,[0.37184337],0.36623548749982265,0.202705225281552
33,[0.45296356],0.3674335291430391,0.1296194281964025
34,[0.81726831],0.3902985165256667,0.28430829245796696
35,[0.10200653],0.4722556629373944,0.48669352418407474
36,[0.91715646],0.5700278208672682,0.40464480584408713
37,[0.04387119],0.6241916214449098,0.544828862743376
38,[0.5745486],0.33125301734652524,0.04158858546515132
39,[0.18049899],0.4983764418019643,0.4020840041434439
40,[0.63570166],0.3715522140554091,0.09023151339323399
41,[0.89414345],0.5276894455012091,0.361183433018769
42,[0.65555994],0.503451679185486,0.16349663597724018
43,[0.25422487],0.44287500138334474,0.3243409245649016
44,[0.59657902],0.39448921264834913,0.08406736022634198
45,[0.91987718],0.5660893310768813,0.3869171618903168
46,[0.77454108],0.5130603928577803,0.2415810619509422
47,[0.29099454],0.33227136487285475,0.2875712499411899
48,[0.68682978],0.4384285069358345,0.15386976187677737
49,[0.43332139],0.2819007501211288,0.14122720626679097
