,0,1,2
0,[0.54547015],0.2700231220478697,0.029078447925978357
1,[0.17186532],0.515496263484025,0.4107176758695732
2,[0.85293181],0.22415263916718536,0.3074616584517891
3,[0.18022341],0.6929319201177953,0.40847663933020295
4,[0.58870005],0.16768238191923848,0.043229899090181156
5,[0.1207749],0.521118235563838,0.4537736982573879
6,[0.55469875],0.36431986914795395,0.011328400991537757
7,[0.08202618],0.4940766754042155,0.5005568128636195
8,[0.99270517],0.6264435489157933,0.4801935156063687
9,[0.25271926],0.5380249299644546,0.3218293375546587
10,[0.53296001],0.4123695809010856,0.05268150701839924
11,[0.8921391],0.4841261359348138,0.40007579270241933
12,[0.24209363],0.5141658055865092,0.3505459090532601
13,[0.41762074],0.40887394886750583,0.17107931105231788
14,[0.86794548],0.5906014743160182,0.33498547034400317
15,[0.28633024],0.3910584813326635,0.28821835787203465
16,[0.13769966],0.672729741874008,0.43684893526660173
17,[0.0507936],0.754897761690455,0.5317893885678048
18,[0.92829087],0.4808817938575506,0.4362275668269745
19,[0.77995014],0.41803968842320316,0.23447999120891916
20,[0.69447451],0.40741632039377185,0.16151449538653895
21,[0.95343867],0.6943457608428769,0.420478653899376
22,[0.93194228],0.6941006177368856,0.38647212816938503
23,[0.20739954],0.4612942398633072,0.3671490617120715
24,[0.22335698],0.36752874345939707,0.35922600846642505
25,[0.99751836],0.7453560096000158,0.46455835144717794
26,[0.4920633],0.33717177887218713,0.09051968611454286
27,[0.22577487],0.45942730744624727,0.35680811633434584
28,[0.98771616],0.5622027646796026,0.45475614871940884
29,[0.75659074],0.3597389692715116,0.2645274364559719
30,[0.58258299],0.39152990020895234,0.027884240441035657
31,[0.56602715],0.32543951907250335,0.011328400991537757
32,[0.37184337],0.4558194709124853,0.202705225281552
33,[0.45296356],0.3881085128287209,0.1296194281964025
34,[0.81726831],0.461171244744537,0.28430829245796696
35,[0.10200653],0.39183886210870567,0.48669352418407474
36,[0.91715646],0.522603470404661,0.40464480584408713
37,[0.04387119],0.42024196953221715,0.544828862743376
38,[0.5745486],0.3664404536386069,0.06203693981870051
39,[0.18049899],0.43308580876981767,0.4020840041434439
40,[0.63570166],0.44944225511788566,0.09023151339323399
41,[0.89414345],0.5276894455012091,0.361183433018769
42,[0.65555994],0.4740606125938086,0.16349663597724018
43,[0.25422487],0.43491436504069725,0.3243409245649016
44,[0.59657902],0.3990439209339284,0.06361900587279279
45,[0.91987718],0.5660893310768813,0.3869171618903168
46,[0.77454108],0.37036032265946683,0.2415810619509422
47,[0.29099454],0.33227136487285475,0.29158844591233646
48,[0.68682978],0.3419470992181142,0.15386976187677737
49,[0.43332139],0.28741805556775607,0.14524440223793744
