,0,1,2
0,[0.54547015],0.39157769792272906,0.042309756435977786
1,[0.17186532],0.31833374231281253,0.3884976359243064
2,[0.85293181],0.4741751321819624,0.31997179599096204
3,[0.18022341],0.46551651161083846,0.39432518816600015
4,[0.58870005],0.3652143741159608,0.09930427826058746
5,[0.1207749],0.5028099683706128,0.44786596997916306
6,[0.55469875],0.311415351908807,0.055024478388255305
7,[0.08202618],0.5338089465017636,0.48661469264310164
8,[0.99270517],0.5226775345946607,0.4071413655838475
9,[0.25271926],0.40751983112176526,0.3218293375546587
10,[0.53296001],0.31178221376880166,0.04158858546515132
11,[0.8921391],0.44942178799803,0.4027433256265542
12,[0.24209363],0.5194358320411775,0.35448539367497944
13,[0.41762074],0.39322710610159106,0.15974286171661412
14,[0.86794548],0.5169624602545458,0.44971313582686273
15,[0.28633024],0.25098394807662333,0.2740327098690609
16,[0.13769966],0.6189896270753812,0.43684893526660173
17,[0.0507936],0.5879911165463959,0.5317893885678048
18,[0.92829087],0.47260665512377875,0.342727062450904
19,[0.77995014],0.446566186977817,0.3617177942309517
20,[0.69447451],0.32974216795761047,0.18497915180204483
21,[0.95343867],0.6343055365591571,0.420478653899376
22,[0.93194228],0.4740672181592515,0.346378470039586
23,[0.20739954],0.6091779305734544,0.45386618265151235
24,[0.22335698],0.7056973689286486,0.3622068267279527
25,[0.99751836],0.7279986470543062,0.46455835144717794
26,[0.4920633],0.3117822137688017,0.08248529417224981
27,[0.22577487],0.27520609468463064,0.33458807638907906
28,[0.98771616],0.665462637357973,0.45475614871940884
29,[0.75659074],0.37943515384747795,0.24709538416437926
30,[0.58258299],0.2626072571701537,0.07875183431871902
31,[0.56602715],0.3336405482992689,0.062195994869221116
32,[0.37184337],0.40238257918027837,0.19679749700332716
33,[0.45296356],0.30782771242623197,0.1296194281964025
34,[0.81726831],0.5291043523488194,0.28430829245796696
35,[0.10200653],0.6934923396196948,0.5592591939593128
36,[0.91715646],0.6514409259839449,0.38419645149053794
37,[0.04387119],0.6229742783602203,0.5306774115791733
38,[0.5745486],0.3941012344129882,0.04158858546515132
39,[0.18049899],0.5687115431882278,0.41608003260879234
40,[0.63570166],0.3886667413311238,0.06967451297446048
41,[0.89414345],0.679416498883357,0.4125980014606644
42,[0.65555994],0.3719320660910468,0.14304828162369088
43,[0.25422487],0.4252461021209906,0.3283581205360482
44,[0.59657902],0.3973309421806831,0.06361900587279279
45,[0.91987718],0.47161225031402665,0.4304814035215501
46,[0.77454108],0.40238257918027837,0.28514530358217555
47,[0.29099454],0.25098394807662333,0.2693684059670697
48,[0.68682978],0.3352540522099338,0.15386976187677737
49,[0.43332139],0.2637184250081086,0.14926159820908402
