,0,1,2
0,[0.54547015],0.3041617387212033,0.029078447925978357
1,[0.17186532],0.500703494151016,0.4107176758695732
2,[0.85293181],0.2624126438388201,0.3074616584517891
3,[0.18022341],0.6347586425573579,0.40847663933020295
4,[0.58870005],0.2326943951270491,0.043229899090181156
5,[0.1207749],0.521118235563838,0.4537736982573879
6,[0.55469875],0.36431986914795395,0.00922859942723575
7,[0.08202618],0.4940766754042155,0.5005568128636195
8,[0.99270517],0.6264435489157933,0.4801935156063687
9,[0.25271926],0.5380249299644546,0.3218293375546587
10,[0.53296001],0.43632371657616675,0.04560578143629779
11,[0.8921391],0.4261626968068589,0.40007579270241933
12,[0.24209363],0.5141658055865092,0.3505459090532601
13,[0.41762074],0.3388946461955449,0.16496225183040814
14,[0.86794548],0.55470431530501,0.33498547034400317
15,[0.28633024],0.4594501661680708,0.28821835787203465
16,[0.13769966],0.5748986199543256,0.43684893526660173
17,[0.0507936],0.754897761690455,0.5317893885678048
18,[0.92829087],0.5517788725925465,0.395330858119876
19,[0.77995014],0.3191043786832965,0.23447999120891916
20,[0.69447451],0.4980040669721276,0.16151449538653895
21,[0.95343867],0.6943457608428769,0.420478653899376
22,[0.93194228],0.6941006177368856,0.38647212816938503
23,[0.20739954],0.5012927351604655,0.3671490617120715
24,[0.22335698],0.3675287434593971,0.35922600846642505
25,[0.99751836],0.7786826739236008,0.46455835144717794
26,[0.4920633],0.307406907418614,0.09051968611454286
27,[0.22577487],0.45942730744624727,0.35680811633434584
28,[0.98771616],0.5869564344051664,0.45475614871940884
29,[0.75659074],0.44337017873330586,0.22363072774887338
30,[0.58258299],0.3555640737151574,0.027884240441035657
31,[0.56602715],0.317808520940934,0.011328400991537757
32,[0.37184337],0.3993239167808772,0.202705225281552
33,[0.45296356],0.3881085128287209,0.1296194281964025
34,[0.81726831],0.5140767320357315,0.28430829245796696
35,[0.10200653],0.39183886210870567,0.48363499457311987
36,[0.91715646],0.522603470404661,0.40464480584408713
37,[0.04387119],0.5411952372183175,0.544828862743376
38,[0.5745486],0.366440453638607,0.06203693981870051
39,[0.18049899],0.500603323127832,0.4020840041434439
40,[0.63570166],0.36762378005287283,0.09023151339323399
41,[0.89414345],0.5276894455012091,0.361183433018769
42,[0.65555994],0.36713677367182473,0.16349663597724018
43,[0.25422487],0.43491436504069725,0.3283581205360482
44,[0.59657902],0.3990439209339284,0.06361900587279279
45,[0.91987718],0.5660893310768813,0.3869171618903168
46,[0.77454108],0.4420858455004402,0.2415810619509422
47,[0.29099454],0.3499415469723174,0.2875712499411899
48,[0.68682978],0.3419470992181142,0.15386976187677737
49,[0.43332139],0.2651817485727232,0.14122720626679097
