,0,1,2
0,[0.54547015],0.28872776395209476,0.029078447925978357
1,[0.17186532],0.41636569199872353,0.4107176758695732
2,[0.85293181],0.14543103142026664,0.3074616584517891
3,[0.18022341],0.6420240461286907,0.40847663933020295
4,[0.58870005],0.24444585685004547,0.043229899090181156
5,[0.1207749],0.521118235563838,0.46180809019968094
6,[0.55469875],0.36431986914795395,0.00922859942723575
7,[0.08202618],0.4629830376522369,0.5005568128636195
8,[0.99270517],0.6318236590136092,0.4597451612528195
9,[0.25271926],0.5598777563398069,0.3218293375546587
10,[0.53296001],0.4275119732378122,0.04158858546515132
11,[0.8921391],0.4261626968068589,0.40007579270241933
12,[0.24209363],0.5141658055865092,0.34660642443154077
13,[0.41762074],0.3337479004212353,0.17107931105231788
14,[0.86794548],0.47361986189746474,0.33498547034400317
15,[0.28633024],0.3910584813326635,0.28821835787203465
16,[0.13769966],0.7040210275774138,0.43684893526660173
17,[0.0507936],0.754897761690455,0.5317893885678048
18,[0.92829087],0.7025330256767102,0.4157792124734252
19,[0.77995014],0.32345212607657825,0.23447999120891916
20,[0.69447451],0.5142281047776163,0.16151449538653895
21,[0.95343867],0.6539606290287063,0.420478653899376
22,[0.93194228],0.6941006177368856,0.38647212816938503
23,[0.20739954],0.4176614200029317,0.371166257683218
24,[0.22335698],0.3675287434593971,0.35922600846642505
25,[0.99751836],0.6571200328384704,0.46455835144717794
26,[0.4920633],0.307406907418614,0.09051968611454286
27,[0.22577487],0.45942730744624727,0.3598666459453007
28,[0.98771616],0.5147374947127407,0.45475614871940884
29,[0.75659074],0.44124505159077004,0.24407908210242257
30,[0.58258299],0.33361991602111074,0.03249854015465359
31,[0.56602715],0.3598792575380176,0.011328400991537757
32,[0.37184337],0.33967778360762113,0.21073961722384504
33,[0.45296356],0.32597079491464076,0.1296194281964025
34,[0.81726831],0.5616444189200325,0.28430829245796696
35,[0.10200653],0.39183886210870567,0.48669352418407474
36,[0.91715646],0.6690348521613008,0.42509316019763643
37,[0.04387119],0.5836723458330899,0.544828862743376
38,[0.5745486],0.36644045363860694,0.08248529417224981
39,[0.18049899],0.5798285542038373,0.4020840041434439
40,[0.63570166],0.41090292615773494,0.09023151339323399
41,[0.89414345],0.45293953516299756,0.361183433018769
42,[0.65555994],0.4740606125938086,0.16349663597724018
43,[0.25422487],0.447049877982516,0.3243409245649016
44,[0.59657902],0.3990439209339284,0.06361900587279279
45,[0.91987718],0.5660893310768813,0.3869171618903168
46,[0.77454108],0.40324908994557074,0.2415810619509422
47,[0.29099454],0.3499415469723174,0.29158844591233646
48,[0.68682978],0.40180563790524104,0.17431811623032656
49,[0.43332139],0.23038019850443736,0.14122720626679097
