,0,1,2
0,[0.54547015],0.3061089762238767,0.029078447925978357
1,[0.17186532],0.4739430594897617,0.4107176758695732
2,[0.85293181],0.4077561722079513,0.3074616584517891
3,[0.18022341],0.7719980917417704,0.40847663933020295
4,[0.58870005],0.21146556131673674,0.043229899090181156
5,[0.1207749],0.521118235563838,0.4648666198106358
6,[0.55469875],0.3747062074572166,0.02173873696640871
7,[0.08202618],0.6143149210823824,0.5005568128636195
8,[0.99270517],0.6855649234839856,0.4597451612528195
9,[0.25271926],0.605943094262559,0.3218293375546587
10,[0.53296001],0.4275119732378122,0.04158858546515132
11,[0.8921391],0.4325623794702219,0.40007579270241933
12,[0.24209363],0.4799421788051779,0.34660642443154077
13,[0.41762074],0.3337479004212353,0.17107931105231788
14,[0.86794548],0.5592802873333301,0.33498547034400317
15,[0.28633024],0.3950284510324121,0.28821835787203465
16,[0.13769966],0.6471593690858204,0.43684893526660173
17,[0.0507936],0.589348991904724,0.5317893885678048
18,[0.92829087],0.5873146747797355,0.395330858119876
19,[0.77995014],0.25766735089791626,0.23447999120891916
20,[0.69447451],0.39729186122702476,0.16151449538653895
21,[0.95343867],0.6539606290287063,0.420478653899376
22,[0.93194228],0.6941006177368856,0.38647212816938503
23,[0.20739954],0.476340796978702,0.37518345365436456
24,[0.22335698],0.5733993768466907,0.35922600846642505
25,[0.99751836],0.6571200328384703,0.46455835144717794
26,[0.4920633],0.34040081764494606,0.09051968611454286
27,[0.22577487],0.5898372716104384,0.3629251755562556
28,[0.98771616],0.54864068097403,0.45475614871940884
29,[0.75659074],0.33442564988312384,0.22363072774887338
30,[0.58258299],0.34536829844001893,0.027884240441035657
31,[0.56602715],0.3598792575380176,0.011328400991537757
32,[0.37184337],0.32508567976881714,0.21073961722384504
33,[0.45296356],0.34225033218399215,0.12158503625410944
34,[0.81726831],0.4819193733666589,0.28430829245796696
35,[0.10200653],0.5062122112025983,0.48669352418407474
36,[0.91715646],0.6050936773728086,0.40464480584408713
37,[0.04387119],0.5836723458330898,0.5306774115791733
38,[0.5745486],0.35858715216791825,0.04158858546515132
39,[0.18049899],0.4671478644337103,0.39404961220115087
40,[0.63570166],0.41090292615773494,0.09023151339323399
41,[0.89414345],0.45489997570855134,0.361183433018769
42,[0.65555994],0.4740606125938086,0.16349663597724018
43,[0.25422487],0.43491436504069725,0.3283581205360482
44,[0.59657902],0.3990439209339284,0.06361900587279279
45,[0.91987718],0.6049420824040845,0.3869171618903168
46,[0.77454108],0.40324908994557074,0.2415810619509422
47,[0.29099454],0.36991917877883157,0.29158844591233646
48,[0.68682978],0.3966588921309316,0.15386976187677737
49,[0.43332139],0.2861946437233741,0.14524440223793744
