,0,1,2
0,[0.54547015],0.28872776395209476,0.029078447925978357
1,[0.17186532],0.4344696292216321,0.4107176758695732
2,[0.85293181],0.48919475678429836,0.3074616584517891
3,[0.18022341],0.7719980917417704,0.4054181097192481
4,[0.58870005],0.21146556131673674,0.043229899090181156
5,[0.1207749],0.6463506195629241,0.4648666198106358
6,[0.55469875],0.38507033982600686,0.00922859942723575
7,[0.08202618],0.6176260889722819,0.49653961689247295
8,[0.99270517],0.6958075082051135,0.4597451612528195
9,[0.25271926],0.5738299495142261,0.3218293375546587
10,[0.53296001],0.4101307609660303,0.04158858546515132
11,[0.8921391],0.45660636569208235,0.40007579270241933
12,[0.24209363],0.3588350914513656,0.34660642443154077
13,[0.41762074],0.40887394886750583,0.17107931105231788
14,[0.86794548],0.55928028733333,0.33498547034400317
15,[0.28633024],0.42304900301977816,0.28821835787203465
16,[0.13769966],0.6982053379922182,0.43684893526660173
17,[0.0507936],0.4269324925050234,0.5277721925966582
18,[0.92829087],0.5873146747797355,0.395330858119876
19,[0.77995014],0.2985281635077746,0.23447999120891916
20,[0.69447451],0.4447162116896318,0.16151449538653895
21,[0.95343867],0.6736000755797715,0.420478653899376
22,[0.93194228],0.6903884885795948,0.38647212816938503
23,[0.20739954],0.481382979102759,0.37518345365436456
24,[0.22335698],0.510726686852977,0.35520881249527847
25,[0.99751836],0.5674816093570858,0.46455835144717794
26,[0.4920633],0.3454922827447419,0.09051968611454286
27,[0.22577487],0.5797021191874293,0.3598666459453007
28,[0.98771616],0.4130839710355293,0.45475614871940884
29,[0.75659074],0.2858357271173762,0.21112059020970042
30,[0.58258299],0.4196036716661634,0.027884240441035657
31,[0.56602715],0.3598792575380176,0.015942700705155688
32,[0.37184337],0.32508567976881714,0.21073961722384504
33,[0.45296356],0.36703265933834944,0.12158503625410944
34,[0.81726831],0.4832703563907586,0.28430829245796696
35,[0.10200653],0.5062122112025983,0.48669352418407474
36,[0.91715646],0.6072188045153444,0.42509316019763643
37,[0.04387119],0.5950162700068087,0.5306774115791733
38,[0.5745486],0.4126348096480267,0.04158858546515132
39,[0.18049899],0.4671478644337103,0.39404961220115087
40,[0.63570166],0.37452218872031084,0.09023151339323399
41,[0.89414345],0.45489997570855134,0.3816317873723182
42,[0.65555994],0.45436605084977344,0.14304828162369088
43,[0.25422487],0.455027580492197,0.3283581205360482
44,[0.59657902],0.43868840859629543,0.06361900587279279
45,[0.91987718],0.453880602363658,0.3869171618903168
46,[0.77454108],0.44531982654265434,0.2415810619509422
47,[0.29099454],0.36491570527978817,0.29158844591233646
48,[0.68682978],0.3966588921309316,0.15386976187677737
49,[0.43332139],0.2840500724113909,0.14926159820908402
