,0,1,2
0,[0.54547015],0.28872776395209476,0.029078447925978357
1,[0.17186532],0.4344696292216321,0.4107176758695732
2,[0.85293181],0.5082315547876053,0.3074616584517891
3,[0.18022341],0.7719980917417704,0.40847663933020295
4,[0.58870005],0.21146556131673674,0.043229899090181156
5,[0.1207749],0.513463178846915,0.4679251494215907
6,[0.55469875],0.32962567415646105,0.00922859942723575
7,[0.08202618],0.6176260889722819,0.4925224209213265
8,[0.99270517],0.6855649234839856,0.4597451612528195
9,[0.25271926],0.46678723885880713,0.3218293375546587
10,[0.53296001],0.42751197323781226,0.04158858546515132
11,[0.8921391],0.37859500992255785,0.40007579270241933
12,[0.24209363],0.4555876546382757,0.34660642443154077
13,[0.41762074],0.3388946461955449,0.17107931105231788
14,[0.86794548],0.5906014743160182,0.33498547034400317
15,[0.28633024],0.4230490030197781,0.28821835787203465
16,[0.13769966],0.6982053379922182,0.43684893526660173
17,[0.0507936],0.4269324925050234,0.5237549966255117
18,[0.92829087],0.4187920175822617,0.395330858119876
19,[0.77995014],0.2985281635077746,0.23447999120891916
20,[0.69447451],0.5142281047776163,0.16151449538653895
21,[0.95343867],0.6736000755797715,0.420478653899376
22,[0.93194228],0.6903884885795948,0.38647212816938503
23,[0.20739954],0.6044826437145583,0.37518345365436456
24,[0.22335698],0.510726686852977,0.351191616524132
25,[0.99751836],0.5674816093570856,0.46455835144717794
26,[0.4920633],0.37745223172479525,0.09051968611454286
27,[0.22577487],0.5797021191874293,0.3629251755562556
28,[0.98771616],0.4126003926091134,0.45475614871940884
29,[0.75659074],0.30063601903182524,0.21112059020970042
30,[0.58258299],0.4196036716661634,0.027884240441035657
31,[0.56602715],0.3598792575380176,0.020557000418773508
32,[0.37184337],0.32508567976881714,0.2168566764457548
33,[0.45296356],0.32829813900957294,0.12158503625410944
34,[0.81726831],0.5161591236768625,0.28430829245796696
35,[0.10200653],0.444300989885023,0.48363499457311987
36,[0.91715646],0.6072188045153444,0.42509316019763643
37,[0.04387119],0.45026677538454807,0.5306774115791733
38,[0.5745486],0.4126348096480267,0.04158858546515132
39,[0.18049899],0.48712549624022455,0.39806680817229734
40,[0.63570166],0.37452218872031084,0.09648658216282047
41,[0.89414345],0.45489997570855134,0.361183433018769
42,[0.65555994],0.3994573469694763,0.12259992727014168
43,[0.25422487],0.43491436504069725,0.3283581205360482
44,[0.59657902],0.39404720280503486,0.06361900587279279
45,[0.91987718],0.5330476484399918,0.3869171618903168
46,[0.77454108],0.44531982654265434,0.2415810619509422
47,[0.29099454],0.36491570527978817,0.2977055051342462
48,[0.68682978],0.39665889213093153,0.15386976187677737
49,[0.43332139],0.31885162247967674,0.14926159820908402
