,0,1,2
0,[0.54547015],0.2750658062300937,0.029078447925978357
1,[0.17186532],0.4344696292216321,0.4107176758695732
2,[0.85293181],0.49012761756469664,0.3074616584517891
3,[0.18022341],0.6369944869727907,0.40847663933020295
4,[0.58870005],0.21146556131673674,0.043229899090181156
5,[0.1207749],0.5134631788469151,0.4679251494215907
6,[0.55469875],0.3691585918782175,0.00922859942723575
7,[0.08202618],0.468012596808137,0.5005568128636195
8,[0.99270517],0.6855649234839856,0.4597451612528195
9,[0.25271926],0.48924347414113223,0.3218293375546587
10,[0.53296001],0.42751197323781226,0.04158858546515132
11,[0.8921391],0.37859500992255785,0.40007579270241933
12,[0.24209363],0.45558765463827583,0.34660642443154077
13,[0.41762074],0.38035738042394324,0.17107931105231788
14,[0.86794548],0.5906014743160182,0.33498547034400317
15,[0.28633024],0.5036036854205304,0.28821835787203465
16,[0.13769966],0.698205337992218,0.43684893526660173
17,[0.0507936],0.4269324925050234,0.5237549966255117
18,[0.92829087],0.5622400029378845,0.395330858119876
19,[0.77995014],0.28739346637682966,0.23447999120891916
20,[0.69447451],0.49306185391179297,0.16151449538653895
21,[0.95343867],0.6736000755797715,0.420478653899376
22,[0.93194228],0.6903884885795948,0.38647212816938503
23,[0.20739954],0.5973499430079592,0.37518345365436456
24,[0.22335698],0.5889541154223001,0.351191616524132
25,[0.99751836],0.5674816093570857,0.46455835144717794
26,[0.4920633],0.37745223172479525,0.09051968611454286
27,[0.22577487],0.5797021191874293,0.35680811633434584
28,[0.98771616],0.2621725756254052,0.45475614871940884
29,[0.75659074],0.30063601903182524,0.22363072774887338
30,[0.58258299],0.4196036716661634,0.03711283986827141
31,[0.56602715],0.3598792575380176,0.015942700705155688
32,[0.37184337],0.25952439397638427,0.2168566764457548
33,[0.45296356],0.4006728474816946,0.12158503625410944
34,[0.81726831],0.501715068747564,0.28430829245796696
35,[0.10200653],0.444300989885023,0.48363499457311987
36,[0.91715646],0.4551989321405571,0.40464480584408713
37,[0.04387119],0.5950162700068087,0.5306774115791733
38,[0.5745486],0.40407494503493646,0.04158858546515132
39,[0.18049899],0.43184902855254126,0.39404961220115087
40,[0.63570166],0.37590667171104314,0.09023151339323399
41,[0.89414345],0.45489997570855134,0.361183433018769
42,[0.65555994],0.3994573469694763,0.12259992727014168
43,[0.25422487],0.4699846726326342,0.3283581205360482
44,[0.59657902],0.3824201350931745,0.06361900587279279
45,[0.91987718],0.5330476484399918,0.3869171618903168
46,[0.77454108],0.44531982654265434,0.2415810619509422
47,[0.29099454],0.36491570527978817,0.2977055051342462
48,[0.68682978],0.3460392957510897,0.15386976187677737
49,[0.43332139],0.3129791666857821,0.14926159820908402
