,0,1,2
0,[0.54547015],0.2750658062300937,0.029078447925978357
1,[0.17186532],0.4344696292216321,0.4107176758695732
2,[0.85293181],0.44890278494790825,0.3074616584517891
3,[0.18022341],0.5955317527443924,0.40847663933020295
4,[0.58870005],0.27083472899059136,0.043229899090181156
5,[0.1207749],0.5180657825412688,0.4679251494215907
6,[0.55469875],0.38827400482303503,0.00922859942723575
7,[0.08202618],0.468012596808137,0.5005568128636195
8,[0.99270517],0.6887564125215735,0.4597451612528195
9,[0.25271926],0.45283504568438787,0.3218293375546587
10,[0.53296001],0.4101307609660303,0.04158858546515132
11,[0.8921391],0.4261626968068589,0.40007579270241933
12,[0.24209363],0.4555876546382757,0.34660642443154077
13,[0.41762074],0.38035738042394324,0.168020781441363
14,[0.86794548],0.623126237343159,0.33498547034400317
15,[0.28633024],0.438775182482389,0.28821835787203465
16,[0.13769966],0.7523316910589128,0.43684893526660173
17,[0.0507936],0.5298319156152355,0.5237549966255117
18,[0.92829087],0.5901321708232098,0.395330858119876
19,[0.77995014],0.3685183782886425,0.23447999120891916
20,[0.69447451],0.5026010370657559,0.16151449538653895
21,[0.95343867],0.5353237574962837,0.420478653899376
22,[0.93194228],0.71008305032363,0.38647212816938503
23,[0.20739954],0.4964547915285419,0.37518345365436456
24,[0.22335698],0.5889541154223001,0.351191616524132
25,[0.99751836],0.5623348635827762,0.46455835144717794
26,[0.4920633],0.31753760969237044,0.09051968611454286
27,[0.22577487],0.5797021191874293,0.35680811633434584
28,[0.98771616],0.4990409842749379,0.45475614871940884
29,[0.75659074],0.41485964195740427,0.22363072774887338
30,[0.58258299],0.4196036716661634,0.03711283986827141
31,[0.56602715],0.27701396545008533,0.020557000418773508
32,[0.37184337],0.25952439397638427,0.2168566764457548
33,[0.45296356],0.33179889462624657,0.12158503625410944
34,[0.81726831],0.501715068747564,0.28430829245796696
35,[0.10200653],0.526325426654098,0.48669352418407474
36,[0.91715646],0.4671437493518045,0.38419645149053794
37,[0.04387119],0.5950162700068086,0.5306774115791733
38,[0.5745486],0.4198610858029439,0.04158858546515132
39,[0.18049899],0.43184902855254126,0.39806680817229734
40,[0.63570166],0.374692344779674,0.09023151339323399
41,[0.89414345],0.45293953516299756,0.361183433018769
42,[0.65555994],0.3994573469694763,0.12259992727014168
43,[0.25422487],0.45883483925426266,0.3283581205360482
44,[0.59657902],0.3668432069030104,0.06361900587279279
45,[0.91987718],0.4151443035553992,0.3869171618903168
46,[0.77454108],0.44531982654265434,0.2415810619509422
47,[0.29099454],0.371085528381878,0.29158844591233646
48,[0.68682978],0.39110930411960304,0.15386976187677737
49,[0.43332139],0.3129791666857821,0.14122720626679097
