,0,1,2
0,[0.54547015],0.33995764238590953,0.043229899090181156
1,[0.17186532],0.37334026360538025,0.3984225601736777
2,[0.85293181],0.4381039540313779,0.30343822701198886
3,[0.18022341],0.5764658799747796,0.39432518816600015
4,[0.58870005],0.29766285216501537,0.043229899090181156
5,[0.1207749],0.5028099683706128,0.4438487740080166
6,[0.55469875],0.2549583567908321,0.0010499007821510586
7,[0.08202618],0.5338089465017637,0.5036153424745744
8,[0.99270517],0.5500030944702653,0.4380064242864108
9,[0.25271926],0.32733196200688824,0.3218293375546587
10,[0.53296001],0.2979226134396562,0.04158858546515132
11,[0.8921391],0.4494217879980299,0.40899839439614066
12,[0.24209363],0.5072832529323252,0.35448539367497944
13,[0.41762074],0.29719922662407006,0.15692785988811508
14,[0.86794548],0.5620127386108826,0.4346240911456428
15,[0.28633024],0.3037247891708835,0.2796969103648298
16,[0.13769966],0.48367392482262667,0.4448833272088948
17,[0.0507936],0.551443496202123,0.5317893885678048
18,[0.92829087],0.6625753326132828,0.43532908351435506
19,[0.77995014],0.4758631169004187,0.23447999120891916
20,[0.69447451],0.3092030048408593,0.17570778097050177
21,[0.95343867],0.5425296654243084,0.4613753626064745
22,[0.93194228],0.6122693053825359,0.3573936802434067
23,[0.20739954],0.6198698868130849,0.389179482119713
24,[0.22335698],0.4541513022074759,0.351191616524132
25,[0.99751836],0.46056952659993494,0.46455835144717794
26,[0.4920633],0.3757765729669941,0.09051968611454286
27,[0.22577487],0.33021261597719836,0.34451300063845036
28,[0.98771616],0.4955938274708222,0.4422460111802359
29,[0.75659074],0.34958283420566116,0.3036271785378315
30,[0.58258299],0.29075313524757673,0.027884240441035657
31,[0.56602715],0.3682956278939318,0.002613719228980016
32,[0.37184337],0.38689424005622597,0.21379814683479992
33,[0.45296356],0.26575697582914837,0.1296194281964025
34,[0.81726831],0.3592355424616688,0.271798154918794
35,[0.10200653],0.7004311573086416,0.5141338159573204
36,[0.91715646],0.5255619204277812,0.42509316019763643
37,[0.04387119],0.7235129226016456,0.5346946075503197
38,[0.5745486],0.32862072372029955,0.06203693981870051
39,[0.18049899],0.5565589640793756,0.41608003260879234
40,[0.63570166],0.29645396547199687,0.06967451297446048
41,[0.89414345],0.6386984500707318,0.348673295479596
42,[0.65555994],0.39519381038172297,0.14304828162369088
43,[0.25422487],0.3886984817767176,0.3283581205360482
44,[0.59657902],0.3624068412536626,0.10451571457989128
45,[0.91987718],0.4716122503140266,0.4367364722911366
46,[0.77454108],0.4023825791802785,0.2415810619509422
47,[0.29099454],0.3229641664512319,0.279293330216441
48,[0.68682978],0.39033023562805963,0.17431811623032656
49,[0.43332139],0.2842227223574664,0.14122720626679097
