,0,1,2
0,[0.54547015],0.29598420443386236,0.029078447925978357
1,[0.17186532],0.5174567040295789,0.4107176758695732
2,[0.85293181],0.42273621359832914,0.3074616584517891
3,[0.18022341],0.5955317527443924,0.4054181097192481
4,[0.58870005],0.24348512415846574,0.043229899090181156
5,[0.1207749],0.6201998090498367,0.4679251494215907
6,[0.55469875],0.3196717575504707,0.00922859942723575
7,[0.08202618],0.4680125968081369,0.5005568128636195
8,[0.99270517],0.6887564125215735,0.4597451612528195
9,[0.25271926],0.3488115907441848,0.3218293375546587
10,[0.53296001],0.3897268517623183,0.04158858546515132
11,[0.8921391],0.42594738943277066,0.40007579270241933
12,[0.24209363],0.4555876546382757,0.34660642443154077
13,[0.41762074],0.43500729737856314,0.17107931105231788
14,[0.86794548],0.6128836526220309,0.33498547034400317
15,[0.28633024],0.39884139495594295,0.28821835787203465
16,[0.13769966],0.7523316910589128,0.43684893526660173
17,[0.0507936],0.5080280603203674,0.5237549966255117
18,[0.92829087],0.6020218728414873,0.395330858119876
19,[0.77995014],0.3685183782886425,0.24699012874809212
20,[0.69447451],0.4554937093150605,0.16151449538653895
21,[0.95343867],0.6094845864562225,0.420478653899376
22,[0.93194228],0.71008305032363,0.38647212816938503
23,[0.20739954],0.5093376521551306,0.37518345365436456
24,[0.22335698],0.40444452031708256,0.35520881249527847
25,[0.99751836],0.7221553185192868,0.46455835144717794
26,[0.4920633],0.26440070675606514,0.09051968611454286
27,[0.22577487],0.5797021191874293,0.35680811633434584
28,[0.98771616],0.4601882329477345,0.45475614871940884
29,[0.75659074],0.41485964195740427,0.22363072774887338
30,[0.58258299],0.3402593421853185,0.03711283986827141
31,[0.56602715],0.27701396545008533,0.020557000418773508
32,[0.37184337],0.4172370125149435,0.2168566764457548
33,[0.45296356],0.3586881496438298,0.1296194281964025
34,[0.81726831],0.3415499303277852,0.28430829245796696
35,[0.10200653],0.5223893438357595,0.48669352418407474
36,[0.91715646],0.4671437493518045,0.38419645149053794
37,[0.04387119],0.47869322145663135,0.5306774115791733
38,[0.5745486],0.4198610858029438,0.04158858546515132
39,[0.18049899],0.300216025070978,0.4020840041434439
40,[0.63570166],0.27147547889664947,0.09648658216282047
41,[0.89414345],0.4529395351629975,0.361183433018769
42,[0.65555994],0.37881214054226797,0.12259992727014168
43,[0.25422487],0.4588348392542626,0.3283581205360482
44,[0.59657902],0.3425731156038624,0.06361900587279279
45,[0.91987718],0.46585149069621945,0.3869171618903168
46,[0.77454108],0.5320370407357633,0.2415810619509422
47,[0.29099454],0.4037848555773261,0.29158844591233646
48,[0.68682978],0.39110930411960304,0.15386976187677737
49,[0.43332139],0.3129791666857821,0.14926159820908402
