,0,1,2
0,[0.54547015],0.21351521149541494,0.029078447925978357
1,[0.17186532],0.616589086928374,0.4107176758695732
2,[0.85293181],0.5014578213452479,0.3074616584517891
3,[0.18022341],0.5955317527443924,0.4054181097192481
4,[0.58870005],0.24444585685004547,0.043229899090181156
5,[0.1207749],0.646350619562924,0.4679251494215907
6,[0.55469875],0.3196717575504707,0.00922859942723575
7,[0.08202618],0.4600519604654895,0.5005568128636195
8,[0.99270517],0.5913414181948816,0.4597451612528195
9,[0.25271926],0.4673216370836021,0.3218293375546587
10,[0.53296001],0.39637697643060127,0.04158858546515132
11,[0.8921391],0.55731174136354,0.35917908399532084
12,[0.24209363],0.4141943896789663,0.34660642443154077
13,[0.41762074],0.328038075579864,0.17107931105231788
14,[0.86794548],0.7419763383445881,0.33498547034400317
15,[0.28633024],0.3469386568761719,0.28821835787203465
16,[0.13769966],0.7443710547162655,0.43684893526660173
17,[0.0507936],0.5298319156152355,0.5237549966255117
18,[0.92829087],0.5901321708232098,0.395330858119876
19,[0.77995014],0.43363047353802653,0.24699012874809212
20,[0.69447451],0.4594520658145044,0.16151449538653895
21,[0.95343867],0.5514945467708079,0.420478653899376
22,[0.93194228],0.7047869359354827,0.38647212816938503
23,[0.20739954],0.46678664565418515,0.37518345365436456
24,[0.22335698],0.4231254019956948,0.351191616524132
25,[0.99751836],0.7700241271957686,0.46455835144717794
26,[0.4920633],0.23206708483469418,0.08248529417224981
27,[0.22577487],0.5685473425852592,0.35680811633434584
28,[0.98771616],0.37423121970832585,0.45475614871940884
29,[0.75659074],0.40338160706330584,0.22363072774887338
30,[0.58258299],0.2665472640539576,0.03711283986827141
31,[0.56602715],0.2816858456499291,0.020557000418773508
32,[0.37184337],0.324344159991254,0.2168566764457548
33,[0.45296356],0.3543178037777911,0.1296194281964025
34,[0.81726831],0.4586440982454441,0.271798154918794
35,[0.10200653],0.5340917664192129,0.48669352418407474
36,[0.91715646],0.38008153526901933,0.38419645149053794
37,[0.04387119],0.4586428958595622,0.5306774115791733
38,[0.5745486],0.41717972799147446,0.04158858546515132
39,[0.18049899],0.35549249275866124,0.4020840041434439
40,[0.63570166],0.27147547889664947,0.09023151339323399
41,[0.89414345],0.5078276548644973,0.361183433018769
42,[0.65555994],0.3808124616014868,0.12259992727014168
43,[0.25422487],0.2639435836682751,0.3283581205360482
44,[0.59657902],0.3425731156038624,0.06361900587279279
45,[0.91987718],0.4138317421035481,0.42781387059741527
46,[0.77454108],0.44531982654265445,0.2415810619509422
47,[0.29099454],0.22892007279789883,0.29158844591233646
48,[0.68682978],0.4003482464268881,0.15386976187677737
49,[0.43332139],0.270755048643842,0.14926159820908402
