,0,1,2
0,[0.54547015],0.33995764238590953,0.043229899090181156
1,[0.17186532],0.3733402636053802,0.40268328392728014
2,[0.85293181],0.4381039540313779,0.3074616584517891
3,[0.18022341],0.5764658799747796,0.39432518816600015
4,[0.58870005],0.29766285216501537,0.043229899090181156
5,[0.1207749],0.5393810437271747,0.4438487740080166
6,[0.55469875],0.3008989379525032,0.0010499007821510586
7,[0.08202618],0.5338089465017637,0.5005568128636195
8,[0.99270517],0.5500030944702653,0.4323422237906419
9,[0.25271926],0.4598321720464032,0.3218293375546587
10,[0.53296001],0.3183265226433682,0.04158858546515132
11,[0.8921391],0.4494217879980299,0.40899839439614066
12,[0.24209363],0.5072832529323252,0.35448539367497944
13,[0.41762074],0.2561171070352685,0.15692785988811508
14,[0.86794548],0.5620127386108826,0.37588217905110166
15,[0.28633024],0.3238970272316301,0.2796969103648298
16,[0.13769966],0.6383169761426716,0.44794185681984966
17,[0.0507936],0.5514434962021229,0.5317893885678048
18,[0.92829087],0.527562764754738,0.395330858119876
19,[0.77995014],0.5105884723715335,0.23447999120891916
20,[0.69447451],0.3131314388433956,0.149004357847366
21,[0.95343867],0.6134023936431788,0.4613753626064745
22,[0.93194228],0.6949498315343151,0.3616544039970091
23,[0.20739954],0.6198698868130849,0.389179482119713
24,[0.22335698],0.5662948604841171,0.351191616524132
25,[0.99751836],0.5274842214165536,0.44802478246820476
26,[0.4920633],0.34854480645535313,0.09051968611454286
27,[0.22577487],0.33021261597719836,0.3487737243920528
28,[0.98771616],0.6117213728875964,0.45475614871940884
29,[0.75659074],0.34958283420566116,0.3036271785378315
30,[0.58258299],0.34388789041370665,0.02222003994526678
31,[0.56602715],0.26856008596017,0.0165558394494979
32,[0.37184337],0.386894240056226,0.21073961722384504
33,[0.45296356],0.3585213846142919,0.1296194281964025
34,[0.81726831],0.47055417442308334,0.2780532236883805
35,[0.10200653],0.7713282360436374,0.4945724934275134
36,[0.91715646],0.5117164217623207,0.42509316019763643
37,[0.04387119],0.5060096284739208,0.5387118035214663
38,[0.5745486],0.260849080280792,0.06203693981870051
39,[0.18049899],0.5558286825616392,0.41608003260879234
40,[0.63570166],0.1896979752423175,0.06967451297446048
41,[0.89414345],0.5323680733005286,0.348673295479596
42,[0.65555994],0.3288209205460375,0.14304828162369088
43,[0.25422487],0.3886984817767176,0.3283581205360482
44,[0.59657902],0.3559428744350367,0.1240655856208211
45,[0.91987718],0.4716122503140266,0.40736551624386597
46,[0.77454108],0.4023825791802785,0.23532599318135572
47,[0.29099454],0.3626610734610901,0.279293330216441
48,[0.68682978],0.27196414021877385,0.17431811623032656
49,[0.43332139],0.26759781966483187,0.14122720626679097
