,0,1,2
0,[0.54547015],0.3671521088702754,0.0361541735080797
1,[0.17186532],0.4150430484039793,0.4107176758695732
2,[0.85293181],0.45329633978210976,0.3074616584517891
3,[0.18022341],0.7237058724931507,0.40847663933020295
4,[0.58870005],0.29766285216501537,0.043229899090181156
5,[0.1207749],0.6072699829376467,0.4537736982573879
6,[0.55469875],0.32163343477482853,0.011328400991537757
7,[0.08202618],0.5338089465017637,0.5005568128636195
8,[0.99270517],0.5226775345946607,0.44723502371364654
9,[0.25271926],0.5261745424958197,0.3218293375546587
10,[0.53296001],0.3043865479324622,0.04560578143629779
11,[0.8921391],0.5033891575456939,0.3991773093897999
12,[0.24209363],0.5072832529323252,0.35448539367497944
13,[0.41762074],0.3070521770000192,0.15692785988811508
14,[0.86794548],0.5755402511217003,0.33498547034400317
15,[0.28633024],0.3654502312258935,0.2796969103648298
16,[0.13769966],0.7788012387575766,0.43684893526660173
17,[0.0507936],0.49737373248541933,0.5317893885678048
18,[0.92829087],0.4719557707048428,0.4362275668269745
19,[0.77995014],0.3625848114652048,0.23447999120891916
20,[0.69447451],0.4035032967954365,0.17570778097050177
21,[0.95343867],0.6047756793148051,0.420478653899376
22,[0.93194228],0.6252466420545701,0.38647212816938503
23,[0.20739954],0.5114943642077707,0.3813005128762743
24,[0.22335698],0.4869272265117607,0.351191616524132
25,[0.99751836],0.7441694363288305,0.46455835144717794
26,[0.4920633],0.34854480645535313,0.08650249014339628
27,[0.22577487],0.38946316594006386,0.35680811633434584
28,[0.98771616],0.5474761338169473,0.45475614871940884
29,[0.75659074],0.3340494977857931,0.2840773074969017
30,[0.58258299],0.337001934600579,0.027884240441035657
31,[0.56602715],0.34910513492597517,0.002613719228980016
32,[0.37184337],0.32620643058303267,0.21073961722384504
33,[0.45296356],0.3329170486679412,0.1436154566617509
34,[0.81726831],0.4101306636704818,0.28430829245796696
35,[0.10200653],0.5289312786165632,0.4945724934275134
36,[0.91715646],0.4906378195007607,0.38419645149053794
37,[0.04387119],0.5833131137673918,0.5417703331324212
38,[0.5745486],0.34266516352243837,0.04158858546515132
39,[0.18049899],0.6350539136376445,0.412140547987073
40,[0.63570166],0.3402517985930795,0.08100291396599824
41,[0.89414345],0.6087569363765006,0.39492658964366156
42,[0.65555994],0.40868156260809785,0.16349663597724018
43,[0.25422487],0.3886984817767176,0.3283581205360482
44,[0.59657902],0.3990439209339284,0.08406736022634198
45,[0.91987718],0.4716122503140266,0.3869171618903168
46,[0.77454108],0.49385051127501767,0.2415810619509422
47,[0.29099454],0.44635565986052217,0.27503260646283856
48,[0.68682978],0.4123534432629602,0.19476647058387586
49,[0.43332139],0.34308562333946907,0.13696648251318855
