,0,1,2
0,[0.54547015],0.3671521088702754,0.0361541735080797
1,[0.17186532],0.39817302646658514,0.4107176758695732
2,[0.85293181],0.3439736341233952,0.3074616584517891
3,[0.18022341],0.6396101417132755,0.40847663933020295
4,[0.58870005],0.2988007334118075,0.04948496785976764
5,[0.1207749],0.6072699829376467,0.4537736982573879
6,[0.55469875],0.3139428720369051,0.011328400991537757
7,[0.08202618],0.5338089465017637,0.5005568128636195
8,[0.99270517],0.5226775345946607,0.44723502371364654
9,[0.25271926],0.49208497124353145,0.3218293375546587
10,[0.53296001],0.3667545267312123,0.04560578143629779
11,[0.8921391],0.5033891575456939,0.3991773093897999
12,[0.24209363],0.49846731342276485,0.35448539367497944
13,[0.41762074],0.3963831519481449,0.15692785988811508
14,[0.86794548],0.5755402511217003,0.33498547034400317
15,[0.28633024],0.3654596558022849,0.2796969103648298
16,[0.13769966],0.6159365666040588,0.4448833272088948
17,[0.0507936],0.5715448677838056,0.5317893885678048
18,[0.92829087],0.5941872321201307,0.4362275668269745
19,[0.77995014],0.4740173970149716,0.23447999120891916
20,[0.69447451],0.4035032967954365,0.17570778097050177
21,[0.95343867],0.7012089615468773,0.420478653899376
22,[0.93194228],0.6252466420545701,0.38647212816938503
23,[0.20739954],0.5503471155349742,0.3813005128762743
24,[0.22335698],0.4869272265117607,0.351191616524132
25,[0.99751836],0.7441694363288304,0.46455835144717794
26,[0.4920633],0.3213107341670713,0.08248529417224981
27,[0.22577487],0.40339806853495597,0.35680811633434584
28,[0.98771616],0.4684240638566572,0.45475614871940884
29,[0.75659074],0.4677862033426872,0.2645274364559719
30,[0.58258299],0.27639316338845116,0.027884240441035657
31,[0.56602715],0.3926187794657923,0.002613719228980016
32,[0.37184337],0.30568465669656264,0.20672242125269846
33,[0.45296356],0.3094988838479358,0.1436154566617509
34,[0.81726831],0.47725284726111206,0.28430829245796696
35,[0.10200653],0.6167663855734189,0.4945724934275134
36,[0.91715646],0.5012558692748083,0.38419645149053794
37,[0.04387119],0.48657418862093776,0.5417703331324212
38,[0.5745486],0.3336012186909559,0.06203693981870051
39,[0.18049899],0.7124148731276656,0.412140547987073
40,[0.63570166],0.4136172259405589,0.09023151339323399
41,[0.89414345],0.5947851785579822,0.3549283642491825
42,[0.65555994],0.40868156260809785,0.16349663597724018
43,[0.25422487],0.2837022706742836,0.3283581205360482
44,[0.59657902],0.42498499781880056,0.08406736022634198
45,[0.91987718],0.537206687573551,0.3869171618903168
46,[0.77454108],0.45000918904099346,0.2415810619509422
47,[0.29099454],0.4508902395948037,0.279293330216441
48,[0.68682978],0.4123534432629602,0.15386976187677737
49,[0.43332139],0.2592497240211924,0.14122720626679097
