,0,1,2
0,[0.54547015],0.3081029083990118,0.029078447925978357
1,[0.17186532],0.3981730264665852,0.4107176758695732
2,[0.85293181],0.23761575640983423,0.30284735873817126
3,[0.18022341],0.6396101417132755,0.4014009137481015
4,[0.58870005],0.2476199832660259,0.043229899090181156
5,[0.1207749],0.7127312133386619,0.44951297450378547
6,[0.55469875],0.32305316479169455,0.0010499007821510586
7,[0.08202618],0.4879947616194098,0.49653961689247295
8,[0.99270517],0.691930473309871,0.4739384468367823
9,[0.25271926],0.5368111167933062,0.3218293375546587
10,[0.53296001],0.3667545267312123,0.04158858546515132
11,[0.8921391],0.648729428726049,0.43917553478427895
12,[0.24209363],0.49846731342276485,0.35448539367497944
13,[0.41762074],0.31929207978959584,0.15692785988811508
14,[0.86794548],0.6450000937643661,0.33498547034400317
15,[0.28633024],0.3694296255020334,0.2796969103648298
16,[0.13769966],0.6159365666040587,0.43684893526660173
17,[0.0507936],0.5715448677838058,0.5317893885678048
18,[0.92829087],0.6391343612579694,0.395330858119876
19,[0.77995014],0.4740173970149716,0.23447999120891916
20,[0.69447451],0.5605644761937109,0.20241120409363744
21,[0.95343867],0.6803301691470245,0.4409270082529252
22,[0.93194228],0.6252466420545701,0.38647212816938503
23,[0.20739954],0.6609603946748488,0.38523999749799365
24,[0.22335698],0.4869272265117607,0.35520881249527847
25,[0.99751836],0.6376799463782046,0.46455835144717794
26,[0.4920633],0.23392854510067806,0.08650249014339628
27,[0.22577487],0.40339806853495597,0.35680811633434584
28,[0.98771616],0.36543117178887596,0.45475614871940884
29,[0.75659074],0.4224005472810024,0.2645274364559719
30,[0.58258299],0.3322624388726291,0.0165558394494979
31,[0.56602715],0.3444332547261314,0.0165558394494979
32,[0.37184337],0.3822488008127033,0.21073961722384504
33,[0.45296356],0.3094988838479358,0.1436154566617509
34,[0.81726831],0.47725284726111206,0.271798154918794
35,[0.10200653],0.5482955557731397,0.4945724934275134
36,[0.91715646],0.5012558692748083,0.40464480584408713
37,[0.04387119],0.6310298149171174,0.5387118035214663
38,[0.5745486],0.3293019410527923,0.08248529417224981
39,[0.18049899],0.5785549883202348,0.4020840041434439
40,[0.63570166],0.4097977674555186,0.09648658216282047
41,[0.89414345],0.5276894455012091,0.361183433018769
42,[0.65555994],0.4907605303249835,0.14304828162369088
43,[0.25422487],0.2837022706742836,0.3283581205360482
44,[0.59657902],0.42498499781880056,0.10451571457989128
45,[0.91987718],0.537206687573551,0.3869171618903168
46,[0.77454108],0.45000918904099346,0.2415810619509422
47,[0.29099454],0.3905065731175924,0.2835540539700434
48,[0.68682978],0.4500744853491613,0.15386976187677737
49,[0.43332139],0.2592497240211924,0.14122720626679097
