,0,1,2
0,[0.78245155 0.27060549 0.30804778],0.4274452997733371,[0.35500625 0.15683981 0.11939752]
1,[0.56721424 0.81058907 0.80946141],0.45960808459904356,[0.10760615 0.35098098 0.34985332]
2,[0.86155842 0.7046432  0.63972624],0.7224957345618284,[0.13906269 0.01785253 0.0827695 ]
3,[0.03769561 0.69905556 0.59124432],0.41716183059792566,[0.37946622 0.28189373 0.17408249]
4,[0.45810538 0.3062904  0.89015472],0.490220293720543,[0.03211491 0.18392989 0.39993442]
5,[0.91777507 0.10573122 0.64669653],0.5316780578717758,[0.38609701 0.42594684 0.11501847]
6,[0.55892518 0.92290958 0.78087898],0.5077561305001453,[0.05116905 0.41515345 0.27312285]
7,[0.02989991 0.53167806 0.8924173 ],0.46667837483139163,[0.43677846 0.06499968 0.42573893]
8,[0.30726761 0.80272285 0.7855811 ],0.6160172151362873,[0.3087496  0.18670563 0.16956389]
9,[0.26434587 0.25584368 0.17328163],0.5570666692599315,[0.2927208  0.30122299 0.38378503]
10,[0.52929013 0.77398042 0.31261241],0.6463090729006968,[0.11701894 0.12767134 0.33369666]
11,[0.21047141 0.4276688  0.19485571],0.4426635911606031,[0.23219218 0.01499479 0.24780788]
12,[0.29557442 0.46667837 0.96711586],0.5197170941859606,[0.22414267 0.05303872 0.44739877]
13,[0.96368057 0.39843427 0.1713757 ],0.5538321773359414,[0.40984839 0.15539791 0.38245648]
14,[0.40324208 0.08565206 0.6979457 ],0.5197170941859606,[0.11647501 0.43406503 0.17822861]
15,[0.17049021 0.08251576 0.68981835],0.5916157256736109,[0.42112552 0.50909997 0.09820262]
16,[0.70529541 0.85587285 0.78694478],0.6397262387873943,[0.06556918 0.21614662 0.14721854]
17,[0.48850333 0.0735974  0.55706667],0.5316780578717758,[0.04317473 0.45808066 0.02538861]
18,[0.95838604 0.74323724 0.94617728],0.6594570331119822,[0.29892901 0.08378021 0.28672025]
19,[0.67660093 0.94070039 0.05706917],0.5404501184609484,[0.13615081 0.40025027 0.48338095]
20,[0.31785722 0.4272218  0.49022029],0.5672142362109345,[0.24935702 0.13999243 0.07699394]
21,[0.67918783 0.9201753  0.61601722],0.4581053790221359,[0.22108245 0.46206992 0.15791184]
22,[0.80826105 0.15574289 0.50775613],0.46667837483139163,[0.34158267 0.31093548 0.04107776]
23,[0.73969605 0.15141566 0.3197344 ],0.5538321773359414,[0.18586388 0.40241652 0.23409778]
24,[0.00807484 0.89936219 0.77058249],0.7049693073827157,[0.69689447 0.19439288 0.06561318]
25,[0.48062141 0.90806385 0.24507809],0.5316780578717758,[0.05105665 0.37638579 0.28659997]
26,[0.54045012 0.42899588 0.38612685],0.5916157256736109,[0.05116561 0.16261985 0.20548887]
27,[0.23136319 0.27641629 0.76532786],0.6990555614827405,[0.46769237 0.42263927 0.06627229]
28,[0.75020052 0.78949511 0.88762229],0.6570523365555065,[0.09314819 0.13244277 0.23056995]
29,[0.72435339 0.25055741 0.36405624],0.5316780578717758,[0.19267534 0.28112065 0.16762182]
30,[0.31010627 0.86238134 0.26904597],0.5570666692599315,[0.2469604  0.30531467 0.2880207 ]
31,[0.19356141 0.69789004 0.82113018],0.5916157256736109,[0.39805431 0.10627431 0.22951445]
32,[0.20857201 0.3154626  0.84523114],0.42722180329907034,[0.21864979 0.1117592  0.41800934]
33,[0.1655555  0.76994099 0.10124862],0.7049693073827157,[0.5394138  0.06497169 0.60372068]
34,[0.6459849  0.40710186 0.19890428],0.6990555614827405,[0.05307066 0.2919537  0.50015128]
35,[0.38101723 0.31823618 0.42936186],0.6148118802495055,[0.23379465 0.2965757  0.18545002]
36,[0.97861604 0.97801077 0.77906715],0.4349602275826516,[0.54365581 0.54305054 0.34410693]
37,[0.82716694 0.04250998 0.94255944],0.5916157256736109,[0.23555121 0.54910575 0.35094372]
38,[0.83904757 0.75702595 0.85576404],0.48850333155321857,[0.35054424 0.26852261 0.36726071]
39,[0.13832797 0.15025311 0.30113595],0.4581053790221359,[0.31977741 0.30785227 0.15696943]
40,[0.65705234 0.56902594 0.32271469],0.7337953191282001,[0.07674298 0.16476938 0.41108063]
41,[0.67778531 0.2847178  0.87989737],0.6990555614827405,[0.02127025 0.41433776 0.18084181]
42,[0.32737059 0.70291086 0.78666214],0.7337953191282001,[0.40642473 0.03088446 0.05286682]
43,[0.20422928 0.73896064 0.41076635],0.48062140861991887,[0.27639213 0.25833923 0.06985506]
44,[0.49789868 0.51288333 0.13716161],0.5316780578717758,[0.03377938 0.01879472 0.39451644]
45,[0.52975125 0.94404951 0.85945424],0.5916157256736109,[0.06186447 0.35243378 0.26783852]
46,[0.68885958 0.09620194 0.39709319],0.5916157256736109,[0.09724385 0.49541379 0.19452254]
47,[0.42027184 0.43457882 0.72996341],0.47364989172565525,[0.05337806 0.03907107 0.25631352]
48,[0.90465276 0.29508197 0.99822268],0.7432372433378058,[0.16141552 0.44815527 0.25498543]
49,[0.60725282 0.8083854  0.80458573],0.407101857896781,[0.20015096 0.40128354 0.39748387]
50,[0.35466774 0.89945971 0.53899843],0.46667837483139163,[0.11201063 0.43278133 0.07232006]
51,[0.18629564 0.9947584  0.02678733],0.6990555614827405,[0.51275993 0.29570284 0.67226824]
52,[0.08882863 0.61451071 0.14353232],0.5916157256736109,[0.50278709 0.02289499 0.4480834 ]
53,[0.29077864 0.08869802 0.32093514],0.4276687962476039,[0.13689015 0.33897077 0.10673366]
54,[0.50782886 0.11855655 0.58855173],0.5185231293831059,[0.01069426 0.39996658 0.0700286 ]
55,[0.67743288 0.48879939 0.02369997],0.4276687962476039,[0.24976408 0.0611306  0.40396882]
56,[0.73136735 0.1573234  0.30310928],0.7337953191282001,[0.00242797 0.57647192 0.43068604]
57,[0.99729926 0.6775345  0.8790734 ],0.5916157256736109,[0.40568353 0.08591877 0.28745768]
58,[0.74001168 0.25166911 0.80622787],0.5077561305001453,[0.23225555 0.25608702 0.29847174]
59,[0.87063782 0.6131813  0.57339074],0.7337953191282001,[0.13684251 0.12061401 0.16040458]
60,[0.298888   0.26412352 0.3178687 ],0.5077561305001453,[0.20886813 0.24363261 0.18988743]
61,[0.1749776  0.10562082 0.35022274],0.4276687962476039,[0.2526912  0.32204798 0.07744606]
62,[0.44231448 0.23342372 0.82462062],0.7337953191282001,[0.29148084 0.5003716  0.0908253 ]
63,[0.35306062 0.51150741 0.67392832],0.6990555614827405,[0.34599494 0.18754815 0.02512724]
64,[0.78214897 0.84031846 0.90672978],0.5077561305001453,[0.27439284 0.33256233 0.39897365]
65,[0.50380627 0.71483394 0.04444582],0.48062140861991887,[0.02318486 0.23421253 0.43617558]
66,[0.97658837 0.20668744 0.36278241],0.4276687962476039,[0.54891958 0.22098135 0.06488638]
67,[0.74793198 0.31473684 0.41698965],0.5916157256736109,[0.15631626 0.27687888 0.17462607]
68,[0.16988784 0.44478023 0.77183695],0.6459849002524791,[0.47609706 0.20120467 0.12585205]
69,[0.67482344 0.42380683 0.95776955],0.4581053790221359,[0.21671806 0.03429855 0.49966417]
70,[0.82753463 0.62968159 0.31775858],0.7046432001976883,[0.12289143 0.07496161 0.38688462]
71,[0.77829047 0.50959172 0.40315155],0.5077561305001453,[0.27053434 0.00183559 0.10460458]
72,[0.41473539 0.31586964 0.37732523],0.48062140861991887,[0.06588602 0.16475177 0.10329618]
73,[0.18812149 0.525641   0.0861507 ],0.5912443196439693,[0.40312282 0.06560332 0.50509362]
74,[0.43931783 0.91663798 0.17089006],0.6160172151362873,[0.17669939 0.30062077 0.44512715]
75,[0.64977599 0.58410553 0.1402656 ],0.7148244047431687,[0.06504841 0.13071888 0.5745588 ]
76,[0.16608543 0.95943253 0.68006662],0.5304840930689211,[0.36439866 0.42894844 0.14958252]
77,[0.83248651 0.43238585 0.2689349 ],0.6160172151362873,[0.21646929 0.18363137 0.34708232]
78,[0.27820416 0.48681397 0.94348612],0.42899587547754414,[0.15079172 0.05781809 0.51449025]
79,[0.50586133 0.60631663 0.84518573],0.5077561305001453,[0.0018948 0.0985605 0.3374296]
80,[0.05528577 0.31206373 0.02594106],0.4581053790221359,[0.40281961 0.14604165 0.43216431]
81,[0.30952522 0.25735484 0.19826097],0.6278717269618408,[0.31834651 0.37051689 0.42961076]
82,[0.41776879 0.59886958 0.4737042 ],0.6463090729006968,[0.22854028 0.04743949 0.17260487]
83,[0.21362216 0.17479444 0.59784463],0.42899587547754414,[0.21537371 0.25420144 0.16884876]
84,[0.8814734  0.54098748 0.53498069],0.4581053790221359,[0.42336802 0.0828821  0.07687531]
85,[0.79190582 0.86315866 0.01891623],0.5443723635658537,[0.24753346 0.3187863  0.52545613]
86,[0.78879549 0.33535052 0.67162199],0.41716183059792566,[0.37163366 0.08181131 0.25446016]
87,[0.71534646 0.31666731 0.67001599],0.6778943790508383,[0.03745209 0.36122707 0.00787839]
88,[0.0650979  0.58682233 0.26102438],0.6581635847262504,[0.59306568 0.07134125 0.3971392 ]
89,[0.21970378 0.83114774 0.28238436],0.47364989172565525,[0.25394611 0.35749785 0.19126553]
90,[0.34388758 0.55305329 0.03914967],0.41716183059792566,[0.07327425 0.13589146 0.37801216]
91,[0.19848514 0.18612327 0.7717521 ],0.490220293720543,[0.29173515 0.30409702 0.28153181]
92,[0.64854957 0.51517355 0.96841655],0.41716183059792566,[0.23138774 0.09801172 0.55125472]
93,[0.48660796 0.43461043 0.94177812],0.6581635847262504,[0.17155562 0.22355315 0.28361454]
94,[0.78875135 0.26770813 0.87405154],0.6972307736076633,[0.09152057 0.42952265 0.17682077]
95,[0.92349998 0.43564661 0.26839584],0.6581635847262504,[0.26533639 0.22251697 0.38976775]
96,[0.25456686 0.51888534 0.4962636 ],0.4581053790221359,[0.20353851 0.06077996 0.03815822]
97,[0.07516965 0.86754163 0.54585707],0.7046432001976883,[0.62947355 0.16289843 0.15878613]
98,[0.44497714 0.54177552 0.76964247],0.5077561305001453,[0.06277899 0.03401939 0.26188634]
99,[0.39736072 0.70701104 0.85183217],0.5077561305001453,[0.11039541 0.19925491 0.34407604]
