,0,1,2
0,[0.78245155 0.27060549 0.30804778],0.5672142362109345,[0.21523732 0.29660875 0.25916645]
1,[0.56721424 0.81058907 0.80946141],0.6036307673901282,[0.03641653 0.2069583  0.20583064]
2,[0.86155842 0.7046432  0.63972624],0.48850333155321857,[0.37305509 0.21613987 0.15122291]
3,[0.03769561 0.69905556 0.59124432],0.6466965297991201,[0.60900092 0.05235903 0.05545221]
4,[0.45810538 0.3062904  0.89015472],0.5077561305001453,[0.04965075 0.20146573 0.38239858]
5,[0.91777507 0.10573122 0.64669653],0.6160172151362873,[0.30175785 0.51028599 0.03067931]
6,[0.55892518 0.92290958 0.78087898],0.490220293720543,[0.06870489 0.43268929 0.29065869]
7,[0.02989991 0.53167806 0.8924173 ],0.49898821211034416,[0.4690883  0.03268985 0.39342909]
8,[0.30726761 0.80272285 0.7855811 ],0.5316780578717758,[0.22441045 0.27104479 0.25390304]
9,[0.26434587 0.25584368 0.17328163],0.6397262387873943,[0.37538037 0.38388256 0.4664446 ]
10,[0.52929013 0.77398042 0.31261241],0.5672142362109345,[0.03792411 0.20676618 0.25460183]
11,[0.21047141 0.4276688  0.19485571],0.5672142362109345,[0.35674282 0.13954544 0.37235852]
12,[0.29557442 0.46667837 0.96711586],0.490220293720543,[0.19464587 0.02354192 0.47689557]
13,[0.96368057 0.39843427 0.1713757 ],0.490220293720543,[0.47346028 0.09178602 0.31884459]
14,[0.40324208 0.08565206 0.6979457 ],0.5077561305001453,[0.10451405 0.42210407 0.19018957]
15,[0.17049021 0.08251576 0.68981835],0.5672142362109345,[0.39672403 0.48469848 0.12260411]
16,[0.70529541 0.85587285 0.78694478],0.428332335862574,[0.27696308 0.42754052 0.35861245]
17,[0.48850333 0.0735974  0.55706667],0.6397262387873943,[0.15122291 0.56612884 0.08265957]
18,[0.95838604 0.74323724 0.94617728],0.48062140861991887,[0.47776463 0.26261583 0.46555587]
19,[0.67660093 0.94070039 0.05706917],0.490220293720543,[0.18638064 0.4504801  0.43315112]
20,[0.31785722 0.4272218  0.49022029],0.5579959254814132,[0.2401387  0.13077412 0.06777563]
21,[0.67918783 0.9201753  0.61601722],0.5077561305001453,[0.1714317  0.41241916 0.10826108]
22,[0.80826105 0.15574289 0.50775613],0.5404501184609484,[0.26781093 0.38470722 0.03269399]
23,[0.73969605 0.15141566 0.3197344 ],0.5570666692599315,[0.18262939 0.40565101 0.23733227]
24,[0.00807484 0.89936219 0.77058249],0.5404501184609484,[0.53237528 0.35891207 0.23013237]
25,[0.48062141 0.90806385 0.24507809],0.5589251817028948,[0.07830377 0.34913867 0.31384709]
26,[0.54045012 0.42899588 0.38612685],0.5912443196439693,[0.0507942  0.16224844 0.20511747]
27,[0.23136319 0.27641629 0.76532786],0.5404501184609484,[0.30908693 0.26403383 0.22487774]
28,[0.75020052 0.78949511 0.88762229],0.490220293720543,[0.25998023 0.29927482 0.39740199]
29,[0.72435339 0.25055741 0.36405624],0.5304840930689211,[0.1938693  0.27992669 0.16642786]
30,[0.31010627 0.86238134 0.26904597],0.4845623700865687,[0.1744561  0.37781897 0.2155164 ]
31,[0.19356141 0.69789004 0.82113018],0.5316780578717758,[0.33811665 0.16621198 0.28945212]
32,[0.20857201 0.3154626  0.84523114],0.4893618126368808,[0.2807898  0.17389921 0.35586933]
33,[0.1655555  0.76994099 0.10124862],0.5304840930689211,[0.36492859 0.2394569  0.42923547]
34,[0.6459849  0.40710186 0.19890428],0.5912443196439693,[0.05474058 0.18414246 0.39234004]
35,[0.38101723 0.31823618 0.42936186],0.5292901282660664,[0.1482729  0.21105395 0.09992827]
36,[0.97861604 0.97801077 0.77906715],0.5672142362109345,[0.4114018  0.41079653 0.21185292]
37,[0.82716694 0.04250998 0.94255944],0.5404501184609484,[0.28671682 0.49794014 0.40210932]
38,[0.83904757 0.75702595 0.85576404],0.49898821211034416,[0.34005936 0.25803773 0.35677583]
39,[0.13832797 0.15025311 0.30113595],0.5304840930689211,[0.39215612 0.38023098 0.22934815]
40,[0.65705234 0.56902594 0.32271469],0.5630697089569147,[0.09398263 0.00595623 0.24035502]
41,[0.67778531 0.2847178  0.87989737],0.490220293720543,[0.18756502 0.20550249 0.38967708]
42,[0.32737059 0.70291086 0.78666214],0.5912443196439693,[0.26387373 0.11166654 0.19541782]
43,[0.20422928 0.73896064 0.41076635],0.5316780578717758,[0.32744878 0.20728258 0.12091171]
44,[0.49789868 0.51288333 0.13716161],0.5570666692599315,[0.05916799 0.04418334 0.41990505]
45,[0.52975125 0.94404951 0.85945424],0.5570666692599315,[0.02731542 0.38698284 0.30238757]
46,[0.68885958 0.09620194 0.39709319],0.5404501184609484,[0.14840946 0.44424818 0.14335693]
47,[0.42027184 0.43457882 0.72996341],0.5077561305001453,[0.0874843  0.07317731 0.22220728]
48,[0.90465276 0.29508197 0.99822268],0.5077561305001453,[0.39689663 0.21267416 0.49046655]
49,[0.60725282 0.8083854  0.80458573],0.5912443196439693,[0.0160085  0.21714108 0.21334141]
50,[0.35466774 0.89945971 0.53899843],0.5360640881663621,[0.18139635 0.36339562 0.00293435]
51,[0.18629564 0.9947584  0.02678733],0.5292901282660664,[0.34299449 0.46546827 0.5025028 ]
52,[0.08882863 0.61451071 0.14353232],0.5792292779274519,[0.49040065 0.03528144 0.43569695]
53,[0.29077864 0.08869802 0.32093514],0.5404501184609484,[0.24967148 0.45175209 0.21951498]
54,[0.50782886 0.11855655 0.58855173],0.5077561305001453,[7.27339592e-05 3.89199578e-01 8.07955990e-02]
55,[0.67743288 0.48879939 0.02369997],0.5570666692599315,[0.12036621 0.06826728 0.53336669]
56,[0.73136735 0.1573234  0.30310928],0.5077561305001453,[0.22361122 0.35043273 0.20464685]
57,[0.99729926 0.6775345  0.8790734 ],0.5404501184609484,[0.45684914 0.13708438 0.33862328]
58,[0.74001168 0.25166911 0.80622787],0.5316780578717758,[0.20833363 0.28000895 0.27454981]
59,[0.87063782 0.6131813  0.57339074],0.5912443196439693,[0.2793935  0.02193698 0.01785358]
60,[0.298888   0.26412352 0.3178687 ],0.5579959254814132,[0.25910792 0.2938724  0.24012723]
61,[0.1749776  0.10562082 0.35022274],0.6766009306651063,[0.50162333 0.57098011 0.32637819]
62,[0.44231448 0.23342372 0.82462062],0.5292901282660664,[0.08697564 0.29586641 0.29533049]
63,[0.35306062 0.51150741 0.67392832],0.5292901282660664,[0.17622951 0.01778271 0.14463819]
64,[0.78214897 0.84031846 0.90672978],0.5316780578717758,[0.25047092 0.3086404  0.37505172]
65,[0.50380627 0.71483394 0.04444582],0.5360640881663621,[0.03225782 0.17876985 0.49161826]
66,[0.97658837 0.20668744 0.36278241],0.5077561305001453,[0.46883224 0.30106869 0.14497372]
67,[0.74793198 0.31473684 0.41698965],0.5077561305001453,[0.24017585 0.19301929 0.09076648]
68,[0.16988784 0.44478023 0.77183695],0.5304840930689211,[0.36059625 0.08570386 0.24135285]
69,[0.67482344 0.42380683 0.95776955],0.5404501184609484,[0.13437332 0.11664329 0.41731943]
70,[0.82753463 0.62968159 0.31775858],0.48850333155321857,[0.3390313  0.14117826 0.17074475]
71,[0.77829047 0.50959172 0.40315155],0.5316780578717758,[0.24661242 0.02208634 0.12852651]
72,[0.41473539 0.31586964 0.37732523],0.5672142362109345,[0.15247884 0.2513446  0.189889  ]
73,[0.18812149 0.525641   0.0861507 ],0.4581053790221359,[0.26998388 0.06753562 0.37195468]
74,[0.43931783 0.91663798 0.17089006],0.6432113842932572,[0.20389356 0.2734266  0.47232132]
75,[0.64977599 0.58410553 0.1402656 ],0.5589251817028948,[0.09085081 0.02518035 0.41865958]
76,[0.16608543 0.95943253 0.68006662],0.5316780578717758,[0.36559263 0.42775447 0.14838856]
77,[0.83248651 0.43238585 0.2689349 ],0.5487583938604399,[0.28372811 0.11637254 0.27982349]
78,[0.27820416 0.48681397 0.94348612],0.490220293720543,[0.21201614 0.00340632 0.45326583]
79,[0.50586133 0.60631663 0.84518573],0.5077561305001453,[0.0018948 0.0985605 0.3374296]
80,[0.05528577 0.31206373 0.02594106],0.5912443196439693,[0.53595855 0.27918059 0.56530325]
81,[0.30952522 0.25735484 0.19826097],0.5316780578717758,[0.22215284 0.27432322 0.33341709]
82,[0.41776879 0.59886958 0.4737042 ],0.5792292779274519,[0.16146049 0.01964031 0.10552508]
83,[0.21362216 0.17479444 0.59784463],0.5404501184609484,[0.32682796 0.36565568 0.05739451]
84,[0.8814734  0.54098748 0.53498069],0.5077561305001453,[0.37371727 0.03323135 0.02722456]
85,[0.79190582 0.86315866 0.01891623],0.5672142362109345,[0.22469159 0.29594442 0.548298  ]
86,[0.78879549 0.33535052 0.67162199],0.5570666692599315,[0.23172882 0.22171614 0.11455532]
87,[0.71534646 0.31666731 0.67001599],0.5292901282660664,[0.18605634 0.21262282 0.14072586]
88,[0.0650979  0.58682233 0.26102438],0.47364989172565525,[0.40855199 0.11317244 0.21262551]
89,[0.21970378 0.83114774 0.28238436],0.5304840930689211,[0.31078031 0.30066365 0.24809973]
90,[0.34388758 0.55305329 0.03914967],0.5316780578717758,[0.18779048 0.02137523 0.49252839]
91,[0.19848514 0.18612327 0.7717521 ],0.5316780578717758,[0.33319292 0.34555479 0.24007404]
92,[0.64854957 0.51517355 0.96841655],0.5912443196439693,[0.05730525 0.07607077 0.37717223]
93,[0.48660796 0.43461043 0.94177812],0.5672142362109345,[0.08060627 0.13260381 0.37456388]
94,[0.78875135 0.26770813 0.87405154],0.5077561305001453,[0.28099522 0.240048   0.36629541]
95,[0.92349998 0.43564661 0.26839584],0.5404501184609484,[0.38304986 0.1048035  0.27205428]
96,[0.25456686 0.51888534 0.4962636 ],0.5360640881663621,[0.28149722 0.01717875 0.03980049]
97,[0.07516965 0.86754163 0.54585707],0.5672142362109345,[0.49204458 0.30032739 0.02135716]
98,[0.44497714 0.54177552 0.76964247],0.48062140861991887,[0.03564427 0.06115411 0.28902106]
99,[0.39736072 0.70701104 0.85183217],0.4775908531923051,[0.08023013 0.22942018 0.37424132]
