,0,1,2
0,[0.78245155 0.27060549 0.30804778],0.6160172151362873,[0.16643434 0.34541173 0.30796943]
1,[0.56721424 0.81058907 0.80946141],0.6160172151362873,[0.04880298 0.19457185 0.19344419]
2,[0.86155842 0.7046432  0.63972624],0.5292901282660664,[0.33226829 0.17535307 0.11043611]
3,[0.03769561 0.69905556 0.59124432],0.5672142362109345,[0.52951863 0.13184133 0.02403008]
4,[0.45810538 0.3062904  0.89015472],0.5292901282660664,[0.07118475 0.22299973 0.36086459]
5,[0.91777507 0.10573122 0.64669653],0.6160172151362873,[0.30175785 0.51028599 0.03067931]
6,[0.55892518 0.92290958 0.78087898],0.46667837483139163,[0.09224681 0.4562312  0.31420061]
7,[0.02989991 0.53167806 0.8924173 ],0.4845623700865687,[0.45466246 0.04711569 0.40785493]
8,[0.30726761 0.80272285 0.7855811 ],0.5316780578717758,[0.22441045 0.27104479 0.25390304]
9,[0.26434587 0.25584368 0.17328163],0.6428555695199367,[0.3785097  0.38701189 0.46957393]
10,[0.52929013 0.77398042 0.31261241],0.490220293720543,[0.03906983 0.28376012 0.17760788]
11,[0.21047141 0.4276688  0.19485571],0.5630697089569147,[0.3525983  0.13540091 0.368214  ]
12,[0.29557442 0.46667837 0.96711586],0.5292901282660664,[0.2337157  0.06261175 0.43782573]
13,[0.96368057 0.39843427 0.1713757 ],0.5912443196439693,[0.37243625 0.19281005 0.41986862]
14,[0.40324208 0.08565206 0.6979457 ],0.5316780578717758,[0.12843598 0.44602599 0.16626764]
15,[0.17049021 0.08251576 0.68981835],0.5589251817028948,[0.38843497 0.47640942 0.13089317]
16,[0.70529541 0.85587285 0.78694478],0.48850333155321857,[0.21679208 0.36736952 0.29844145]
17,[0.48850333 0.0735974  0.55706667],0.5292901282660664,[0.0407868  0.45569273 0.02777654]
18,[0.95838604 0.74323724 0.94617728],0.5292901282660664,[0.42909591 0.21394712 0.41688715]
19,[0.67660093 0.94070039 0.05706917],0.490220293720543,[0.18638064 0.4504801  0.43315112]
20,[0.31785722 0.4272218  0.49022029],0.5672142362109345,[0.24935702 0.13999243 0.07699394]
21,[0.67918783 0.9201753  0.61601722],0.5404501184609484,[0.13873771 0.37972518 0.0755671 ]
22,[0.80826105 0.15574289 0.50775613],0.5404501184609484,[0.26781093 0.38470722 0.03269399]
23,[0.73969605 0.15141566 0.3197344 ],0.5672142362109345,[0.17248182 0.41579858 0.24747984]
24,[0.00807484 0.89936219 0.77058249],0.5077561305001453,[0.49968129 0.39160606 0.26282636]
25,[0.48062141 0.90806385 0.24507809],0.5589251817028948,[0.07830377 0.34913867 0.31384709]
26,[0.54045012 0.42899588 0.38612685],0.6459849002524791,[0.10553478 0.21698902 0.25985805]
27,[0.23136319 0.27641629 0.76532786],0.5570666692599315,[0.32570348 0.28065038 0.20826119]
28,[0.75020052 0.78949511 0.88762229],0.48062140861991887,[0.26957911 0.3088737  0.40700088]
29,[0.72435339 0.25055741 0.36405624],0.490220293720543,[0.2341331  0.23966289 0.12616406]
30,[0.31010627 0.86238134 0.26904597],0.490220293720543,[0.18011402 0.37216104 0.22117433]
31,[0.19356141 0.69789004 0.82113018],0.5292901282660664,[0.33572872 0.16859991 0.29184005]
32,[0.20857201 0.3154626  0.84523114],0.490220293720543,[0.28164828 0.17475769 0.35501085]
33,[0.1655555  0.76994099 0.10124862],0.5077561305001453,[0.34220063 0.26218486 0.40650751]
34,[0.6459849  0.40710186 0.19890428],0.4581053790221359,[0.18787952 0.05100352 0.2592011 ]
35,[0.38101723 0.31823618 0.42936186],0.5077561305001453,[0.1267389  0.18951995 0.07839427]
36,[0.97861604 0.97801077 0.77906715],0.5589251817028948,[0.41969086 0.41908559 0.22014197]
37,[0.82716694 0.04250998 0.94255944],0.5360640881663621,[0.29110285 0.49355411 0.40649535]
38,[0.83904757 0.75702595 0.85576404],0.6160172151362873,[0.22303036 0.14100873 0.23974683]
39,[0.13832797 0.15025311 0.30113595],0.5316780578717758,[0.39335009 0.38142495 0.23054211]
40,[0.65705234 0.56902594 0.32271469],0.5316780578717758,[0.12537428 0.03734788 0.20896337]
41,[0.67778531 0.2847178  0.87989737],0.48850333155321857,[0.18928198 0.20378553 0.39139404]
42,[0.32737059 0.70291086 0.78666214],0.5912443196439693,[0.26387373 0.11166654 0.19541782]
43,[0.20422928 0.73896064 0.41076635],0.5570666692599315,[0.35283739 0.18189397 0.14630032]
44,[0.49789868 0.51288333 0.13716161],0.5077561305001453,[0.00985745 0.0051272  0.37059452]
45,[0.52975125 0.94404951 0.85945424],0.5570666692599315,[0.02731542 0.38698284 0.30238757]
46,[0.68885958 0.09620194 0.39709319],0.5292901282660664,[0.15956945 0.43308819 0.13219694]
47,[0.42027184 0.43457882 0.72996341],0.490220293720543,[0.06994846 0.05564148 0.23974311]
48,[0.90465276 0.29508197 0.99822268],0.5077561305001453,[0.39689663 0.21267416 0.49046655]
49,[0.60725282 0.8083854  0.80458573],0.5570666692599315,[0.05018615 0.25131873 0.24751906]
50,[0.35466774 0.89945971 0.53899843],0.5404501184609484,[0.18578238 0.35900959 0.00145168]
51,[0.18629564 0.9947584  0.02678733],0.5570666692599315,[0.37077103 0.43769173 0.53027934]
52,[0.08882863 0.61451071 0.14353232],0.5487583938604399,[0.45992976 0.06575232 0.40522607]
53,[0.29077864 0.08869802 0.32093514],0.5360640881663621,[0.24528544 0.44736606 0.21512895]
54,[0.50782886 0.11855655 0.58855173],0.5292901282660664,[0.02146126 0.41073358 0.0592616 ]
55,[0.67743288 0.48879939 0.02369997],0.5077561305001453,[0.16967674 0.01895674 0.48405616]
56,[0.73136735 0.1573234  0.30310928],0.5316780578717758,[0.19968929 0.37435466 0.22856878]
57,[0.99729926 0.6775345  0.8790734 ],0.5589251817028948,[0.43837408 0.11860932 0.32014822]
58,[0.74001168 0.25166911 0.80622787],0.5912443196439693,[0.14876736 0.33957521 0.21498355]
59,[0.87063782 0.6131813  0.57339074],0.562140452735433,[0.30849737 0.05104085 0.01125029]
60,[0.298888   0.26412352 0.3178687 ],0.5404501184609484,[0.24156212 0.2763266  0.22258142]
61,[0.1749776  0.10562082 0.35022274],0.6466965297991201,[0.47171893 0.54107571 0.29647379]
62,[0.44231448 0.23342372 0.82462062],0.5292901282660664,[0.08697564 0.29586641 0.29533049]
63,[0.35306062 0.51150741 0.67392832],0.5292901282660664,[0.17622951 0.01778271 0.14463819]
64,[0.78214897 0.84031846 0.90672978],0.490220293720543,[0.29192868 0.35009816 0.41650949]
65,[0.50380627 0.71483394 0.04444582],0.5077561305001453,[0.00394986 0.2070778  0.46331031]
66,[0.97658837 0.20668744 0.36278241],0.5292901282660664,[0.44729825 0.32260268 0.16650771]
67,[0.74793198 0.31473684 0.41698965],0.5077561305001453,[0.24017585 0.19301929 0.09076648]
68,[0.16988784 0.44478023 0.77183695],0.5304840930689211,[0.36059625 0.08570386 0.24135285]
69,[0.67482344 0.42380683 0.95776955],0.5404501184609484,[0.13437332 0.11664329 0.41731943]
70,[0.82753463 0.62968159 0.31775858],0.46667837483139163,[0.36085626 0.16300322 0.14891979]
71,[0.77829047 0.50959172 0.40315155],0.5589251817028948,[0.21936529 0.04933346 0.15577363]
72,[0.41473539 0.31586964 0.37732523],0.5589251817028948,[0.14418979 0.24305555 0.18159995]
73,[0.18812149 0.525641   0.0861507 ],0.6036307673901282,[0.41550927 0.07798977 0.51748007]
74,[0.43931783 0.91663798 0.17089006],0.6160172151362873,[0.17669939 0.30062077 0.44512715]
75,[0.64977599 0.58410553 0.1402656 ],0.6160172151362873,[0.03375878 0.03191169 0.47575161]
76,[0.16608543 0.95943253 0.68006662],0.48850333155321857,[0.3224179  0.4709292  0.19156328]
77,[0.83248651 0.43238585 0.2689349 ],0.5912443196439693,[0.24124219 0.15885847 0.32230942]
78,[0.27820416 0.48681397 0.94348612],0.5360640881663621,[0.25785993 0.04925012 0.40742203]
79,[0.50586133 0.60631663 0.84518573],0.5487583938604399,[0.04289706 0.05755824 0.29642734]
80,[0.05528577 0.31206373 0.02594106],0.5912443196439693,[0.53595855 0.27918059 0.56530325]
81,[0.30952522 0.25735484 0.19826097],0.490220293720543,[0.18069508 0.23286546 0.29195933]
82,[0.41776879 0.59886958 0.4737042 ],0.6397262387873943,[0.22195745 0.04085666 0.16602204]
83,[0.21362216 0.17479444 0.59784463],0.490220293720543,[0.27659813 0.31542585 0.10762434]
84,[0.8814734  0.54098748 0.53498069],0.5316780578717758,[0.34979534 0.00930942 0.00330263]
85,[0.79190582 0.86315866 0.01891623],0.5672142362109345,[0.22469159 0.29594442 0.548298  ]
86,[0.78879549 0.33535052 0.67162199],0.5630697089569147,[0.22572578 0.22771918 0.10855228]
87,[0.71534646 0.31666731 0.67001599],0.5912443196439693,[0.12410215 0.27457701 0.07877167]
88,[0.0650979  0.58682233 0.26102438],0.490220293720543,[0.42512239 0.09660204 0.22919591]
89,[0.21970378 0.83114774 0.28238436],0.5316780578717758,[0.31197428 0.29946968 0.24929369]
90,[0.34388758 0.55305329 0.03914967],0.5404501184609484,[0.19656254 0.01260317 0.50130045]
91,[0.19848514 0.18612327 0.7717521 ],0.5579959254814132,[0.35951079 0.37187265 0.21375617]
92,[0.64854957 0.51517355 0.96841655],0.490220293720543,[0.15832927 0.02495326 0.47819626]
93,[0.48660796 0.43461043 0.94177812],0.5589251817028948,[0.07231722 0.12431475 0.38285294]
94,[0.78875135 0.26770813 0.87405154],0.5185231293831059,[0.27022822 0.250815   0.35552841]
95,[0.92349998 0.43564661 0.26839584],0.5404501184609484,[0.38304986 0.1048035  0.27205428]
96,[0.25456686 0.51888534 0.4962636 ],0.5404501184609484,[0.28588325 0.02156478 0.04418652]
97,[0.07516965 0.86754163 0.54585707],0.6791878274365701,[0.60401818 0.1883538  0.13333076]
98,[0.44497714 0.54177552 0.76964247],0.5077561305001453,[0.06277899 0.03401939 0.26188634]
99,[0.39736072 0.70701104 0.85183217],0.5316780578717758,[0.13431734 0.17533298 0.32015412]
