,0,1,2
0,[0.78245155 0.27060549 0.30804778],0.5570666692599315,[0.22538488 0.28646118 0.24901889]
1,[0.56721424 0.81058907 0.80946141],0.6397262387873943,[0.072512   0.17086283 0.16973517]
2,[0.86155842 0.7046432  0.63972624],0.5077561305001453,[0.35380229 0.19688707 0.13197011]
3,[0.03769561 0.69905556 0.59124432],0.4845623700865687,[0.44686676 0.21449319 0.10668195]
4,[0.45810538 0.3062904  0.89015472],0.5404501184609484,[0.08234474 0.23415972 0.3497046 ]
5,[0.91777507 0.10573122 0.64669653],0.5589251817028948,[0.35884989 0.45319396 0.08777135]
6,[0.55892518 0.92290958 0.78087898],0.5185231293831059,[0.04040205 0.40438645 0.26235585]
7,[0.02989991 0.53167806 0.8924173 ],0.48062140861991887,[0.4507215  0.05105665 0.4117959 ]
8,[0.30726761 0.80272285 0.7855811 ],0.5292901282660664,[0.22202252 0.27343272 0.25629097]
9,[0.26434587 0.25584368 0.17328163],0.5570666692599315,[0.2927208  0.30122299 0.38378503]
10,[0.52929013 0.77398042 0.31261241],0.48850333155321857,[0.0407868  0.28547709 0.17589092]
11,[0.21047141 0.4276688  0.19485571],0.5672142362109345,[0.35674282 0.13954544 0.37235852]
12,[0.29557442 0.46667837 0.96711586],0.5316780578717758,[0.23610363 0.06499968 0.4354378 ]
13,[0.96368057 0.39843427 0.1713757 ],0.5912443196439693,[0.37243625 0.19281005 0.41986862]
14,[0.40324208 0.08565206 0.6979457 ],0.5292901282660664,[0.12604805 0.44363807 0.16865557]
15,[0.17049021 0.08251576 0.68981835],0.5292901282660664,[0.35879992 0.44677437 0.16052822]
16,[0.70529541 0.85587285 0.78694478],0.4581053790221359,[0.24719004 0.39776748 0.3288394 ]
17,[0.48850333 0.0735974  0.55706667],0.5316780578717758,[0.04317473 0.45808066 0.02538861]
18,[0.95838604 0.74323724 0.94617728],0.5292901282660664,[0.42909591 0.21394712 0.41688715]
19,[0.67660093 0.94070039 0.05706917],0.48850333155321857,[0.1880976  0.45219706 0.43143416]
20,[0.31785722 0.4272218  0.49022029],0.5579959254814132,[0.2401387  0.13077412 0.06777563]
21,[0.67918783 0.9201753  0.61601722],0.5570666692599315,[0.12212116 0.36310863 0.05895055]
22,[0.80826105 0.15574289 0.50775613],0.48062140861991887,[0.32763964 0.32487852 0.02713472]
23,[0.73969605 0.15141566 0.3197344 ],0.5579959254814132,[0.18170013 0.40658027 0.23826153]
24,[0.00807484 0.89936219 0.77058249],0.5077561305001453,[0.49968129 0.39160606 0.26282636]
25,[0.48062141 0.90806385 0.24507809],0.5630697089569147,[0.0824483  0.34499414 0.31799162]
26,[0.54045012 0.42899588 0.38612685],0.6160172151362873,[0.0755671  0.18702134 0.22989036]
27,[0.23136319 0.27641629 0.76532786],0.5570666692599315,[0.32570348 0.28065038 0.20826119]
28,[0.75020052 0.78949511 0.88762229],0.48850333155321857,[0.26169719 0.30099178 0.39911896]
29,[0.72435339 0.25055741 0.36405624],0.5077561305001453,[0.21659726 0.25719872 0.1436999 ]
30,[0.31010627 0.86238134 0.26904597],0.5077561305001453,[0.19764986 0.35462521 0.23871016]
31,[0.19356141 0.69789004 0.82113018],0.5292901282660664,[0.33572872 0.16859991 0.29184005]
32,[0.20857201 0.3154626  0.84523114],0.490220293720543,[0.28164828 0.17475769 0.35501085]
33,[0.1655555  0.76994099 0.10124862],0.6397262387873943,[0.47417073 0.13021476 0.53847761]
34,[0.6459849  0.40710186 0.19890428],0.5672142362109345,[0.07877066 0.16011238 0.36830996]
35,[0.38101723 0.31823618 0.42936186],0.5292901282660664,[0.1482729  0.21105395 0.09992827]
36,[0.97861604 0.97801077 0.77906715],0.5570666692599315,[0.42154937 0.4209441  0.22200049]
37,[0.82716694 0.04250998 0.94255944],0.5404501184609484,[0.28671682 0.49794014 0.40210932]
38,[0.83904757 0.75702595 0.85576404],0.5404501184609484,[0.29859745 0.21657583 0.31531392]
39,[0.13832797 0.15025311 0.30113595],0.5360640881663621,[0.39773612 0.38581098 0.23492814]
40,[0.65705234 0.56902594 0.32271469],0.5316780578717758,[0.12537428 0.03734788 0.20896337]
41,[0.67778531 0.2847178  0.87989737],0.5077561305001453,[0.17002918 0.22303833 0.37214124]
42,[0.32737059 0.70291086 0.78666214],0.5912443196439693,[0.26387373 0.11166654 0.19541782]
43,[0.20422928 0.73896064 0.41076635],0.5570666692599315,[0.35283739 0.18189397 0.14630032]
44,[0.49789868 0.51288333 0.13716161],0.5077561305001453,[0.00985745 0.0051272  0.37059452]
45,[0.52975125 0.94404951 0.85945424],0.5589251817028948,[0.02917393 0.38512433 0.30052906]
46,[0.68885958 0.09620194 0.39709319],0.5404501184609484,[0.14840946 0.44424818 0.14335693]
47,[0.42027184 0.43457882 0.72996341],0.5316780578717758,[0.11140622 0.09709924 0.19828535]
48,[0.90465276 0.29508197 0.99822268],0.5077561305001453,[0.39689663 0.21267416 0.49046655]
49,[0.60725282 0.8083854  0.80458573],0.5570666692599315,[0.05018615 0.25131873 0.24751906]
50,[0.35466774 0.89945971 0.53899843],0.5404501184609484,[0.18578238 0.35900959 0.00145168]
51,[0.18629564 0.9947584  0.02678733],0.5912443196439693,[0.40494868 0.40351408 0.56445699]
52,[0.08882863 0.61451071 0.14353232],0.5579959254814132,[0.46916729 0.05651479 0.4144636 ]
53,[0.29077864 0.08869802 0.32093514],0.490220293720543,[0.19944165 0.40152227 0.16928516]
54,[0.50782886 0.11855655 0.58855173],0.5292901282660664,[0.02146126 0.41073358 0.0592616 ]
55,[0.67743288 0.48879939 0.02369997],0.5077561305001453,[0.16967674 0.01895674 0.48405616]
56,[0.73136735 0.1573234  0.30310928],0.5570666692599315,[0.17430068 0.39974327 0.25395739]
57,[0.99729926 0.6775345  0.8790734 ],0.5672142362109345,[0.43008502 0.11032026 0.31185917]
58,[0.74001168 0.25166911 0.80622787],0.5570666692599315,[0.18294501 0.30539756 0.2491612 ]
59,[0.87063782 0.6131813  0.57339074],0.562140452735433,[0.30849737 0.05104085 0.01125029]
60,[0.298888   0.26412352 0.3178687 ],0.5316780578717758,[0.23279005 0.26755454 0.21380936]
61,[0.1749776  0.10562082 0.35022274],0.6459849002524791,[0.4710073  0.54036408 0.29576216]
62,[0.44231448 0.23342372 0.82462062],0.5292901282660664,[0.08697564 0.29586641 0.29533049]
63,[0.35306062 0.51150741 0.67392832],0.5292901282660664,[0.17622951 0.01778271 0.14463819]
64,[0.78214897 0.84031846 0.90672978],0.5316780578717758,[0.25047092 0.3086404  0.37505172]
65,[0.50380627 0.71483394 0.04444582],0.5589251817028948,[0.05511892 0.15590875 0.51447936]
66,[0.97658837 0.20668744 0.36278241],0.5292901282660664,[0.44729825 0.32260268 0.16650771]
67,[0.74793198 0.31473684 0.41698965],0.49898821211034416,[0.24894377 0.18425137 0.08199856]
68,[0.16988784 0.44478023 0.77183695],0.5304840930689211,[0.36059625 0.08570386 0.24135285]
69,[0.67482344 0.42380683 0.95776955],0.490220293720543,[0.18460314 0.06641346 0.46754925]
70,[0.82753463 0.62968159 0.31775858],0.4276687962476039,[0.39986583 0.2020128  0.10991022]
71,[0.77829047 0.50959172 0.40315155],0.5589251817028948,[0.21936529 0.04933346 0.15577363]
72,[0.41473539 0.31586964 0.37732523],0.6160172151362873,[0.20128182 0.30014758 0.23869198]
73,[0.18812149 0.525641   0.0861507 ],0.5912443196439693,[0.40312282 0.06560332 0.50509362]
74,[0.43931783 0.91663798 0.17089006],0.5404501184609484,[0.10113229 0.37618787 0.36956005]
75,[0.64977599 0.58410553 0.1402656 ],0.6160172151362873,[0.03375878 0.03191169 0.47575161]
76,[0.16608543 0.95943253 0.68006662],0.48850333155321857,[0.3224179  0.4709292  0.19156328]
77,[0.83248651 0.43238585 0.2689349 ],0.5077561305001453,[0.32473038 0.07537028 0.23882123]
78,[0.27820416 0.48681397 0.94348612],0.5404501184609484,[0.26224596 0.05363615 0.403036  ]
79,[0.50586133 0.60631663 0.84518573],0.5487583938604399,[0.04289706 0.05755824 0.29642734]
80,[0.05528577 0.31206373 0.02594106],0.5912443196439693,[0.53595855 0.27918059 0.56530325]
81,[0.30952522 0.25735484 0.19826097],0.5589251817028948,[0.24939997 0.30157035 0.36066421]
82,[0.41776879 0.59886958 0.4737042 ],0.5570666692599315,[0.13929788 0.04180291 0.08336247]
83,[0.21362216 0.17479444 0.59784463],0.5570666692599315,[0.34344451 0.38227223 0.04077796]
84,[0.8814734  0.54098748 0.53498069],0.5292901282660664,[0.35218327 0.01169735 0.00569056]
85,[0.79190582 0.86315866 0.01891623],0.5912443196439693,[0.20066151 0.27191434 0.57232809]
86,[0.78879549 0.33535052 0.67162199],0.5570666692599315,[0.23172882 0.22171614 0.11455532]
87,[0.71534646 0.31666731 0.67001599],0.5912443196439693,[0.12410215 0.27457701 0.07877167]
88,[0.0650979  0.58682233 0.26102438],0.4893618126368808,[0.42426391 0.09746052 0.22833743]
89,[0.21970378 0.83114774 0.28238436],0.5077561305001453,[0.28805235 0.32339161 0.22537177]
90,[0.34388758 0.55305329 0.03914967],0.5404501184609484,[0.19656254 0.01260317 0.50130045]
91,[0.19848514 0.18612327 0.7717521 ],0.5630697089569147,[0.36458457 0.37694644 0.20868239]
92,[0.64854957 0.51517355 0.96841655],0.5316780578717758,[0.11687151 0.0165045  0.43673849]
93,[0.48660796 0.43461043 0.94177812],0.5589251817028948,[0.07231722 0.12431475 0.38285294]
94,[0.78875135 0.26770813 0.87405154],0.490220293720543,[0.29853105 0.22251217 0.38383125]
95,[0.92349998 0.43564661 0.26839584],0.5570666692599315,[0.36643331 0.12142006 0.28867083]
96,[0.25456686 0.51888534 0.4962636 ],0.490220293720543,[0.23565343 0.02866505 0.00604331]
97,[0.07516965 0.86754163 0.54585707],0.5316780578717758,[0.45650841 0.33586357 0.01417901]
98,[0.44497714 0.54177552 0.76964247],0.5589251817028948,[0.11394804 0.01714966 0.21071729]
99,[0.39736072 0.70701104 0.85183217],0.5570666692599315,[0.15970595 0.14994437 0.29476551]
