,0,1,2
0,[0.78245155 0.27060549 0.30804778],0.5672142362109345,[0.21523732 0.29660875 0.25916645]
1,[0.56721424 0.81058907 0.80946141],0.5292901282660664,[0.03792411 0.28129894 0.28017128]
2,[0.86155842 0.7046432  0.63972624],0.48850333155321857,[0.37305509 0.21613987 0.15122291]
3,[0.03769561 0.69905556 0.59124432],0.48850333155321857,[0.45080772 0.21055223 0.10274099]
4,[0.45810538 0.3062904  0.89015472],0.6160172151362873,[0.15791184 0.30972681 0.2741375 ]
5,[0.91777507 0.10573122 0.64669653],0.5912443196439693,[0.32653075 0.4855131  0.05545221]
6,[0.55892518 0.92290958 0.78087898],0.5077561305001453,[0.05116905 0.41515345 0.27312285]
7,[0.02989991 0.53167806 0.8924173 ],0.42899587547754414,[0.39909596 0.10268218 0.46342143]
8,[0.30726761 0.80272285 0.7855811 ],0.5316780578717758,[0.22441045 0.27104479 0.25390304]
9,[0.26434587 0.25584368 0.17328163],0.5792292779274519,[0.31488341 0.3233856  0.40594764]
10,[0.52929013 0.77398042 0.31261241],0.48850333155321857,[0.0407868  0.28547709 0.17589092]
11,[0.21047141 0.4276688  0.19485571],0.5672142362109345,[0.35674282 0.13954544 0.37235852]
12,[0.29557442 0.46667837 0.96711586],0.5912443196439693,[0.2956699  0.12456594 0.37587154]
13,[0.96368057 0.39843427 0.1713757 ],0.5404501184609484,[0.42323045 0.14201585 0.36907442]
14,[0.40324208 0.08565206 0.6979457 ],0.5077561305001453,[0.10451405 0.42210407 0.19018957]
15,[0.17049021 0.08251576 0.68981835],0.5292901282660664,[0.35879992 0.44677437 0.16052822]
16,[0.70529541 0.85587285 0.78694478],0.5570666692599315,[0.14822875 0.29880619 0.22987811]
17,[0.48850333 0.0735974  0.55706667],0.5316780578717758,[0.04317473 0.45808066 0.02538861]
18,[0.95838604 0.74323724 0.94617728],0.490220293720543,[0.46816575 0.25301695 0.45595699]
19,[0.67660093 0.94070039 0.05706917],0.4581053790221359,[0.21849555 0.48259501 0.40103621]
20,[0.31785722 0.4272218  0.49022029],0.5630697089569147,[0.24521249 0.13584791 0.07284942]
21,[0.67918783 0.9201753  0.61601722],0.5360640881663621,[0.14312374 0.38411121 0.07995313]
22,[0.80826105 0.15574289 0.50775613],0.5360640881663621,[0.27219696 0.38032119 0.02830796]
23,[0.73969605 0.15141566 0.3197344 ],0.5672142362109345,[0.17248182 0.41579858 0.24747984]
24,[0.00807484 0.89936219 0.77058249],0.490220293720543,[0.48214546 0.40914189 0.2803622 ]
25,[0.48062141 0.90806385 0.24507809],0.5912443196439693,[0.11062291 0.31681953 0.34616623]
26,[0.54045012 0.42899588 0.38612685],0.5316780578717758,[0.00877206 0.10268218 0.1455512 ]
27,[0.23136319 0.27641629 0.76532786],0.5077561305001453,[0.27639294 0.23133984 0.25757173]
28,[0.75020052 0.78949511 0.88762229],0.490220293720543,[0.25998023 0.29927482 0.39740199]
29,[0.72435339 0.25055741 0.36405624],0.48850333155321857,[0.23585006 0.23794592 0.1244471 ]
30,[0.31010627 0.86238134 0.26904597],0.5292901282660664,[0.21918385 0.33309121 0.26024416]
31,[0.19356141 0.69789004 0.82113018],0.5316780578717758,[0.33811665 0.16621198 0.28945212]
32,[0.20857201 0.3154626  0.84523114],0.490220293720543,[0.28164828 0.17475769 0.35501085]
33,[0.1655555  0.76994099 0.10124862],0.48850333155321857,[0.32294783 0.28143766 0.38725471]
34,[0.6459849  0.40710186 0.19890428],0.5912443196439693,[0.05474058 0.18414246 0.39234004]
35,[0.38101723 0.31823618 0.42936186],0.48062140861991887,[0.09960418 0.16238523 0.05125955]
36,[0.97861604 0.97801077 0.77906715],0.5292901282660664,[0.44932591 0.44872064 0.24977703]
37,[0.82716694 0.04250998 0.94255944],0.5316780578717758,[0.29548888 0.48916808 0.41088138]
38,[0.83904757 0.75702595 0.85576404],0.490220293720543,[0.34882728 0.26680565 0.36554375]
39,[0.13832797 0.15025311 0.30113595],0.5570666692599315,[0.4187387  0.40681356 0.25593072]
40,[0.65705234 0.56902594 0.32271469],0.48062140861991887,[0.17643093 0.08840453 0.15790672]
41,[0.67778531 0.2847178  0.87989737],0.5185231293831059,[0.15926218 0.23380533 0.36137425]
42,[0.32737059 0.70291086 0.78666214],0.5570666692599315,[0.22969608 0.14584419 0.22959547]
43,[0.20422928 0.73896064 0.41076635],0.6397262387873943,[0.43549696 0.0992344  0.22895989]
44,[0.49789868 0.51288333 0.13716161],0.5316780578717758,[0.03377938 0.01879472 0.39451644]
45,[0.52975125 0.94404951 0.85945424],0.5292901282660664,[0.00046112 0.41475938 0.33016411]
46,[0.68885958 0.09620194 0.39709319],0.5077561305001453,[0.18110345 0.41155419 0.11066294]
47,[0.42027184 0.43457882 0.72996341],0.490220293720543,[0.06994846 0.05564148 0.23974311]
48,[0.90465276 0.29508197 0.99822268],0.5077561305001453,[0.39689663 0.21267416 0.49046655]
49,[0.60725282 0.8083854  0.80458573],0.5570666692599315,[0.05018615 0.25131873 0.24751906]
50,[0.35466774 0.89945971 0.53899843],0.5077561305001453,[0.15308839 0.39170358 0.0312423 ]
51,[0.18629564 0.9947584  0.02678733],0.5292901282660664,[0.34299449 0.46546827 0.5025028 ]
52,[0.08882863 0.61451071 0.14353232],0.490220293720543,[0.40139166 0.12429042 0.34668797]
53,[0.29077864 0.08869802 0.32093514],0.5912443196439693,[0.30046568 0.5025463  0.27030918]
54,[0.50782886 0.11855655 0.58855173],0.5316780578717758,[0.02384919 0.41312151 0.05687367]
55,[0.67743288 0.48879939 0.02369997],0.5292901282660664,[0.14814275 0.04049074 0.50559015]
56,[0.73136735 0.1573234  0.30310928],0.48850333155321857,[0.24286402 0.33117993 0.18539405]
57,[0.99729926 0.6775345  0.8790734 ],0.5316780578717758,[0.4656212  0.14585644 0.34739535]
58,[0.74001168 0.25166911 0.80622787],0.5630697089569147,[0.17694197 0.3114006  0.24315816]
59,[0.87063782 0.6131813  0.57339074],0.5404501184609484,[0.33018771 0.07273119 0.03294062]
60,[0.298888   0.26412352 0.3178687 ],0.5077561305001453,[0.20886813 0.24363261 0.18988743]
61,[0.1749776  0.10562082 0.35022274],0.5404501184609484,[0.36547252 0.4348293  0.19022738]
62,[0.44231448 0.23342372 0.82462062],0.5077561305001453,[0.06544165 0.27433241 0.31686449]
63,[0.35306062 0.51150741 0.67392832],0.5570666692599315,[0.20400605 0.04555926 0.11686165]
64,[0.78214897 0.84031846 0.90672978],0.5077561305001453,[0.27439284 0.33256233 0.39897365]
65,[0.50380627 0.71483394 0.04444582],0.5570666692599315,[0.0532604  0.15776727 0.51262085]
66,[0.97658837 0.20668744 0.36278241],0.6397262387873943,[0.33686214 0.43303879 0.27694383]
67,[0.74793198 0.31473684 0.41698965],0.5792292779274519,[0.16870271 0.26449243 0.16223963]
68,[0.16988784 0.44478023 0.77183695],0.5404501184609484,[0.37056228 0.09566989 0.23138683]
69,[0.67482344 0.42380683 0.95776955],0.5570666692599315,[0.11775677 0.13325984 0.40070288]
70,[0.82753463 0.62968159 0.31775858],0.4845623700865687,[0.34297226 0.14511922 0.16680379]
71,[0.77829047 0.50959172 0.40315155],0.5077561305001453,[0.27053434 0.00183559 0.10460458]
72,[0.41473539 0.31586964 0.37732523],0.5077561305001453,[0.09302074 0.1918865  0.1304309 ]
73,[0.18812149 0.525641   0.0861507 ],0.5630697089569147,[0.37494821 0.03742871 0.47691901]
74,[0.43931783 0.91663798 0.17089006],0.5404501184609484,[0.10113229 0.37618787 0.36956005]
75,[0.64977599 0.58410553 0.1402656 ],0.5570666692599315,[0.09270932 0.02703886 0.41680107]
76,[0.16608543 0.95943253 0.68006662],0.48850333155321857,[0.3224179  0.4709292  0.19156328]
77,[0.83248651 0.43238585 0.2689349 ],0.5292901282660664,[0.30319638 0.09690428 0.26035523]
78,[0.27820416 0.48681397 0.94348612],0.5404501184609484,[0.26224596 0.05363615 0.403036  ]
79,[0.50586133 0.60631663 0.84518573],0.5404501184609484,[0.03458879 0.06586651 0.30473561]
80,[0.05528577 0.31206373 0.02594106],0.5570666692599315,[0.5017809  0.24500294 0.5311256 ]
81,[0.30952522 0.25735484 0.19826097],0.5077561305001453,[0.19823091 0.2504013  0.30949516]
82,[0.41776879 0.59886958 0.4737042 ],0.5570666692599315,[0.13929788 0.04180291 0.08336247]
83,[0.21362216 0.17479444 0.59784463],0.5404501184609484,[0.32682796 0.36565568 0.05739451]
84,[0.8814734  0.54098748 0.53498069],0.48850333155321857,[0.39297007 0.05248415 0.04647736]
85,[0.79190582 0.86315866 0.01891623],0.5912443196439693,[0.20066151 0.27191434 0.57232809]
86,[0.78879549 0.33535052 0.67162199],0.5077561305001453,[0.28103936 0.17240561 0.16386586]
87,[0.71534646 0.31666731 0.67001599],0.5672142362109345,[0.14813223 0.25054693 0.10280175]
88,[0.0650979  0.58682233 0.26102438],0.490220293720543,[0.42512239 0.09660204 0.22919591]
89,[0.21970378 0.83114774 0.28238436],0.5404501184609484,[0.32074634 0.29069762 0.25806575]
90,[0.34388758 0.55305329 0.03914967],0.5316780578717758,[0.18779048 0.02137523 0.49252839]
91,[0.19848514 0.18612327 0.7717521 ],0.6459849002524791,[0.44749976 0.45986163 0.1257672 ]
92,[0.64854957 0.51517355 0.96841655],0.48850333155321857,[0.16004623 0.02667022 0.47991322]
93,[0.48660796 0.43461043 0.94177812],0.5404501184609484,[0.05384216 0.10583969 0.401328  ]
94,[0.78875135 0.26770813 0.87405154],0.490220293720543,[0.29853105 0.22251217 0.38383125]
95,[0.92349998 0.43564661 0.26839584],0.5570666692599315,[0.36643331 0.12142006 0.28867083]
96,[0.25456686 0.51888534 0.4962636 ],0.5912443196439693,[0.33667745 0.07235898 0.09498072]
97,[0.07516965 0.86754163 0.54585707],0.6466965297991201,[0.57152688 0.2208451  0.10083946]
98,[0.44497714 0.54177552 0.76964247],0.5404501184609484,[0.09547298 0.0013254  0.22919235]
99,[0.39736072 0.70701104 0.85183217],0.5292901282660664,[0.13192941 0.17772091 0.32254205]
