,0,1,2
0,[0.78245155 0.27060549 0.30804778],0.5589251817028948,[0.22352637 0.28831969 0.2508774 ]
1,[0.56721424 0.81058907 0.80946141],0.48850333155321857,[0.0787109  0.32208574 0.32095808]
2,[0.86155842 0.7046432  0.63972624],0.48850333155321857,[0.37305509 0.21613987 0.15122291]
3,[0.03769561 0.69905556 0.59124432],0.48850333155321857,[0.45080772 0.21055223 0.10274099]
4,[0.45810538 0.3062904  0.89015472],0.6160172151362873,[0.15791184 0.30972681 0.2741375 ]
5,[0.91777507 0.10573122 0.64669653],0.5912443196439693,[0.32653075 0.4855131  0.05545221]
6,[0.55892518 0.92290958 0.78087898],0.490220293720543,[0.06870489 0.43268929 0.29065869]
7,[0.02989991 0.53167806 0.8924173 ],0.5570666692599315,[0.52716676 0.02538861 0.33535063]
8,[0.30726761 0.80272285 0.7855811 ],0.5316780578717758,[0.22441045 0.27104479 0.25390304]
9,[0.26434587 0.25584368 0.17328163],0.5912443196439693,[0.32689845 0.33540064 0.41796268]
10,[0.52929013 0.77398042 0.31261241],0.490220293720543,[0.03906983 0.28376012 0.17760788]
11,[0.21047141 0.4276688  0.19485571],0.5912443196439693,[0.38077291 0.16357552 0.39638861]
12,[0.29557442 0.46667837 0.96711586],0.5912443196439693,[0.2956699  0.12456594 0.37587154]
13,[0.96368057 0.39843427 0.1713757 ],0.5404501184609484,[0.42323045 0.14201585 0.36907442]
14,[0.40324208 0.08565206 0.6979457 ],0.4581053790221359,[0.0548633  0.37245332 0.23984032]
15,[0.17049021 0.08251576 0.68981835],0.5579959254814132,[0.38750571 0.47548017 0.13182242]
16,[0.70529541 0.85587285 0.78694478],0.5570666692599315,[0.14822875 0.29880619 0.22987811]
17,[0.48850333 0.0735974  0.55706667],0.5672142362109345,[0.0787109  0.49361683 0.01014757]
18,[0.95838604 0.74323724 0.94617728],0.48850333155321857,[0.46988271 0.25473391 0.45767395]
19,[0.67660093 0.94070039 0.05706917],0.5304840930689211,[0.14611684 0.4102163  0.47341492]
20,[0.31785722 0.4272218  0.49022029],0.5630697089569147,[0.24521249 0.13584791 0.07284942]
21,[0.67918783 0.9201753  0.61601722],0.5316780578717758,[0.14750977 0.38849724 0.08433916]
22,[0.80826105 0.15574289 0.50775613],0.5316780578717758,[0.27658299 0.37593516 0.02392193]
23,[0.73969605 0.15141566 0.3197344 ],0.5672142362109345,[0.17248182 0.41579858 0.24747984]
24,[0.00807484 0.89936219 0.77058249],0.5077561305001453,[0.49968129 0.39160606 0.26282636]
25,[0.48062141 0.90806385 0.24507809],0.5912443196439693,[0.11062291 0.31681953 0.34616623]
26,[0.54045012 0.42899588 0.38612685],0.5912443196439693,[0.0507942  0.16224844 0.20511747]
27,[0.23136319 0.27641629 0.76532786],0.5792292779274519,[0.34786609 0.30281299 0.18609858]
28,[0.75020052 0.78949511 0.88762229],0.490220293720543,[0.25998023 0.29927482 0.39740199]
29,[0.72435339 0.25055741 0.36405624],0.48850333155321857,[0.23585006 0.23794592 0.1244471 ]
30,[0.31010627 0.86238134 0.26904597],0.5579959254814132,[0.24788965 0.30438541 0.28894996]
31,[0.19356141 0.69789004 0.82113018],0.5292901282660664,[0.33572872 0.16859991 0.29184005]
32,[0.20857201 0.3154626  0.84523114],0.5077561305001453,[0.29918412 0.19229353 0.33747501]
33,[0.1655555  0.76994099 0.10124862],0.5077561305001453,[0.34220063 0.26218486 0.40650751]
34,[0.6459849  0.40710186 0.19890428],0.5077561305001453,[0.13822877 0.10065427 0.30885185]
35,[0.38101723 0.31823618 0.42936186],0.5077561305001453,[0.1267389  0.18951995 0.07839427]
36,[0.97861604 0.97801077 0.77906715],0.490220293720543,[0.48839575 0.48779048 0.28884686]
37,[0.82716694 0.04250998 0.94255944],0.5316780578717758,[0.29548888 0.48916808 0.41088138]
38,[0.83904757 0.75702595 0.85576404],0.490220293720543,[0.34882728 0.26680565 0.36554375]
39,[0.13832797 0.15025311 0.30113595],0.5404501184609484,[0.40212215 0.39019701 0.23931417]
40,[0.65705234 0.56902594 0.32271469],0.48062140861991887,[0.17643093 0.08840453 0.15790672]
41,[0.67778531 0.2847178  0.87989737],0.5316780578717758,[0.14610725 0.24696025 0.34821932]
42,[0.32737059 0.70291086 0.78666214],0.5912443196439693,[0.26387373 0.11166654 0.19541782]
43,[0.20422928 0.73896064 0.41076635],0.6278717269618408,[0.42364245 0.11108891 0.21710538]
44,[0.49789868 0.51288333 0.13716161],0.5292901282660664,[0.03139145 0.01640679 0.39212851]
45,[0.52975125 0.94404951 0.85945424],0.5292901282660664,[0.00046112 0.41475938 0.33016411]
46,[0.68885958 0.09620194 0.39709319],0.5077561305001453,[0.18110345 0.41155419 0.11066294]
47,[0.42027184 0.43457882 0.72996341],0.490220293720543,[0.06994846 0.05564148 0.23974311]
48,[0.90465276 0.29508197 0.99822268],0.5185231293831059,[0.38612963 0.22344116 0.47969955]
49,[0.60725282 0.8083854  0.80458573],0.5404501184609484,[0.0668027  0.26793528 0.26413561]
50,[0.35466774 0.89945971 0.53899843],0.5077561305001453,[0.15308839 0.39170358 0.0312423 ]
51,[0.18629564 0.9947584  0.02678733],0.5292901282660664,[0.34299449 0.46546827 0.5025028 ]
52,[0.08882863 0.61451071 0.14353232],0.5292901282660664,[0.4404615  0.08522059 0.38575781]
53,[0.29077864 0.08869802 0.32093514],0.5912443196439693,[0.30046568 0.5025463  0.27030918]
54,[0.50782886 0.11855655 0.58855173],0.5077561305001453,[7.27339592e-05 3.89199578e-01 8.07955990e-02]
55,[0.67743288 0.48879939 0.02369997],0.5292901282660664,[0.14814275 0.04049074 0.50559015]
56,[0.73136735 0.1573234  0.30310928],0.490220293720543,[0.24114705 0.33289689 0.18711101]
57,[0.99729926 0.6775345  0.8790734 ],0.5316780578717758,[0.4656212  0.14585644 0.34739535]
58,[0.74001168 0.25166911 0.80622787],0.5316780578717758,[0.20833363 0.28000895 0.27454981]
59,[0.87063782 0.6131813  0.57339074],0.490220293720543,[0.38041753 0.12296101 0.08317045]
60,[0.298888   0.26412352 0.3178687 ],0.5077561305001453,[0.20886813 0.24363261 0.18988743]
61,[0.1749776  0.10562082 0.35022274],0.5589251817028948,[0.38394758 0.45330436 0.20870244]
62,[0.44231448 0.23342372 0.82462062],0.490220293720543,[0.04790581 0.25679657 0.33440033]
63,[0.35306062 0.51150741 0.67392832],0.5077561305001453,[0.15469551 0.00375128 0.16617219]
64,[0.78214897 0.84031846 0.90672978],0.5077561305001453,[0.27439284 0.33256233 0.39897365]
65,[0.50380627 0.71483394 0.04444582],0.5589251817028948,[0.05511892 0.15590875 0.51447936]
66,[0.97658837 0.20668744 0.36278241],0.5292901282660664,[0.44729825 0.32260268 0.16650771]
67,[0.74793198 0.31473684 0.41698965],0.5912443196439693,[0.15668767 0.27650748 0.17425467]
68,[0.16988784 0.44478023 0.77183695],0.5487583938604399,[0.37887055 0.10397816 0.22307855]
69,[0.67482344 0.42380683 0.95776955],0.5292901282660664,[0.14553331 0.1054833  0.42847942]
70,[0.82753463 0.62968159 0.31775858],0.48062140861991887,[0.34691322 0.14906018 0.16286283]
71,[0.77829047 0.50959172 0.40315155],0.5197170941859606,[0.25857338 0.01012537 0.11656555]
72,[0.41473539 0.31586964 0.37732523],0.5185231293831059,[0.10378774 0.20265349 0.1411979 ]
73,[0.18812149 0.525641   0.0861507 ],0.5579959254814132,[0.36987443 0.03235492 0.47184522]
74,[0.43931783 0.91663798 0.17089006],0.5404501184609484,[0.10113229 0.37618787 0.36956005]
75,[0.64977599 0.58410553 0.1402656 ],0.5316780578717758,[0.11809793 0.05242747 0.39141245]
76,[0.16608543 0.95943253 0.68006662],0.48850333155321857,[0.3224179  0.4709292  0.19156328]
77,[0.83248651 0.43238585 0.2689349 ],0.5292901282660664,[0.30319638 0.09690428 0.26035523]
78,[0.27820416 0.48681397 0.94348612],0.5404501184609484,[0.26224596 0.05363615 0.403036  ]
79,[0.50586133 0.60631663 0.84518573],0.5316780578717758,[0.02581673 0.07463857 0.31350767]
80,[0.05528577 0.31206373 0.02594106],0.5404501184609484,[0.48516435 0.22838639 0.51450905]
81,[0.30952522 0.25735484 0.19826097],0.5077561305001453,[0.19823091 0.2504013  0.30949516]
82,[0.41776879 0.59886958 0.4737042 ],0.5570666692599315,[0.13929788 0.04180291 0.08336247]
83,[0.21362216 0.17479444 0.59784463],0.5579959254814132,[0.34437376 0.38320149 0.03984871]
84,[0.8814734  0.54098748 0.53498069],0.48850333155321857,[0.39297007 0.05248415 0.04647736]
85,[0.79190582 0.86315866 0.01891623],0.5672142362109345,[0.22469159 0.29594442 0.548298  ]
86,[0.78879549 0.33535052 0.67162199],0.5077561305001453,[0.28103936 0.17240561 0.16386586]
87,[0.71534646 0.31666731 0.67001599],0.5672142362109345,[0.14813223 0.25054693 0.10280175]
88,[0.0650979  0.58682233 0.26102438],0.490220293720543,[0.42512239 0.09660204 0.22919591]
89,[0.21970378 0.83114774 0.28238436],0.5404501184609484,[0.32074634 0.29069762 0.25806575]
90,[0.34388758 0.55305329 0.03914967],0.5077561305001453,[0.16386855 0.04529716 0.46860646]
91,[0.19848514 0.18612327 0.7717521 ],0.5912443196439693,[0.39275918 0.40512105 0.18050778]
92,[0.64854957 0.51517355 0.96841655],0.47364989172565525,[0.17489967 0.04152366 0.49476666]
93,[0.48660796 0.43461043 0.94177812],0.5404501184609484,[0.05384216 0.10583969 0.401328  ]
94,[0.78875135 0.26770813 0.87405154],0.48850333155321857,[0.30024802 0.22079521 0.38554821]
95,[0.92349998 0.43564661 0.26839584],0.5589251817028948,[0.3645748  0.12327857 0.29052934]
96,[0.25456686 0.51888534 0.4962636 ],0.5672142362109345,[0.31264737 0.0483289  0.07095064]
97,[0.07516965 0.86754163 0.54585707],0.6432113842932572,[0.56804173 0.22433024 0.09735431]
98,[0.44497714 0.54177552 0.76964247],0.5077561305001453,[0.06277899 0.03401939 0.26188634]
99,[0.39736072 0.70701104 0.85183217],0.5077561305001453,[0.11039541 0.19925491 0.34407604]
