,0,1,2
0,[0.78245155 0.27060549 0.30804778],0.5360640881663621,[0.24638746 0.2654586  0.2280163 ]
1,[0.56721424 0.81058907 0.80946141],0.5077561305001453,[0.05945811 0.30283294 0.30170528]
2,[0.86155842 0.7046432  0.63972624],0.4845623700865687,[0.37699605 0.22008083 0.15516387]
3,[0.03769561 0.69905556 0.59124432],0.4845623700865687,[0.44686676 0.21449319 0.10668195]
4,[0.45810538 0.3062904  0.89015472],0.5912443196439693,[0.13313894 0.28495392 0.2989104 ]
5,[0.91777507 0.10573122 0.64669653],0.6160172151362873,[0.30175785 0.51028599 0.03067931]
6,[0.55892518 0.92290958 0.78087898],0.490220293720543,[0.06870489 0.43268929 0.29065869]
7,[0.02989991 0.53167806 0.8924173 ],0.5404501184609484,[0.51055021 0.00877206 0.35196719]
8,[0.30726761 0.80272285 0.7855811 ],0.5404501184609484,[0.23318251 0.26227273 0.24513098]
9,[0.26434587 0.25584368 0.17328163],0.6278717269618408,[0.36352586 0.37202805 0.45459009]
10,[0.52929013 0.77398042 0.31261241],0.5404501184609484,[0.01115999 0.2335303  0.22783771]
11,[0.21047141 0.4276688  0.19485571],0.5912443196439693,[0.38077291 0.16357552 0.39638861]
12,[0.29557442 0.46667837 0.96711586],0.5672142362109345,[0.27163981 0.10053586 0.39990162]
13,[0.96368057 0.39843427 0.1713757 ],0.5579959254814132,[0.40568465 0.15956166 0.38662023]
14,[0.40324208 0.08565206 0.6979457 ],0.4581053790221359,[0.0548633  0.37245332 0.23984032]
15,[0.17049021 0.08251576 0.68981835],0.5404501184609484,[0.36995991 0.45793436 0.14936823]
16,[0.70529541 0.85587285 0.78694478],0.5912443196439693,[0.11405109 0.26462853 0.19570046]
17,[0.48850333 0.0735974  0.55706667],0.5589251817028948,[0.07042185 0.48532778 0.00185851]
18,[0.95838604 0.74323724 0.94617728],0.48850333155321857,[0.46988271 0.25473391 0.45767395]
19,[0.67660093 0.94070039 0.05706917],0.5077561305001453,[0.1688448  0.43294426 0.45068696]
20,[0.31785722 0.4272218  0.49022029],0.5672142362109345,[0.24935702 0.13999243 0.07699394]
21,[0.67918783 0.9201753  0.61601722],0.5404501184609484,[0.13873771 0.37972518 0.0755671 ]
22,[0.80826105 0.15574289 0.50775613],0.5404501184609484,[0.26781093 0.38470722 0.03269399]
23,[0.73969605 0.15141566 0.3197344 ],0.5672142362109345,[0.17248182 0.41579858 0.24747984]
24,[0.00807484 0.89936219 0.77058249],0.5292901282660664,[0.52121529 0.37007206 0.24129236]
25,[0.48062141 0.90806385 0.24507809],0.5360640881663621,[0.05544268 0.37199976 0.290986  ]
26,[0.54045012 0.42899588 0.38612685],0.5912443196439693,[0.0507942  0.16224844 0.20511747]
27,[0.23136319 0.27641629 0.76532786],0.6397262387873943,[0.40836305 0.36330995 0.12560162]
28,[0.75020052 0.78949511 0.88762229],0.490220293720543,[0.25998023 0.29927482 0.39740199]
29,[0.72435339 0.25055741 0.36405624],0.5570666692599315,[0.16728673 0.30650926 0.19301043]
30,[0.31010627 0.86238134 0.26904597],0.5570666692599315,[0.2469604  0.30531467 0.2880207 ]
31,[0.19356141 0.69789004 0.82113018],0.5316780578717758,[0.33811665 0.16621198 0.28945212]
32,[0.20857201 0.3154626  0.84523114],0.5077561305001453,[0.29918412 0.19229353 0.33747501]
33,[0.1655555  0.76994099 0.10124862],0.5077561305001453,[0.34220063 0.26218486 0.40650751]
34,[0.6459849  0.40710186 0.19890428],0.490220293720543,[0.15576461 0.08311844 0.29131602]
35,[0.38101723 0.31823618 0.42936186],0.5404501184609484,[0.15943289 0.22221394 0.11108826]
36,[0.97861604 0.97801077 0.77906715],0.490220293720543,[0.48839575 0.48779048 0.28884686]
37,[0.82716694 0.04250998 0.94255944],0.5570666692599315,[0.27010027 0.51455669 0.38549277]
38,[0.83904757 0.75702595 0.85576404],0.5077561305001453,[0.33129144 0.24926982 0.34800791]
39,[0.13832797 0.15025311 0.30113595],0.5360640881663621,[0.39773612 0.38581098 0.23492814]
40,[0.65705234 0.56902594 0.32271469],0.48062140861991887,[0.17643093 0.08840453 0.15790672]
41,[0.67778531 0.2847178  0.87989737],0.5316780578717758,[0.14610725 0.24696025 0.34821932]
42,[0.32737059 0.70291086 0.78666214],0.5672142362109345,[0.23984365 0.13569662 0.2194479 ]
43,[0.20422928 0.73896064 0.41076635],0.5404501184609484,[0.33622084 0.19851052 0.12968377]
44,[0.49789868 0.51288333 0.13716161],0.6036307673901282,[0.10573209 0.09074743 0.46646915]
45,[0.52975125 0.94404951 0.85945424],0.5292901282660664,[0.00046112 0.41475938 0.33016411]
46,[0.68885958 0.09620194 0.39709319],0.5185231293831059,[0.17033645 0.42232119 0.12142994]
47,[0.42027184 0.43457882 0.72996341],0.5077561305001453,[0.0874843  0.07317731 0.22220728]
48,[0.90465276 0.29508197 0.99822268],0.5292901282660664,[0.37536264 0.23420816 0.46893255]
49,[0.60725282 0.8083854  0.80458573],0.490220293720543,[0.11703252 0.31816511 0.31436544]
50,[0.35466774 0.89945971 0.53899843],0.5292901282660664,[0.17462239 0.37016958 0.00970831]
51,[0.18629564 0.9947584  0.02678733],0.5316780578717758,[0.34538242 0.46308034 0.50489073]
52,[0.08882863 0.61451071 0.14353232],0.490220293720543,[0.40139166 0.12429042 0.34668797]
53,[0.29077864 0.08869802 0.32093514],0.490220293720543,[0.19944165 0.40152227 0.16928516]
54,[0.50782886 0.11855655 0.58855173],0.5672142362109345,[0.05938537 0.44865768 0.02133749]
55,[0.67743288 0.48879939 0.02369997],0.5404501184609484,[0.13698276 0.05165073 0.51675014]
56,[0.73136735 0.1573234  0.30310928],0.5579959254814132,[0.17337142 0.40067253 0.25488664]
57,[0.99729926 0.6775345  0.8790734 ],0.5316780578717758,[0.4656212  0.14585644 0.34739535]
58,[0.74001168 0.25166911 0.80622787],0.5316780578717758,[0.20833363 0.28000895 0.27454981]
59,[0.87063782 0.6131813  0.57339074],0.5579959254814132,[0.3126419  0.05518538 0.01539481]
60,[0.298888   0.26412352 0.3178687 ],0.5077561305001453,[0.20886813 0.24363261 0.18988743]
61,[0.1749776  0.10562082 0.35022274],0.5589251817028948,[0.38394758 0.45330436 0.20870244]
62,[0.44231448 0.23342372 0.82462062],0.490220293720543,[0.04790581 0.25679657 0.33440033]
63,[0.35306062 0.51150741 0.67392832],0.5672142362109345,[0.21415362 0.05570682 0.10671408]
64,[0.78214897 0.84031846 0.90672978],0.5292901282660664,[0.25285885 0.31102833 0.37743965]
65,[0.50380627 0.71483394 0.04444582],0.5589251817028948,[0.05511892 0.15590875 0.51447936]
66,[0.97658837 0.20668744 0.36278241],0.490220293720543,[0.48636808 0.28353285 0.12743788]
67,[0.74793198 0.31473684 0.41698965],0.5589251817028948,[0.1890068  0.24418834 0.14193553]
68,[0.16988784 0.44478023 0.77183695],0.5404501184609484,[0.37056228 0.09566989 0.23138683]
69,[0.67482344 0.42380683 0.95776955],0.5077561305001453,[0.16706731 0.0839493  0.45001342]
70,[0.82753463 0.62968159 0.31775858],0.46667837483139163,[0.36085626 0.16300322 0.14891979]
71,[0.77829047 0.50959172 0.40315155],0.5912443196439693,[0.18704616 0.0816526  0.18809277]
72,[0.41473539 0.31586964 0.37732523],0.5589251817028948,[0.14418979 0.24305555 0.18159995]
73,[0.18812149 0.525641   0.0861507 ],0.5570666692599315,[0.36894517 0.03142567 0.47091597]
74,[0.43931783 0.91663798 0.17089006],0.5589251817028948,[0.11960735 0.3577128  0.38803512]
75,[0.64977599 0.58410553 0.1402656 ],0.5316780578717758,[0.11809793 0.05242747 0.39141245]
76,[0.16608543 0.95943253 0.68006662],0.4845623700865687,[0.31847694 0.47487016 0.19550425]
77,[0.83248651 0.43238585 0.2689349 ],0.5570666692599315,[0.27541984 0.12468082 0.28813177]
78,[0.27820416 0.48681397 0.94348612],0.5404501184609484,[0.26224596 0.05363615 0.403036  ]
79,[0.50586133 0.60631663 0.84518573],0.5316780578717758,[0.02581673 0.07463857 0.31350767]
80,[0.05528577 0.31206373 0.02594106],0.5570666692599315,[0.5017809  0.24500294 0.5311256 ]
81,[0.30952522 0.25735484 0.19826097],0.5570666692599315,[0.24754145 0.29971183 0.3588057 ]
82,[0.41776879 0.59886958 0.4737042 ],0.5570666692599315,[0.13929788 0.04180291 0.08336247]
83,[0.21362216 0.17479444 0.59784463],0.5589251817028948,[0.34530302 0.38413074 0.03891945]
84,[0.8814734  0.54098748 0.53498069],0.5316780578717758,[0.34979534 0.00930942 0.00330263]
85,[0.79190582 0.86315866 0.01891623],0.5912443196439693,[0.20066151 0.27191434 0.57232809]
86,[0.78879549 0.33535052 0.67162199],0.5292901282660664,[0.25950536 0.1939396  0.14233186]
87,[0.71534646 0.31666731 0.67001599],0.5589251817028948,[0.15642128 0.24225787 0.11109081]
88,[0.0650979  0.58682233 0.26102438],0.5077561305001453,[0.44265823 0.0790662  0.24673175]
89,[0.21970378 0.83114774 0.28238436],0.5292901282660664,[0.30958635 0.30185761 0.24690576]
90,[0.34388758 0.55305329 0.03914967],0.5589251817028948,[0.21503761 0.00587189 0.51977551]
91,[0.19848514 0.18612327 0.7717521 ],0.5672142362109345,[0.3687291  0.38109097 0.20453786]
92,[0.64854957 0.51517355 0.96841655],0.46667837483139163,[0.18187119 0.04849518 0.50173818]
93,[0.48660796 0.43461043 0.94177812],0.5316780578717758,[0.0450701  0.09706763 0.41010006]
94,[0.78875135 0.26770813 0.87405154],0.490220293720543,[0.29853105 0.22251217 0.38383125]
95,[0.92349998 0.43564661 0.26839584],0.6160172151362873,[0.30748276 0.1803706  0.34762138]
96,[0.25456686 0.51888534 0.4962636 ],0.5672142362109345,[0.31264737 0.0483289  0.07095064]
97,[0.07516965 0.86754163 0.54585707],0.6397262387873943,[0.56455659 0.22781539 0.09386917]
98,[0.44497714 0.54177552 0.76964247],0.5292901282660664,[0.08431299 0.01248539 0.24035234]
99,[0.39736072 0.70701104 0.85183217],0.5077561305001453,[0.11039541 0.19925491 0.34407604]
