,0,1,2
0,[0.78245155 0.27060549 0.30804778],0.5316780578717758,[0.25077349 0.26107257 0.22363027]
1,[0.56721424 0.81058907 0.80946141],0.5077561305001453,[0.05945811 0.30283294 0.30170528]
2,[0.86155842 0.7046432  0.63972624],0.48850333155321857,[0.37305509 0.21613987 0.15122291]
3,[0.03769561 0.69905556 0.59124432],0.48850333155321857,[0.45080772 0.21055223 0.10274099]
4,[0.45810538 0.3062904  0.89015472],0.6160172151362873,[0.15791184 0.30972681 0.2741375 ]
5,[0.91777507 0.10573122 0.64669653],0.5589251817028948,[0.35884989 0.45319396 0.08777135]
6,[0.55892518 0.92290958 0.78087898],0.5185231293831059,[0.04040205 0.40438645 0.26235585]
7,[0.02989991 0.53167806 0.8924173 ],0.5292901282660664,[0.49939022 0.00238793 0.36312718]
8,[0.30726761 0.80272285 0.7855811 ],0.5404501184609484,[0.23318251 0.26227273 0.24513098]
9,[0.26434587 0.25584368 0.17328163],0.5912443196439693,[0.32689845 0.33540064 0.41796268]
10,[0.52929013 0.77398042 0.31261241],0.5404501184609484,[0.01115999 0.2335303  0.22783771]
11,[0.21047141 0.4276688  0.19485571],0.5672142362109345,[0.35674282 0.13954544 0.37235852]
12,[0.29557442 0.46667837 0.96711586],0.5792292779274519,[0.28365485 0.1125509  0.38788658]
13,[0.96368057 0.39843427 0.1713757 ],0.5570666692599315,[0.4066139  0.1586324  0.38569097]
14,[0.40324208 0.08565206 0.6979457 ],0.47364989172565525,[0.07040781 0.38799783 0.22429581]
15,[0.17049021 0.08251576 0.68981835],0.5912443196439693,[0.42075411 0.50872856 0.09857403]
16,[0.70529541 0.85587285 0.78694478],0.5912443196439693,[0.11405109 0.26462853 0.19570046]
17,[0.48850333 0.0735974  0.55706667],0.5589251817028948,[0.07042185 0.48532778 0.00185851]
18,[0.95838604 0.74323724 0.94617728],0.4845623700865687,[0.47382367 0.25867487 0.46161491]
19,[0.67660093 0.94070039 0.05706917],0.490220293720543,[0.18638064 0.4504801  0.43315112]
20,[0.31785722 0.4272218  0.49022029],0.5672142362109345,[0.24935702 0.13999243 0.07699394]
21,[0.67918783 0.9201753  0.61601722],0.5316780578717758,[0.14750977 0.38849724 0.08433916]
22,[0.80826105 0.15574289 0.50775613],0.5404501184609484,[0.26781093 0.38470722 0.03269399]
23,[0.73969605 0.15141566 0.3197344 ],0.5589251817028948,[0.18077087 0.40750952 0.23919078]
24,[0.00807484 0.89936219 0.77058249],0.5316780578717758,[0.52360322 0.36768413 0.23890443]
25,[0.48062141 0.90806385 0.24507809],0.5404501184609484,[0.05982871 0.36761373 0.29537203]
26,[0.54045012 0.42899588 0.38612685],0.5912443196439693,[0.0507942  0.16224844 0.20511747]
27,[0.23136319 0.27641629 0.76532786],0.6397262387873943,[0.40836305 0.36330995 0.12560162]
28,[0.75020052 0.78949511 0.88762229],0.5404501184609484,[0.2097504  0.24904499 0.34717217]
29,[0.72435339 0.25055741 0.36405624],0.5360640881663621,[0.18828931 0.28550668 0.17200785]
30,[0.31010627 0.86238134 0.26904597],0.5404501184609484,[0.23034384 0.32193122 0.27140415]
31,[0.19356141 0.69789004 0.82113018],0.5570666692599315,[0.36350526 0.14082337 0.26406351]
32,[0.20857201 0.3154626  0.84523114],0.5292901282660664,[0.32071811 0.21382753 0.31594101]
33,[0.1655555  0.76994099 0.10124862],0.5185231293831059,[0.35296762 0.25141786 0.41727451]
34,[0.6459849  0.40710186 0.19890428],0.490220293720543,[0.15576461 0.08311844 0.29131602]
35,[0.38101723 0.31823618 0.42936186],0.5185231293831059,[0.1375059  0.20028695 0.08916127]
36,[0.97861604 0.97801077 0.77906715],0.490220293720543,[0.48839575 0.48779048 0.28884686]
37,[0.82716694 0.04250998 0.94255944],0.5570666692599315,[0.27010027 0.51455669 0.38549277]
38,[0.83904757 0.75702595 0.85576404],0.5077561305001453,[0.33129144 0.24926982 0.34800791]
39,[0.13832797 0.15025311 0.30113595],0.5404501184609484,[0.40212215 0.39019701 0.23931417]
40,[0.65705234 0.56902594 0.32271469],0.46667837483139163,[0.19037396 0.10234757 0.14396369]
41,[0.67778531 0.2847178  0.87989737],0.5360640881663621,[0.14172122 0.25134629 0.34383329]
42,[0.32737059 0.70291086 0.78666214],0.5292901282660664,[0.20191954 0.17362073 0.25737201]
43,[0.20422928 0.73896064 0.41076635],0.5404501184609484,[0.33622084 0.19851052 0.12968377]
44,[0.49789868 0.51288333 0.13716161],0.5912443196439693,[0.09334564 0.07836099 0.4540827 ]
45,[0.52975125 0.94404951 0.85945424],0.5292901282660664,[0.00046112 0.41475938 0.33016411]
46,[0.68885958 0.09620194 0.39709319],0.5185231293831059,[0.17033645 0.42232119 0.12142994]
47,[0.42027184 0.43457882 0.72996341],0.5077561305001453,[0.0874843  0.07317731 0.22220728]
48,[0.90465276 0.29508197 0.99822268],0.5292901282660664,[0.37536264 0.23420816 0.46893255]
49,[0.60725282 0.8083854  0.80458573],0.5404501184609484,[0.0668027  0.26793528 0.26413561]
50,[0.35466774 0.89945971 0.53899843],0.5316780578717758,[0.17701032 0.36778165 0.00732038]
51,[0.18629564 0.9947584  0.02678733],0.5316780578717758,[0.34538242 0.46308034 0.50489073]
52,[0.08882863 0.61451071 0.14353232],0.490220293720543,[0.40139166 0.12429042 0.34668797]
53,[0.29077864 0.08869802 0.32093514],0.490220293720543,[0.19944165 0.40152227 0.16928516]
54,[0.50782886 0.11855655 0.58855173],0.5672142362109345,[0.05938537 0.44865768 0.02133749]
55,[0.67743288 0.48879939 0.02369997],0.5487583938604399,[0.12867448 0.059959   0.52505842]
56,[0.73136735 0.1573234  0.30310928],0.5570666692599315,[0.17430068 0.39974327 0.25395739]
57,[0.99729926 0.6775345  0.8790734 ],0.5404501184609484,[0.45684914 0.13708438 0.33862328]
58,[0.74001168 0.25166911 0.80622787],0.5316780578717758,[0.20833363 0.28000895 0.27454981]
59,[0.87063782 0.6131813  0.57339074],0.5316780578717758,[0.33895977 0.08150325 0.04171268]
60,[0.298888   0.26412352 0.3178687 ],0.5292901282660664,[0.23040212 0.26516661 0.21142143]
61,[0.1749776  0.10562082 0.35022274],0.5570666692599315,[0.38208907 0.45144585 0.20684393]
62,[0.44231448 0.23342372 0.82462062],0.5292901282660664,[0.08697564 0.29586641 0.29533049]
63,[0.35306062 0.51150741 0.67392832],0.5292901282660664,[0.17622951 0.01778271 0.14463819]
64,[0.78214897 0.84031846 0.90672978],0.5404501184609484,[0.24169885 0.29986834 0.36627966]
65,[0.50380627 0.71483394 0.04444582],0.5630697089569147,[0.05926344 0.15176423 0.51862388]
66,[0.97658837 0.20668744 0.36278241],0.490220293720543,[0.48636808 0.28353285 0.12743788]
67,[0.74793198 0.31473684 0.41698965],0.490220293720543,[0.25771169 0.17548345 0.07323064]
68,[0.16988784 0.44478023 0.77183695],0.5570666692599315,[0.38717883 0.11228644 0.21477028]
69,[0.67482344 0.42380683 0.95776955],0.5077561305001453,[0.16706731 0.0839493  0.45001342]
70,[0.82753463 0.62968159 0.31775858],0.48062140861991887,[0.34691322 0.14906018 0.16286283]
71,[0.77829047 0.50959172 0.40315155],0.5912443196439693,[0.18704616 0.0816526  0.18809277]
72,[0.41473539 0.31586964 0.37732523],0.5589251817028948,[0.14418979 0.24305555 0.18159995]
73,[0.18812149 0.525641   0.0861507 ],0.5570666692599315,[0.36894517 0.03142567 0.47091597]
74,[0.43931783 0.91663798 0.17089006],0.5589251817028948,[0.11960735 0.3577128  0.38803512]
75,[0.64977599 0.58410553 0.1402656 ],0.5316780578717758,[0.11809793 0.05242747 0.39141245]
76,[0.16608543 0.95943253 0.68006662],0.48850333155321857,[0.3224179  0.4709292  0.19156328]
77,[0.83248651 0.43238585 0.2689349 ],0.5570666692599315,[0.27541984 0.12468082 0.28813177]
78,[0.27820416 0.48681397 0.94348612],0.5404501184609484,[0.26224596 0.05363615 0.403036  ]
79,[0.50586133 0.60631663 0.84518573],0.5316780578717758,[0.02581673 0.07463857 0.31350767]
80,[0.05528577 0.31206373 0.02594106],0.5404501184609484,[0.48516435 0.22838639 0.51450905]
81,[0.30952522 0.25735484 0.19826097],0.5570666692599315,[0.24754145 0.29971183 0.3588057 ]
82,[0.41776879 0.59886958 0.4737042 ],0.5570666692599315,[0.13929788 0.04180291 0.08336247]
83,[0.21362216 0.17479444 0.59784463],0.5589251817028948,[0.34530302 0.38413074 0.03891945]
84,[0.8814734  0.54098748 0.53498069],0.5304840930689211,[0.3509893  0.01050339 0.0044966 ]
85,[0.79190582 0.86315866 0.01891623],0.5579959254814132,[0.2339099  0.30516273 0.53907969]
86,[0.78879549 0.33535052 0.67162199],0.5304840930689211,[0.2583114  0.19513357 0.14113789]
87,[0.71534646 0.31666731 0.67001599],0.490220293720543,[0.22512617 0.17355299 0.1797957 ]
88,[0.0650979  0.58682233 0.26102438],0.5570666692599315,[0.49196877 0.02975567 0.29604229]
89,[0.21970378 0.83114774 0.28238436],0.5292901282660664,[0.30958635 0.30185761 0.24690576]
90,[0.34388758 0.55305329 0.03914967],0.5404501184609484,[0.19656254 0.01260317 0.50130045]
91,[0.19848514 0.18612327 0.7717521 ],0.5589251817028948,[0.36044004 0.37280191 0.21282692]
92,[0.64854957 0.51517355 0.96841655],0.48850333155321857,[0.16004623 0.02667022 0.47991322]
93,[0.48660796 0.43461043 0.94177812],0.5589251817028948,[0.07231722 0.12431475 0.38285294]
94,[0.78875135 0.26770813 0.87405154],0.490220293720543,[0.29853105 0.22251217 0.38383125]
95,[0.92349998 0.43564661 0.26839584],0.6397262387873943,[0.28377374 0.20407962 0.3713304 ]
96,[0.25456686 0.51888534 0.4962636 ],0.5792292779274519,[0.32466241 0.06034394 0.08296568]
97,[0.07516965 0.86754163 0.54585707],0.5589251817028948,[0.48375553 0.30861645 0.01306811]
98,[0.44497714 0.54177552 0.76964247],0.5912443196439693,[0.14626718 0.0494688  0.17839815]
99,[0.39736072 0.70701104 0.85183217],0.5185231293831059,[0.12116241 0.18848791 0.33330905]
