,0,1,2
0,[0.78245155 0.27060549 0.30804778],0.4428870876348699,[0.33956446 0.1722816  0.1348393 ]
1,[0.56721424 0.81058907 0.80946141],0.490220293720543,[0.07699394 0.32036878 0.31924111]
2,[0.86155842 0.7046432  0.63972624],0.7224957345618284,[0.13906269 0.01785253 0.0827695 ]
3,[0.03769561 0.69905556 0.59124432],0.42722180329907034,[0.38952619 0.27183376 0.16402252]
4,[0.45810538 0.3062904  0.89015472],0.386126853428424,[0.07197853 0.07983645 0.50402786]
5,[0.91777507 0.10573122 0.64669653],0.5197170941859606,[0.39805797 0.41398587 0.12697944]
6,[0.55892518 0.92290958 0.78087898],0.5077561305001453,[0.05116905 0.41515345 0.27312285]
7,[0.02989991 0.53167806 0.8924173 ],0.47364989172565525,[0.44374998 0.05802817 0.41876741]
8,[0.30726761 0.80272285 0.7855811 ],0.6160172151362873,[0.3087496  0.18670563 0.16956389]
9,[0.26434587 0.25584368 0.17328163],0.6791878274365701,[0.41484196 0.42334415 0.50590619]
10,[0.52929013 0.77398042 0.31261241],0.5916157256736109,[0.0623256  0.18236469 0.27900331]
11,[0.21047141 0.4276688  0.19485571],0.42810883938830724,[0.21763743 0.00044004 0.23325313]
12,[0.29557442 0.46667837 0.96711586],0.5316780578717758,[0.23610363 0.06499968 0.4354378 ]
13,[0.96368057 0.39843427 0.1713757 ],0.5672142362109345,[0.39646634 0.16877997 0.39583854]
14,[0.40324208 0.08565206 0.6979457 ],0.5672142362109345,[0.16397216 0.48156217 0.13073147]
15,[0.17049021 0.08251576 0.68981835],0.6885389334552752,[0.51804872 0.60602317 0.00127941]
16,[0.70529541 0.85587285 0.78694478],0.30804778414523737,[0.39724763 0.54782507 0.478897  ]
17,[0.48850333 0.0735974  0.55706667],0.5316780578717758,[0.04317473 0.45808066 0.02538861]
18,[0.95838604 0.74323724 0.94617728],0.6459849002524791,[0.31240114 0.09725234 0.30019238]
19,[0.67660093 0.94070039 0.05706917],0.5404501184609484,[0.13615081 0.40025027 0.48338095]
20,[0.31785722 0.4272218  0.49022029],0.5404501184609484,[0.2225929  0.11322832 0.05022982]
21,[0.67918783 0.9201753  0.61601722],0.5538321773359414,[0.12535565 0.36634312 0.06218504]
22,[0.80826105 0.15574289 0.50775613],0.5292901282660664,[0.27897092 0.37354723 0.021534  ]
23,[0.73969605 0.15141566 0.3197344 ],0.5348701233635074,[0.20482593 0.38345447 0.21513572]
24,[0.00807484 0.89936219 0.77058249],0.6898183470176383,[0.68174351 0.20954384 0.08076414]
25,[0.48062141 0.90806385 0.24507809],0.5672142362109345,[0.08659283 0.34084961 0.32213615]
26,[0.54045012 0.42899588 0.38612685],0.5097552109933047,[0.03069491 0.08075934 0.12362836]
27,[0.23136319 0.27641629 0.76532786],0.6570523365555065,[0.42568915 0.38063605 0.10827552]
28,[0.75020052 0.78949511 0.88762229],0.6154852792156817,[0.13471524 0.17400983 0.27213701]
29,[0.72435339 0.25055741 0.36405624],0.5316780578717758,[0.19267534 0.28112065 0.16762182]
30,[0.31010627 0.86238134 0.26904597],0.5487583938604399,[0.23865212 0.31362294 0.27971243]
31,[0.19356141 0.69789004 0.82113018],0.5672142362109345,[0.37365282 0.1306758  0.25391594]
32,[0.20857201 0.3154626  0.84523114],0.48850333155321857,[0.27993132 0.17304073 0.35672781]
33,[0.1655555  0.76994099 0.10124862],0.7046432001976883,[0.5390877  0.06529779 0.60339458]
34,[0.6459849  0.40710186 0.19890428],0.6791878274365701,[0.03320293 0.27208597 0.48028355]
35,[0.38101723 0.31823618 0.42936186],0.5672142362109345,[0.18619701 0.24897805 0.13785237]
36,[0.97861604 0.97801077 0.77906715],0.42936186257196973,[0.54925418 0.54864891 0.34970529]
37,[0.82716694 0.04250998 0.94255944],0.6766009306651063,[0.15056601 0.63409095 0.26595851]
38,[0.83904757 0.75702595 0.85576404],0.48850333155321857,[0.35054424 0.26852261 0.36726071]
39,[0.13832797 0.15025311 0.30113595],0.48850333155321857,[0.35017536 0.33825022 0.18736739]
40,[0.65705234 0.56902594 0.32271469],0.6845030872271043,[0.02745075 0.11547714 0.3617884 ]
41,[0.67778531 0.2847178  0.87989737],0.6791878274365701,[0.00140252 0.39447002 0.20070955]
42,[0.32737059 0.70291086 0.78666214],0.7046432001976883,[0.37727261 0.00173234 0.08201894]
43,[0.20422928 0.73896064 0.41076635],0.48850333155321857,[0.28427406 0.25045731 0.07773698]
44,[0.49789868 0.51288333 0.13716161],0.5589251817028948,[0.0610265  0.04604185 0.42176357]
45,[0.52975125 0.94404951 0.85945424],0.5404501184609484,[0.01069887 0.40359939 0.31900412]
46,[0.68885958 0.09620194 0.39709319],0.6791878274365701,[0.00967175 0.58298589 0.28209464]
47,[0.42027184 0.43457882 0.72996341],0.48062140861991887,[0.06034957 0.04604259 0.249342  ]
48,[0.90465276 0.29508197 0.99822268],0.6845030872271043,[0.22014968 0.38942112 0.31371959]
49,[0.60725282 0.8083854  0.80458573],0.5407323066822561,[0.06652051 0.26765309 0.26385342]
50,[0.35466774 0.89945971 0.53899843],0.48062140861991887,[0.12595367 0.4188383  0.05837703]
51,[0.18629564 0.9947584  0.02678733],0.6791878274365701,[0.49289219 0.31557057 0.6524005 ]
52,[0.08882863 0.61451071 0.14353232],0.6581635847262504,[0.56933495 0.04365287 0.51463126]
53,[0.29077864 0.08869802 0.32093514],0.5077561305001453,[0.21697749 0.41905811 0.18682099]
54,[0.50782886 0.11855655 0.58855173],0.5292901282660664,[0.02146126 0.41073358 0.0592616 ]
55,[0.67743288 0.48879939 0.02369997],0.5589251817028948,[0.11850769 0.07012579 0.53522521]
56,[0.73136735 0.1573234  0.30310928],0.7052954145677429,[0.02607193 0.54797201 0.40218613]
57,[0.99729926 0.6775345  0.8790734 ],0.5916157256736109,[0.40568353 0.08591877 0.28745768]
58,[0.74001168 0.25166911 0.80622787],0.5316780578717758,[0.20833363 0.28000895 0.27454981]
59,[0.87063782 0.6131813  0.57339074],0.6845030872271043,[0.18613474 0.07132178 0.11111235]
60,[0.298888   0.26412352 0.3178687 ],0.5589251817028948,[0.26003718 0.29480166 0.24105648]
61,[0.1749776  0.10562082 0.35022274],0.5077561305001453,[0.33277853 0.40213531 0.15753339]
62,[0.44231448 0.23342372 0.82462062],0.6845030872271043,[0.2421886  0.45107937 0.14011753]
63,[0.35306062 0.51150741 0.67392832],0.6990555614827405,[0.34599494 0.18754815 0.02512724]
64,[0.78214897 0.84031846 0.90672978],0.5077561305001453,[0.27439284 0.33256233 0.39897365]
65,[0.50380627 0.71483394 0.04444582],0.48062140861991887,[0.02318486 0.23421253 0.43617558]
66,[0.97658837 0.20668744 0.36278241],0.4893618126368808,[0.48722656 0.28267437 0.1265794 ]
67,[0.74793198 0.31473684 0.41698965],0.5348701233635074,[0.21306186 0.22013328 0.11788047]
68,[0.16988784 0.44478023 0.77183695],0.6777853109161037,[0.50789747 0.23300508 0.09405164]
69,[0.67482344 0.42380683 0.95776955],0.4581053790221359,[0.21671806 0.03429855 0.49966417]
70,[0.82753463 0.62968159 0.31775858],0.7046432001976883,[0.12289143 0.07496161 0.38688462]
71,[0.77829047 0.50959172 0.40315155],0.42899587547754414,[0.3492946  0.08059584 0.02584433]
72,[0.41473539 0.31586964 0.37732523],0.5077561305001453,[0.09302074 0.1918865  0.1304309 ]
73,[0.18812149 0.525641   0.0861507 ],0.5348701233635074,[0.34674863 0.00922912 0.44871942]
74,[0.43931783 0.91663798 0.17089006],0.5672142362109345,[0.12789641 0.34942375 0.39632417]
75,[0.64977599 0.58410553 0.1402656 ],0.7243533949185944,[0.0745774  0.14024787 0.58408779]
76,[0.16608543 0.95943253 0.68006662],0.5316780578717758,[0.36559263 0.42775447 0.14838856]
77,[0.83248651 0.43238585 0.2689349 ],0.6160172151362873,[0.21646929 0.18363137 0.34708232]
78,[0.27820416 0.48681397 0.94348612],0.42899587547754414,[0.15079172 0.05781809 0.51449025]
79,[0.50586133 0.60631663 0.84518573],0.5077561305001453,[0.0018948 0.0985605 0.3374296]
80,[0.05528577 0.31206373 0.02594106],0.4581053790221359,[0.40281961 0.14604165 0.43216431]
81,[0.30952522 0.25735484 0.19826097],0.5672142362109345,[0.25768902 0.3098594  0.36895327]
82,[0.41776879 0.59886958 0.4737042 ],0.6160172151362873,[0.19824842 0.01714763 0.14231302]
83,[0.21362216 0.17479444 0.59784463],0.42899587547754414,[0.21537371 0.25420144 0.16884876]
84,[0.8814734  0.54098748 0.53498069],0.5077561305001453,[0.37371727 0.03323135 0.02722456]
85,[0.79190582 0.86315866 0.01891623],0.49898821211034416,[0.29291761 0.36417045 0.48007198]
86,[0.78879549 0.33535052 0.67162199],0.47416283637133944,[0.31463265 0.13881231 0.19745915]
87,[0.71534646 0.31666731 0.67001599],0.5185231293831059,[0.19682334 0.20185582 0.15149286]
88,[0.0650979  0.58682233 0.26102438],0.5404501184609484,[0.47535222 0.04637222 0.27942573]
89,[0.21970378 0.83114774 0.28238436],0.5077561305001453,[0.28805235 0.32339161 0.22537177]
90,[0.34388758 0.55305329 0.03914967],0.47416283637133944,[0.13027526 0.07889045 0.43501317]
91,[0.19848514 0.18612327 0.7717521 ],0.5292901282660664,[0.33080499 0.34316686 0.24246197]
92,[0.64854957 0.51517355 0.96841655],0.47416283637133944,[0.17438673 0.04101072 0.49425372]
93,[0.48660796 0.43461043 0.94177812],0.5538321773359414,[0.06722422 0.11922175 0.38794594]
94,[0.78875135 0.26770813 0.87405154],0.6791878274365701,[0.10956352 0.4114797  0.19486372]
95,[0.92349998 0.43564661 0.26839584],0.5538321773359414,[0.3696678  0.11818556 0.28543634]
96,[0.25456686 0.51888534 0.4962636 ],0.42899587547754414,[0.17442901 0.08988947 0.06726772]
97,[0.07516965 0.86754163 0.54585707],0.5912443196439693,[0.51607467 0.27629731 0.04538725]
98,[0.44497714 0.54177552 0.76964247],0.5579959254814132,[0.11301879 0.01622041 0.21164655]
99,[0.39736072 0.70701104 0.85183217],0.42722180329907034,[0.02986108 0.27978923 0.42461037]
