,0,1,2
0,[0.78245155 0.27060549 0.30804778],0.5292901282660664,[0.25316142 0.25868464 0.22124234]
1,[0.56721424 0.81058907 0.80946141],0.5589251817028948,[0.00828905 0.25166389 0.25053622]
2,[0.86155842 0.7046432  0.63972624],0.5292901282660664,[0.33226829 0.17535307 0.11043611]
3,[0.03769561 0.69905556 0.59124432],0.4845623700865687,[0.44686676 0.21449319 0.10668195]
4,[0.45810538 0.3062904  0.89015472],0.5672142362109345,[0.10910886 0.26092384 0.32294048]
5,[0.91777507 0.10573122 0.64669653],0.5487583938604399,[0.36901667 0.44302717 0.09793814]
6,[0.55892518 0.92290958 0.78087898],0.5185231293831059,[0.04040205 0.40438645 0.26235585]
7,[0.02989991 0.53167806 0.8924173 ],0.5404501184609484,[0.51055021 0.00877206 0.35196719]
8,[0.30726761 0.80272285 0.7855811 ],0.5404501184609484,[0.23318251 0.26227273 0.24513098]
9,[0.26434587 0.25584368 0.17328163],0.5792292779274519,[0.31488341 0.3233856  0.40594764]
10,[0.52929013 0.77398042 0.31261241],0.5487583938604399,[0.01946827 0.22522202 0.23614598]
11,[0.21047141 0.4276688  0.19485571],0.5630697089569147,[0.3525983  0.13540091 0.368214  ]
12,[0.29557442 0.46667837 0.96711586],0.6160172151362873,[0.32044279 0.14933884 0.35109865]
13,[0.96368057 0.39843427 0.1713757 ],0.5316780578717758,[0.43200251 0.13324379 0.36030236]
14,[0.40324208 0.08565206 0.6979457 ],0.48062140861991887,[0.07737933 0.39496935 0.21732429]
15,[0.17049021 0.08251576 0.68981835],0.5912443196439693,[0.42075411 0.50872856 0.09857403]
16,[0.70529541 0.85587285 0.78694478],0.5589251817028948,[0.14637023 0.29694767 0.2280196 ]
17,[0.48850333 0.0735974  0.55706667],0.5292901282660664,[0.0407868  0.45569273 0.02777654]
18,[0.95838604 0.74323724 0.94617728],0.48850333155321857,[0.46988271 0.25473391 0.45767395]
19,[0.67660093 0.94070039 0.05706917],0.5077561305001453,[0.1688448  0.43294426 0.45068696]
20,[0.31785722 0.4272218  0.49022029],0.5672142362109345,[0.24935702 0.13999243 0.07699394]
21,[0.67918783 0.9201753  0.61601722],0.5316780578717758,[0.14750977 0.38849724 0.08433916]
22,[0.80826105 0.15574289 0.50775613],0.5292901282660664,[0.27897092 0.37354723 0.021534  ]
23,[0.73969605 0.15141566 0.3197344 ],0.5589251817028948,[0.18077087 0.40750952 0.23919078]
24,[0.00807484 0.89936219 0.77058249],0.5077561305001453,[0.49968129 0.39160606 0.26282636]
25,[0.48062141 0.90806385 0.24507809],0.5570666692599315,[0.07644526 0.35099718 0.31198858]
26,[0.54045012 0.42899588 0.38612685],0.5912443196439693,[0.0507942  0.16224844 0.20511747]
27,[0.23136319 0.27641629 0.76532786],0.6397262387873943,[0.40836305 0.36330995 0.12560162]
28,[0.75020052 0.78949511 0.88762229],0.5404501184609484,[0.2097504  0.24904499 0.34717217]
29,[0.72435339 0.25055741 0.36405624],0.5316780578717758,[0.19267534 0.28112065 0.16762182]
30,[0.31010627 0.86238134 0.26904597],0.5316780578717758,[0.22157178 0.33070328 0.26263209]
31,[0.19356141 0.69789004 0.82113018],0.5570666692599315,[0.36350526 0.14082337 0.26406351]
32,[0.20857201 0.3154626  0.84523114],0.5316780578717758,[0.32310604 0.21621546 0.31355308]
33,[0.1655555  0.76994099 0.10124862],0.5292901282660664,[0.36373462 0.24065087 0.4280415 ]
34,[0.6459849  0.40710186 0.19890428],0.490220293720543,[0.15576461 0.08311844 0.29131602]
35,[0.38101723 0.31823618 0.42936186],0.5304840930689211,[0.14946686 0.21224791 0.10112223]
36,[0.97861604 0.97801077 0.77906715],0.490220293720543,[0.48839575 0.48779048 0.28884686]
37,[0.82716694 0.04250998 0.94255944],0.5404501184609484,[0.28671682 0.49794014 0.40210932]
38,[0.83904757 0.75702595 0.85576404],0.5077561305001453,[0.33129144 0.24926982 0.34800791]
39,[0.13832797 0.15025311 0.30113595],0.5316780578717758,[0.39335009 0.38142495 0.23054211]
40,[0.65705234 0.56902594 0.32271469],0.48062140861991887,[0.17643093 0.08840453 0.15790672]
41,[0.67778531 0.2847178  0.87989737],0.5304840930689211,[0.14730122 0.24576629 0.34941328]
42,[0.32737059 0.70291086 0.78666214],0.5487583938604399,[0.2213878  0.15415247 0.23790375]
43,[0.20422928 0.73896064 0.41076635],0.5316780578717758,[0.32744878 0.20728258 0.12091171]
44,[0.49789868 0.51288333 0.13716161],0.5630697089569147,[0.06517103 0.05018637 0.42590809]
45,[0.52975125 0.94404951 0.85945424],0.5292901282660664,[0.00046112 0.41475938 0.33016411]
46,[0.68885958 0.09620194 0.39709319],0.5185231293831059,[0.17033645 0.42232119 0.12142994]
47,[0.42027184 0.43457882 0.72996341],0.5077561305001453,[0.0874843  0.07317731 0.22220728]
48,[0.90465276 0.29508197 0.99822268],0.5404501184609484,[0.36420264 0.24536815 0.45777256]
49,[0.60725282 0.8083854  0.80458573],0.5579959254814132,[0.04925689 0.25038948 0.2465898 ]
50,[0.35466774 0.89945971 0.53899843],0.5589251817028948,[0.20425744 0.34053452 0.01992675]
51,[0.18629564 0.9947584  0.02678733],0.49898821211034416,[0.31269258 0.49577019 0.47220089]
52,[0.08882863 0.61451071 0.14353232],0.5292901282660664,[0.4404615  0.08522059 0.38575781]
53,[0.29077864 0.08869802 0.32093514],0.5589251817028948,[0.26814654 0.47022716 0.23799005]
54,[0.50782886 0.11855655 0.58855173],0.6160172151362873,[0.10818835 0.49746066 0.02746549]
55,[0.67743288 0.48879939 0.02369997],0.5579959254814132,[0.11943695 0.06919653 0.53429595]
56,[0.73136735 0.1573234  0.30310928],0.5570666692599315,[0.17430068 0.39974327 0.25395739]
57,[0.99729926 0.6775345  0.8790734 ],0.5404501184609484,[0.45684914 0.13708438 0.33862328]
58,[0.74001168 0.25166911 0.80622787],0.5316780578717758,[0.20833363 0.28000895 0.27454981]
59,[0.87063782 0.6131813  0.57339074],0.48062140861991887,[0.39001642 0.1325599  0.09276933]
60,[0.298888   0.26412352 0.3178687 ],0.5292901282660664,[0.23040212 0.26516661 0.21142143]
61,[0.1749776  0.10562082 0.35022274],0.5570666692599315,[0.38208907 0.45144585 0.20684393]
62,[0.44231448 0.23342372 0.82462062],0.5570666692599315,[0.11475219 0.32364295 0.26755395]
63,[0.35306062 0.51150741 0.67392832],0.5912443196439693,[0.2381837  0.07973691 0.082684  ]
64,[0.78214897 0.84031846 0.90672978],0.5589251817028948,[0.22322379 0.28139328 0.3478046 ]
65,[0.50380627 0.71483394 0.04444582],0.5589251817028948,[0.05511892 0.15590875 0.51447936]
66,[0.97658837 0.20668744 0.36278241],0.4893618126368808,[0.48722656 0.28267437 0.1265794 ]
67,[0.74793198 0.31473684 0.41698965],0.490220293720543,[0.25771169 0.17548345 0.07323064]
68,[0.16988784 0.44478023 0.77183695],0.5579959254814132,[0.38810809 0.1132157  0.21384102]
69,[0.67482344 0.42380683 0.95776955],0.5672142362109345,[0.1076092  0.14340741 0.39055531]
70,[0.82753463 0.62968159 0.31775858],0.5292901282660664,[0.2982445  0.10039146 0.21153155]
71,[0.77829047 0.50959172 0.40315155],0.5672142362109345,[0.21107624 0.05762252 0.16406269]
72,[0.41473539 0.31586964 0.37732523],0.5077561305001453,[0.09302074 0.1918865  0.1304309 ]
73,[0.18812149 0.525641   0.0861507 ],0.5570666692599315,[0.36894517 0.03142567 0.47091597]
74,[0.43931783 0.91663798 0.17089006],0.5672142362109345,[0.12789641 0.34942375 0.39632417]
75,[0.64977599 0.58410553 0.1402656 ],0.5316780578717758,[0.11809793 0.05242747 0.39141245]
76,[0.16608543 0.95943253 0.68006662],0.4893618126368808,[0.32327638 0.47007072 0.1907048 ]
77,[0.83248651 0.43238585 0.2689349 ],0.5404501184609484,[0.29203639 0.10806427 0.27151522]
78,[0.27820416 0.48681397 0.94348612],0.5404501184609484,[0.26224596 0.05363615 0.403036  ]
79,[0.50586133 0.60631663 0.84518573],0.5316780578717758,[0.02581673 0.07463857 0.31350767]
80,[0.05528577 0.31206373 0.02594106],0.5570666692599315,[0.5017809  0.24500294 0.5311256 ]
81,[0.30952522 0.25735484 0.19826097],0.5570666692599315,[0.24754145 0.29971183 0.3588057 ]
82,[0.41776879 0.59886958 0.4737042 ],0.5672142362109345,[0.14944544 0.03165535 0.09351004]
83,[0.21362216 0.17479444 0.59784463],0.5589251817028948,[0.34530302 0.38413074 0.03891945]
84,[0.8814734  0.54098748 0.53498069],0.5304840930689211,[0.3509893  0.01050339 0.0044966 ]
85,[0.79190582 0.86315866 0.01891623],0.5570666692599315,[0.23483916 0.30609199 0.53815044]
86,[0.78879549 0.33535052 0.67162199],0.490220293720543,[0.2985752  0.15486977 0.18140169]
87,[0.71534646 0.31666731 0.67001599],0.5077561305001453,[0.20759033 0.19108882 0.16225986]
88,[0.0650979  0.58682233 0.26102438],0.5404501184609484,[0.47535222 0.04637222 0.27942573]
89,[0.21970378 0.83114774 0.28238436],0.5292901282660664,[0.30958635 0.30185761 0.24690576]
90,[0.34388758 0.55305329 0.03914967],0.5360640881663621,[0.19217651 0.0169892  0.49691442]
91,[0.19848514 0.18612327 0.7717521 ],0.5570666692599315,[0.35858153 0.3709434  0.21468543]
92,[0.64854957 0.51517355 0.96841655],0.48850333155321857,[0.16004623 0.02667022 0.47991322]
93,[0.48660796 0.43461043 0.94177812],0.5570666692599315,[0.07045871 0.12245624 0.38471145]
94,[0.78875135 0.26770813 0.87405154],0.490220293720543,[0.29853105 0.22251217 0.38383125]
95,[0.92349998 0.43564661 0.26839584],0.6466965297991201,[0.27680345 0.21104992 0.37830069]
96,[0.25456686 0.51888534 0.4962636 ],0.5912443196439693,[0.33667745 0.07235898 0.09498072]
97,[0.07516965 0.86754163 0.54585707],0.5570666692599315,[0.48189702 0.31047496 0.0112096 ]
98,[0.44497714 0.54177552 0.76964247],0.5570666692599315,[0.11208953 0.01529115 0.2125758 ]
99,[0.39736072 0.70701104 0.85183217],0.5404501184609484,[0.1430894  0.16656092 0.31138206]
