,0,1,2
0,[0.78245155 0.27060549 0.30804778],0.490220293720543,[0.29223126 0.2196148  0.18217251]
1,[0.56721424 0.81058907 0.80946141],0.6160172151362873,[0.04880298 0.19457185 0.19344419]
2,[0.86155842 0.7046432  0.63972624],0.5292901282660664,[0.33226829 0.17535307 0.11043611]
3,[0.03769561 0.69905556 0.59124432],0.490220293720543,[0.45252468 0.20883527 0.10102403]
4,[0.45810538 0.3062904  0.89015472],0.5404501184609484,[0.08234474 0.23415972 0.3497046 ]
5,[0.91777507 0.10573122 0.64669653],0.5579959254814132,[0.35977914 0.4522647  0.0887006 ]
6,[0.55892518 0.92290958 0.78087898],0.5292901282660664,[0.02963505 0.39361945 0.25158885]
7,[0.02989991 0.53167806 0.8924173 ],0.5404501184609484,[0.51055021 0.00877206 0.35196719]
8,[0.30726761 0.80272285 0.7855811 ],0.5077561305001453,[0.20048852 0.29496672 0.27782497]
9,[0.26434587 0.25584368 0.17328163],0.5077561305001453,[0.24341026 0.25191245 0.3344745 ]
10,[0.52929013 0.77398042 0.31261241],0.5570666692599315,[0.02777654 0.21691375 0.24445426]
11,[0.21047141 0.4276688  0.19485571],0.5077561305001453,[0.29728472 0.08008733 0.31290042]
12,[0.29557442 0.46667837 0.96711586],0.6160172151362873,[0.32044279 0.14933884 0.35109865]
13,[0.96368057 0.39843427 0.1713757 ],0.5316780578717758,[0.43200251 0.13324379 0.36030236]
14,[0.40324208 0.08565206 0.6979457 ],0.48062140861991887,[0.07737933 0.39496935 0.21732429]
15,[0.17049021 0.08251576 0.68981835],0.5589251817028948,[0.38843497 0.47640942 0.13089317]
16,[0.70529541 0.85587285 0.78694478],0.5589251817028948,[0.14637023 0.29694767 0.2280196 ]
17,[0.48850333 0.0735974  0.55706667],0.5316780578717758,[0.04317473 0.45808066 0.02538861]
18,[0.95838604 0.74323724 0.94617728],0.48850333155321857,[0.46988271 0.25473391 0.45767395]
19,[0.67660093 0.94070039 0.05706917],0.5077561305001453,[0.1688448  0.43294426 0.45068696]
20,[0.31785722 0.4272218  0.49022029],0.5672142362109345,[0.24935702 0.13999243 0.07699394]
21,[0.67918783 0.9201753  0.61601722],0.5316780578717758,[0.14750977 0.38849724 0.08433916]
22,[0.80826105 0.15574289 0.50775613],0.5292901282660664,[0.27897092 0.37354723 0.021534  ]
23,[0.73969605 0.15141566 0.3197344 ],0.5589251817028948,[0.18077087 0.40750952 0.23919078]
24,[0.00807484 0.89936219 0.77058249],0.49898821211034416,[0.49091338 0.40037398 0.27159428]
25,[0.48062141 0.90806385 0.24507809],0.5404501184609484,[0.05982871 0.36761373 0.29537203]
26,[0.54045012 0.42899588 0.38612685],0.5912443196439693,[0.0507942  0.16224844 0.20511747]
27,[0.23136319 0.27641629 0.76532786],0.5579959254814132,[0.32663273 0.28157964 0.20733193]
28,[0.75020052 0.78949511 0.88762229],0.5404501184609484,[0.2097504  0.24904499 0.34717217]
29,[0.72435339 0.25055741 0.36405624],0.5404501184609484,[0.18390328 0.28989271 0.17639388]
30,[0.31010627 0.86238134 0.26904597],0.5589251817028948,[0.24881891 0.30345616 0.28987922]
31,[0.19356141 0.69789004 0.82113018],0.5360640881663621,[0.34250268 0.16182595 0.28506609]
32,[0.20857201 0.3154626  0.84523114],0.5360640881663621,[0.32749207 0.22060149 0.30916705]
33,[0.1655555  0.76994099 0.10124862],0.5292901282660664,[0.36373462 0.24065087 0.4280415 ]
34,[0.6459849  0.40710186 0.19890428],0.490220293720543,[0.15576461 0.08311844 0.29131602]
35,[0.38101723 0.31823618 0.42936186],0.5404501184609484,[0.15943289 0.22221394 0.11108826]
36,[0.97861604 0.97801077 0.77906715],0.5077561305001453,[0.47085991 0.47025464 0.27131102]
37,[0.82716694 0.04250998 0.94255944],0.5570666692599315,[0.27010027 0.51455669 0.38549277]
38,[0.83904757 0.75702595 0.85576404],0.490220293720543,[0.34882728 0.26680565 0.36554375]
39,[0.13832797 0.15025311 0.30113595],0.5360640881663621,[0.39773612 0.38581098 0.23492814]
40,[0.65705234 0.56902594 0.32271469],0.5077561305001453,[0.14929621 0.06126981 0.18504144]
41,[0.67778531 0.2847178  0.87989737],0.5404501184609484,[0.13733519 0.25573232 0.33944726]
42,[0.32737059 0.70291086 0.78666214],0.5404501184609484,[0.21307953 0.16246074 0.24621202]
43,[0.20422928 0.73896064 0.41076635],0.5404501184609484,[0.33622084 0.19851052 0.12968377]
44,[0.49789868 0.51288333 0.13716161],0.6036307673901282,[0.10573209 0.09074743 0.46646915]
45,[0.52975125 0.94404951 0.85945424],0.5589251817028948,[0.02917393 0.38512433 0.30052906]
46,[0.68885958 0.09620194 0.39709319],0.5292901282660664,[0.15956945 0.43308819 0.13219694]
47,[0.42027184 0.43457882 0.72996341],0.5185231293831059,[0.09825129 0.08394431 0.21144028]
48,[0.90465276 0.29508197 0.99822268],0.5316780578717758,[0.37297471 0.23659609 0.46654462]
49,[0.60725282 0.8083854  0.80458573],0.5404501184609484,[0.0668027  0.26793528 0.26413561]
50,[0.35466774 0.89945971 0.53899843],0.5589251817028948,[0.20425744 0.34053452 0.01992675]
51,[0.18629564 0.9947584  0.02678733],0.5304840930689211,[0.34418846 0.46427431 0.50369677]
52,[0.08882863 0.61451071 0.14353232],0.5292901282660664,[0.4404615  0.08522059 0.38575781]
53,[0.29077864 0.08869802 0.32093514],0.5570666692599315,[0.26628803 0.46836865 0.23613153]
54,[0.50782886 0.11855655 0.58855173],0.6160172151362873,[0.10818835 0.49746066 0.02746549]
55,[0.67743288 0.48879939 0.02369997],0.5579959254814132,[0.11943695 0.06919653 0.53429595]
56,[0.73136735 0.1573234  0.30310928],0.5404501184609484,[0.19091723 0.38312672 0.23734084]
57,[0.99729926 0.6775345  0.8790734 ],0.5077561305001453,[0.48954313 0.16977837 0.37131727]
58,[0.74001168 0.25166911 0.80622787],0.5404501184609484,[0.19956157 0.28878101 0.26577775]
59,[0.87063782 0.6131813  0.57339074],0.48062140861991887,[0.39001642 0.1325599  0.09276933]
60,[0.298888   0.26412352 0.3178687 ],0.5316780578717758,[0.23279005 0.26755454 0.21380936]
61,[0.1749776  0.10562082 0.35022274],0.5589251817028948,[0.38394758 0.45330436 0.20870244]
62,[0.44231448 0.23342372 0.82462062],0.490220293720543,[0.04790581 0.25679657 0.33440033]
63,[0.35306062 0.51150741 0.67392832],0.5912443196439693,[0.2381837  0.07973691 0.082684  ]
64,[0.78214897 0.84031846 0.90672978],0.5292901282660664,[0.25285885 0.31102833 0.37743965]
65,[0.50380627 0.71483394 0.04444582],0.5630697089569147,[0.05926344 0.15176423 0.51862388]
66,[0.97658837 0.20668744 0.36278241],0.5292901282660664,[0.44729825 0.32260268 0.16650771]
67,[0.74793198 0.31473684 0.41698965],0.5570666692599315,[0.19086532 0.24232983 0.14007702]
68,[0.16988784 0.44478023 0.77183695],0.5589251817028948,[0.38903734 0.11414495 0.21291177]
69,[0.67482344 0.42380683 0.95776955],0.5672142362109345,[0.1076092  0.14340741 0.39055531]
70,[0.82753463 0.62968159 0.31775858],0.5570666692599315,[0.27046796 0.07261492 0.23930809]
71,[0.77829047 0.50959172 0.40315155],0.5672142362109345,[0.21107624 0.05762252 0.16406269]
72,[0.41473539 0.31586964 0.37732523],0.5570666692599315,[0.14233128 0.24119703 0.17974144]
73,[0.18812149 0.525641   0.0861507 ],0.5589251817028948,[0.37080369 0.03328418 0.47277448]
74,[0.43931783 0.91663798 0.17089006],0.5404501184609484,[0.10113229 0.37618787 0.36956005]
75,[0.64977599 0.58410553 0.1402656 ],0.5360640881663621,[0.1137119  0.04804144 0.39579848]
76,[0.16608543 0.95943253 0.68006662],0.48062140861991887,[0.31453598 0.47881112 0.19944521]
77,[0.83248651 0.43238585 0.2689349 ],0.5316780578717758,[0.30080845 0.09929221 0.26274316]
78,[0.27820416 0.48681397 0.94348612],0.5316780578717758,[0.2534739  0.04486409 0.41180806]
79,[0.50586133 0.60631663 0.84518573],0.5404501184609484,[0.03458879 0.06586651 0.30473561]
80,[0.05528577 0.31206373 0.02594106],0.5404501184609484,[0.48516435 0.22838639 0.51450905]
81,[0.30952522 0.25735484 0.19826097],0.5672142362109345,[0.25768902 0.3098594  0.36895327]
82,[0.41776879 0.59886958 0.4737042 ],0.5672142362109345,[0.14944544 0.03165535 0.09351004]
83,[0.21362216 0.17479444 0.59784463],0.5570666692599315,[0.34344451 0.38227223 0.04077796]
84,[0.8814734  0.54098748 0.53498069],0.48850333155321857,[0.39297007 0.05248415 0.04647736]
85,[0.79190582 0.86315866 0.01891623],0.5912443196439693,[0.20066151 0.27191434 0.57232809]
86,[0.78879549 0.33535052 0.67162199],0.5077561305001453,[0.28103936 0.17240561 0.16386586]
87,[0.71534646 0.31666731 0.67001599],0.5077561305001453,[0.20759033 0.19108882 0.16225986]
88,[0.0650979  0.58682233 0.26102438],0.5487583938604399,[0.48366049 0.03806394 0.28773401]
89,[0.21970378 0.83114774 0.28238436],0.5570666692599315,[0.33736289 0.27408107 0.2746823 ]
90,[0.34388758 0.55305329 0.03914967],0.5404501184609484,[0.19656254 0.01260317 0.50130045]
91,[0.19848514 0.18612327 0.7717521 ],0.5912443196439693,[0.39275918 0.40512105 0.18050778]
92,[0.64854957 0.51517355 0.96841655],0.48062140861991887,[0.16792816 0.03455214 0.48779514]
93,[0.48660796 0.43461043 0.94177812],0.5672142362109345,[0.08060627 0.13260381 0.37456388]
94,[0.78875135 0.26770813 0.87405154],0.490220293720543,[0.29853105 0.22251217 0.38383125]
95,[0.92349998 0.43564661 0.26839584],0.6160172151362873,[0.30748276 0.1803706  0.34762138]
96,[0.25456686 0.51888534 0.4962636 ],0.5589251817028948,[0.30435832 0.04003984 0.06266158]
97,[0.07516965 0.86754163 0.54585707],0.5589251817028948,[0.48375553 0.30861645 0.01306811]
98,[0.44497714 0.54177552 0.76964247],0.5589251817028948,[0.11394804 0.01714966 0.21071729]
99,[0.39736072 0.70701104 0.85183217],0.5404501184609484,[0.1430894  0.16656092 0.31138206]
