,0,1,2
0,[0.78245155 0.27060549 0.30804778],0.5589251817028948,[0.22352637 0.28831969 0.2508774 ]
1,[0.56721424 0.81058907 0.80946141],0.6397262387873943,[0.072512   0.17086283 0.16973517]
2,[0.86155842 0.7046432  0.63972624],0.5077561305001453,[0.35380229 0.19688707 0.13197011]
3,[0.03769561 0.69905556 0.59124432],0.5077561305001453,[0.47006052 0.19129943 0.08348819]
4,[0.45810538 0.3062904  0.89015472],0.5404501184609484,[0.08234474 0.23415972 0.3497046 ]
5,[0.91777507 0.10573122 0.64669653],0.5570666692599315,[0.3607084  0.45133545 0.08962986]
6,[0.55892518 0.92290958 0.78087898],0.5292901282660664,[0.02963505 0.39361945 0.25158885]
7,[0.02989991 0.53167806 0.8924173 ],0.4893618126368808,[0.4594619  0.04231625 0.40305549]
8,[0.30726761 0.80272285 0.7855811 ],0.5185231293831059,[0.21125552 0.28419972 0.26705797]
9,[0.26434587 0.25584368 0.17328163],0.5292901282660664,[0.26494426 0.27344645 0.35600849]
10,[0.52929013 0.77398042 0.31261241],0.5316780578717758,[0.00238793 0.24230236 0.21906565]
11,[0.21047141 0.4276688  0.19485571],0.5185231293831059,[0.30805172 0.09085433 0.32366742]
12,[0.29557442 0.46667837 0.96711586],0.490220293720543,[0.19464587 0.02354192 0.47689557]
13,[0.96368057 0.39843427 0.1713757 ],0.5185231293831059,[0.44515744 0.12008886 0.34714743]
14,[0.40324208 0.08565206 0.6979457 ],0.48850333155321857,[0.08526125 0.40285127 0.20944237]
15,[0.17049021 0.08251576 0.68981835],0.5316780578717758,[0.36118785 0.4491623  0.15814029]
16,[0.70529541 0.85587285 0.78694478],0.5672142362109345,[0.13808118 0.28865862 0.21973055]
17,[0.48850333 0.0735974  0.55706667],0.5077561305001453,[0.0192528  0.43415873 0.04931054]
18,[0.95838604 0.74323724 0.94617728],0.49898821211034416,[0.45939783 0.24424903 0.44718907]
19,[0.67660093 0.94070039 0.05706917],0.5077561305001453,[0.1688448  0.43294426 0.45068696]
20,[0.31785722 0.4272218  0.49022029],0.5912443196439693,[0.2733871  0.16402252 0.10102403]
21,[0.67918783 0.9201753  0.61601722],0.5316780578717758,[0.14750977 0.38849724 0.08433916]
22,[0.80826105 0.15574289 0.50775613],0.5589251817028948,[0.24933587 0.40318229 0.05116905]
23,[0.73969605 0.15141566 0.3197344 ],0.5570666692599315,[0.18262939 0.40565101 0.23733227]
24,[0.00807484 0.89936219 0.77058249],0.490220293720543,[0.48214546 0.40914189 0.2803622 ]
25,[0.48062141 0.90806385 0.24507809],0.5570666692599315,[0.07644526 0.35099718 0.31198858]
26,[0.54045012 0.42899588 0.38612685],0.5672142362109345,[0.02676412 0.13821836 0.18108738]
27,[0.23136319 0.27641629 0.76532786],0.5570666692599315,[0.32570348 0.28065038 0.20826119]
28,[0.75020052 0.78949511 0.88762229],0.4581053790221359,[0.29209514 0.33138973 0.42951691]
29,[0.72435339 0.25055741 0.36405624],0.5570666692599315,[0.16728673 0.30650926 0.19301043]
30,[0.31010627 0.86238134 0.26904597],0.5316780578717758,[0.22157178 0.33070328 0.26263209]
31,[0.19356141 0.69789004 0.82113018],0.5570666692599315,[0.36350526 0.14082337 0.26406351]
32,[0.20857201 0.3154626  0.84523114],0.5316780578717758,[0.32310604 0.21621546 0.31355308]
33,[0.1655555  0.76994099 0.10124862],0.5292901282660664,[0.36373462 0.24065087 0.4280415 ]
34,[0.6459849  0.40710186 0.19890428],0.5404501184609484,[0.10553478 0.13334826 0.34154584]
35,[0.38101723 0.31823618 0.42936186],0.5292901282660664,[0.1482729  0.21105395 0.09992827]
36,[0.97861604 0.97801077 0.77906715],0.49898821211034416,[0.47962783 0.47902256 0.28007894]
37,[0.82716694 0.04250998 0.94255944],0.5404501184609484,[0.28671682 0.49794014 0.40210932]
38,[0.83904757 0.75702595 0.85576404],0.5292901282660664,[0.30975744 0.22773582 0.32647391]
39,[0.13832797 0.15025311 0.30113595],0.5316780578717758,[0.39335009 0.38142495 0.23054211]
40,[0.65705234 0.56902594 0.32271469],0.5077561305001453,[0.14929621 0.06126981 0.18504144]
41,[0.67778531 0.2847178  0.87989737],0.5570666692599315,[0.12071864 0.27234887 0.32283071]
42,[0.32737059 0.70291086 0.78666214],0.5316780578717758,[0.20430747 0.1712328  0.25498408]
43,[0.20422928 0.73896064 0.41076635],0.5404501184609484,[0.33622084 0.19851052 0.12968377]
44,[0.49789868 0.51288333 0.13716161],0.5912443196439693,[0.09334564 0.07836099 0.4540827 ]
45,[0.52975125 0.94404951 0.85945424],0.5589251817028948,[0.02917393 0.38512433 0.30052906]
46,[0.68885958 0.09620194 0.39709319],0.5316780578717758,[0.15718152 0.43547612 0.13458487]
47,[0.42027184 0.43457882 0.72996341],0.5570666692599315,[0.13679483 0.12248785 0.17289674]
48,[0.90465276 0.29508197 0.99822268],0.5077561305001453,[0.39689663 0.21267416 0.49046655]
49,[0.60725282 0.8083854  0.80458573],0.5589251817028948,[0.04832763 0.24946022 0.24566055]
50,[0.35466774 0.89945971 0.53899843],0.5570666692599315,[0.20239893 0.34239304 0.01806823]
51,[0.18629564 0.9947584  0.02678733],0.5316780578717758,[0.34538242 0.46308034 0.50489073]
52,[0.08882863 0.61451071 0.14353232],0.5404501184609484,[0.45162149 0.0740606  0.3969178 ]
53,[0.29077864 0.08869802 0.32093514],0.5570666692599315,[0.26628803 0.46836865 0.23613153]
54,[0.50782886 0.11855655 0.58855173],0.5912443196439693,[0.08341546 0.47268777 0.00269259]
55,[0.67743288 0.48879939 0.02369997],0.5404501184609484,[0.13698276 0.05165073 0.51675014]
56,[0.73136735 0.1573234  0.30310928],0.5292901282660664,[0.20207722 0.37196673 0.22618085]
57,[0.99729926 0.6775345  0.8790734 ],0.5404501184609484,[0.45684914 0.13708438 0.33862328]
58,[0.74001168 0.25166911 0.80622787],0.5404501184609484,[0.19956157 0.28878101 0.26577775]
59,[0.87063782 0.6131813  0.57339074],0.490220293720543,[0.38041753 0.12296101 0.08317045]
60,[0.298888   0.26412352 0.3178687 ],0.5404501184609484,[0.24156212 0.2763266  0.22258142]
61,[0.1749776  0.10562082 0.35022274],0.5570666692599315,[0.38208907 0.45144585 0.20684393]
62,[0.44231448 0.23342372 0.82462062],0.48850333155321857,[0.04618885 0.25507961 0.33611729]
63,[0.35306062 0.51150741 0.67392832],0.5292901282660664,[0.17622951 0.01778271 0.14463819]
64,[0.78214897 0.84031846 0.90672978],0.5292901282660664,[0.25285885 0.31102833 0.37743965]
65,[0.50380627 0.71483394 0.04444582],0.5570666692599315,[0.0532604  0.15776727 0.51262085]
66,[0.97658837 0.20668744 0.36278241],0.5185231293831059,[0.45806524 0.31183568 0.15574072]
67,[0.74793198 0.31473684 0.41698965],0.5589251817028948,[0.1890068  0.24418834 0.14193553]
68,[0.16988784 0.44478023 0.77183695],0.5570666692599315,[0.38717883 0.11228644 0.21477028]
69,[0.67482344 0.42380683 0.95776955],0.5316780578717758,[0.14314538 0.10787123 0.42609149]
70,[0.82753463 0.62968159 0.31775858],0.48850333155321857,[0.3390313  0.14117826 0.17074475]
71,[0.77829047 0.50959172 0.40315155],0.5672142362109345,[0.21107624 0.05762252 0.16406269]
72,[0.41473539 0.31586964 0.37732523],0.5672142362109345,[0.15247884 0.2513446  0.189889  ]
73,[0.18812149 0.525641   0.0861507 ],0.5404501184609484,[0.35232862 0.01480912 0.45429942]
74,[0.43931783 0.91663798 0.17089006],0.5404501184609484,[0.10113229 0.37618787 0.36956005]
75,[0.64977599 0.58410553 0.1402656 ],0.5404501184609484,[0.10932587 0.04365541 0.40018451]
76,[0.16608543 0.95943253 0.68006662],0.5672142362109345,[0.40112881 0.39221829 0.11285238]
77,[0.83248651 0.43238585 0.2689349 ],0.48850333155321857,[0.34398318 0.05611748 0.21956843]
78,[0.27820416 0.48681397 0.94348612],0.5316780578717758,[0.2534739  0.04486409 0.41180806]
79,[0.50586133 0.60631663 0.84518573],0.5589251817028948,[0.05306385 0.04739145 0.28626055]
80,[0.05528577 0.31206373 0.02594106],0.5672142362109345,[0.51192846 0.25515051 0.54127317]
81,[0.30952522 0.25735484 0.19826097],0.5672142362109345,[0.25768902 0.3098594  0.36895327]
82,[0.41776879 0.59886958 0.4737042 ],0.5292901282660664,[0.11152134 0.06957946 0.05558593]
83,[0.21362216 0.17479444 0.59784463],0.5487583938604399,[0.33513623 0.37396395 0.04908624]
84,[0.8814734  0.54098748 0.53498069],0.48850333155321857,[0.39297007 0.05248415 0.04647736]
85,[0.79190582 0.86315866 0.01891623],0.5912443196439693,[0.20066151 0.27191434 0.57232809]
86,[0.78879549 0.33535052 0.67162199],0.5077561305001453,[0.28103936 0.17240561 0.16386586]
87,[0.71534646 0.31666731 0.67001599],0.5404501184609484,[0.17489635 0.22378281 0.12956587]
88,[0.0650979  0.58682233 0.26102438],0.5404501184609484,[0.47535222 0.04637222 0.27942573]
89,[0.21970378 0.83114774 0.28238436],0.5570666692599315,[0.33736289 0.27408107 0.2746823 ]
90,[0.34388758 0.55305329 0.03914967],0.5292901282660664,[0.18540255 0.02376316 0.49014046]
91,[0.19848514 0.18612327 0.7717521 ],0.6160172151362873,[0.41753208 0.42989394 0.15573488]
92,[0.64854957 0.51517355 0.96841655],0.5304840930689211,[0.11806547 0.01531054 0.43793246]
93,[0.48660796 0.43461043 0.94177812],0.5589251817028948,[0.07231722 0.12431475 0.38285294]
94,[0.78875135 0.26770813 0.87405154],0.490220293720543,[0.29853105 0.22251217 0.38383125]
95,[0.92349998 0.43564661 0.26839584],0.6160172151362873,[0.30748276 0.1803706  0.34762138]
96,[0.25456686 0.51888534 0.4962636 ],0.5589251817028948,[0.30435832 0.04003984 0.06266158]
97,[0.07516965 0.86754163 0.54585707],0.5316780578717758,[0.45650841 0.33586357 0.01417901]
98,[0.44497714 0.54177552 0.76964247],0.5589251817028948,[0.11394804 0.01714966 0.21071729]
99,[0.39736072 0.70701104 0.85183217],0.5316780578717758,[0.13431734 0.17533298 0.32015412]
