,0,1,2
0,[0.78245155 0.27060549 0.30804778],0.6459849002524791,[0.13646665 0.37537941 0.33793712]
1,[0.56721424 0.81058907 0.80946141],0.5404501184609484,[0.02676412 0.27013895 0.26901129]
2,[0.86155842 0.7046432  0.63972624],0.6160172151362873,[0.24554121 0.08862599 0.02370902]
3,[0.03769561 0.69905556 0.59124432],0.5404501184609484,[0.50275451 0.15860544 0.0507942 ]
4,[0.45810538 0.3062904  0.89015472],0.46667837483139163,[0.008573   0.16038797 0.42347634]
5,[0.91777507 0.10573122 0.64669653],0.5197170941859606,[0.39805797 0.41398587 0.12697944]
6,[0.55892518 0.92290958 0.78087898],0.42722180329907034,[0.13170338 0.49568778 0.35365718]
7,[0.02989991 0.53167806 0.8924173 ],0.4845623700865687,[0.45466246 0.04711569 0.40785493]
8,[0.30726761 0.80272285 0.7855811 ],0.6459849002524791,[0.33871729 0.15673795 0.1395962 ]
9,[0.26434587 0.25584368 0.17328163],0.5874711984195911,[0.32312533 0.33162752 0.41418956]
10,[0.52929013 0.77398042 0.31261241],0.5672142362109345,[0.03792411 0.20676618 0.25460183]
11,[0.21047141 0.4276688  0.19485571],0.5404501184609484,[0.32997871 0.11278132 0.34559441]
12,[0.29557442 0.46667837 0.96711586],0.4581053790221359,[0.16253096 0.008573   0.50901048]
13,[0.96368057 0.39843427 0.1713757 ],0.5097552109933047,[0.45392536 0.11132094 0.33837951]
14,[0.40324208 0.08565206 0.6979457 ],0.46667837483139163,[0.06343629 0.38102631 0.23126733]
15,[0.17049021 0.08251576 0.68981835],0.7012666198358344,[0.53077641 0.61875086 0.01144827]
16,[0.70529541 0.85587285 0.78694478],0.42899587547754414,[0.27629954 0.42687698 0.35794891]
17,[0.48850333 0.0735974  0.55706667],0.7205914729825205,[0.23208814 0.64699407 0.1635248 ]
18,[0.95838604 0.74323724 0.94617728],0.5304840930689211,[0.42790195 0.21275315 0.41569319]
19,[0.67660093 0.94070039 0.05706917],0.5292901282660664,[0.1473108  0.41141026 0.47222096]
20,[0.31785722 0.4272218  0.49022029],0.4992777487415421,[0.18142053 0.07205595 0.00905746]
21,[0.67918783 0.9201753  0.61601722],0.6581635847262504,[0.02102424 0.26201171 0.04214637]
22,[0.80826105 0.15574289 0.50775613],0.48062140861991887,[0.32763964 0.32487852 0.02713472]
23,[0.73969605 0.15141566 0.3197344 ],0.6160172151362873,[0.12367884 0.46460156 0.29628282]
24,[0.00807484 0.89936219 0.77058249],0.6778943790508383,[0.66981954 0.22146781 0.09268811]
25,[0.48062141 0.90806385 0.24507809],0.5672142362109345,[0.08659283 0.34084961 0.32213615]
26,[0.54045012 0.42899588 0.38612685],0.6778943790508383,[0.13744426 0.2488985  0.29176753]
27,[0.23136319 0.27641629 0.76532786],0.6570523365555065,[0.42568915 0.38063605 0.10827552]
28,[0.75020052 0.78949511 0.88762229],0.5912443196439693,[0.1589562  0.19825079 0.29637797]
29,[0.72435339 0.25055741 0.36405624],0.5630697089569147,[0.16128369 0.3125123  0.19901347]
30,[0.31010627 0.86238134 0.26904597],0.5316780578717758,[0.22157178 0.33070328 0.26263209]
31,[0.19356141 0.69789004 0.82113018],0.5672142362109345,[0.37365282 0.1306758  0.25391594]
32,[0.20857201 0.3154626  0.84523114],0.48850333155321857,[0.27993132 0.17304073 0.35672781]
33,[0.1655555  0.76994099 0.10124862],0.6160172151362873,[0.45046171 0.15392378 0.51476859]
34,[0.6459849  0.40710186 0.19890428],0.6898183470176383,[0.04383345 0.28271649 0.49091407]
35,[0.38101723 0.31823618 0.42936186],0.5690259423045098,[0.18800871 0.25078976 0.13966408]
36,[0.97861604 0.97801077 0.77906715],0.4032420803339116,[0.57537396 0.57476869 0.37582507]
37,[0.82716694 0.04250998 0.94255944],0.48850333155321857,[0.33866361 0.44599335 0.45405611]
38,[0.83904757 0.75702595 0.85576404],0.48062140861991887,[0.35842616 0.27640454 0.37514263]
39,[0.13832797 0.15025311 0.30113595],0.5316780578717758,[0.39335009 0.38142495 0.23054211]
40,[0.65705234 0.56902594 0.32271469],0.5077561305001453,[0.14929621 0.06126981 0.18504144]
41,[0.67778531 0.2847178  0.87989737],0.6898183470176383,[0.01203304 0.40510054 0.19007903]
42,[0.32737059 0.70291086 0.78666214],0.6397262387873943,[0.31235565 0.06318462 0.1469359 ]
43,[0.20422928 0.73896064 0.41076635],0.48062140861991887,[0.27639213 0.25833923 0.06985506]
44,[0.49789868 0.51288333 0.13716161],0.5579959254814132,[0.06009725 0.04511259 0.42083431]
45,[0.52975125 0.94404951 0.85945424],0.428332335862574,[0.10141892 0.51571717 0.43112191]
46,[0.68885958 0.09620194 0.39709319],0.6979457026272352,[0.00908612 0.60174376 0.30085252]
47,[0.42027184 0.43457882 0.72996341],0.48062140861991887,[0.06034957 0.04604259 0.249342  ]
48,[0.90465276 0.29508197 0.99822268],0.5077561305001453,[0.39689663 0.21267416 0.49046655]
49,[0.60725282 0.8083854  0.80458573],0.5912443196439693,[0.0160085  0.21714108 0.21334141]
50,[0.35466774 0.89945971 0.53899843],0.46667837483139163,[0.11201063 0.43278133 0.07232006]
51,[0.18629564 0.9947584  0.02678733],0.5589251817028948,[0.37262955 0.43583322 0.53213786]
52,[0.08882863 0.61451071 0.14353232],0.6278717269618408,[0.5390431  0.01336101 0.4843394 ]
53,[0.29077864 0.08869802 0.32093514],0.5482521822385005,[0.25747354 0.45955416 0.22731705]
54,[0.50782886 0.11855655 0.58855173],0.6160172151362873,[0.10818835 0.49746066 0.02746549]
55,[0.67743288 0.48879939 0.02369997],0.490220293720543,[0.18721258 0.0014209  0.46652032]
56,[0.73136735 0.1573234  0.30310928],0.6466965297991201,[0.08467082 0.48937313 0.34358725]
57,[0.99729926 0.6775345  0.8790734 ],0.5912443196439693,[0.40605494 0.08629018 0.28782908]
58,[0.74001168 0.25166911 0.80622787],0.5570666692599315,[0.18294501 0.30539756 0.2491612 ]
59,[0.87063782 0.6131813  0.57339074],0.6278717269618408,[0.2427661  0.01469042 0.05448099]
60,[0.298888   0.26412352 0.3178687 ],0.6723211162131777,[0.37343311 0.40819759 0.35445242]
61,[0.1749776  0.10562082 0.35022274],0.5185231293831059,[0.34354553 0.41290231 0.16830039]
62,[0.44231448 0.23342372 0.82462062],0.6278717269618408,[0.18555724 0.39444801 0.1967489 ]
63,[0.35306062 0.51150741 0.67392832],0.6160172151362873,[0.2629566 0.1045098 0.0579111]
64,[0.78214897 0.84031846 0.90672978],0.5589251817028948,[0.22322379 0.28139328 0.3478046 ]
65,[0.50380627 0.71483394 0.04444582],0.5404501184609484,[0.03664385 0.17438382 0.49600429]
66,[0.97658837 0.20668744 0.36278241],0.5292901282660664,[0.44729825 0.32260268 0.16650771]
67,[0.74793198 0.31473684 0.41698965],0.44355062724984,[0.30438136 0.12881378 0.02656098]
68,[0.16988784 0.44478023 0.77183695],0.5185231293831059,[0.34863529 0.0737429  0.25331382]
69,[0.67482344 0.42380683 0.95776955],0.5630697089569147,[0.11175373 0.13926288 0.39469984]
70,[0.82753463 0.62968159 0.31775858],0.6397262387873943,[0.18780839 0.01004465 0.32196766]
71,[0.77829047 0.50959172 0.40315155],0.4276687962476039,[0.35062168 0.08192292 0.02451725]
72,[0.41473539 0.31586964 0.37732523],0.5077561305001453,[0.09302074 0.1918865  0.1304309 ]
73,[0.18812149 0.525641   0.0861507 ],0.5404501184609484,[0.35232862 0.01480912 0.45429942]
74,[0.43931783 0.91663798 0.17089006],0.6278717269618408,[0.1885539  0.28876626 0.45698166]
75,[0.64977599 0.58410553 0.1402656 ],0.5589251817028948,[0.09085081 0.02518035 0.41865958]
76,[0.16608543 0.95943253 0.68006662],0.5316780578717758,[0.36559263 0.42775447 0.14838856]
77,[0.83248651 0.43238585 0.2689349 ],0.5077561305001453,[0.32473038 0.07537028 0.23882123]
78,[0.27820416 0.48681397 0.94348612],0.490220293720543,[0.21201614 0.00340632 0.45326583]
79,[0.50586133 0.60631663 0.84518573],0.5570666692599315,[0.05120534 0.04924996 0.28811906]
80,[0.05528577 0.31206373 0.02594106],0.4581053790221359,[0.40281961 0.14604165 0.43216431]
81,[0.30952522 0.25735484 0.19826097],0.5097552109933047,[0.20022999 0.25240038 0.31149424]
82,[0.41776879 0.59886958 0.4737042 ],0.5316780578717758,[0.11390927 0.06719153 0.05797386]
83,[0.21362216 0.17479444 0.59784463],0.4274452997733371,[0.21382314 0.25265086 0.17039933]
84,[0.8814734  0.54098748 0.53498069],0.49898821211034416,[0.38248519 0.04199927 0.03599248]
85,[0.79190582 0.86315866 0.01891623],0.5077561305001453,[0.28414969 0.35540253 0.4888399 ]
86,[0.78879549 0.33535052 0.67162199],0.490220293720543,[0.2985752  0.15486977 0.18140169]
87,[0.71534646 0.31666731 0.67001599],0.4941887695600321,[0.2211577  0.17752146 0.17582722]
88,[0.0650979  0.58682233 0.26102438],0.48062140861991887,[0.41552351 0.10620093 0.21959703]
89,[0.21970378 0.83114774 0.28238436],0.48062140861991887,[0.26091763 0.35052633 0.19823704]
90,[0.34388758 0.55305329 0.03914967],0.5077561305001453,[0.16386855 0.04529716 0.46860646]
91,[0.19848514 0.18612327 0.7717521 ],0.5672142362109345,[0.3687291  0.38109097 0.20453786]
92,[0.64854957 0.51517355 0.96841655],0.5292901282660664,[0.11925944 0.01411657 0.43912642]
93,[0.48660796 0.43461043 0.94177812],0.5348701233635074,[0.04826216 0.10025969 0.406908  ]
94,[0.78875135 0.26770813 0.87405154],0.6466965297991201,[0.14205482 0.3789884  0.22735501]
95,[0.92349998 0.43564661 0.26839584],0.5912443196439693,[0.33225566 0.15559771 0.32284848]
96,[0.25456686 0.51888534 0.4962636 ],0.42899587547754414,[0.17442901 0.08988947 0.06726772]
97,[0.07516965 0.86754163 0.54585707],0.5316780578717758,[0.45650841 0.33586357 0.01417901]
98,[0.44497714 0.54177552 0.76964247],0.6979457026272352,[0.25296856 0.15617018 0.07169677]
99,[0.39736072 0.70701104 0.85183217],0.5077561305001453,[0.11039541 0.19925491 0.34407604]
