,0,1,2
0,[0.78245155 0.27060549 0.30804778],0.6186146099482241,[0.16383694 0.34800912 0.31056683]
1,[0.56721424 0.81058907 0.80946141],0.46667837483139163,[0.10053586 0.34391069 0.34278303]
2,[0.86155842 0.7046432  0.63972624],0.6160172151362873,[0.24554121 0.08862599 0.02370902]
3,[0.03769561 0.69905556 0.59124432],0.6397262387873943,[0.60203063 0.05932932 0.04848192]
4,[0.45810538 0.3062904  0.89015472],0.48850333155321857,[0.03039795 0.18221293 0.40165138]
5,[0.91777507 0.10573122 0.64669653],0.5589251817028948,[0.35884989 0.45319396 0.08777135]
6,[0.55892518 0.92290958 0.78087898],0.4276687962476039,[0.13125639 0.49524078 0.35321019]
7,[0.02989991 0.53167806 0.8924173 ],0.48850333155321857,[0.45860342 0.04317473 0.40391397]
8,[0.30726761 0.80272285 0.7855811 ],0.5077561305001453,[0.20048852 0.29496672 0.27782497]
9,[0.26434587 0.25584368 0.17328163],0.6459849002524791,[0.38163903 0.39014122 0.47270327]
10,[0.52929013 0.77398042 0.31261241],0.5077561305001453,[0.021534   0.26622429 0.19514372]
11,[0.21047141 0.4276688  0.19485571],0.5672142362109345,[0.35674282 0.13954544 0.37235852]
12,[0.29557442 0.46667837 0.96711586],0.5316780578717758,[0.23610363 0.06499968 0.4354378 ]
13,[0.96368057 0.39843427 0.1713757 ],0.490220293720543,[0.47346028 0.09178602 0.31884459]
14,[0.40324208 0.08565206 0.6979457 ],0.5672142362109345,[0.16397216 0.48156217 0.13073147]
15,[0.17049021 0.08251576 0.68981835],0.5792292779274519,[0.40873907 0.49671352 0.11058907]
16,[0.70529541 0.85587285 0.78694478],0.6160172151362873,[0.0892782  0.23985564 0.17092757]
17,[0.48850333 0.0735974  0.55706667],0.6466965297991201,[0.1581932  0.57309913 0.08962986]
18,[0.95838604 0.74323724 0.94617728],0.490220293720543,[0.46816575 0.25301695 0.45595699]
19,[0.67660093 0.94070039 0.05706917],0.5077561305001453,[0.1688448  0.43294426 0.45068696]
20,[0.31785722 0.4272218  0.49022029],0.5579959254814132,[0.2401387  0.13077412 0.06777563]
21,[0.67918783 0.9201753  0.61601722],0.5589251817028948,[0.12026265 0.36125011 0.05709203]
22,[0.80826105 0.15574289 0.50775613],0.5570666692599315,[0.25119438 0.40132378 0.04931054]
23,[0.73969605 0.15141566 0.3197344 ],0.5912443196439693,[0.14845173 0.43982866 0.27150992]
24,[0.00807484 0.89936219 0.77058249],0.490220293720543,[0.48214546 0.40914189 0.2803622 ]
25,[0.48062141 0.90806385 0.24507809],0.490220293720543,[0.00959889 0.41784355 0.2451422 ]
26,[0.54045012 0.42899588 0.38612685],0.6160172151362873,[0.0755671  0.18702134 0.22989036]
27,[0.23136319 0.27641629 0.76532786],0.5077561305001453,[0.27639294 0.23133984 0.25757173]
28,[0.75020052 0.78949511 0.88762229],0.6036307673901282,[0.14656976 0.18586434 0.28399152]
29,[0.72435339 0.25055741 0.36405624],0.5360640881663621,[0.18828931 0.28550668 0.17200785]
30,[0.31010627 0.86238134 0.26904597],0.5304840930689211,[0.22037782 0.33189724 0.26143813]
31,[0.19356141 0.69789004 0.82113018],0.5672142362109345,[0.37365282 0.1306758  0.25391594]
32,[0.20857201 0.3154626  0.84523114],0.490220293720543,[0.28164828 0.17475769 0.35501085]
33,[0.1655555  0.76994099 0.10124862],0.6160172151362873,[0.45046171 0.15392378 0.51476859]
34,[0.6459849  0.40710186 0.19890428],0.6766009306651063,[0.03061603 0.26949907 0.47769665]
35,[0.38101723 0.31823618 0.42936186],0.5496876500819217,[0.16867042 0.23145147 0.12032579]
36,[0.97861604 0.97801077 0.77906715],0.4437336207970528,[0.53488242 0.53427715 0.33533353]
37,[0.82716694 0.04250998 0.94255944],0.5292901282660664,[0.29787681 0.48678015 0.41326931]
38,[0.83904757 0.75702595 0.85576404],0.4845623700865687,[0.3544852  0.27246358 0.37120167]
39,[0.13832797 0.15025311 0.30113595],0.5077561305001453,[0.36942816 0.35750302 0.20662018]
40,[0.65705234 0.56902594 0.32271469],0.575084750673432,[0.08196759 0.00605881 0.25237006]
41,[0.67778531 0.2847178  0.87989737],0.5153352060907457,[0.1624501  0.2306174  0.36456217]
42,[0.32737059 0.70291086 0.78666214],0.6397262387873943,[0.31235565 0.06318462 0.1469359 ]
43,[0.20422928 0.73896064 0.41076635],0.5077561305001453,[0.30352686 0.23120451 0.09698978]
44,[0.49789868 0.51288333 0.13716161],0.5570666692599315,[0.05916799 0.04418334 0.41990505]
45,[0.52975125 0.94404951 0.85945424],0.490220293720543,[0.03953096 0.45382922 0.36923395]
46,[0.68885958 0.09620194 0.39709319],0.5912443196439693,[0.09761526 0.49504238 0.19415113]
47,[0.42027184 0.43457882 0.72996341],0.49898821211034416,[0.07871638 0.06440939 0.2309752 ]
48,[0.90465276 0.29508197 0.99822268],0.6036307673901282,[0.301022   0.3085488  0.39459191]
49,[0.60725282 0.8083854  0.80458573],0.5589251817028948,[0.04832763 0.24946022 0.24566055]
50,[0.35466774 0.89945971 0.53899843],0.49898821211034416,[0.14432047 0.40047149 0.04001022]
51,[0.18629564 0.9947584  0.02678733],0.490220293720543,[0.30392466 0.50453811 0.46343297]
52,[0.08882863 0.61451071 0.14353232],0.5404501184609484,[0.45162149 0.0740606  0.3969178 ]
53,[0.29077864 0.08869802 0.32093514],0.5077561305001453,[0.21697749 0.41905811 0.18682099]
54,[0.50782886 0.11855655 0.58855173],0.6397262387873943,[0.13189737 0.52116969 0.05117451]
55,[0.67743288 0.48879939 0.02369997],0.48850333155321857,[1.88929544e-01 2.96060768e-04 4.64803357e-01]
56,[0.73136735 0.1573234  0.30310928],0.6397262387873943,[0.09164111 0.48240284 0.33661696]
57,[0.99729926 0.6775345  0.8790734 ],0.5077561305001453,[0.48954313 0.16977837 0.37131727]
58,[0.74001168 0.25166911 0.80622787],0.4581053790221359,[0.2819063  0.20643627 0.34812249]
59,[0.87063782 0.6131813  0.57339074],0.5292901282660664,[0.3413477  0.08389118 0.04410061]
60,[0.298888   0.26412352 0.3178687 ],0.5570666692599315,[0.25817867 0.29294315 0.23919797]
61,[0.1749776  0.10562082 0.35022274],0.5912443196439693,[0.41626672 0.4856235  0.24102158]
62,[0.44231448 0.23342372 0.82462062],0.6278717269618408,[0.18555724 0.39444801 0.1967489 ]
63,[0.35306062 0.51150741 0.67392832],0.5088967299096425,[0.15583611 0.00261068 0.16503159]
64,[0.78214897 0.84031846 0.90672978],0.48062140861991887,[0.30152756 0.35969705 0.42610837]
65,[0.50380627 0.71483394 0.04444582],0.6278717269618408,[0.12406546 0.08696221 0.5834259 ]
66,[0.97658837 0.20668744 0.36278241],0.5292901282660664,[0.44729825 0.32260268 0.16650771]
67,[0.74793198 0.31473684 0.41698965],0.5360640881663621,[0.2118679  0.22132724 0.11907444]
68,[0.16988784 0.44478023 0.77183695],0.575084750673432,[0.40519691 0.13030452 0.1967522 ]
69,[0.67482344 0.42380683 0.95776955],0.5589251817028948,[0.11589825 0.13511835 0.39884436]
70,[0.82753463 0.62968159 0.31775858],0.5912443196439693,[0.23629031 0.03843727 0.27348574]
71,[0.77829047 0.50959172 0.40315155],0.5570666692599315,[0.22122381 0.04747495 0.15391512]
72,[0.41473539 0.31586964 0.37732523],0.5292901282660664,[0.11455474 0.21342049 0.1519649 ]
73,[0.18812149 0.525641   0.0861507 ],0.5404501184609484,[0.35232862 0.01480912 0.45429942]
74,[0.43931783 0.91663798 0.17089006],0.5672142362109345,[0.12789641 0.34942375 0.39632417]
75,[0.64977599 0.58410553 0.1402656 ],0.5077561305001453,[0.14201986 0.0763494  0.36749053]
76,[0.16608543 0.95943253 0.68006662],0.5404501184609484,[0.37436469 0.41898241 0.1396165 ]
77,[0.83248651 0.43238585 0.2689349 ],0.47364989172565525,[0.35883661 0.04126404 0.20471499]
78,[0.27820416 0.48681397 0.94348612],0.48850333155321857,[0.21029918 0.00168936 0.45498279]
79,[0.50586133 0.60631663 0.84518573],0.46667837483139163,[0.03918295 0.13963825 0.37850736]
80,[0.05528577 0.31206373 0.02594106],0.5404501184609484,[0.48516435 0.22838639 0.51450905]
81,[0.30952522 0.25735484 0.19826097],0.48850333155321857,[0.17897812 0.2311485  0.29024236]
82,[0.41776879 0.59886958 0.4737042 ],0.5304840930689211,[0.1127153  0.06838549 0.0567799 ]
83,[0.21362216 0.17479444 0.59784463],0.5077561305001453,[0.29413397 0.33296169 0.0900885 ]
84,[0.8814734  0.54098748 0.53498069],0.5404501184609484,[0.34102328 0.00053736 0.00546943]
85,[0.79190582 0.86315866 0.01891623],0.5487583938604399,[0.24314743 0.31440027 0.52984216]
86,[0.78879549 0.33535052 0.67162199],0.5404501184609484,[0.24834537 0.20509959 0.13117187]
87,[0.71534646 0.31666731 0.67001599],0.5292901282660664,[0.18605634 0.21262282 0.14072586]
88,[0.0650979  0.58682233 0.26102438],0.4854208511702309,[0.42032295 0.10140148 0.22439647]
89,[0.21970378 0.83114774 0.28238436],0.5292901282660664,[0.30958635 0.30185761 0.24690576]
90,[0.34388758 0.55305329 0.03914967],0.5589251817028948,[0.21503761 0.00587189 0.51977551]
91,[0.19848514 0.18612327 0.7717521 ],0.6397262387873943,[0.4412411  0.45360297 0.13202586]
92,[0.64854957 0.51517355 0.96841655],0.5292901282660664,[0.11925944 0.01411657 0.43912642]
93,[0.48660796 0.43461043 0.94177812],0.5304840930689211,[0.04387613 0.09587366 0.41129403]
94,[0.78875135 0.26770813 0.87405154],0.6160172151362873,[0.17273413 0.34830909 0.25803433]
95,[0.92349998 0.43564661 0.26839584],0.5316780578717758,[0.39182192 0.09603144 0.26328222]
96,[0.25456686 0.51888534 0.4962636 ],0.5672142362109345,[0.31264737 0.0483289  0.07095064]
97,[0.07516965 0.86754163 0.54585707],0.5304840930689211,[0.45531444 0.33705753 0.01537298]
98,[0.44497714 0.54177552 0.76964247],0.5077561305001453,[0.06277899 0.03401939 0.26188634]
99,[0.39736072 0.70701104 0.85183217],0.4775908531923051,[0.08023013 0.22942018 0.37424132]
