,0,1,2
0,[0.78245155 0.27060549 0.30804778],0.5912443196439693,[0.19120723 0.32063883 0.28319654]
1,[0.56721424 0.81058907 0.80946141],0.4581053790221359,[0.10910886 0.35248369 0.35135603]
2,[0.86155842 0.7046432  0.63972624],0.5589251817028948,[0.30263324 0.14571802 0.08080106]
3,[0.03769561 0.69905556 0.59124432],0.6397262387873943,[0.60203063 0.05932932 0.04848192]
4,[0.45810538 0.3062904  0.89015472],0.49898821211034416,[0.04088283 0.19269781 0.3911665 ]
5,[0.91777507 0.10573122 0.64669653],0.6160172151362873,[0.30175785 0.51028599 0.03067931]
6,[0.55892518 0.92290958 0.78087898],0.46667837483139163,[0.09224681 0.4562312  0.31420061]
7,[0.02989991 0.53167806 0.8924173 ],0.490220293720543,[0.46032038 0.04145776 0.40219701]
8,[0.30726761 0.80272285 0.7855811 ],0.5077561305001453,[0.20048852 0.29496672 0.27782497]
9,[0.26434587 0.25584368 0.17328163],0.6278717269618408,[0.36352586 0.37202805 0.45459009]
10,[0.52929013 0.77398042 0.31261241],0.6160172151362873,[0.08672709 0.1579632  0.3034048 ]
11,[0.21047141 0.4276688  0.19485571],0.5912443196439693,[0.38077291 0.16357552 0.39638861]
12,[0.29557442 0.46667837 0.96711586],0.5197170941859606,[0.22414267 0.05303872 0.44739877]
13,[0.96368057 0.39843427 0.1713757 ],0.490220293720543,[0.47346028 0.09178602 0.31884459]
14,[0.40324208 0.08565206 0.6979457 ],0.5672142362109345,[0.16397216 0.48156217 0.13073147]
15,[0.17049021 0.08251576 0.68981835],0.6160172151362873,[0.445527   0.53350146 0.07380113]
16,[0.70529541 0.85587285 0.78694478],0.48062140861991887,[0.22467401 0.37525145 0.30632337]
17,[0.48850333 0.0735974  0.55706667],0.6160172151362873,[0.12751388 0.54241981 0.05895055]
18,[0.95838604 0.74323724 0.94617728],0.407101857896781,[0.55128418 0.33613539 0.53907543]
19,[0.67660093 0.94070039 0.05706917],0.490220293720543,[0.18638064 0.4504801  0.43315112]
20,[0.31785722 0.4272218  0.49022029],0.5912443196439693,[0.2733871  0.16402252 0.10102403]
21,[0.67918783 0.9201753  0.61601722],0.5487583938604399,[0.13042943 0.3714169  0.06725882]
22,[0.80826105 0.15574289 0.50775613],0.5570666692599315,[0.25119438 0.40132378 0.04931054]
23,[0.73969605 0.15141566 0.3197344 ],0.5589251817028948,[0.18077087 0.40750952 0.23919078]
24,[0.00807484 0.89936219 0.77058249],0.490220293720543,[0.48214546 0.40914189 0.2803622 ]
25,[0.48062141 0.90806385 0.24507809],0.5672142362109345,[0.08659283 0.34084961 0.32213615]
26,[0.54045012 0.42899588 0.38612685],0.5441076549844805,[0.00365754 0.11511178 0.1579808 ]
27,[0.23136319 0.27641629 0.76532786],0.48850333155321857,[0.25714014 0.21208704 0.27682452]
28,[0.75020052 0.78949511 0.88762229],0.5404501184609484,[0.2097504  0.24904499 0.34717217]
29,[0.72435339 0.25055741 0.36405624],0.5404501184609484,[0.18390328 0.28989271 0.17639388]
30,[0.31010627 0.86238134 0.26904597],0.5292901282660664,[0.21918385 0.33309121 0.26024416]
31,[0.19356141 0.69789004 0.82113018],0.5672142362109345,[0.37365282 0.1306758  0.25391594]
32,[0.20857201 0.3154626  0.84523114],0.5077561305001453,[0.29918412 0.19229353 0.33747501]
33,[0.1655555  0.76994099 0.10124862],0.6160172151362873,[0.45046171 0.15392378 0.51476859]
34,[0.6459849  0.40710186 0.19890428],0.6036307673901282,[0.04235413 0.19652891 0.40472649]
35,[0.38101723 0.31823618 0.42936186],0.5360640881663621,[0.15504686 0.2178279  0.10670223]
36,[0.97861604 0.97801077 0.77906715],0.5185231293831059,[0.46009291 0.45948764 0.26054403]
37,[0.82716694 0.04250998 0.94255944],0.5404501184609484,[0.28671682 0.49794014 0.40210932]
38,[0.83904757 0.75702595 0.85576404],0.5993257102451446,[0.23972186 0.15770024 0.25643833]
39,[0.13832797 0.15025311 0.30113595],0.48850333155321857,[0.35017536 0.33825022 0.18736739]
40,[0.65705234 0.56902594 0.32271469],0.490220293720543,[0.16683204 0.07880565 0.1675056 ]
41,[0.67778531 0.2847178  0.87989737],0.4548086420487315,[0.22297667 0.17009084 0.42508873]
42,[0.32737059 0.70291086 0.78666214],0.6397262387873943,[0.31235565 0.06318462 0.1469359 ]
43,[0.20422928 0.73896064 0.41076635],0.48062140861991887,[0.27639213 0.25833923 0.06985506]
44,[0.49789868 0.51288333 0.13716161],0.490220293720543,[0.00767838 0.02266304 0.35305868]
45,[0.52975125 0.94404951 0.85945424],0.49898821211034416,[0.03076304 0.4450613  0.36046603]
46,[0.68885958 0.09620194 0.39709319],0.5292901282660664,[0.15956945 0.43308819 0.13219694]
47,[0.42027184 0.43457882 0.72996341],0.48850333155321857,[0.0682315  0.05392451 0.24146008]
48,[0.90465276 0.29508197 0.99822268],0.49898821211034416,[0.40566455 0.20390624 0.49923446]
49,[0.60725282 0.8083854  0.80458573],0.5570666692599315,[0.05018615 0.25131873 0.24751906]
50,[0.35466774 0.89945971 0.53899843],0.490220293720543,[0.13555255 0.40923941 0.04877814]
51,[0.18629564 0.9947584  0.02678733],0.490220293720543,[0.30392466 0.50453811 0.46343297]
52,[0.08882863 0.61451071 0.14353232],0.5672142362109345,[0.4783856  0.04729648 0.42368191]
53,[0.29077864 0.08869802 0.32093514],0.5185231293831059,[0.22774449 0.42982511 0.19758799]
54,[0.50782886 0.11855655 0.58855173],0.5630697089569147,[0.05524084 0.44451316 0.02548202]
55,[0.67743288 0.48879939 0.02369997],0.5570666692599315,[0.12036621 0.06826728 0.53336669]
56,[0.73136735 0.1573234  0.30310928],0.6397262387873943,[0.09164111 0.48240284 0.33661696]
57,[0.99729926 0.6775345  0.8790734 ],0.6397262387873943,[0.35757302 0.03780826 0.23934716]
58,[0.74001168 0.25166911 0.80622787],0.5316780578717758,[0.20833363 0.28000895 0.27454981]
59,[0.87063782 0.6131813  0.57339074],0.6160172151362873,[0.25462061 0.00283591 0.04262648]
60,[0.298888   0.26412352 0.3178687 ],0.5630697089569147,[0.26418171 0.29894619 0.24520101]
61,[0.1749776  0.10562082 0.35022274],0.5348701233635074,[0.35989253 0.42924931 0.18464738]
62,[0.44231448 0.23342372 0.82462062],0.5443723635658537,[0.10205788 0.31094864 0.28024826]
63,[0.35306062 0.51150741 0.67392832],0.5292901282660664,[0.17622951 0.01778271 0.14463819]
64,[0.78214897 0.84031846 0.90672978],0.5589251817028948,[0.22322379 0.28139328 0.3478046 ]
65,[0.50380627 0.71483394 0.04444582],0.5672142362109345,[0.06340797 0.1476197  0.52276841]
66,[0.97658837 0.20668744 0.36278241],0.5292901282660664,[0.44729825 0.32260268 0.16650771]
67,[0.74793198 0.31473684 0.41698965],0.5404501184609484,[0.20748187 0.22571328 0.12346047]
68,[0.16988784 0.44478023 0.77183695],0.48850333155321857,[0.31861549 0.0437231  0.28333362]
69,[0.67482344 0.42380683 0.95776955],0.4854208511702309,[0.18940259 0.06161402 0.4723487 ]
70,[0.82753463 0.62968159 0.31775858],0.5292901282660664,[0.2982445  0.10039146 0.21153155]
71,[0.77829047 0.50959172 0.40315155],0.5404501184609484,[0.23784036 0.0308584  0.13729857]
72,[0.41473539 0.31586964 0.37732523],0.46667837483139163,[0.05194298 0.15080874 0.08935314]
73,[0.18812149 0.525641   0.0861507 ],0.46667837483139163,[0.27855688 0.05896263 0.38052767]
74,[0.43931783 0.91663798 0.17089006],0.6160172151362873,[0.17669939 0.30062077 0.44512715]
75,[0.64977599 0.58410553 0.1402656 ],0.6397262387873943,[0.01004975 0.05562071 0.49946064]
76,[0.16608543 0.95943253 0.68006662],0.5404501184609484,[0.37436469 0.41898241 0.1396165 ]
77,[0.83248651 0.43238585 0.2689349 ],0.5077561305001453,[0.32473038 0.07537028 0.23882123]
78,[0.27820416 0.48681397 0.94348612],0.490220293720543,[0.21201614 0.00340632 0.45326583]
79,[0.50586133 0.60631663 0.84518573],0.46667837483139163,[0.03918295 0.13963825 0.37850736]
80,[0.05528577 0.31206373 0.02594106],0.5672142362109345,[0.51192846 0.25515051 0.54127317]
81,[0.30952522 0.25735484 0.19826097],0.490220293720543,[0.18069508 0.23286546 0.29195933]
82,[0.41776879 0.59886958 0.4737042 ],0.5487583938604399,[0.1309896  0.05011119 0.0750542 ]
83,[0.21362216 0.17479444 0.59784463],0.5077561305001453,[0.29413397 0.33296169 0.0900885 ]
84,[0.8814734  0.54098748 0.53498069],0.5404501184609484,[0.34102328 0.00053736 0.00546943]
85,[0.79190582 0.86315866 0.01891623],0.6466965297991201,[0.14520929 0.21646213 0.6277803 ]
86,[0.78879549 0.33535052 0.67162199],0.48062140861991887,[0.30817408 0.14527088 0.19100058]
87,[0.71534646 0.31666731 0.67001599],0.5292901282660664,[0.18605634 0.21262282 0.14072586]
88,[0.0650979  0.58682233 0.26102438],0.5077561305001453,[0.44265823 0.0790662  0.24673175]
89,[0.21970378 0.83114774 0.28238436],0.5292901282660664,[0.30958635 0.30185761 0.24690576]
90,[0.34388758 0.55305329 0.03914967],0.5589251817028948,[0.21503761 0.00587189 0.51977551]
91,[0.19848514 0.18612327 0.7717521 ],0.5292901282660664,[0.33080499 0.34316686 0.24246197]
92,[0.64854957 0.51517355 0.96841655],0.5292901282660664,[0.11925944 0.01411657 0.43912642]
93,[0.48660796 0.43461043 0.94177812],0.5077561305001453,[0.02114817 0.0731457  0.43402199]
94,[0.78875135 0.26770813 0.87405154],0.5912443196439693,[0.19750703 0.32353619 0.28280722]
95,[0.92349998 0.43564661 0.26839584],0.5316780578717758,[0.39182192 0.09603144 0.26328222]
96,[0.25456686 0.51888534 0.4962636 ],0.5912443196439693,[0.33667745 0.07235898 0.09498072]
97,[0.07516965 0.86754163 0.54585707],0.5912443196439693,[0.51607467 0.27629731 0.04538725]
98,[0.44497714 0.54177552 0.76964247],0.5316780578717758,[0.08670092 0.01009746 0.23796441]
99,[0.39736072 0.70701104 0.85183217],0.5077561305001453,[0.11039541 0.19925491 0.34407604]
