,0,1,2
0,[0.26873805],0.41698233020445563,0.14824427964716558
1,[0.24308588],0.41698233020445563,0.17389645096894624
2,[0.8735284],0.3920962987002439,0.4814321011545315
3,[0.6121904],0.38581049431073977,0.2263799100468048
4,[0.80073645],0.3920962987002439,0.40864015467490533
5,[0.07133935],0.4146762978503574,0.343336946789236
6,[0.34968413],0.40523933350034724,0.055555198502409975
7,[0.69685712],0.38581049431073977,0.3110466240699511
8,[0.43232329],0.39308291365465764,0.0392403775791742
9,[0.29379597],0.41418410299723213,0.12038813719654312
10,[0.39406953],0.4146762978503574,0.020606769241286016
11,[0.09965663],0.41369190814410683,0.3140352809648348
12,[0.35431796],0.41369190814410683,0.05937394544411967
13,[0.31692772],0.40946562082222704,0.09253790561975372
14,[0.05637581],0.41698233020445563,0.36060652378767666
15,[0.12636253],0.41369190814410683,0.28732938044014433
16,[0.98871427],0.38697934740774786,0.6017349208075213
17,[0.09997553],0.41369190814410683,0.313716377116245
18,[0.30983076],0.41418410299723213,0.10435334515456424
19,[0.35970238],0.41369190814410683,0.053989528630600025
20,[0.55399908],0.3920962987002439,0.16190277980242485
21,[0.56084448],0.3920962987002439,0.1687481824310958
22,[0.75218068],0.3940695286090714,0.3581111557365325
23,[0.34422113],0.41369190814410683,0.06947078085331959
24,[0.88784988],0.3901222496024999,0.49772763197506004
25,[0.52081419],0.3837055154845744,0.13710867950895095
26,[0.43723264],0.3940695286090714,0.04316311229284531
27,[0.46119377],0.39308291365465764,0.06811085213413315
28,[0.82675171],0.39472721736550004,0.43202449480797706
29,[0.09709896],0.41369190814410683,0.3165929468557038
30,[0.13106431],0.41369190814410683,0.28262760209413784
31,[0.73167964],0.38697934740774786,0.3447002889720927
32,[0.06754507],0.41369190814410683,0.34614684098962345
33,[0.97968651],0.38697934740774786,0.5927071626242302
34,[0.84040509],0.38814820050475596,0.45225689273453185
35,[0.77565995],0.3901222496024999,0.38553769835470325
36,[0.13669914],0.40523933350034724,0.26854018983177963
37,[0.3920963],0.40523933350034724,0.01314303480010337
38,[0.5249571],0.38814820050475596,0.1368089001262145
39,[0.22053593],0.4146762978503574,0.1941403728307617
40,[0.67049475],0.38581049431073977,0.2846842572229835
41,[0.49129941],0.3837055154845744,0.10759389109211132
42,[0.61599082],0.38814820050475596,0.22784261902235348
43,[0.18151779],0.43232329123383184,0.2508055010379546
44,[0.0989137],0.4158293140274065,0.3169156189816974
45,[0.76159562],0.39538490612192867,0.3662107147998115
46,[0.11811181],0.41698233020445563,0.29887051801221276
47,[0.29185808],0.4146762978503574,0.12281821792587955
48,[0.69813541],0.39308291365465764,0.30505250022294084
49,[0.16277186],0.40995781567535233,0.24718595314531294
50,[0.44748894],0.3940695286090714,0.053419415635022616
51,[0.23578748],0.41698233020445563,0.18119484859068802
52,[0.90575168],0.3920962987002439,0.5136553811563118
53,[0.59502807],0.38814820050475596,0.20687986528393154
54,[0.18852009],0.4146762978503574,0.22615621159595511
55,[0.35090076],0.4146762978503574,0.06377553703688588
56,[0.80831428],0.3920962987002439,0.41621798570518576
57,[0.2684121],0.41418410299723213,0.14577200743051616
58,[0.35156249],0.41698233020445563,0.0654198443337567
59,[0.14939642],0.41369190814410683,0.2642954842237495
60,[0.38581049],0.4146762978503574,0.02886580353961765
61,[0.67882094],0.3940695286090714,0.2847514064697687
62,[0.16459323],0.4146762978503574,0.2500830727624689
63,[0.12287868],0.41369190814410683,0.29081323222783295
64,[0.12500525],0.4146762978503574,0.28967104848297587
65,[0.41698233],0.38581049431073977,0.03117183589371586
66,[0.31380829],0.40946562082222704,0.09565732850543596
67,[0.9981126],0.38814820050475596,0.6099643955436262
68,[0.09835439],0.41369190814410683,0.3153375172639046
69,[0.23960425],0.4146762978503574,0.1750720483618997
70,[0.69316597],0.39538490612192867,0.2977810603207146
71,[0.4146763],0.39472721736550004,0.019949080484857384
72,[0.39538491],0.41369190814410683,0.018307002022178165
73,[0.33141861],0.41698233020445563,0.08556372091578124
74,[0.23301726],0.41418410299723213,0.18116683906856806
75,[0.38160054],0.4158293140274065,0.03422877736899754
76,[0.90151601],0.38814820050475596,0.5133678081229482
77,[0.02252487],0.4146762978503574,0.3921514277856034
78,[0.41369191],0.39538490612192867,0.018307002022178165
79,[0.99001408],0.3920962987002439,0.5979177801171749
80,[0.24764708],0.4158293140274065,0.1681822306694617
81,[0.47674556],0.3901222496024999,0.08662330752168329
82,[0.92422041],0.38814820050475596,0.5360722095258605
83,[0.30070394],0.41418410299723213,0.11348016681675471
84,[0.80781128],0.3920962987002439,0.4157149792383592
85,[0.3881482],0.41369190814410683,0.025543707639350877
86,[0.03111895],0.41369190814410683,0.3825729593495758
87,[0.7616885],0.39538490612192867,0.36630359615056995
88,[0.40523933],0.39538490612192867,0.009854427378418573
89,[0.65062573],0.3920962987002439,0.2585294312116324
90,[0.69449608],0.38814820050475596,0.30634787942582564
91,[0.91182341],0.38581049431073977,0.526012911095266
92,[0.55040456],0.38814820050475596,0.16225635611393885
93,[0.07440663],0.41418410299723213,0.3397774725960461
94,[0.7784974],0.3940695286090714,0.38442786954802033
95,[0.78355108],0.3901222496024999,0.3934288285250686
96,[0.92017782],0.38814820050475596,0.5320296215945175
97,[0.45530592],0.38814820050475596,0.06715771908670642
98,[0.02547382],0.40523933350034724,0.37976551590839813
99,[0.87234961],0.3940695286090714,0.4782800843955297
