,0,1,2
0,[0.26873805],0.41111083185240144,0.14237278129511138
1,[0.24308588],0.3920962987002439,0.14901041946473448
2,[0.8735284],0.39374060241108627,0.4797877974436891
3,[0.6121904],0.3920962987002439,0.2200941056573007
4,[0.80073645],0.39308291365465764,0.40765353972049156
5,[0.07133935],0.42465281071914374,0.3533134596580223
6,[0.34968413],0.3920962987002439,0.042412163702306604
7,[0.69685712],0.3597023795135068,0.33715473886718406
8,[0.43232329],0.3940695286090714,0.038253762624760435
9,[0.29379597],0.4055259294067635,0.11172996360607451
10,[0.39406953],0.40289410342217535,0.008824574813103947
11,[0.09965663],0.3940695286090714,0.29441290142979937
12,[0.35431796],0.39538490612192867,0.041066943421941504
13,[0.31692772],0.41369190814410683,0.09676419294163352
14,[0.05637581],0.41418410299723213,0.35780829658045316
15,[0.12636253],0.41369190814410683,0.28732938044014433
16,[0.98871427],0.41369190814410683,0.5750223600711624
17,[0.09997553],0.43059042619410043,0.3306148951662386
18,[0.30983076],0.40031211981113796,0.09048136196847006
19,[0.35970238],0.41111083185240144,0.05140845233889463
20,[0.55399908],0.4146762978503574,0.1393227806523113
21,[0.56084448],0.3706514580859579,0.19019302304538177
22,[0.75218068],0.3901222496024999,0.362058434743104
23,[0.34422113],0.4146762978503574,0.07045517055957018
24,[0.88784988],0.40453840713301775,0.4833114744445422
25,[0.52081419],0.38581049431073977,0.13500370068278555
26,[0.43723264],0.39866781610029556,0.038564824801621156
27,[0.46119377],0.35431796269998717,0.10687580308880362
28,[0.82675171],0.38814820050475596,0.43860351166872114
29,[0.09709896],0.41369190814410683,0.3165929468557038
30,[0.13106431],0.40523933350034724,0.27417502745037825
31,[0.73167964],0.3837055154845744,0.3479741208952662
32,[0.06754507],0.4038807183765891,0.33633565122210574
33,[0.97968651],0.38814820050475596,0.5915383095272221
34,[0.84040509],0.3502924479057044,0.4901126453335834
35,[0.77565995],0.38581049431073977,0.3898494536464634
36,[0.13669914],0.3920962987002439,0.25539715503167626
37,[0.3920963],0.40523933350034724,0.01314303480010337
38,[0.5249571],0.41698233020445563,0.10797477042651482
39,[0.22053593],0.42300759968896934,0.2024716746693736
40,[0.67049475],0.3920962987002439,0.2783984528334794
41,[0.49129941],0.34968413499793727,0.14161527157874843
42,[0.61599082],0.3955249139055435,0.22046590562156593
43,[0.18151779],0.4322356372242748,0.2507178470283976
44,[0.0989137],0.4146762978503574,0.3157626028046483
45,[0.76159562],0.3955249139055435,0.36607070701619665
46,[0.11811181],0.3920962987002439,0.273984486508001
47,[0.29185808],0.41698233020445563,0.12512425027997776
48,[0.69813541],0.39308291365465764,0.30505250022294084
49,[0.16277186],0.3940695286090714,0.23129766607903202
50,[0.44748894],0.3940695286090714,0.053419415635022616
51,[0.23578748],0.4146762978503574,0.1788888162365898
52,[0.90575168],0.38814820050475596,0.5176034793517997
53,[0.59502807],0.39538490612192867,0.19964315966675883
54,[0.18852009],0.3911088645569137,0.20258877830251137
55,[0.35090076],0.41369190814410683,0.06279114733063529
56,[0.80831428],0.3940695286090714,0.4142447557963582
57,[0.2684121],0.41418410299723213,0.14577200743051616
58,[0.35156249],0.39538490612192867,0.04382242025122973
59,[0.14939642],0.43232329123383184,0.2829268673134745
60,[0.38581049],0.4347779660678743,0.048967471757134506
61,[0.67882094],0.35090076081347155,0.32792017426536857
62,[0.16459323],0.447488944244094,0.2828957191562055
63,[0.12287868],0.3920962987002439,0.26921762278397
64,[0.12500525],0.4158293140274065,0.290824064660025
65,[0.41698233],0.39538490612192867,0.02159742408252696
66,[0.31380829],0.3940695286090714,0.08026123629228032
67,[0.9981126],0.38814820050475596,0.6099643955436262
68,[0.09835439],0.40523933350034724,0.306884942620145
69,[0.23960425],0.4347779660678743,0.19517371657941657
70,[0.69316597],0.3940695286090714,0.29909643783357187
71,[0.4146763],0.41369190814410683,0.000984389706250588
72,[0.39538491],0.40946562082222704,0.014080714700298369
73,[0.33141861],0.4372326409019167,0.10581403161324232
74,[0.23301726],0.43232329123383184,0.19930602730516778
75,[0.38160054],0.4347779660678743,0.05317742940946529
76,[0.90151601],0.38814820050475596,0.5133678081229482
77,[0.02252487],0.4347779660678743,0.41225309600312027
78,[0.41369191],0.40031211981113796,0.013379788332968878
79,[0.99001408],0.3901222496024999,0.5998918292149189
80,[0.24764708],0.4158293140274065,0.1681822306694617
81,[0.47674556],0.3940695286090714,0.0826760285151118
82,[0.92422041],0.3901222496024999,0.5340981604281165
83,[0.30070394],0.41698233020445563,0.11627839402397822
84,[0.80781128],0.3996544310547093,0.40815684688389375
85,[0.3881482],0.4043729132297144,0.016224712724958457
86,[0.03111895],0.41369190814410683,0.3825729593495758
87,[0.7616885],0.41369190814410683,0.3479965941283918
88,[0.40523933],0.39374060241108627,0.011498731089260972
89,[0.65062573],0.38581049431073977,0.2648152356011365
90,[0.69449608],0.41698233020445563,0.27751374972612597
91,[0.91182341],0.38581049431073977,0.526012911095266
92,[0.55040456],0.3597023795135068,0.190702177105188
93,[0.07440663],0.4146762978503574,0.3402696674491714
94,[0.7784974],0.3940695286090714,0.38442786954802033
95,[0.78355108],0.4146762978503574,0.3688747802772111
96,[0.92017782],0.3901222496024999,0.5300555724967735
97,[0.45530592],0.3837055154845744,0.071600404106888
98,[0.02547382],0.4038807183765891,0.37840690078464
99,[0.87234961],0.41369190814410683,0.4586577048604943
