,0,1,2
0,[0.26873805],0.41698233020445563,0.14824427964716558
1,[0.24308588],0.41369190814410683,0.17060602890859744
2,[0.8735284],0.39308291365465764,0.48044548620011773
3,[0.6121904],0.38814820050475596,0.2240422038527886
4,[0.80073645],0.3920962987002439,0.40864015467490533
5,[0.07133935],0.41369190814410683,0.3423525570829854
6,[0.34968413],0.41418410299723213,0.06449996799929486
7,[0.69685712],0.3940695286090714,0.30278758977161946
8,[0.43232329],0.39538490612192867,0.03693838511190317
9,[0.29379597],0.4146762978503574,0.12088033204966842
10,[0.39406953],0.4146762978503574,0.020606769241286016
11,[0.09965663],0.41369190814410683,0.3140352809648348
12,[0.35431796],0.41369190814410683,0.05937394544411967
13,[0.31692772],0.4146762978503574,0.09774858264788411
14,[0.05637581],0.41698233020445563,0.36060652378767666
15,[0.12636253],0.41369190814410683,0.28732938044014433
16,[0.98871427],0.3940695286090714,0.5946447396061978
17,[0.09997553],0.41369190814410683,0.313716377116245
18,[0.30983076],0.4146762978503574,0.10484554000768953
19,[0.35970238],0.41369190814410683,0.053989528630600025
20,[0.55399908],0.38814820050475596,0.16585087799791276
21,[0.56084448],0.3940695286090714,0.16677495252226826
22,[0.75218068],0.39472721736550004,0.3574534669801039
23,[0.34422113],0.4146762978503574,0.07045517055957018
24,[0.88784988],0.3940695286090714,0.49378035296848855
25,[0.52081419],0.38814820050475596,0.13266599448876937
26,[0.43723264],0.3940695286090714,0.04316311229284531
27,[0.46119377],0.3920962987002439,0.06909746708854692
28,[0.82675171],0.39308291365465764,0.43366879851881945
29,[0.09709896],0.41369190814410683,0.3165929468557038
30,[0.13106431],0.41369190814410683,0.28262760209413784
31,[0.73167964],0.3920962987002439,0.3395833376795967
32,[0.06754507],0.4146762978503574,0.34713123069587404
33,[0.97968651],0.38814820050475596,0.5915383095272221
34,[0.84040509],0.3920962987002439,0.44830879453904393
35,[0.77565995],0.38814820050475596,0.3875117474524472
36,[0.13669914],0.4146762978503574,0.2779771541817898
37,[0.3920963],0.40523933350034724,0.01314303480010337
38,[0.5249571],0.38814820050475596,0.1368089001262145
39,[0.22053593],0.41369190814410683,0.1931559831245111
40,[0.67049475],0.3920962987002439,0.2783984528334794
41,[0.49129941],0.3940695286090714,0.09722987796761429
42,[0.61599082],0.3901222496024999,0.22586856992460952
43,[0.18151779],0.4146762978503574,0.2331585076544802
44,[0.0989137],0.41369190814410683,0.3147782130983977
45,[0.76159562],0.3940695286090714,0.36752609231266875
46,[0.11811181],0.41698233020445563,0.29887051801221276
47,[0.29185808],0.4146762978503574,0.12281821792587955
48,[0.69813541],0.3940695286090714,0.30406588526852707
49,[0.16277186],0.4146762978503574,0.25190443532031803
50,[0.44748894],0.3920962987002439,0.05539264554385015
51,[0.23578748],0.4146762978503574,0.1788888162365898
52,[0.90575168],0.38814820050475596,0.5176034793517997
53,[0.59502807],0.3920962987002439,0.20293176708844363
54,[0.18852009],0.41369190814410683,0.22517182188970453
55,[0.35090076],0.4146762978503574,0.06377553703688588
56,[0.80831428],0.3920962987002439,0.41621798570518576
57,[0.2684121],0.4146762978503574,0.14626420228364145
58,[0.35156249],0.41369190814410683,0.0621294222734079
59,[0.14939642],0.41369190814410683,0.2642954842237495
60,[0.38581049],0.4146762978503574,0.02886580353961765
61,[0.67882094],0.38814820050475596,0.29067273457408416
62,[0.16459323],0.41369190814410683,0.2490986830562183
63,[0.12287868],0.41418410299723213,0.29130542708095825
64,[0.12500525],0.41418410299723213,0.2891788536298506
65,[0.41698233],0.3920962987002439,0.02488603150421176
66,[0.31380829],0.41369190814410683,0.09988361582731575
67,[0.9981126],0.3940695286090714,0.6040430674393108
68,[0.09835439],0.41369190814410683,0.3153375172639046
69,[0.23960425],0.41698233020445563,0.17737808071599792
70,[0.69316597],0.3940695286090714,0.29909643783357187
71,[0.4146763],0.3940695286090714,0.020606769241286016
72,[0.39538491],0.41369190814410683,0.018307002022178165
73,[0.33141861],0.4146762978503574,0.08325768856168303
74,[0.23301726],0.41369190814410683,0.18067464421544277
75,[0.38160054],0.4146762978503574,0.03307576119194844
76,[0.90151601],0.38581049431073977,0.5157055143169644
77,[0.02252487],0.4146762978503574,0.3921514277856034
78,[0.41369191],0.39538490612192867,0.018307002022178165
79,[0.99001408],0.3940695286090714,0.5959445502083474
80,[0.24764708],0.41698233020445563,0.1693352468465108
81,[0.47674556],0.3920962987002439,0.08464925842393933
82,[0.92422041],0.3920962987002439,0.5321241113303726
83,[0.30070394],0.41369190814410683,0.11298797196362942
84,[0.80781128],0.3920962987002439,0.4157149792383592
85,[0.3881482],0.41369190814410683,0.025543707639350877
86,[0.03111895],0.41369190814410683,0.3825729593495758
87,[0.7616885],0.39538490612192867,0.36630359615056995
88,[0.40523933],0.39472721736550004,0.010512116134847205
89,[0.65062573],0.3920962987002439,0.2585294312116324
90,[0.69449608],0.39308291365465764,0.30141316627592396
91,[0.91182341],0.38814820050475596,0.5236752049012499
92,[0.55040456],0.38814820050475596,0.16225635611393885
93,[0.07440663],0.41369190814410683,0.33928527774292083
94,[0.7784974],0.3920962987002439,0.38640109945684786
95,[0.78355108],0.3920962987002439,0.39145477942732465
96,[0.92017782],0.38814820050475596,0.5320296215945175
97,[0.45530592],0.3920962987002439,0.06320962089121851
98,[0.02547382],0.40523933350034724,0.37976551590839813
99,[0.87234961],0.3920962987002439,0.48025331430435725
