,0,1,2
0,[0.26873805],0.41698233020445563,0.14824427964716558
1,[0.24308588],0.3940695286090714,0.150983649373562
2,[0.8735284],0.39472721736550004,0.47880118248927533
3,[0.6121904],0.3920962987002439,0.2200941056573007
4,[0.80073645],0.3920962987002439,0.40864015467490533
5,[0.07133935],0.41698233020445563,0.3456429791433342
6,[0.34968413],0.3920962987002439,0.042412163702306604
7,[0.69685712],0.3837055154845744,0.3131516028961165
8,[0.43232329],0.3911088645569137,0.04121442667691816
9,[0.29379597],0.40946562082222704,0.11566965502153803
10,[0.39406953],0.41418410299723213,0.020114574388160722
11,[0.09965663],0.39472721736550004,0.295070590186228
12,[0.35431796],0.39538490612192867,0.041066943421941504
13,[0.31692772],0.41369190814410683,0.09676419294163352
14,[0.05637581],0.41369190814410683,0.35731610172732786
15,[0.12636253],0.41418410299723213,0.2878215752932696
16,[0.98871427],0.39472721736550004,0.5939870508497691
17,[0.09997553],0.4146762978503574,0.3147007668224956
18,[0.30983076],0.40523933350034724,0.09540857565767935
19,[0.35970238],0.40523933350034724,0.045536953986840434
20,[0.55399908],0.39472721736550004,0.15927186113716868
21,[0.56084448],0.3706514580859579,0.19019302304538177
22,[0.75218068],0.3901222496024999,0.362058434743104
23,[0.34422113],0.40503060198614305,0.0608094746953558
24,[0.88784988],0.40031211981113796,0.487537761766422
25,[0.52081419],0.38581049431073977,0.13500370068278555
26,[0.43723264],0.3996544310547093,0.03757820984720739
27,[0.46119377],0.35431796269998717,0.10687580308880362
28,[0.82675171],0.3940695286090714,0.4326821835644057
29,[0.09709896],0.41369190814410683,0.3165929468557038
30,[0.13106431],0.40946562082222704,0.27840131477225805
31,[0.73167964],0.38697934740774786,0.3447002889720927
32,[0.06754507],0.41369190814410683,0.34614684098962345
33,[0.97968651],0.38814820050475596,0.5915383095272221
34,[0.84040509],0.35090076081347155,0.48950433242581626
35,[0.77565995],0.38581049431073977,0.3898494536464634
36,[0.13669914],0.39374060241108627,0.25704145874251866
37,[0.3920963],0.3996544310547093,0.007558132354465452
38,[0.5249571],0.3889533965054918,0.13600370412547863
39,[0.22053593],0.41369190814410683,0.1931559831245111
40,[0.67049475],0.38684841767932643,0.28364633385439686
41,[0.49129941],0.381600536658409,0.10969886991827671
42,[0.61599082],0.38581049431073977,0.23018032521636966
43,[0.18151779],0.4158293140274065,0.2343115238315293
44,[0.0989137],0.41698233020445563,0.3180686351587465
45,[0.76159562],0.3996544310547093,0.36194118986703083
46,[0.11811181],0.3940695286090714,0.27595771641682854
47,[0.29185808],0.4146762978503574,0.12281821792587955
48,[0.69813541],0.3920962987002439,0.3060391151773546
49,[0.16277186],0.39472721736550004,0.23195535483546065
50,[0.44748894],0.3940695286090714,0.053419415635022616
51,[0.23578748],0.41698233020445563,0.18119484859068802
52,[0.90575168],0.3940695286090714,0.5116821512474843
53,[0.59502807],0.39374060241108627,0.20128746337760123
54,[0.18852009],0.3940695286090714,0.2055494423546691
55,[0.35090076],0.41369190814410683,0.06279114733063529
56,[0.80831428],0.39308291365465764,0.415231370750772
57,[0.2684121],0.41369190814410683,0.14527981257739087
58,[0.35156249],0.40523933350034724,0.053676847629648305
59,[0.14939642],0.42465281071914374,0.2752563867987864
60,[0.38581049],0.43232329123383184,0.04651279692309207
61,[0.67882094],0.38814820050475596,0.29067273457408416
62,[0.16459323],0.4372326409019167,0.2726394158140282
63,[0.12287868],0.39866781610029556,0.2757891401840217
64,[0.12500525],0.4146762978503574,0.28967104848297587
65,[0.41698233],0.39538490612192867,0.02159742408252696
66,[0.31380829],0.3940695286090714,0.08026123629228032
67,[0.9981126],0.38697934740774786,0.6111332486406343
68,[0.09835439],0.40523933350034724,0.306884942620145
69,[0.23960425],0.43232329123383184,0.19271904174537413
70,[0.69316597],0.3911088645569137,0.3020571018857296
71,[0.4146763],0.4038807183765891,0.010795579473768302
72,[0.39538491],0.40523933350034724,0.009854427378418573
73,[0.33141861],0.4347779660678743,0.10335935677919988
74,[0.23301726],0.4146762978503574,0.18165903392169336
75,[0.38160054],0.43232329123383184,0.05072275457542286
76,[0.90151601],0.38814820050475596,0.5133678081229482
77,[0.02252487],0.43232329123383184,0.40979842116907783
78,[0.41369191],0.40031211981113796,0.013379788332968878
79,[0.99001408],0.3901222496024999,0.5998918292149189
80,[0.24764708],0.4146762978503574,0.1670292144924126
81,[0.47674556],0.3911088645569137,0.08563669256726952
82,[0.92422041],0.38814820050475596,0.5360722095258605
83,[0.30070394],0.4146762978503574,0.11397236166988
84,[0.80781128],0.3920962987002439,0.4157149792383592
85,[0.3881482],0.39538490612192867,0.007236705617172712
86,[0.03111895],0.41369190814410683,0.3825729593495758
87,[0.7616885],0.40453840713301775,0.35715009513948087
88,[0.40523933],0.39374060241108627,0.011498731089260972
89,[0.65062573],0.38581049431073977,0.2648152356011365
90,[0.69449608],0.40523933350034724,0.28925674643023436
91,[0.91182341],0.3727564369121233,0.5390669684938825
92,[0.55040456],0.3837055154845744,0.16669904113412043
93,[0.07440663],0.41418410299723213,0.3397774725960461
94,[0.7784974],0.3940695286090714,0.38442786954802033
95,[0.78355108],0.4146762978503574,0.3688747802772111
96,[0.92017782],0.38814820050475596,0.5320296215945175
97,[0.45530592],0.38581049431073977,0.06949542528072261
98,[0.02547382],0.3940695286090714,0.3685957110171223
99,[0.87234961],0.39472721736550004,0.4776223956391011
