,0,1,2
0,[0.26873805],0.41698233020445563,0.14824427964716558
1,[0.24308588],0.4146762978503574,0.17159041861484803
2,[0.8735284],0.3920962987002439,0.4814321011545315
3,[0.6121904],0.3920962987002439,0.2200941056573007
4,[0.80073645],0.3920962987002439,0.40864015467490533
5,[0.07133935],0.41369190814410683,0.3423525570829854
6,[0.34968413],0.4146762978503574,0.06499216285242015
7,[0.69685712],0.3920962987002439,0.304760819680447
8,[0.43232329],0.39538490612192867,0.03693838511190317
9,[0.29379597],0.4146762978503574,0.12088033204966842
10,[0.39406953],0.4146762978503574,0.020606769241286016
11,[0.09965663],0.41369190814410683,0.3140352809648348
12,[0.35431796],0.4146762978503574,0.06035833515037026
13,[0.31692772],0.4146762978503574,0.09774858264788411
14,[0.05637581],0.4146762978503574,0.35830049143357845
15,[0.12636253],0.4146762978503574,0.2883137701463949
16,[0.98871427],0.3940695286090714,0.5946447396061978
17,[0.09997553],0.4146762978503574,0.3147007668224956
18,[0.30983076],0.4146762978503574,0.10484554000768953
19,[0.35970238],0.4146762978503574,0.05497391833685061
20,[0.55399908],0.3920962987002439,0.16190277980242485
21,[0.56084448],0.3920962987002439,0.1687481824310958
22,[0.75218068],0.3940695286090714,0.3581111557365325
23,[0.34422113],0.4146762978503574,0.07045517055957018
24,[0.88784988],0.3901222496024999,0.49772763197506004
25,[0.52081419],0.3940695286090714,0.12674466638445392
26,[0.43723264],0.3940695286090714,0.04316311229284531
27,[0.46119377],0.3920962987002439,0.06909746708854692
28,[0.82675171],0.3920962987002439,0.4346554134732332
29,[0.09709896],0.41369190814410683,0.3165929468557038
30,[0.13106431],0.4146762978503574,0.28361199180038843
31,[0.73167964],0.38814820050475596,0.3435314358750846
32,[0.06754507],0.4146762978503574,0.34713123069587404
33,[0.97968651],0.3920962987002439,0.5875902113317342
34,[0.84040509],0.3920962987002439,0.44830879453904393
35,[0.77565995],0.38581049431073977,0.3898494536464634
36,[0.13669914],0.4146762978503574,0.2779771541817898
37,[0.3920963],0.40523933350034724,0.01314303480010337
38,[0.5249571],0.38814820050475596,0.1368089001262145
39,[0.22053593],0.4146762978503574,0.1941403728307617
40,[0.67049475],0.38814820050475596,0.28234655102896733
41,[0.49129941],0.3940695286090714,0.09722987796761429
42,[0.61599082],0.3920962987002439,0.22389452082686556
43,[0.18151779],0.4146762978503574,0.2331585076544802
44,[0.0989137],0.41369190814410683,0.3147782130983977
45,[0.76159562],0.3920962987002439,0.3694993222214963
46,[0.11811181],0.4146762978503574,0.29656448565811455
47,[0.29185808],0.4146762978503574,0.12281821792587955
48,[0.69813541],0.3940695286090714,0.30406588526852707
49,[0.16277186],0.41698233020445563,0.25421046767441624
50,[0.44748894],0.3940695286090714,0.053419415635022616
51,[0.23578748],0.4146762978503574,0.1788888162365898
52,[0.90575168],0.38814820050475596,0.5176034793517997
53,[0.59502807],0.38814820050475596,0.20687986528393154
54,[0.18852009],0.4146762978503574,0.22615621159595511
55,[0.35090076],0.41369190814410683,0.06279114733063529
56,[0.80831428],0.38814820050475596,0.42016608390067367
57,[0.2684121],0.4146762978503574,0.14626420228364145
58,[0.35156249],0.4146762978503574,0.06311381197965849
59,[0.14939642],0.4146762978503574,0.2652798739300001
60,[0.38581049],0.41369190814410683,0.027881413833367064
61,[0.67882094],0.3920962987002439,0.28672463637859624
62,[0.16459323],0.4146762978503574,0.2500830727624689
63,[0.12287868],0.4146762978503574,0.29179762193408354
64,[0.12500525],0.41369190814410683,0.2886866587767253
65,[0.41698233],0.39472721736550004,0.022255112838955593
66,[0.31380829],0.4146762978503574,0.10086800553356634
67,[0.9981126],0.3920962987002439,0.6060162973481383
68,[0.09835439],0.41369190814410683,0.3153375172639046
69,[0.23960425],0.41369190814410683,0.17408765865564912
70,[0.69316597],0.3920962987002439,0.3010696677423994
71,[0.4146763],0.3940695286090714,0.020606769241286016
72,[0.39538491],0.41369190814410683,0.018307002022178165
73,[0.33141861],0.41369190814410683,0.08227329885543244
74,[0.23301726],0.4146762978503574,0.18165903392169336
75,[0.38160054],0.4146762978503574,0.03307576119194844
76,[0.90151601],0.38814820050475596,0.5133678081229482
77,[0.02252487],0.4146762978503574,0.3921514277856034
78,[0.41369191],0.39538490612192867,0.018307002022178165
79,[0.99001408],0.3920962987002439,0.5979177801171749
80,[0.24764708],0.43232329123383184,0.184676207875887
81,[0.47674556],0.3920962987002439,0.08464925842393933
82,[0.92422041],0.3920962987002439,0.5321241113303726
83,[0.30070394],0.41369190814410683,0.11298797196362942
84,[0.80781128],0.3920962987002439,0.4157149792383592
85,[0.3881482],0.41369190814410683,0.025543707639350877
86,[0.03111895],0.41369190814410683,0.3825729593495758
87,[0.7616885],0.3920962987002439,0.36959220357225475
88,[0.40523933],0.39538490612192867,0.009854427378418573
89,[0.65062573],0.3920962987002439,0.2585294312116324
90,[0.69449608],0.3920962987002439,0.3023997812303377
91,[0.91182341],0.3940695286090714,0.5177538767969344
92,[0.55040456],0.3920962987002439,0.15830825791845093
93,[0.07440663],0.4146762978503574,0.3402696674491714
94,[0.7784974],0.3920962987002439,0.38640109945684786
95,[0.78355108],0.3920962987002439,0.39145477942732465
96,[0.92017782],0.3920962987002439,0.5280815233990296
97,[0.45530592],0.3920962987002439,0.06320962089121851
98,[0.02547382],0.4146762978503574,0.3892024802584083
99,[0.87234961],0.3940695286090714,0.4782800843955297
