,0,1,2
0,[0.26873805],0.41698233020445563,0.14824427964716558
1,[0.24308588],0.41698233020445563,0.17389645096894624
2,[0.8735284],0.38581049431073977,0.4877179055440356
3,[0.6121904],0.38814820050475596,0.2240422038527886
4,[0.80073645],0.3940695286090714,0.4066669247660778
5,[0.07133935],0.41418410299723213,0.3428447519361107
6,[0.34968413],0.40523933350034724,0.055555198502409975
7,[0.69685712],0.3837055154845744,0.3131516028961165
8,[0.43232329],0.38814820050475596,0.04417509072907588
9,[0.29379597],0.41369190814410683,0.11989594234341783
10,[0.39406953],0.41369190814410683,0.019622379535035428
11,[0.09965663],0.41369190814410683,0.3140352809648348
12,[0.35431796],0.41369190814410683,0.05937394544411967
13,[0.31692772],0.40946562082222704,0.09253790561975372
14,[0.05637581],0.4146762978503574,0.35830049143357845
15,[0.12636253],0.41369190814410683,0.28732938044014433
16,[0.98871427],0.3920962987002439,0.5966179695150253
17,[0.09997553],0.40946562082222704,0.3094900897943652
18,[0.30983076],0.4146762978503574,0.10484554000768953
19,[0.35970238],0.40995781567535233,0.050255436161845524
20,[0.55399908],0.3940695286090714,0.1599295498935973
21,[0.56084448],0.3901222496024999,0.17072223152883975
22,[0.75218068],0.3940695286090714,0.3581111557365325
23,[0.34422113],0.41418410299723213,0.06996297570644489
24,[0.88784988],0.38814820050475596,0.499701681072804
25,[0.52081419],0.381600536658409,0.13921365833511634
26,[0.43723264],0.39308291365465764,0.044149727247259074
27,[0.46119377],0.38814820050475596,0.07304556528403483
28,[0.82675171],0.3940695286090714,0.4326821835644057
29,[0.09709896],0.41369190814410683,0.3165929468557038
30,[0.13106431],0.41369190814410683,0.28262760209413784
31,[0.73167964],0.3901222496024999,0.34155738677734065
32,[0.06754507],0.41369190814410683,0.34614684098962345
33,[0.97968651],0.38814820050475596,0.5915383095272221
34,[0.84040509],0.381600536658409,0.4588045565808788
35,[0.77565995],0.38814820050475596,0.3875117474524472
36,[0.13669914],0.40523933350034724,0.26854018983177963
37,[0.3920963],0.40523933350034724,0.01314303480010337
38,[0.5249571],0.3837055154845744,0.14125158514639607
39,[0.22053593],0.41698233020445563,0.1964464051848599
40,[0.67049475],0.38581049431073977,0.2846842572229835
41,[0.49129941],0.381600536658409,0.10969886991827671
42,[0.61599082],0.3911088645569137,0.22488195497019575
43,[0.18151779],0.447488944244094,0.2659711540482168
44,[0.0989137],0.41698233020445563,0.3180686351587465
45,[0.76159562],0.39538490612192867,0.3662107147998115
46,[0.11811181],0.41533711917428123,0.29722530698203836
47,[0.29185808],0.4146762978503574,0.12281821792587955
48,[0.69813541],0.3920962987002439,0.3060391151773546
49,[0.16277186],0.4158293140274065,0.25305745149736714
50,[0.44748894],0.39538490612192867,0.05210403812216535
51,[0.23578748],0.41698233020445563,0.18119484859068802
52,[0.90575168],0.39308291365465764,0.512668766201898
53,[0.59502807],0.3920962987002439,0.20293176708844363
54,[0.18852009],0.41369190814410683,0.22517182188970453
55,[0.35090076],0.4146762978503574,0.06377553703688588
56,[0.80831428],0.3920962987002439,0.41621798570518576
57,[0.2684121],0.41369190814410683,0.14527981257739087
58,[0.35156249],0.41369190814410683,0.0621294222734079
59,[0.14939642],0.4146762978503574,0.2652798739300001
60,[0.38581049],0.4146762978503574,0.02886580353961765
61,[0.67882094],0.3940695286090714,0.2847514064697687
62,[0.16459323],0.41698233020445563,0.2523891051165671
63,[0.12287868],0.40523933350034724,0.28236065758407336
64,[0.12500525],0.4146762978503574,0.28967104848297587
65,[0.41698233],0.3940695286090714,0.022912801595384225
66,[0.31380829],0.40946562082222704,0.09565732850543596
67,[0.9981126],0.3940695286090714,0.6040430674393108
68,[0.09835439],0.40523933350034724,0.306884942620145
69,[0.23960425],0.4158293140274065,0.17622506453894882
70,[0.69316597],0.39538490612192867,0.2977810603207146
71,[0.4146763],0.40031211981113796,0.014364178039219466
72,[0.39538491],0.40523933350034724,0.009854427378418573
73,[0.33141861],0.41698233020445563,0.08556372091578124
74,[0.23301726],0.41418410299723213,0.18116683906856806
75,[0.38160054],0.41698233020445563,0.03538179354604665
76,[0.90151601],0.38814820050475596,0.5133678081229482
77,[0.02252487],0.4146762978503574,0.3921514277856034
78,[0.41369191],0.39538490612192867,0.018307002022178165
79,[0.99001408],0.38697934740774786,0.6030347314096709
80,[0.24764708],0.4146762978503574,0.1670292144924126
81,[0.47674556],0.3901222496024999,0.08662330752168329
82,[0.92422041],0.3920962987002439,0.5321241113303726
83,[0.30070394],0.41369190814410683,0.11298797196362942
84,[0.80781128],0.3920962987002439,0.4157149792383592
85,[0.3881482],0.41369190814410683,0.025543707639350877
86,[0.03111895],0.41369190814410683,0.3825729593495758
87,[0.7616885],0.39538490612192867,0.36630359615056995
88,[0.40523933],0.39538490612192867,0.009854427378418573
89,[0.65062573],0.3940695286090714,0.2565562013028049
90,[0.69449608],0.38697934740774786,0.30751673252283374
91,[0.91182341],0.3597023795135068,0.552121025892499
92,[0.55040456],0.381600536658409,0.16880401996028582
93,[0.07440663],0.41418410299723213,0.3397774725960461
94,[0.7784974],0.3940695286090714,0.38442786954802033
95,[0.78355108],0.3920962987002439,0.39145477942732465
96,[0.92017782],0.38814820050475596,0.5320296215945175
97,[0.45530592],0.38814820050475596,0.06715771908670642
98,[0.02547382],0.40031211981113796,0.37483830221918885
99,[0.87234961],0.39308291365465764,0.4792666993499435
