,0,1,2
0,[0.46321166],0.5237667215495282,0.0605550595441704
1,[0.95122119],0.5526154496296662,0.3986057402715145
2,[0.55785696],0.47760416480360524,0.0802527908732521
3,[0.38829263],0.5605317444051026,0.17223911537086167
4,[0.735476],0.5177577407212883,0.21771825895551356
5,[0.36080871],0.5526154496296662,0.19180674032275669
6,[0.38164279],0.5420243661259848,0.1603815782058553
7,[0.87712673],0.4705976107787467,0.4065291226098417
8,[0.69168385],0.4705976107787467,0.22108623682420164
9,[0.17123635],0.48199723810133455,0.3107608845927713
10,[0.54195565],0.4632116620053578,0.078743986662831
11,[0.3288418],0.509787084983738,0.18094528849764546
12,[0.79810631],0.3841951099651909,0.4139111988120959
13,[0.14043815],0.5419556486681888,0.4015174994830576
14,[0.67198765],0.4239053657289571,0.24808228751967398
15,[0.32470882],0.549906302172523,0.22519748546339924
16,[0.9549764],0.4591979834561588,0.4957784200343208
17,[0.89208648],0.49349111531659184,0.398595362399751
18,[0.72971099],0.4877441767089632,0.2419668151442309
19,[0.76876599],0.44281129000978786,0.32595470211519734
20,[0.1610578],0.5942542102020035,0.43319640929331615
21,[0.72825628],0.4239053657289571,0.30435091589594987
22,[0.14435327],0.5419556486681888,0.3976023768816186
23,[0.54202437],0.543486627341438,0.001462261215453231
24,[0.95007933],0.4591979834561588,0.49088134449385734
25,[0.17426263],0.5328955438377565,0.35863291829448773
26,[0.81517662],0.4624644381479882,0.35271218205755617
27,[0.22590829],0.5164826875509666,0.2905744009078939
28,[0.49349112],0.5605317444051026,0.06704062908851072
29,[0.77828644],0.47760416480360524,0.3006822759365386
30,[0.35856701],0.5632065331333478,0.20463952211652126
31,[0.93889732],0.5177577407212883,0.42113957841620886
32,[0.0493193],0.5632065331333478,0.5138872337484176
33,[0.73700581],0.4239053657289571,0.31310044410805626
34,[0.07065437],0.5199270968890959,0.44927272704304344
35,[0.95459185],0.3841951099651909,0.5703967393897079
36,[0.83401525],0.5177577407212883,0.3162575096960196
37,[0.32062242],0.5605317444051026,0.23990932699079826
38,[0.35083873],0.551053154275817,0.2002144291819148
39,[0.76252801],0.35329698611925997,0.40923102023484736
40,[0.68225704],0.5526154496296662,0.12964159160574584
41,[0.59425421],0.3841951099651909,0.21005910023681262
42,[0.5987526],0.5177577407212883,0.08099485824583808
43,[0.56320653],0.5177577407212883,0.04544879241205946
44,[0.48199724],0.5396535269532292,0.057656288851894666
45,[0.13934888],0.509787084983738,0.37043820692666285
46,[0.20482798],0.5632065331333478,0.3583785483787899
47,[0.42390537],0.5164826875509666,0.0925773218220095
48,[0.95584475],0.4705976107787467,0.4852471409629437
49,[0.67979995],0.3841951099651909,0.29560483756301614
50,[0.45919798],0.538125724151669,0.07892774069551023
51,[0.38419511],0.5942542102020035,0.21005910023681262
52,[0.01351829],0.5328955438377565,0.5193772574948355
53,[0.16604354],0.4632116620053578,0.29716812093421574
54,[0.96716602],0.3841951099651909,0.58297091069145
55,[0.57480057],0.47760416480360524,0.09719640146763708
56,[0.31656399],0.549906302172523,0.233342308778964
57,[0.87633427],0.5328955438377565,0.3434387270972986
58,[0.20619404],0.5328955438377565,0.3267015036771582
59,[0.75240443],0.4632116620053578,0.2891927668303146
60,[0.34632132],0.48199723810133455,0.13567591494422349
61,[0.1342374],0.5526154496296662,0.4183780508989394
62,[0.08718281],0.5226018856173411,0.43541907739937147
63,[0.99995846],0.4877441767089632,0.5122142881346364
64,[0.63646626],0.35329698611925997,0.28316927705447703
65,[0.75193741],0.4239053657289571,0.3280320432970393
66,[0.06244963],0.5164826875509666,0.45403305632582325
67,[0.99722843],0.4632116620053578,0.5340167666844603
68,[0.22265211],0.48199723810133455,0.25934513261878767
69,[0.67481709],0.4705976107787467,0.2042194771951225
70,[0.81008288],0.3841951099651909,0.42588777145251433
71,[0.58903695],0.44281129000978786,0.14622565896713863
72,[0.62010907],0.4591979834561588,0.1609110869941408
73,[0.19894484],0.5942542102020035,0.39530937313463443
74,[0.03622118],0.4632116620053578,0.42699048129759065
75,[0.35329699],0.5942542102020035,0.24095722408274356
76,[0.9853377],0.44281129000978786,0.5425264091550039
77,[0.30904721],0.5632065331333478,0.25415932669883556
78,[0.15250109],0.4632116620053578,0.3107105692506136
79,[0.90819605],0.4624644381479882,0.44573160991950644
80,[0.01632221],0.549906302172523,0.5335840927617816
81,[0.33123972],0.5942542102020035,0.26301448750489487
82,[0.29012918],0.4632116620053578,0.17308247782866926
83,[0.46171721],0.5328955438377565,0.07117832954713788
84,[0.5917341],0.4624644381479882,0.12926966402675943
85,[0.34071016],0.551053154275817,0.21034299373631726
86,[0.85576271],0.3841951099651909,0.4715676001981435
87,[0.90153518],0.5419900073970868,0.35954516834306405
88,[0.47510842],0.5632065331333478,0.08809811370827192
89,[0.08565385],0.5942542102020035,0.5086003608620691
90,[0.65160043],0.49349111531659184,0.15810931899749747
91,[0.29085312],0.538125724151669,0.24727260254528904
92,[0.15912186],0.5328955438377565,0.37377368254487586
93,[0.04095748],0.5419556486681888,0.500998170556514
94,[0.73158296],0.4632116620053578,0.26837129564834616
95,[0.52376672],0.5026180140656713,0.021148707483856888
96,[0.72597136],0.4632116620053578,0.2627597013386994
97,[0.15412531],0.580979566050237,0.4268542542693915
98,[0.87256357],0.5328955438377565,0.33966802440803756
99,[0.00966517],0.47510841942507587,0.4654432478843258
