,0,1,2
0,[0.46321166],0.549940660901421,0.08672899889606323
1,[0.95122119],0.49349111531659184,0.4577300745845889
2,[0.55785696],0.47510841942507587,0.08274853625178147
3,[0.38829263],0.5578569556768573,0.16956432664261645
4,[0.735476],0.47510841942507587,0.260367580251726
5,[0.36080871],0.5748005662712423,0.21399185696433276
6,[0.38164279],0.549940660901421,0.1682978729812915
7,[0.87712673],0.4624644381479882,0.41466229524060016
8,[0.69168385],0.48199723810133455,0.20968660950161377
9,[0.17123635],0.5237667215495282,0.35253036804096494
10,[0.54195565],0.4877441767089632,0.0542114719592256
11,[0.3288418],0.549940660901421,0.22109886441532844
12,[0.79810631],0.4785528287632052,0.3195534800140816
13,[0.14043815],0.5578569556768573,0.41741880649172614
14,[0.67198765],0.47510841942507587,0.1968792338235552
15,[0.32470882],0.5420243661259848,0.21731554941686104
16,[0.9549764],0.4632116620053578,0.49176474148512184
17,[0.89208648],0.4617172142906186,0.43036926342572424
18,[0.72971099],0.47510841942507587,0.25460257242811823
19,[0.76876599],0.4632116620053578,0.3055543301196274
20,[0.1610578],0.5578569556768573,0.39679915476816996
21,[0.72825628],0.47510841942507587,0.2531478621998311
22,[0.14435327],0.5419556486681888,0.3976023768816186
23,[0.54202437],0.49349111531659184,0.04853325080939297
24,[0.95007933],0.48199723810133455,0.4680820898486816
25,[0.17426263],0.5605317444051026,0.3862691188618338
26,[0.81517662],0.47510841942507587,0.3400682007804685
27,[0.22590829],0.5632065331333478,0.33729824649027507
28,[0.49349112],0.5578569556768573,0.06436584036026549
29,[0.77828644],0.46916004071521683,0.30912640002492703
30,[0.35856701],0.5419556486681888,0.18338863765136226
31,[0.93889732],0.4785528287632052,0.460344490374292
32,[0.0493193],0.549940660901421,0.5006213615164908
33,[0.73700581],0.4632116620053578,0.27379414783165557
34,[0.07065437],0.5420243661259848,0.47136999627993237
35,[0.95459185],0.4617172142906186,0.4928746350642802
36,[0.83401525],0.47510841942507587,0.3589068309922321
37,[0.32062242],0.5578569556768573,0.23723453826255303
38,[0.35083873],0.5420243661259848,0.19118564103208258
39,[0.76252801],0.4632116620053578,0.29931634434874954
40,[0.68225704],0.49349111531659184,0.18876592591882024
41,[0.59425421],0.4617172142906186,0.1325369959113849
42,[0.5987526],0.48199723810133455,0.11675536086579186
43,[0.56320653],0.49349111531659184,0.06971541781675594
44,[0.48199724],0.5419556486681888,0.05995841056685425
45,[0.13934888],0.5420243661259848,0.4026754880689096
46,[0.20482798],0.5420243661259848,0.33719638137142693
47,[0.42390537],0.5578569556768573,0.13395158994790024
48,[0.95584475],0.4785528287632052,0.47729192297848516
49,[0.67979995],0.47510841942507587,0.20469152810313118
50,[0.45919798],0.549940660901421,0.09074267744526221
51,[0.38419511],0.5632065331333478,0.17901142316815688
52,[0.01351829],0.5420243661259848,0.5285060797830639
53,[0.16604354],0.5419556486681888,0.37591210759704674
54,[0.96716602],0.48199723810133455,0.4851687825553064
55,[0.57480057],0.49349111531659184,0.08130945095465048
56,[0.31656399],0.5420243661259848,0.2254603727324258
57,[0.87633427],0.49349111531659184,0.38284315561846327
58,[0.20619404],0.5420243661259848,0.33583032596538653
59,[0.75240443],0.4785528287632052,0.27385160007246717
60,[0.34632132],0.5420243661259848,0.19570304296887375
61,[0.1342374],0.5420243661259848,0.407786967395258
62,[0.08718281],0.5578569556768573,0.4706741474588877
63,[0.99995846],0.48199723810133455,0.5179612267422651
64,[0.63646626],0.48199723810133455,0.15446902507240245
65,[0.75193741],0.47510841942507587,0.2768289896009205
66,[0.06244963],0.549940660901421,0.48749102967627767
67,[0.99722843],0.47510841942507587,0.5221200092647422
68,[0.22265211],0.5578569556768573,0.33520485019431046
69,[0.67481709],0.4632116620053578,0.2116054259685114
70,[0.81008288],0.48199723810133455,0.3280856433163707
71,[0.58903695],0.47510841942507587,0.11392852955185062
72,[0.62010907],0.47510841942507587,0.14500065102522375
73,[0.19894484],0.5420243661259848,0.3430795290586157
74,[0.03622118],0.5419556486681888,0.5057344679604217
75,[0.35329699],0.5578569556768573,0.20455996955759737
76,[0.9853377],0.47510841942507587,0.510229279739716
77,[0.30904721],0.5420243661259848,0.2329771596914726
78,[0.15250109],0.5420243661259848,0.3895232733712406
79,[0.90819605],0.48199723810133455,0.4261988099661601
80,[0.01632221],0.5578569556768573,0.541534746266116
81,[0.33123972],0.5578569556768573,0.22661723297974867
82,[0.29012918],0.5420243661259848,0.2518951819492963
83,[0.46171721],0.5419900073970868,0.08027279310646818
84,[0.5917341],0.4632116620053578,0.12852244016938985
85,[0.34071016],0.5632065331333478,0.22249637259384802
86,[0.85576271],0.4632116620053578,0.3925510481579766
87,[0.90153518],0.49349111531659184,0.408044060423559
88,[0.47510842],0.5578569556768573,0.08274853625178147
89,[0.08565385],0.5748005662712423,0.48914671693130785
90,[0.65160043],0.4617172142906186,0.1898832200234707
91,[0.29085312],0.5578569556768573,0.26700383407047734
92,[0.15912186],0.5420243661259848,0.3829025048331042
93,[0.04095748],0.5419900073970868,0.501032529285412
94,[0.73158296],0.47510841942507587,0.2564745382286281
95,[0.52376672],0.5419556486681888,0.018188927118660603
96,[0.72597136],0.48199723810133455,0.24397412524272266
97,[0.15412531],0.5605317444051026,0.406406432624257
98,[0.87256357],0.49349111531659184,0.3790724529292022
99,[0.00966517],0.5578569556768573,0.5481917841361073
