,0,1,2
0,[0.46321166],0.5419556486681888,0.078743986662831
1,[0.95122119],0.5419900073970868,0.40923118250409396
2,[0.55785696],0.47760416480360524,0.0802527908732521
3,[0.38829263],0.549940660901421,0.16164803186718013
4,[0.735476],0.5177233819923903,0.21775261768441156
5,[0.36080871],0.5761217410551371,0.21531303174822758
6,[0.38164279],0.5420243661259848,0.1603815782058553
7,[0.87712673],0.4705976107787467,0.4065291226098417
8,[0.69168385],0.4718572261959766,0.21982662140697173
9,[0.17123635],0.5237667215495282,0.35253036804096494
10,[0.54195565],0.4632116620053578,0.078743986662831
11,[0.3288418],0.509787084983738,0.18094528849764546
12,[0.79810631],0.42169654671067486,0.376409762066612
13,[0.14043815],0.5419556486681888,0.4015174994830576
14,[0.67198765],0.4239053657289571,0.24808228751967398
15,[0.32470882],0.549906302172523,0.22519748546339924
16,[0.9549764],0.4612048227307583,0.49377158075972133
17,[0.89208648],0.49349111531659184,0.398595362399751
18,[0.72971099],0.4877441767089632,0.2419668151442309
19,[0.76876599],0.46841281685784725,0.30035317526713795
20,[0.1610578],0.5917341021747476,0.43067630126606027
21,[0.72825628],0.4632116620053578,0.26504461961954917
22,[0.14435327],0.5419556486681888,0.3976023768816186
23,[0.54202437],0.5328611851088585,0.00916318101712632
24,[0.95007933],0.4612048227307583,0.48887450521925785
25,[0.17426263],0.5328955438377565,0.35863291829448773
26,[0.81517662],0.4624644381479882,0.35271218205755617
27,[0.22590829],0.5605317444051026,0.33462345776202984
28,[0.49349112],0.5605317444051026,0.06704062908851072
29,[0.77828644],0.47510841942507587,0.303178021315068
30,[0.35856701],0.5632065331333478,0.20463952211652126
31,[0.93889732],0.49349111531659184,0.44540620382090534
32,[0.0493193],0.5420243661259848,0.49270506674105463
33,[0.73700581],0.4617172142906186,0.27528859554639473
34,[0.07065437],0.5419900073970868,0.47133563755103436
35,[0.95459185],0.4591979834561588,0.49539386589874
36,[0.83401525],0.5177577407212883,0.3162575096960196
37,[0.32062242],0.5632065331333478,0.24258411571904348
38,[0.35083873],0.5426126087456697,0.1917738836517675
39,[0.76252801],0.4632116620053578,0.29931634434874954
40,[0.68225704],0.5177577407212883,0.16449930051412376
41,[0.59425421],0.42169654671067486,0.17255766349132867
42,[0.5987526],0.5177577407212883,0.08099485824583808
43,[0.56320653],0.49349111531659184,0.06971541781675594
44,[0.48199724],0.5492836439103852,0.06728640580905065
45,[0.13934888],0.5578569556768573,0.41850807761978215
46,[0.20482798],0.549940660901421,0.34511267614686314
47,[0.42390537],0.5256740354967246,0.10176866976776755
48,[0.95584475],0.4705976107787467,0.4852471409629437
49,[0.67979995],0.48199723810133455,0.1978027094268725
50,[0.45919798],0.5426126087456697,0.08341462528951094
51,[0.38419511],0.5420243661259848,0.1578292561607939
52,[0.01351829],0.5420243661259848,0.5285060797830639
53,[0.16604354],0.5419556486681888,0.37591210759704674
54,[0.96716602],0.42169654671067486,0.545469473945966
55,[0.57480057],0.4877441767089632,0.08705638956227912
56,[0.31656399],0.5663287609740498,0.24976476758049082
57,[0.87633427],0.5328611851088585,0.3434730858261966
58,[0.20619404],0.5420243661259848,0.33583032596538653
59,[0.75240443],0.4632116620053578,0.2891927668303146
60,[0.34632132],0.49349111531659184,0.14716979215948078
61,[0.1342374],0.5420243661259848,0.407786967395258
62,[0.08718281],0.5283488242249699,0.44116601600700023
63,[0.99995846],0.4877441767089632,0.5122142881346364
64,[0.63646626],0.4632116620053578,0.1732546011683792
65,[0.75193741],0.4632116620053578,0.2887257470206386
66,[0.06244963],0.5408118386131928,0.47836220738804947
67,[0.99722843],0.48199723810133455,0.5152311905884835
68,[0.22265211],0.5419556486681888,0.3193035431856419
69,[0.67481709],0.4705976107787467,0.2042194771951225
70,[0.81008288],0.4617172142906186,0.3483656671270866
71,[0.58903695],0.4624644381479882,0.12657251082893828
72,[0.62010907],0.4604575988733887,0.1596514715769109
73,[0.19894484],0.5748005662712423,0.3758557292038732
74,[0.03622118],0.5237667215495282,0.48754554084176105
75,[0.35329699],0.5787303716676757,0.22543338554841574
76,[0.9853377],0.4617172142906186,0.5236204848741732
77,[0.30904721],0.5632065331333478,0.25415932669883556
78,[0.15250109],0.5419556486681888,0.3894545559134446
79,[0.90819605],0.4632116620053578,0.44498438606213686
80,[0.01632221],0.549906302172523,0.5335840927617816
81,[0.33123972],0.5420243661259848,0.21078464342887615
82,[0.29012918],0.5085320340466324,0.21840284986994385
83,[0.46171721],0.5328955438377565,0.07117832954713788
84,[0.5917341],0.4624644381479882,0.12926966402675943
85,[0.34071016],0.5938947739720264,0.25318461343252663
86,[0.85576271],0.4632116620053578,0.3925510481579766
87,[0.90153518],0.5419900073970868,0.35954516834306405
88,[0.47510842],0.5632065331333478,0.08809811370827192
89,[0.08565385],0.5942542102020035,0.5086003608620691
90,[0.65160043],0.49349111531659184,0.15810931899749747
91,[0.29085312],0.5632065331333478,0.2723534115269678
92,[0.15912186],0.5655306575514556,0.40640879625857496
93,[0.04095748],0.5419556486681888,0.500998170556514
94,[0.73158296],0.4632116620053578,0.26837129564834616
95,[0.52376672],0.5120108021136597,0.011755919435868512
96,[0.72597136],0.4632116620053578,0.2627597013386994
97,[0.15412531],0.5938947739720264,0.43976946219118085
98,[0.87256357],0.5237667215495282,0.34879684669626587
99,[0.00966517],0.5237667215495282,0.5141015500087781
