,0,1,2
0,[0.46321166],0.5420243661259848,0.07881270412062702
1,[0.95122119],0.5419556486681888,0.40926554123299197
2,[0.55785696],0.4783513886609748,0.07950556701588252
3,[0.38829263],0.5420243661259848,0.15373173709174393
4,[0.735476],0.5177233819923903,0.21775261768441156
5,[0.36080871],0.5761217410551371,0.21531303174822758
6,[0.38164279],0.5420243661259848,0.1603815782058553
7,[0.87712673],0.4705976107787467,0.4065291226098417
8,[0.69168385],0.48199723810133455,0.20968660950161377
9,[0.17123635],0.5028819798254314,0.3316456263168681
10,[0.54195565],0.49349111531659184,0.04846453335159695
11,[0.3288418],0.549906302172523,0.22106450568643043
12,[0.79810631],0.4612048227307583,0.33690148604652853
13,[0.14043815],0.5578569556768573,0.41741880649172614
14,[0.67198765],0.48199723810133455,0.18999041514729653
15,[0.32470882],0.5420243661259848,0.21731554941686104
16,[0.9549764],0.4617172142906186,0.493259189199861
17,[0.89208648],0.46841281685784725,0.4236736608584956
18,[0.72971099],0.48199723810133455,0.24771375375185956
19,[0.76876599],0.46916004071521683,0.29960595140976837
20,[0.1610578],0.5917341021747476,0.43067630126606027
21,[0.72825628],0.47510841942507587,0.2531478621998311
22,[0.14435327],0.5328611851088585,0.3885079133222883
23,[0.54202437],0.5237667215495282,0.018257644576456622
24,[0.95007933],0.48199723810133455,0.4680820898486816
25,[0.17426263],0.5237667215495282,0.3495040960062594
26,[0.81517662],0.4624644381479882,0.35271218205755617
27,[0.22590829],0.5605317444051026,0.33462345776202984
28,[0.49349112],0.5578569556768573,0.06436584036026549
29,[0.77828644],0.47510841942507587,0.303178021315068
30,[0.35856701],0.5632065331333478,0.20463952211652126
31,[0.93889732],0.47510841942507587,0.4637888997124213
32,[0.0493193],0.5578569556768573,0.5085376562919272
33,[0.73700581],0.4632116620053578,0.27379414783165557
34,[0.07065437],0.549940660901421,0.4792862910553686
35,[0.95459185],0.4604575988733887,0.4941342504815101
36,[0.83401525],0.5177577407212883,0.3162575096960196
37,[0.32062242],0.5632065331333478,0.24258411571904348
38,[0.35083873],0.590385525575837,0.23954680048193477
39,[0.76252801],0.4624644381479882,0.3000635682061191
40,[0.68225704],0.49349111531659184,0.18876592591882024
41,[0.59425421],0.42169654671067486,0.17255766349132867
42,[0.5987526],0.49349111531659184,0.10526148365053456
43,[0.56320653],0.49349111531659184,0.06971541781675594
44,[0.48199724],0.5583781074697156,0.07638086936838107
45,[0.13934888],0.5632065331333478,0.4238576550762726
46,[0.20482798],0.5578569556768573,0.35302897092229946
47,[0.42390537],0.549906302172523,0.12600093644356591
48,[0.95584475],0.48199723810133455,0.4738475136403558
49,[0.67979995],0.46841281685784725,0.2113871306703598
50,[0.45919798],0.5420243661259848,0.082826382669826
51,[0.38419511],0.5578569556768573,0.17366184571166643
52,[0.01351829],0.5632065331333478,0.5496882467904268
53,[0.16604354],0.5085320340466324,0.34248849297549033
54,[0.96716602],0.4591979834561588,0.5079680372004821
55,[0.57480057],0.4877441767089632,0.08705638956227912
56,[0.31656399],0.5819187576240844,0.2653547642305254
57,[0.87633427],0.49349111531659184,0.38284315561846327
58,[0.20619404],0.5420243661259848,0.33583032596538653
59,[0.75240443],0.4632116620053578,0.2891927668303146
60,[0.34632132],0.5419556486681888,0.19563432551107773
61,[0.1342374],0.5420243661259848,0.407786967395258
62,[0.08718281],0.49349111531659184,0.4063083070986222
63,[0.99995846],0.50862891843306,0.4913295464105396
64,[0.63646626],0.48199723810133455,0.15446902507240245
65,[0.75193741],0.4632116620053578,0.2887257470206386
66,[0.06244963],0.549906302172523,0.48745667094737966
67,[0.99722843],0.48199723810133455,0.5152311905884835
68,[0.22265211],0.5419556486681888,0.3193035431856419
69,[0.67481709],0.4705976107787467,0.2042194771951225
70,[0.81008288],0.4617172142906186,0.3483656671270866
71,[0.58903695],0.4624644381479882,0.12657251082893828
72,[0.62010907],0.4617172142906186,0.158391856159681
73,[0.19894484],0.5584124661986136,0.3594676291312445
74,[0.03622118],0.5328611851088585,0.49664000440109135
75,[0.35329699],0.5632065331333478,0.20990954701408782
76,[0.9853377],0.4617172142906186,0.5236204848741732
77,[0.30904721],0.5526154496296662,0.24356824319515402
78,[0.15250109],0.5578569556768573,0.4053558629221131
79,[0.90819605],0.48199723810133455,0.4261988099661601
80,[0.01632221],0.549906302172523,0.5335840927617816
81,[0.33123972],0.5419900073970868,0.21075028469997814
82,[0.29012918],0.549906302172523,0.2597771179958345
83,[0.46171721],0.5237667215495282,0.062049507258909564
84,[0.5917341],0.4632116620053578,0.12852244016938985
85,[0.34071016],0.5890369489769265,0.24832678843742673
86,[0.85576271],0.4624644381479882,0.3932982720153462
87,[0.90153518],0.5419900073970868,0.35954516834306405
88,[0.47510842],0.5632065331333478,0.08809811370827192
89,[0.08565385],0.5942542102020035,0.5086003608620691
90,[0.65160043],0.49349111531659184,0.15810931899749747
91,[0.29085312],0.5632065331333478,0.2723534115269678
92,[0.15912186],0.5420243661259848,0.3829025048331042
93,[0.04095748],0.5419556486681888,0.500998170556514
94,[0.73158296],0.4785528287632052,0.25303012889049875
95,[0.52376672],0.5419900073970868,0.018223285847558612
96,[0.72597136],0.48199723810133455,0.24397412524272266
97,[0.15412531],0.569003549702295,0.4148782379214495
98,[0.87256357],0.5237667215495282,0.34879684669626587
99,[0.00966517],0.5419556486681888,0.5322904771274387
