,0,1,2
0,[0.46321166],0.5419556486681888,0.078743986662831
1,[0.95122119],0.48199723810133455,0.4692239517998462
2,[0.55785696],0.47510841942507587,0.08274853625178147
3,[0.38829263],0.5578569556768573,0.16956432664261645
4,[0.735476],0.48199723810133455,0.25347876157546734
5,[0.36080871],0.5578569556768573,0.19704824636994778
6,[0.38164279],0.5578569556768573,0.17621416775672782
7,[0.87712673],0.47510841942507587,0.4020183139635125
8,[0.69168385],0.48199723810133455,0.20968660950161377
9,[0.17123635],0.5419556486681888,0.37071929515962554
10,[0.54195565],0.48199723810133455,0.05995841056685425
11,[0.3288418],0.5420243661259848,0.21318256963989224
12,[0.79810631],0.47510841942507587,0.32299788935221097
13,[0.14043815],0.549940660901421,0.4095025117162898
14,[0.67198765],0.47510841942507587,0.1968792338235552
15,[0.32470882],0.5420243661259848,0.21731554941686104
16,[0.9549764],0.4632116620053578,0.49176474148512184
17,[0.89208648],0.47510841942507587,0.416978058291267
18,[0.72971099],0.47510841942507587,0.25460257242811823
19,[0.76876599],0.47510841942507587,0.29365757269990933
20,[0.1610578],0.5420243661259848,0.38096656521729744
21,[0.72825628],0.4632116620053578,0.26504461961954917
22,[0.14435327],0.5420243661259848,0.3976710943394146
23,[0.54202437],0.48199723810133455,0.06002712802465027
24,[0.95007933],0.48199723810133455,0.4680820898486816
25,[0.17426263],0.5578569556768573,0.38359433013358857
26,[0.81517662],0.47510841942507587,0.3400682007804685
27,[0.22590829],0.5578569556768573,0.3319486690337846
28,[0.49349112],0.5419556486681888,0.04846453335159695
29,[0.77828644],0.47510841942507587,0.303178021315068
30,[0.35856701],0.5419556486681888,0.18338863765136226
31,[0.93889732],0.47510841942507587,0.4637888997124213
32,[0.0493193],0.5578569556768573,0.5085376562919272
33,[0.73700581],0.47510841942507587,0.2618973904119375
34,[0.07065437],0.5420243661259848,0.47136999627993237
35,[0.95459185],0.4632116620053578,0.49138018734954103
36,[0.83401525],0.47510841942507587,0.3589068309922321
37,[0.32062242],0.5419556486681888,0.2213332312538845
38,[0.35083873],0.5420243661259848,0.19118564103208258
39,[0.76252801],0.4632116620053578,0.29931634434874954
40,[0.68225704],0.49349111531659184,0.18876592591882024
41,[0.59425421],0.47510841942507587,0.11914579077692766
42,[0.5987526],0.47510841942507587,0.12364417954205054
43,[0.56320653],0.48199723810133455,0.08120929503201324
44,[0.48199724],0.5419556486681888,0.05995841056685425
45,[0.13934888],0.5420243661259848,0.4026754880689096
46,[0.20482798],0.5420243661259848,0.33719638137142693
47,[0.42390537],0.5420243661259848,0.11811900039702772
48,[0.95584475],0.47510841942507587,0.4807363323166145
49,[0.67979995],0.47510841942507587,0.20469152810313118
50,[0.45919798],0.5420243661259848,0.082826382669826
51,[0.38419511],0.5578569556768573,0.17366184571166643
52,[0.01351829],0.5578569556768573,0.5443386693339364
53,[0.16604354],0.5420243661259848,0.37598082505484276
54,[0.96716602],0.48199723810133455,0.4851687825553064
55,[0.57480057],0.48199723810133455,0.09280332816990777
56,[0.31656399],0.5578569556768573,0.24129296228329833
57,[0.87633427],0.48199723810133455,0.39433703283372057
58,[0.20619404],0.5419556486681888,0.3357616085075905
59,[0.75240443],0.47510841942507587,0.2772960094105965
60,[0.34632132],0.5420243661259848,0.19570304296887375
61,[0.1342374],0.5420243661259848,0.407786967395258
62,[0.08718281],0.5420243661259848,0.45484155790801517
63,[0.99995846],0.48199723810133455,0.5179612267422651
64,[0.63646626],0.48199723810133455,0.15446902507240245
65,[0.75193741],0.47510841942507587,0.2768289896009205
66,[0.06244963],0.5420243661259848,0.47957473490084146
67,[0.99722843],0.46916004071521683,0.5280683879746013
68,[0.22265211],0.5578569556768573,0.33520485019431046
69,[0.67481709],0.47510841942507587,0.19970866854879332
70,[0.81008288],0.48199723810133455,0.3280856433163707
71,[0.58903695],0.4632116620053578,0.1258252869715687
72,[0.62010907],0.47510841942507587,0.14500065102522375
73,[0.19894484],0.5578569556768573,0.35891211860948824
74,[0.03622118],0.5420243661259848,0.5058031854182177
75,[0.35329699],0.5420243661259848,0.18872738000672484
76,[0.9853377],0.47510841942507587,0.510229279739716
77,[0.30904721],0.5578569556768573,0.2488097492423451
78,[0.15250109],0.5420243661259848,0.3895232733712406
79,[0.90819605],0.47510841942507587,0.4330876286424188
80,[0.01632221],0.5420243661259848,0.5257021567152435
81,[0.33123972],0.5578569556768573,0.22661723297974867
82,[0.29012918],0.5420243661259848,0.2518951819492963
83,[0.46171721],0.5420243661259848,0.08030715183536619
84,[0.5917341],0.47510841942507587,0.11662568274967178
85,[0.34071016],0.5578569556768573,0.21714679513735757
86,[0.85576271],0.47510841942507587,0.3806542907382585
87,[0.90153518],0.4785528287632052,0.42298234697694564
88,[0.47510842],0.5420243661259848,0.06691594670090895
89,[0.08565385],0.5578569556768573,0.47220310633692286
90,[0.65160043],0.47510841942507587,0.17649201488901345
91,[0.29085312],0.5578569556768573,0.26700383407047734
92,[0.15912186],0.5578569556768573,0.3987350943839767
93,[0.04095748],0.5420243661259848,0.50106688801431
94,[0.73158296],0.47510841942507587,0.2564745382286281
95,[0.52376672],0.5419556486681888,0.018188927118660603
96,[0.72597136],0.47510841942507587,0.25086294391898134
97,[0.15412531],0.5420243661259848,0.38789905434513927
98,[0.87256357],0.48199723810133455,0.3905663301444595
99,[0.00966517],0.5420243661259848,0.5323591945852347
