,0,1,2
0,[0.46321166],0.5419900073970868,0.07877834539172901
1,[0.95122119],0.49349111531659184,0.4577300745845889
2,[0.55785696],0.4785528287632052,0.07930412691365213
3,[0.38829263],0.5578569556768573,0.16956432664261645
4,[0.735476],0.48199723810133455,0.25347876157546734
5,[0.36080871],0.5819187576240844,0.22111004831717485
6,[0.38164279],0.5419900073970868,0.1603472194769573
7,[0.87712673],0.4604575988733887,0.41666913451519966
8,[0.69168385],0.48199723810133455,0.20968660950161377
9,[0.17123635],0.48199723810133455,0.3107608845927713
10,[0.54195565],0.48199723810133455,0.05995841056685425
11,[0.3288418],0.5748005662712423,0.24595876978514974
12,[0.79810631],0.4632116620053578,0.33489464677192904
13,[0.14043815],0.549906302172523,0.4094681529873918
14,[0.67198765],0.47510841942507587,0.1968792338235552
15,[0.32470882],0.5578569556768573,0.23314813896773356
16,[0.9549764],0.4624644381479882,0.4925119653424914
17,[0.89208648],0.46841281685784725,0.4236736608584956
18,[0.72971099],0.47510841942507587,0.25460257242811823
19,[0.76876599],0.48199723810133455,0.28676875402365065
20,[0.1610578],0.5578569556768573,0.39679915476816996
21,[0.72825628],0.47510841942507587,0.2531478621998311
22,[0.14435327],0.5419556486681888,0.3976023768816186
23,[0.54202437],0.50862891843306,0.033395447692924796
24,[0.95007933],0.48199723810133455,0.4680820898486816
25,[0.17426263],0.5632065331333478,0.388943907590079
26,[0.81517662],0.4617172142906186,0.35345940591492575
27,[0.22590829],0.5632065331333478,0.33729824649027507
28,[0.49349112],0.549940660901421,0.056449545584829175
29,[0.77828644],0.4632116620053578,0.31507477873478607
30,[0.35856701],0.5419556486681888,0.18338863765136226
31,[0.93889732],0.4785528287632052,0.460344490374292
32,[0.0493193],0.5578569556768573,0.5085376562919272
33,[0.73700581],0.4632116620053578,0.27379414783165557
34,[0.07065437],0.5420243661259848,0.47136999627993237
35,[0.95459185],0.4617172142906186,0.4928746350642802
36,[0.83401525],0.48199723810133455,0.3520180123159734
37,[0.32062242],0.5578569556768573,0.23723453826255303
38,[0.35083873],0.5578569556768573,0.2070182305829551
39,[0.76252801],0.4632116620053578,0.29931634434874954
40,[0.68225704],0.49349111531659184,0.18876592591882024
41,[0.59425421],0.4612048227307583,0.13304938747124523
42,[0.5987526],0.4785528287632052,0.1201997702039212
43,[0.56320653],0.50862891843306,0.05457761470028777
44,[0.48199724],0.5419556486681888,0.05995841056685425
45,[0.13934888],0.5420243661259848,0.4026754880689096
46,[0.20482798],0.5419556486681888,0.3371276639136309
47,[0.42390537],0.549940660901421,0.12603529517246392
48,[0.95584475],0.46916004071521683,0.48668471102647354
49,[0.67979995],0.47510841942507587,0.20469152810313118
50,[0.45919798],0.5632065331333478,0.10400854967718898
51,[0.38419511],0.5605317444051026,0.17633663443991165
52,[0.01351829],0.5578569556768573,0.5443386693339364
53,[0.16604354],0.5328611851088585,0.36681764403771644
54,[0.96716602],0.47510841942507587,0.49205760123156506
55,[0.57480057],0.49349111531659184,0.08130945095465048
56,[0.31656399],0.549940660901421,0.233376667507862
57,[0.87633427],0.49349111531659184,0.38284315561846327
58,[0.20619404],0.5419556486681888,0.3357616085075905
59,[0.75240443],0.4785528287632052,0.27385160007246717
60,[0.34632132],0.5419900073970868,0.19566868423997574
61,[0.1342374],0.5578569556768573,0.4236195569461305
62,[0.08718281],0.5632065331333478,0.47602372491537814
63,[0.99995846],0.49349111531659184,0.5064673495270078
64,[0.63646626],0.48199723810133455,0.15446902507240245
65,[0.75193741],0.46916004071521683,0.28277736831077954
66,[0.06244963],0.5419900073970868,0.47954037617194345
67,[0.99722843],0.4877441767089632,0.5094842519808549
68,[0.22265211],0.5578569556768573,0.33520485019431046
69,[0.67481709],0.4591979834561588,0.21561910451771038
70,[0.81008288],0.48199723810133455,0.3280856433163707
71,[0.58903695],0.4617172142906186,0.12731973468630786
72,[0.62010907],0.48199723810133455,0.13811183234896507
73,[0.19894484],0.5748005662712423,0.3758557292038732
74,[0.03622118],0.5419556486681888,0.5057344679604217
75,[0.35329699],0.5632065331333478,0.20990954701408782
76,[0.9853377],0.4617172142906186,0.5236204848741732
77,[0.30904721],0.5419900073970868,0.23294280096257458
78,[0.15250109],0.5419556486681888,0.3894545559134446
79,[0.90819605],0.48199723810133455,0.4261988099661601
80,[0.01632221],0.5419900073970868,0.5256677979863454
81,[0.33123972],0.5578569556768573,0.22661723297974867
82,[0.29012918],0.5420243661259848,0.2518951819492963
83,[0.46171721],0.5419556486681888,0.08023843437757017
84,[0.5917341],0.46916004071521683,0.12257406145953081
85,[0.34071016],0.5890369489769265,0.24832678843742673
86,[0.85576271],0.4632116620053578,0.3925510481579766
87,[0.90153518],0.5177233819923903,0.38381179374776053
88,[0.47510842],0.5420243661259848,0.06691594670090895
89,[0.08565385],0.5890369489769265,0.503383099636992
90,[0.65160043],0.4617172142906186,0.1898832200234707
91,[0.29085312],0.549906302172523,0.259053180566143
92,[0.15912186],0.5419900073970868,0.38286814610420616
93,[0.04095748],0.5419900073970868,0.501032529285412
94,[0.73158296],0.46916004071521683,0.2624229169384871
95,[0.52376672],0.5419556486681888,0.018188927118660603
96,[0.72597136],0.46916004071521683,0.2568113226288404
97,[0.15412531],0.5632065331333478,0.40908122135250224
98,[0.87256357],0.49349111531659184,0.3790724529292022
99,[0.00966517],0.5419556486681888,0.5322904771274387
