,0,1,2
0,[0.46321166],0.5420243661259848,0.07881270412062702
1,[0.95122119],0.49349111531659184,0.4577300745845889
2,[0.55785696],0.48199723810133455,0.07585971757552279
3,[0.38829263],0.549940660901421,0.16164803186718013
4,[0.735476],0.48199723810133455,0.25347876157546734
5,[0.36080871],0.5748005662712423,0.21399185696433276
6,[0.38164279],0.5420243661259848,0.1603815782058553
7,[0.87712673],0.4632116620053578,0.4139150713832306
8,[0.69168385],0.48199723810133455,0.20968660950161377
9,[0.17123635],0.5237667215495282,0.35253036804096494
10,[0.54195565],0.48199723810133455,0.05995841056685425
11,[0.3288418],0.5663287609740498,0.23748696448795725
12,[0.79810631],0.4632116620053578,0.33489464677192904
13,[0.14043815],0.5420243661259848,0.4015862169408536
14,[0.67198765],0.47510841942507587,0.1968792338235552
15,[0.32470882],0.5578569556768573,0.23314813896773356
16,[0.9549764],0.4632116620053578,0.49176474148512184
17,[0.89208648],0.4617172142906186,0.43036926342572424
18,[0.72971099],0.4785528287632052,0.2511581630899889
19,[0.76876599],0.4785528287632052,0.29021316336178
20,[0.1610578],0.549906302172523,0.38884850126383563
21,[0.72825628],0.4785528287632052,0.24970345286170176
22,[0.14435327],0.5419556486681888,0.3976023768816186
23,[0.54202437],0.49349111531659184,0.04853325080939297
24,[0.95007933],0.48199723810133455,0.4680820898486816
25,[0.17426263],0.5605317444051026,0.3862691188618338
26,[0.81517662],0.4632116620053578,0.3519649582001866
27,[0.22590829],0.5632065331333478,0.33729824649027507
28,[0.49349112],0.5578569556768573,0.06436584036026549
29,[0.77828644],0.4632116620053578,0.31507477873478607
30,[0.35856701],0.5419556486681888,0.18338863765136226
31,[0.93889732],0.47510841942507587,0.4637888997124213
32,[0.0493193],0.5578569556768573,0.5085376562919272
33,[0.73700581],0.4632116620053578,0.27379414783165557
34,[0.07065437],0.5420243661259848,0.47136999627993237
35,[0.95459185],0.4617172142906186,0.4928746350642802
36,[0.83401525],0.4785528287632052,0.35546242165410274
37,[0.32062242],0.5605317444051026,0.23990932699079826
38,[0.35083873],0.549940660901421,0.19910193580751878
39,[0.76252801],0.4632116620053578,0.29931634434874954
40,[0.68225704],0.49349111531659184,0.18876592591882024
41,[0.59425421],0.4591979834561588,0.13505622674584472
42,[0.5987526],0.47510841942507587,0.12364417954205054
43,[0.56320653],0.49349111531659184,0.06971541781675594
44,[0.48199724],0.5419556486681888,0.05995841056685425
45,[0.13934888],0.5419900073970868,0.4026411293400116
46,[0.20482798],0.5419556486681888,0.3371276639136309
47,[0.42390537],0.5420243661259848,0.11811900039702772
48,[0.95584475],0.47510841942507587,0.4807363323166145
49,[0.67979995],0.46916004071521683,0.21063990681299022
50,[0.45919798],0.5526154496296662,0.09341746617350744
51,[0.38419511],0.5632065331333478,0.17901142316815688
52,[0.01351829],0.5605317444051026,0.5470134580621816
53,[0.16604354],0.5419556486681888,0.37591210759704674
54,[0.96716602],0.47510841942507587,0.49205760123156506
55,[0.57480057],0.4877441767089632,0.08705638956227912
56,[0.31656399],0.5420243661259848,0.2254603727324258
57,[0.87633427],0.49349111531659184,0.38284315561846327
58,[0.20619404],0.5419900073970868,0.3357959672364885
59,[0.75240443],0.48199723810133455,0.27040719073433783
60,[0.34632132],0.5420243661259848,0.19570304296887375
61,[0.1342374],0.5578569556768573,0.4236195569461305
62,[0.08718281],0.5632065331333478,0.47602372491537814
63,[0.99995846],0.49349111531659184,0.5064673495270078
64,[0.63646626],0.48199723810133455,0.15446902507240245
65,[0.75193741],0.4632116620053578,0.2887257470206386
66,[0.06244963],0.5420243661259848,0.47957473490084146
67,[0.99722843],0.48199723810133455,0.5152311905884835
68,[0.22265211],0.5578569556768573,0.33520485019431046
69,[0.67481709],0.47260445005334617,0.20221263792052302
70,[0.81008288],0.4718572261959766,0.33822565522172865
71,[0.58903695],0.46916004071521683,0.11987690826170966
72,[0.62010907],0.4785528287632052,0.1415562416870944
73,[0.19894484],0.5748005662712423,0.3758557292038732
74,[0.03622118],0.5419900073970868,0.5057688266893197
75,[0.35329699],0.5632065331333478,0.20990954701408782
76,[0.9853377],0.46841281685784725,0.5169248823069446
77,[0.30904721],0.5419900073970868,0.23294280096257458
78,[0.15250109],0.5419900073970868,0.3894889146423426
79,[0.90819605],0.48199723810133455,0.4261988099661601
80,[0.01632221],0.5420243661259848,0.5257021567152435
81,[0.33123972],0.549940660901421,0.21870093820431236
82,[0.29012918],0.5420243661259848,0.2518951819492963
83,[0.46171721],0.5419900073970868,0.08027279310646818
84,[0.5917341],0.4632116620053578,0.12852244016938985
85,[0.34071016],0.5890369489769265,0.24832678843742673
86,[0.85576271],0.4632116620053578,0.3925510481579766
87,[0.90153518],0.49349111531659184,0.408044060423559
88,[0.47510842],0.5420243661259848,0.06691594670090895
89,[0.08565385],0.5890369489769265,0.503383099636992
90,[0.65160043],0.4624644381479882,0.1891359961661011
91,[0.29085312],0.5578569556768573,0.26700383407047734
92,[0.15912186],0.5420243661259848,0.3829025048331042
93,[0.04095748],0.5420243661259848,0.50106688801431
94,[0.73158296],0.47510841942507587,0.2564745382286281
95,[0.52376672],0.5419900073970868,0.018223285847558612
96,[0.72597136],0.47510841942507587,0.25086294391898134
97,[0.15412531],0.5632065331333478,0.40908122135250224
98,[0.87256357],0.49349111531659184,0.3790724529292022
99,[0.00966517],0.5419556486681888,0.5322904771274387
