,0,1,2
0,[0.54547015],0.2668964496388865,0.00922859942723575
1,[0.17186532],0.6994833816489436,0.4107176758695732
2,[0.85293181],0.4301093654610897,0.3074616584517891
3,[0.18022341],0.42526667772725313,0.39432518816600015
4,[0.58870005],0.20770244622988998,0.05574003662935412
5,[0.1207749],0.5200048743824809,0.46180809019968094
6,[0.55469875],0.30745798357171095,0.00922859942723575
7,[0.08202618],0.4586180959134703,0.4925224209213265
8,[0.99270517],0.5231449098575517,0.44723502371364654
9,[0.25271926],0.3737118010813766,0.32986372949695175
10,[0.53296001],0.19612759968754373,0.03306713795794647
11,[0.8921391],0.46557661079177565,0.3466689464561479
12,[0.24209363],0.34586675300147535,0.33245497326733797
13,[0.41762074],0.2847728244948196,0.17107931105231788
14,[0.86794548],0.39446166486909207,0.33498547034400317
15,[0.28633024],0.428990349546054,0.2796969103648298
16,[0.13769966],0.4632530791561056,0.41699908676785913
17,[0.0507936],0.450857429418844,0.5237549966255117
18,[0.92829087],0.487625153380663,0.395330858119876
19,[0.77995014],0.3617347911088546,0.22986569149530134
20,[0.69447451],0.415971561620008,0.18196284974008814
21,[0.95343867],0.5096397889677112,0.4613753626064745
22,[0.93194228],0.6967531383943155,0.4594288454565863
23,[0.20739954],0.46795293572415175,0.37518345365436456
24,[0.22335698],0.41180802858351234,0.35520881249527847
25,[0.99751836],0.42286084867036744,0.44281961448076923
26,[0.4920633],0.3597776148101902,0.09051968611454286
27,[0.22577487],0.4080417305598297,0.33458807638907906
28,[0.98771616],0.6732896109531593,0.4422460111802359
29,[0.75659074],0.5629109040596831,0.24407908210242257
30,[0.58258299],0.41991568171678634,0.027884240441035657
31,[0.56602715],0.330856388623136,0.026812069188359988
32,[0.37184337],0.3617339069070402,0.2168566764457548
33,[0.45296356],0.3248027619755695,0.11732431250050701
34,[0.81726831],0.6083527364492196,0.26256955549155825
35,[0.10200653],0.495716509642243,0.4640206255126671
36,[0.91715646],0.39401059843859876,0.38419645149053794
37,[0.04387119],0.6007807750341186,0.5387118035214663
38,[0.5745486],0.3319055156455818,0.019849848498742606
39,[0.18049899],0.557699603713749,0.4020840041434439
40,[0.63570166],0.3065282117857387,0.06967451297446048
41,[0.89414345],0.5141549222404795,0.348673295479596
42,[0.65555994],0.3508288013033723,0.2025963780590998
43,[0.25422487],0.35055637845007676,0.32032372859375513
44,[0.59657902],0.39001563722496635,0.05110886833361983
45,[0.91987718],0.5866642117038778,0.42781387059741527
46,[0.77454108],0.2820388563585252,0.2415810619509422
47,[0.29099454],0.28076143234097567,0.2835540539700434
48,[0.68682978],0.4661348932885767,0.23386621266573548
49,[0.43332139],0.3390326843625625,0.13270575875958612
