,0,1,2
0,[0.54547015],0.3197844164062231,0.13306668284185236
1,[0.17186532],0.4453858743663182,0.38283343542853754
2,[0.85293181],0.4620409123913025,0.3391757286528654
3,[0.18022341],0.5115008155630165,0.40847663933020295
4,[0.58870005],0.25540861245157426,0.05574003662935412
5,[0.1207749],0.6202106372451662,0.42469525033140954
6,[0.55469875],0.3234369470169372,0.1422952822690881
7,[0.08202618],0.7450888155534938,0.514552841328968
8,[0.99270517],0.6698238005246211,0.4323422237906419
9,[0.25271926],0.5315997181110187,0.32986372949695175
10,[0.53296001],0.26655661977744505,0.05574003662935412
11,[0.8921391],0.6840420303422567,0.3175904985301695
12,[0.24209363],0.44963060066435434,0.3187364061168637
13,[0.41762074],0.3710837512946604,0.11533927442296377
14,[0.86794548],0.4104749781819727,0.33498547034400317
15,[0.28633024],0.5229148787574196,0.289308643826484
16,[0.13769966],0.567129167947579,0.4077704873406234
17,[0.0507936],0.6931402453677011,0.5317893885678048
18,[0.92829087],0.6414271613324672,0.4753273089088341
19,[0.77995014],0.4149165686959889,0.21392299079014565
20,[0.69447451],0.27169819821600133,0.16151449538653895
21,[0.95343867],0.624703892240601,0.5004751046883341
22,[0.93194228],0.5436087364378994,0.3573936802434067
23,[0.20739954],0.6262598931917054,0.389179482119713
24,[0.22335698],0.4213357387146073,0.3313417680253894
25,[0.99751836],0.6736743526801079,0.43715541398500035
26,[0.4920633],0.33867007596840415,0.08956101975435116
27,[0.22577487],0.5062880293613118,0.2734419823020089
28,[0.98771616],0.36179632313504995,0.5152027284674372
29,[0.75659074],0.5040670570356652,0.3036271785378315
30,[0.58258299],0.43345742818240607,0.0165558394494979
31,[0.56602715],0.28805104759823785,0.0165558394494979
32,[0.37184337],0.217994004866274,0.17824107706919146
33,[0.45296356],0.44833890781972024,0.1436154566617509
34,[0.81726831],0.6824489720600619,0.34475487220599527
35,[0.10200653],0.5654839082836512,0.4480779248075114
36,[0.91715646],0.3639986828295867,0.3426078660253866
37,[0.04387119],0.7189851690839278,0.5918304770464289
38,[0.5745486],0.3462773724458891,0.06115306546725563
39,[0.18049899],0.43847893698541485,0.37419976370240826
40,[0.63570166],0.25546809047013164,0.06115306546725563
41,[0.89414345],0.4765785124091829,0.3281162950608225
42,[0.65555994],0.3289593839986818,0.14180385993204503
43,[0.25422487],0.5468425149158287,0.32032372859375513
44,[0.59657902],0.440874546773897,0.05110886833361983
45,[0.91987718],0.6692560969103141,0.4669136126792749
46,[0.77454108],0.3197381381546433,0.2415810619509422
47,[0.29099454],0.4007296813670598,0.2977055051342462
48,[0.68682978],0.4828181768994825,0.23386621266573548
49,[0.43332139],0.37530976124733895,0.2023802717340466
