,0,1,2
0,[0.54547015],0.2731749364035152,0.09250658832813108
1,[0.17186532],0.4444232363274466,0.38283343542853754
2,[0.85293181],0.4232948724563159,0.3391757286528654
3,[0.18022341],0.5115008155630165,0.40847663933020295
4,[0.58870005],0.25540861245157426,0.05574003662935412
5,[0.1207749],0.44982294173239346,0.42469525033140954
6,[0.55469875],0.2695120874030247,0.05548189359130129
7,[0.08202618],0.559811555149504,0.514552841328968
8,[0.99270517],0.6698238005246212,0.4323422237906419
9,[0.25271926],0.53842920313124,0.32986372949695175
10,[0.53296001],0.26655661977744505,0.05574003662935412
11,[0.8921391],0.5754026331274213,0.3175904985301695
12,[0.24209363],0.44963060066435434,0.29086638780218665
13,[0.41762074],0.32546203667566675,0.11533927442296377
14,[0.86794548],0.4104749781819727,0.33498547034400317
15,[0.28633024],0.42349850714201953,0.3102487782796761
16,[0.13769966],0.4142533545427793,0.4077704873406234
17,[0.0507936],0.6078046407087264,0.5317893885678048
18,[0.92829087],0.5508887164282414,0.38282072058070304
19,[0.77995014],0.4775781467054797,0.21392299079014565
20,[0.69447451],0.27169819821600133,0.16151449538653895
21,[0.95343867],0.45875322964520837,0.5004751046883341
22,[0.93194228],0.6138677793688064,0.3573936802434067
23,[0.20739954],0.5436263805408539,0.389179482119713
24,[0.22335698],0.4203731006757356,0.3313417680253894
25,[0.99751836],0.6175276431505672,0.43715541398500035
26,[0.4920633],0.2874454956106884,0.08248529417224981
27,[0.22577487],0.6089398795936904,0.32430957617969225
28,[0.98771616],0.48623768210539026,0.5152027284674372
29,[0.75659074],0.4135286121314393,0.21112059020970042
30,[0.58258299],0.413745082535596,0.0165558394494979
31,[0.56602715],0.3692164546426525,0.0165558394494979
32,[0.37184337],0.4048235410893687,0.1927803010321807
33,[0.45296356],0.364687186681844,0.1436154566617509
34,[0.81726831],0.46035453611144994,0.2985015780419298
35,[0.10200653],0.6091444987635579,0.4583564250168982
36,[0.91715646],0.4348714110484571,0.371686313951365
37,[0.04387119],0.7706735255012003,0.5652711402839475
38,[0.5745486],0.3561890850822695,0.06115306546725563
39,[0.18049899],0.4375162989465432,0.37419976370240826
40,[0.63570166],0.436045376518517,0.06115306546725563
41,[0.89414345],0.6250871549115115,0.3281162950608225
42,[0.65555994],0.3443461249679878,0.14180385993204503
43,[0.25422487],0.5395218766823552,0.32032372859375513
44,[0.59657902],0.4170856526462077,0.05110886833361983
45,[0.91987718],0.6635660977506544,0.4669136126792749
46,[0.77454108],0.3197381381546433,0.2415810619509422
47,[0.29099454],0.4007296813670598,0.2977055051342462
48,[0.68682978],0.34469164467282426,0.23386621266573548
49,[0.43332139],0.46417879658663813,0.2023802717340466
