,0,1,2
0,[17.72735076],16.366539478470752,14.854607760370108
1,[15.85932658],14.419769045024008,12.581526871338646
2,[19.26465905],17.903847770729698,16.391916052629053
3,[15.90111705],11.576954695032999,10.962536242898711
4,[17.94350025],12.779171219946424,7.538573247926447
5,[15.6038745],11.279712144576063,10.665293692441773
6,[17.77349375],12.677167320957588,7.36856674961172
7,[15.41013089],11.08596853125637,10.47155007912208
8,[19.96352587],14.741798142871826,9.558598871043774
9,[16.26359631],14.574443701807658,13.803279783087955
10,[17.66480007],16.225242537334655,14.387000363649292
11,[19.46069549],18.02113795731126,16.1828957836259
12,[16.21046813],11.7393519466518,5.024028313847252
13,[17.0881037],12.763941336422423,12.149522884288135
14,[19.33972742],14.117999688327739,8.93480041649969
15,[1.43165121],16.814491879424814,15.560329734944974
16,[0.68849832],5.451190120227308,2.2244166360444737
17,[0.25396801],9.2077928858296,2.728927085165766
18,[4.64145436],9.401445384586319,1.3636546542486716
19,[3.89975071],7.845052987729306,1.0270077164147042
20,[3.47237254],10.325791049142257,1.515219280303195
21,[4.76719334],9.245854717543109,0.2203984877390095
22,[4.6597114],9.310343882115562,0.3278804286931001
23,[1.03699769],17.209145398625004,15.954983254145159
24,[1.11678491],11.325626850438509,3.4689974127475933
25,[4.98759182],9.113615624899701,0.049011013638845746
26,[2.46031652],4.037415944517356,0.4525984305727144
27,[1.12887437],11.313537389778112,3.4569079520871973
28,[4.93858081],9.14302223308301,0.049011013638845746
29,[3.78295371],10.015209887330586,1.204638118491523
30,[2.91291495],3.9656777910831615,0.4525984305727144
31,[2.83013576],15.416007327600667,14.161845183120825
32,[1.85921687],4.303875663063264,1.0536980861192253
33,[2.26481781],7.572588411782268,0.7180772833087548
34,[0.51003263],8.9517282678014,2.472862467137567
35,[4.58578232],9.412579791215657,1.3079826211019814
36,[0.21935594],12.223055825713715,4.366426388022799
37,[2.87274299],7.6396514444463675,0.11015210203820747
38,[0.90249493],8.559265963707794,2.0804001630439615
39,[3.17850832],4.0187964646081245,0.7181917981975272
40,[4.47071723],4.738060300514894,2.010400708629337
41,[3.2777997],9.674176315436053,1.3079826211019814
42,[1.27112435],4.868564086863075,1.641790602680241
43,[2.9828951],7.661681864854009,0.11015210203820747
44,[4.59938588],13.646757207938816,12.392595063458973
45,[3.87270538],4.379253187311415,1.4123888532902038
46,[1.45497272],10.987439037668066,3.1308095999771504
47,[3.43414888],7.751932620857994,0.5614058820581302
48,[2.16660696],4.11944160601898,0.7463079910454202
