,0,1,2
0,[17.72735076],15.530685951671341,14.854607760370108
1,[15.85932658],11.00621716481296,12.076372868944988
2,[19.26465905],14.08044053576711,16.281763950590847
3,[15.90111705],11.688041569121697,12.118163347751388
4,[17.94350025],12.789720242272498,14.665700546796064
5,[15.6038745],6.990371489561073,10.836681166541936
6,[17.77349375],9.920714021590346,13.006300415335165
7,[15.41013089],7.004131398296112,10.750419494176334
8,[19.96352587],11.812708360638272,15.196332536767219
9,[16.26359631],11.997566961859937,12.791223762619769
10,[17.66480007],10.503383153915049,14.681904970636037
11,[19.46069549],14.029100486408305,15.374353957686772
12,[16.21046813],12.555277167224743,11.443274791492186
13,[17.0881037],9.374651511622744,13.001762165595345
14,[19.33972742],11.742603757355235,16.509591661930283
15,[1.43165121],7.254520569394811,3.209803152633797
16,[0.68849832],2.3822761448866285,2.2244166360444737
17,[0.25396801],5.2208414673015024,3.3736951136403333
18,[4.64145436],3.9627297843561267,1.6585592612354163
19,[3.89975071],7.151609478804613,0.465601834356574
20,[3.47237254],5.570451035489681,1.4662082666643492
21,[4.76719334],9.495284733239378,10.836681166541936
22,[4.6597114],4.815955613951482,0.27886941505425433
23,[1.03699769],2.1280529526358056,2.3971511906184877
24,[1.11678491],4.445734438301633,1.7961300423321251
25,[4.98759182],5.232636743082159,0.2203984877390095
26,[2.46031652],3.8416958530895284,0.4525984305727144
27,[1.12887437],7.49139871529791,2.0992796401408786
28,[4.93858081],4.070457849802811,0.27886941505425433
29,[3.78295371],3.548376692388447,0.08975167101034431
30,[2.91291495],3.337453213872564,0.2655933676248128
31,[2.83013576],9.75710148811755,1.0425696199649788
32,[1.85921687],3.9276440893385947,1.3192914537440381
33,[2.26481781],4.636930316209263,1.5181358926891577
34,[4.08634153],1.7006730134210166,0.38437570280401
35,[0.51003263],5.299560049715424,3.09851866183773
36,[4.58578232],5.604523408772614,2.1254658009881826
37,[0.21935594],9.607499523238843,3.6803947743105705
38,[2.87274299],6.9460748124541025,0.9102107114186104
39,[0.90249493],9.542132464559877,3.683287391132688
40,[3.17850832],4.279581801972144,1.3497414566112327
41,[4.47071723],3.890139247153536,1.29220891043181
42,[3.2777997],1.789935704448311,0.4476639465609762
43,[1.27112435],13.672648923997182,3.4960689851398996
44,[2.9828951],6.825439484133466,1.1888162080603144
45,[4.59938588],4.9528215241390345,1.1652370000676968
46,[3.87270538],4.313898905631531,0.8898102803907473
47,[1.45497272],13.153915088911365,3.144413151976044
48,[3.43414888],5.931585371375858,1.1652370000676968
49,[2.16660696],1.2347537039050631,0.7463079910454202
