,0,1,2
0,[17.72735076],15.876014528096505,14.744455658331901
1,[15.85932658],10.373130620651505,12.38695403075666
2,[19.26465905],14.224689013582799,15.792286503022115
3,[15.90111705],9.78460405444481,12.028411676741044
4,[17.94350025],15.520295311180922,14.665700546796064
5,[15.6038745],7.164379239902504,11.133157270944974
6,[17.77349375],9.28115628930831,13.113782356289255
7,[15.41013089],7.35830336530112,10.750419494176334
8,[19.96352587],11.3865533777154,15.196332536767219
9,[16.26359631],11.944448288334973,12.791223762619769
10,[17.66480007],10.503383153915049,14.792057072674243
11,[19.46069549],13.361216752086687,15.374353957686772
12,[16.21046813],12.555277167224743,11.73975089589522
13,[17.0881037],9.374651511622744,13.001762165595345
14,[19.33972742],11.742603757355235,16.48828804316227
15,[1.43165121],9.880113545043667,3.209803152633797
16,[0.68849832],2.7843562866124953,2.392203391020251
17,[0.25396801],5.2208414673015024,3.5738615300513414
18,[4.64145436],1.0469780266905186,1.3636546542486716
19,[3.89975071],7.151609478804613,0.465601834356574
20,[3.47237254],0.9496853040438065,1.2948207925641855
21,[4.76719334],4.7103031251983385,10.642937553222243
22,[4.6597114],2.589170870551707,0.10748194095409058
23,[1.03699769],7.448836811747922,2.8627530249750617
24,[1.11678491],1.2736410008859989,1.7961300423321251
25,[4.98759182],4.42541956762675,0.2203984877390095
26,[2.46031652],4.176269327172622,0.5225785728994565
27,[1.12887437],10.588035460634362,2.148925330985216
28,[4.93858081],4.070457849802811,0.4678635785031995
29,[3.78295371],2.520511640109026,0.08975167101034431
30,[2.91291495],3.351180312227354,0.5212339223466649
31,[2.83013576],9.75710148811755,1.2562057725001021
32,[1.85921687],3.9042399965773895,1.368937144588375
33,[2.26481781],4.636930316209263,1.5181358926891577
34,[4.08634153],5.691838678767463,0.18659081854937387
35,[0.51003263],5.902931341413378,2.3627103650993595
36,[4.58578232],5.080768412147102,1.7130393301269335
37,[0.21935594],2.8120912141026126,3.2147929399539965
38,[2.87274299],13.18883503755222,1.1203031256893912
39,[0.90249493],9.542132464559877,3.5682222987738426
40,[3.17850832],1.161983779927765,1.4072740027906554
41,[4.47071723],3.890139247153536,1.4878221357298806
42,[3.2777997],6.36737592199035,0.5949056734040026
43,[1.27112435],13.672648923997182,3.4960689851398996
44,[2.9828951],3.906696240605444,1.4878221357298806
45,[4.59938588],5.348656754520704,1.726642882125827
46,[3.87270538],4.333757181969265,0.6941970550926766
47,[1.45497272],10.449939365817789,2.631368804814295
48,[3.43414888],8.664604179207275,1.1652370000676968
49,[2.16660696],1.3680258678657942,0.2937095604727058
