,0,1,2
0,[17.72735076],15.876014528096505,14.744455658331901
1,[15.85932658],10.471026110165251,12.076372868944988
2,[19.26465905],14.224689013582799,15.792286503022115
3,[15.90111705],10.46232146328197,12.014889009748169
4,[17.94350025],15.432220100306376,14.665700546796064
5,[15.6038745],7.1643792399025035,11.133157270944974
6,[17.77349375],9.582084702205346,13.006300415335165
7,[15.41013089],7.35830336530112,10.750419494176334
8,[19.96352587],11.49704893594651,15.196332536767219
9,[16.26359631],11.944448288334977,12.829447430168576
10,[17.66480007],10.503383153915049,14.792057072674243
11,[19.46069549],13.361216752086687,14.874913162523917
12,[16.21046813],12.280244560761904,12.932668424638358
13,[17.0881037],9.374651511622744,13.001762165595345
14,[19.33972742],11.742603757355237,16.509591661930283
15,[1.43165121],9.880113545043667,3.209803152633797
16,[0.68849832],2.7843562866124953,2.490010003669287
17,[0.25396801],5.6848620928141695,3.528985694546169
18,[4.64145436],1.397935063456281,1.3636546542486716
19,[3.89975071],4.07673868726726,0.465601834356574
20,[3.47237254],0.9496853040438065,1.2410798220871406
21,[4.76719334],5.442460033981538,5.431668020480626
22,[4.6597114],2.589170870551707,0.10748194095409058
23,[1.03699769],7.448836811747922,2.8627530249750617
24,[1.11678491],1.2736410008859989,1.7961300423321251
25,[4.98759182],5.232636743082159,0.2203984877390095
26,[2.46031652],6.747463120362404,0.4525984305727144
27,[1.12887437],10.588035460634362,2.148925330985216
28,[4.93858081],3.299093653015253,0.4678635785031995
29,[3.78295371],1.8768307335621273,0.08975167101034431
30,[2.91291495],3.481618842808544,0.5212339223466649
31,[2.83013576],9.75710148811755,1.0425696199649788
32,[1.85921687],1.257507818835546,1.4185828354327121
33,[2.26481781],4.476364592467599,1.5181358926891577
34,[4.08634153],1.879200189693322,0.18659081854937387
35,[0.51003263],5.902931341413378,2.472862467137567
36,[4.58578232],7.692124219629887,1.7130393301269335
37,[0.21935594],2.8120912141026126,3.6803947743105705
38,[2.87274299],10.443326104618396,1.0270077164147042
39,[0.90249493],9.542132464559876,3.5682222987738426
40,[3.17850832],6.804273437420908,1.4072740027906554
41,[4.47071723],3.9495645377530684,1.5578022780566227
42,[3.2777997],4.290872855478402,0.5949056734040026
43,[1.27112435],16.566542093703216,3.3703300062423995
44,[2.9828951],6.304020480192373,1.4878221357298806
45,[4.59938588],3.0839605908475236,1.1652370000676968
46,[3.87270538],4.333757181969265,0.6941970550926766
47,[1.45497272],10.449939365817789,2.631368804814295
48,[3.43414888],6.029782604131183,0.465601834356574
49,[2.16660696],1.3680258678657942,0.2937095604727058
