,0,1,2
0,[17.72735076],15.876014528096505,14.854607760370108
1,[15.85932658],8.716579674215122,11.217872217089976
2,[19.26465905],13.906952010615829,15.792286503022115
3,[15.90111705],5.8606869403931015,11.315334729043066
4,[17.94350025],13.653750342162832,14.665700546796064
5,[15.6038745],7.13010174508247,11.133157270944974
6,[17.77349375],11.681429557859365,13.132039394232663
7,[15.41013089],3.3935300467348797,10.642937553222243
8,[19.96352587],10.866222712049089,15.196332536767219
9,[16.26359631],10.894153360305758,12.829447430168576
10,[17.66480007],10.503383153915049,14.792057072674243
11,[19.46069549],10.816695005719943,14.819241129377225
12,[16.21046813],12.280244560761904,11.611082251537482
13,[17.0881037],6.137979971321059,13.095057574870031
14,[19.33972742],11.666338115022166,16.509591661930283
15,[1.43165121],9.880113545043667,3.1677346714860004
16,[0.68849832],5.7174963959717084,2.490010003669287
17,[0.25396801],8.627301940927257,3.528985694546169
18,[4.64145436],2.8235832569609594,0.768748980844669
19,[3.89975071],6.278936690490563,0.465601834356574
20,[3.47237254],3.270462286245741,1.2948207925641855
21,[4.76719334],5.442460033981538,0.2203984877390095
22,[4.6597114],2.589170870551707,0.10748194095409058
23,[1.03699769],7.448836811747922,2.6299521077967745
24,[1.11678491],1.2165978007173561,1.7133508450846358
25,[4.98759182],4.42541956762675,0.2203984877390095
26,[2.46031652],6.779240894382406,0.8174831798862012
27,[1.12887437],7.666397833055969,2.049633949296542
28,[4.93858081],2.585449193260484,0.4678635785031995
29,[3.78295371],2.520511640109026,0.31058116181167206
30,[2.91291495],3.5014771191462786,0.5212339223466649
31,[2.83013576],7.608404544820016,0.9528179489546345
32,[1.85921687],1.24809975453969,1.496757421949301
33,[2.26481781],7.370496843256172,1.2075547308774857
34,[4.08634153],1.2332983035550975,0.38437570280401
35,[0.51003263],1.509419498923817,2.472862467137567
36,[4.58578232],7.341167182864126,0.8028286187083231
37,[0.21935594],2.0456165104842854,3.3891953546342366
38,[2.87274299],7.76062291041641,0.9102107114186104
39,[0.90249493],9.542132464559876,3.683287391132688
40,[3.17850832],3.2750119920167906,1.0507355289416656
41,[4.47071723],4.512607973339639,1.4878221357298806
42,[3.2777997],6.558769065450131,0.5949056734040026
43,[1.27112435],12.035886868672199,3.4960689851398996
44,[2.9828951],3.9534698302164886,1.4878221357298806
45,[4.59938588],3.1246951832065353,1.769250119661851
46,[3.87270538],4.170499555294833,0.8898102803907473
47,[1.45497272],7.479017813743768,2.444777986264921
48,[3.43414888],8.664604179207275,1.1652370000676968
49,[2.16660696],3.9774593263205857,0.2937095604727058
