,0,1,2
0,[17.72735076],13.048375677907737,14.293201878311978
1,[15.85932658],11.785676019904587,11.092133238192474
2,[19.26465905],16.995609510465908,16.281763950590847
3,[15.90111705],11.576954695033,11.665071426892608
4,[17.94350025],15.510902582741272,14.290073123577471
5,[15.6038745],11.269909941848294,10.836681166541936
6,[17.77349375],15.340896084426543,13.302776519738199
7,[15.41013089],9.024209220404526,10.447044572302657
8,[19.96352587],11.492384632044516,16.063775162523637
9,[16.26359631],14.720512200918156,13.950134563324308
10,[17.66480007],10.371762155023882,13.765049356259539
11,[19.46069549],14.658336360811324,15.560944776236145
12,[16.21046813],8.521109251139915,11.550756732446276
13,[17.0881037],10.366587464537368,12.149522884288135
14,[19.33972742],16.737389283823724,16.16121909705798
15,[1.43165121],4.695043891821965,3.188768912059899
16,[0.68849832],2.1094921786800054,2.2244166360444737
17,[0.25396801],8.806694904531867,3.645782699542263
18,[4.64145436],7.184372323548134,1.4629460359373456
19,[3.89975071],5.242642283386859,1.0270077164147042
20,[3.47237254],5.514677152478829,1.2948207925641855
21,[4.76719334],4.893942316875171,0.2203984877390095
22,[4.6597114],2.688724403710347,0.27886941505425433
23,[1.03699769],7.68683318142198,3.5623881906861845
24,[1.11678491],10.855083330772356,1.8661101846588672
25,[4.98759182],4.893942316875171,0.2203984877390095
26,[2.46031652],3.5467589665790675,0.2937095604727058
27,[1.12887437],1.6222128043293433,1.784040581671729
28,[4.93858081],6.837234288039461,0.049011013638845746
29,[3.78295371],3.0394274796297163,1.1556271048526772
30,[2.91291495],1.0873623132998647,0.4525984305727144
31,[2.83013576],12.269026214670623,1.769250119661851
32,[1.85921687],1.2575078188355462,1.3192914537440381
33,[2.26481781],10.463724267628198,2.2058994190386354
34,[4.08634153],10.129042448031067,0.6139689853571397
35,[0.51003263],6.214876079987045,2.472862467137567
36,[4.58578232],4.615889227989153,1.5400706866030616
37,[0.21935594],9.196565036698948,3.6803947743105705
38,[2.87274299],10.61196309767935,1.213598534964078
39,[0.90249493],11.869808093141383,3.1838465959698325
40,[3.17850832],4.186062195437759,0.2655933676248128
41,[4.47071723],6.743192439740406,1.29220891043181
42,[3.2777997],12.841073202099471,1.3636546542486716
43,[1.27112435],4.4592018399896185,1.641790602680241
44,[2.9828951],7.329092694605123,0.800058609380403
45,[4.59938588],6.5701112974945115,1.1652370000676968
46,[3.87270538],1.9191028099596124,1.0011800213412343
47,[1.45497272],11.317330301985844,2.631368804814295
48,[3.43414888],4.092420172002123,0.465601834356574
49,[2.16660696],3.6642427907681503,0.7049183924216753
