,0,1,2
0,[17.72735076],15.48149483746406,14.54884243303383
1,[15.85932658],8.465381128676798,11.092133238192474
2,[19.26465905],17.456431564286316,16.281763950590847
3,[15.90111705],12.561760900333935,12.118163347751388
4,[17.94350025],16.176554887760194,14.160546544402404
5,[15.6038745],11.269909941848294,10.836681166541936
6,[17.77349375],15.605213319046717,13.302776519738199
7,[15.41013089],9.024209220404526,10.557243816172162
8,[19.96352587],11.492384632044518,15.877184343974264
9,[16.26359631],14.602893697605955,13.803279783087955
10,[17.66480007],10.371762155023882,13.578458537710166
11,[19.46069549],11.620797734593697,15.374353957686772
12,[16.21046813],11.686423475047985,11.611082251537482
13,[17.0881037],5.9546759704783465,12.42839229934239
14,[19.33972742],14.048441476704308,16.16121909705798
15,[1.43165121],4.348437467390424,3.1677346714860004
16,[0.68849832],1.9658538190404997,2.2244166360444737
17,[0.25396801],11.918883859779095,4.082093915673064
18,[4.64145436],9.130025104562101,1.0137912327608491
19,[3.89975071],2.490156679465517,1.0483113351827162
20,[3.47237254],3.322169903899087,1.2948207925641855
21,[4.76719334],4.893942316875171,5.431668020480626
22,[4.6597114],4.817311914354796,0.193175678004172
23,[1.03699769],4.878083273540717,3.2125706078306235
24,[1.11678491],11.90680518585903,1.8661101846588672
25,[4.98759182],4.6204639882042935,0.2203984877390095
26,[2.46031652],3.552168033376218,0.4525984305727144
27,[1.12887437],4.620707195368439,1.8540207239984712
28,[4.93858081],6.812758995947197,0.17138747410016375
29,[3.78295371],5.638341245095544,0.9842396307525134
30,[2.91291495],1.0873623132998647,0.4525984305727144
31,[2.83013576],7.083718379545992,1.769250119661851
32,[1.85921687],1.257507818835546,1.3192914537440381
33,[2.26481781],10.463724267628198,2.263431965218058
34,[4.08634153],9.679643827629008,0.21363615253512336
35,[0.51003263],5.754054026166637,2.7677670741243117
36,[4.58578232],7.0258362889075725,1.5400706866030616
37,[0.21935594],5.871004560452027,3.6803947743105705
38,[2.87274299],10.61196309767935,1.213598534964078
39,[0.90249493],12.0775741131127,3.1838465959698325
40,[3.17850832],4.186062195437759,0.2655933676248128
41,[4.47071723],4.501866425354964,0.6877635263494777
42,[3.2777997],9.483162172972262,1.3358186376753265
43,[1.27112435],4.547277050864167,1.7745872864926475
44,[2.9828951],7.436119020622213,1.4878221357298806
45,[4.59938588],4.777294410759812,1.1652370000676968
46,[3.87270538],2.093033085895361,0.9597904227174894
47,[1.45497272],11.28089960562493,2.881089202395722
48,[3.43414888],4.064737914954608,0.03822366754880813
49,[2.16660696],3.8130473967988707,0.2937095604727058
