,0,1,2
0,[0.35437453],0.5958700100346743,0.24149547649198988
1,[0.95000925],0.5148611055490657,0.43514813982180967
2,[0.16830244],0.6098706477432196,0.4415682104284582
3,[0.9489167],0.5880955286846072,0.3608211688901588
4,[0.76954521],0.5503472490446749,0.21919795610654647
5,[0.37984599],0.5765872110534985,0.1967412197721219
6,[0.70411711],0.5137442332501023,0.19037287948394166
7,[0.15674857],0.6270069436857311,0.47025837862878317
8,[0.81882952],0.562674865446534,0.2561546512382953
9,[0.54280966],0.5784594973817279,0.035649835668255414
10,[0.8651587],0.5517823321683792,0.31337636418678705
11,[0.86981752],0.5137442332501023,0.3560732828704455
12,[0.7413776],0.5880955286846072,0.1532820680947915
13,[0.88175127],0.5987336408648232,0.28301762659497054
14,[0.560755],0.569486826926821,0.008731824303534919
15,[0.4124859],0.625357495589683,0.2128715915744962
16,[0.70389428],0.5830289166882637,0.12086536728883646
17,[0.08347792],0.6429432135693145,0.5594652899397294
18,[0.72361911],0.5428096617134724,0.18080944474116944
19,[0.90893101],0.5428096617134724,0.366121352722095
20,[0.29708499],0.5961639921401696,0.299078997960195
21,[0.94714966],0.562674865446534,0.3844747977358628
22,[0.52196275],0.5961639921401696,0.07420123797149614
23,[0.02001575],0.5961639921401696,0.5761482391894868
24,[0.35438571],0.6075512361851692,0.2531655260247394
25,[0.29135641],0.6098706477432196,0.31851424129013883
26,[0.98677156],0.5880955286846072,0.3986760299569676
27,[0.75260261],0.5137442332501023,0.23885838084550937
28,[0.22806634],0.6270069436857311,0.39894060695456424
29,[0.80207597],0.5219627541686734,0.28011321583797044
30,[0.84048935],0.562674865446534,0.27781448132854214
31,[0.93151835],0.560755002623286,0.3707633432597136
32,[0.78782638],0.5219627541686734,0.26586362343153813
33,[0.36236258],0.5961639921401696,0.23380140805299454
34,[0.33386087],0.609371753045039,0.2755108848544373
35,[0.83292829],0.5137442332501023,0.3191840583885528
36,[0.57658721],0.5987336408648232,0.02214642981132464
37,[0.93258895],0.5517823321683792,0.3808066206239331
38,[0.27090375],0.5961639921401696,0.3252602440473017
39,[0.51374423],0.5958700100346743,0.082125776784572
40,[0.13577631],0.6413432381343271,0.5055669267216982
41,[0.32461822],0.5784594973817279,0.253841281854553
42,[0.64134324],0.5590633731544215,0.08227986497990569
43,[0.28261325],0.6282480235750887,0.3456347747296997
44,[0.44985949],0.6413432381343271,0.19148374533960344
45,[0.14336211],0.5895964544142167,0.4462343479759264
46,[0.99489377],0.560755002623286,0.4341387686261353
47,[0.07370028],0.6270069436857311,0.5533066655767342
48,[0.58809553],0.609371753045039,0.02127622436043175
49,[0.02210486],0.6075512361851692,0.5854463725153429
50,[0.23770462],0.6282480235750887,0.3905434043406609
51,[0.47368755],0.6270069436857311,0.1533193892821123
52,[0.73924504],0.5148611055490657,0.2243839316937779
53,[0.794283],0.560755002623286,0.23352800202608004
54,[0.26272636],0.5958700100346743,0.3331436504501881
55,[0.10674449],0.6270069436857311,0.520262456720965
56,[0.94381272],0.5517823321683792,0.39203039203860535
57,[0.61515281],0.5148611055490657,0.1002917034667844
58,[0.70602324],0.5517823321683792,0.15424090354620268
59,[0.70238482],0.5830289166882637,0.11935590457604794
60,[0.92943786],0.5830289166882637,0.34640894208599005
61,[0.99082237],0.5718919596557749,0.4189304087257524
62,[0.60937175],0.6147193834094672,0.005347630364428202
63,[0.22382197],0.586375601596834,0.3625536361317284
64,[0.79379892],0.5765872110534985,0.21721170657981514
65,[0.19019541],0.609371753045039,0.41917634298790163
66,[0.58302892],0.6075512361851692,0.02452231949690542
67,[0.30132775],0.5958700100346743,0.29454225956113156
68,[0.02962336],0.586375601596834,0.5567522418462145
69,[0.87754461],0.5880955286846072,0.289449085179014
70,[0.18232085],0.5961639921401696,0.4138431384268123
71,[0.26458224],0.609371753045039,0.3447895096938235
72,[0.51597798],0.6151528090158501,0.09917483116782111
73,[0.7239268],0.5517823321683792,0.17214446500305003
74,[0.28244187],0.6270069436857311,0.3445650752333552
75,[0.59616399],0.5428096617134724,0.05335433042669713
76,[0.39681386],0.6270069436857311,0.23019308093112556
77,[0.63164577],0.5830289166882637,0.04861685011356831
78,[0.71434973],0.5765872110534985,0.13776251651579896
79,[0.65080043],0.5590633731544215,0.09173705764747497
80,[0.22049539],0.5961639921401696,0.37566859869905433
81,[0.34443047],0.6429432135693145,0.2985127437998668
82,[0.04752716],0.6270069436857311,0.5794797829205621
83,[0.15770229],0.609371753045039,0.451669466557463
84,[0.77758935],0.5517823321683792,0.22580701543443993
85,[0.37723129],0.5765872110534985,0.19935592464884588
86,[0.65887948],0.5219627541686734,0.1369167292842245
87,[0.64610003],0.5830289166882637,0.06307111610495286
88,[0.9680988],0.5590633731544215,0.40903543021891153
89,[0.76482687],0.515977977848029,0.24884889081249784
90,[0.84498694],0.5765872110534985,0.2683997267019915
91,[0.00140283],0.5987336408648232,0.5973308118127338
92,[0.20619706],0.586375601596834,0.38017853930503
93,[0.17170102],0.625357495589683,0.4536564783971093
94,[0.4828792],0.5784594973817279,0.09558029391798173
95,[0.81465106],0.5830289166882637,0.23162214203135
96,[0.22022038],0.6270069436857311,0.40678656043891304
97,[0.88827394],0.5830289166882637,0.3052450215634942
98,[0.62700694],0.5283582355459413,0.09864870813978976
99,[0.90058996],0.5428096617134724,0.3577802983963778
