,0,1,2
0,[0.35437453],0.5880955286846072,0.2337209951419228
1,[0.95000925],0.560755002623286,0.38925424274758935
2,[0.16830244],0.5880955286846072,0.41979309136984577
3,[0.9489167],0.5428096617134724,0.4061070358612936
4,[0.76954521],0.5219627541686734,0.24758245098254794
5,[0.37984599],0.5880955286846072,0.2082495374032306
6,[0.70411711],0.5413588783959797,0.16275823433806424
7,[0.15674857],0.6027678725926042,0.44601930753565633
8,[0.81882952],0.5428096617134724,0.27601985497135684
9,[0.54280966],0.6027678725926042,0.05995821087913178
10,[0.8651587],0.5428096617134724,0.32234903464169384
11,[0.86981752],0.5428096617134724,0.32700785440707536
12,[0.7413776],0.5830289166882637,0.158348680091135
13,[0.88175127],0.5765872110534985,0.3051640564062952
14,[0.560755],0.5880955286846072,0.027340526061321202
15,[0.4124859],0.6122622810304446,0.19977637701525774
16,[0.70389428],0.560755002623286,0.14313928135381415
17,[0.08347792],0.609371753045039,0.5258938294154539
18,[0.72361911],0.5219627541686734,0.20165635228596845
19,[0.90893101],0.5765872110534985,0.3323438033820689
20,[0.29708499],0.5921297604123884,0.2950447662324138
21,[0.94714966],0.5428096617134724,0.40434000146892435
22,[0.52196275],0.6122622810304446,0.09029952686177112
23,[0.02001575],0.5880955286846072,0.5680797757339244
24,[0.35438571],0.6151528090158501,0.2607670988554204
25,[0.29135641],0.6151528090158501,0.3237964025627693
26,[0.98677156],0.560755002623286,0.4260165560182888
27,[0.75260261],0.5765872110534985,0.17601540304211316
28,[0.22806634],0.6151528090158501,0.3870864722846833
29,[0.80207597],0.5428096617134724,0.25926630829317143
30,[0.84048935],0.5189703660083512,0.3215189807667249
31,[0.93151835],0.5428096617134724,0.3887086841695272
32,[0.78782638],0.560755002623286,0.22707137497692553
33,[0.36236258],0.5961639921401696,0.23380140805299454
34,[0.33386087],0.609371753045039,0.2755108848544373
35,[0.83292829],0.5686711068383923,0.26425718480026283
36,[0.57658721],0.5855622226864354,0.008975011632936902
37,[0.93258895],0.5517823321683792,0.3808066206239331
38,[0.27090375],0.5961639921401696,0.3252602440473017
39,[0.51374423],0.6151528090158501,0.1014085757657478
40,[0.13577631],0.609371753045039,0.4735954416324101
41,[0.32461822],0.6151528090158501,0.2905345934886753
42,[0.64134324],0.560755002623286,0.0805882355110411
43,[0.28261325],0.6210798763507905,0.3384666275054016
44,[0.44985949],0.5961639921401696,0.14630449934544587
45,[0.14336211],0.5830289166882637,0.43966681024997345
46,[0.99489377],0.5428096617134724,0.4520841095359489
47,[0.07370028],0.5961639921401696,0.5224637140311728
48,[0.58809553],0.5765872110534985,0.011508317631108711
49,[0.02210486],0.609371753045039,0.5872668893752128
50,[0.23770462],0.6122622810304446,0.3745576617960168
51,[0.47368755],0.609371753045039,0.13568419864142023
52,[0.73924504],0.5323862079410729,0.20685882930177069
53,[0.794283],0.5428096617134724,0.25147334293589363
54,[0.26272636],0.6027678725926042,0.340041513008118
55,[0.10674449],0.609371753045039,0.502627266080273
56,[0.94381272],0.560755002623286,0.38305772158369855
57,[0.61515281],0.560755002623286,0.054397806392564085
58,[0.70602324],0.5765872110534985,0.1294360246610834
59,[0.70238482],0.560755002623286,0.14162981864102564
60,[0.92943786],0.560755002623286,0.36868285615096774
61,[0.99082237],0.5428096617134724,0.4480127066680548
62,[0.60937175],0.5428096617134724,0.06656209133156654
63,[0.22382197],0.5961639921401696,0.372342026675064
64,[0.79379892],0.560755002623286,0.23304391501002764
65,[0.19019541],0.6151528090158501,0.42495739895871276
66,[0.58302892],0.5765872110534985,0.006441705634765205
67,[0.30132775],0.609371753045039,0.3080440025714962
68,[0.02962336],0.5961639921401696,0.5665406323895501
69,[0.87754461],0.560755002623286,0.3167896112403352
70,[0.18232085],0.5961639921401696,0.4138431384268123
71,[0.26458224],0.609371753045039,0.3447895096938235
72,[0.51597798],0.6056584005780099,0.08968042272998089
73,[0.7239268],0.560755002623286,0.16317179454814323
74,[0.28244187],0.5961639921401696,0.31372212368779373
75,[0.59616399],0.5765872110534985,0.019576781086671047
76,[0.39681386],0.609371753045039,0.21255789029043348
77,[0.63164577],0.5765872110534985,0.055058555748333515
78,[0.71434973],0.5686711068383923,0.1456786207309052
79,[0.65080043],0.5765872110534985,0.0742132197483979
80,[0.22049539],0.6151528090158501,0.3946574155747349
81,[0.34443047],0.6122622810304446,0.26783181126099687
82,[0.04752716],0.609371753045039,0.56184459227987
83,[0.15770229],0.609371753045039,0.451669466557463
84,[0.77758935],0.560755002623286,0.21683434497953313
85,[0.37723129],0.6122622810304446,0.2350309946257919
86,[0.65887948],0.5428096617134724,0.11606982173942548
87,[0.64610003],0.560755002623286,0.08534503016993056
88,[0.9680988],0.5765872110534985,0.39151159231983446
89,[0.76482687],0.5428096617134724,0.2220172069470544
90,[0.84498694],0.5428096617134724,0.3021772760420176
91,[0.00140283],0.5880955286846072,0.5866926996325179
92,[0.20619706],0.609371753045039,0.403174690753235
93,[0.17170102],0.6122622810304446,0.44056126383787086
94,[0.4828792],0.609371753045039,0.12649254958129286
95,[0.81465106],0.560755002623286,0.2538960560963277
96,[0.22022038],0.609371753045039,0.38915136979822096
97,[0.88827394],0.5686711068383923,0.31960283141336565
98,[0.62700694],0.5428096617134724,0.08419728197225862
99,[0.90058996],0.5428096617134724,0.3577802983963778
