,0,1,2
0,[0.35437453],0.6151528090158501,0.2607782754731657
1,[0.95000925],0.515977977848029,0.4340312675228464
2,[0.16830244],0.6098706477432196,0.4415682104284582
3,[0.9489167],0.5830289166882637,0.3658877808865023
4,[0.76954521],0.5718919596557749,0.1976532454954465
5,[0.37984599],0.5765872110534985,0.1967412197721219
6,[0.70411711],0.5219627541686734,0.18215435856537054
7,[0.15674857],0.6270069436857311,0.47025837862878317
8,[0.81882952],0.5656672536068562,0.25316226307797307
9,[0.54280966],0.5961639921401696,0.05335433042669713
10,[0.8651587],0.5517823321683792,0.31337636418678705
11,[0.86981752],0.5219627541686734,0.34785476195187437
12,[0.7413776],0.5880955286846072,0.1532820680947915
13,[0.88175127],0.5921297604123884,0.2896215070474053
14,[0.560755],0.5895964544142167,0.028841451790930672
15,[0.4124859],0.6151528090158501,0.2026669050006633
16,[0.70389428],0.5830289166882637,0.12086536728883646
17,[0.08347792],0.6429432135693145,0.5594652899397294
18,[0.72361911],0.560755002623286,0.16286410383135586
19,[0.90893101],0.560755002623286,0.3481760118122814
20,[0.29708499],0.6027678725926042,0.30568287841262964
21,[0.94714966],0.5718919596557749,0.3752577035266219
22,[0.52196275],0.5961639921401696,0.07420123797149614
23,[0.02001575],0.5961639921401696,0.5761482391894868
24,[0.35438571],0.6151528090158501,0.2607670988554204
25,[0.29135641],0.6098706477432196,0.31851424129013883
26,[0.98677156],0.5880955286846072,0.3986760299569676
27,[0.75260261],0.5451657221518005,0.2074368919438112
28,[0.22806634],0.6270069436857311,0.39894060695456424
29,[0.80207597],0.5323862079410729,0.26968976206557094
30,[0.84048935],0.5428096617134724,0.2976796850616037
31,[0.93151835],0.560755002623286,0.3707633432597136
32,[0.78782638],0.5550291414266404,0.23279723617357118
33,[0.36236258],0.6056584005780099,0.24329581649083487
34,[0.33386087],0.609371753045039,0.2755108848544373
35,[0.83292829],0.5765872110534985,0.2563410805851566
36,[0.57658721],0.6027678725926042,0.0261806615391057
37,[0.93258895],0.5517823321683792,0.3808066206239331
38,[0.27090375],0.5961639921401696,0.3252602440473017
39,[0.51374423],0.6151528090158501,0.1014085757657478
40,[0.13577631],0.6282480235750887,0.4924717121624598
41,[0.32461822],0.5961639921401696,0.2715457766129947
42,[0.64134324],0.5718919596557749,0.06945127847855226
43,[0.28261325],0.6151528090158501,0.33253956017046116
44,[0.44985949],0.6413432381343271,0.19148374533960344
45,[0.14336211],0.5895964544142167,0.4462343479759264
46,[0.99489377],0.5744252656539466,0.4204685055954748
47,[0.07370028],0.6270069436857311,0.5533066655767342
48,[0.58809553],0.609371753045039,0.02127622436043175
49,[0.02210486],0.6075512361851692,0.5854463725153429
50,[0.23770462],0.6151528090158501,0.37744818978142236
51,[0.47368755],0.6270069436857311,0.1533193892821123
52,[0.73924504],0.515977977848029,0.22326705939481462
53,[0.794283],0.5744252656539466,0.2198577389954195
54,[0.26272636],0.609371753045039,0.3466453934605528
55,[0.10674449],0.6210798763507905,0.5143353893860245
56,[0.94381272],0.560755002623286,0.38305772158369855
57,[0.61515281],0.515977977848029,0.09917483116782111
58,[0.70602324],0.5428096617134724,0.16321357400110947
59,[0.70238482],0.5830289166882637,0.11935590457604794
60,[0.92943786],0.5830289166882637,0.34640894208599005
61,[0.99082237],0.5718919596557749,0.4189304087257524
62,[0.60937175],0.5880955286846072,0.02127622436043175
63,[0.22382197],0.5895964544142167,0.36577448894911113
64,[0.79379892],0.5765872110534985,0.21721170657981514
65,[0.19019541],0.609371753045039,0.41917634298790163
66,[0.58302892],0.6075512361851692,0.02452231949690542
67,[0.30132775],0.6151528090158501,0.31382505854230736
68,[0.02962336],0.5961639921401696,0.5665406323895501
69,[0.87754461],0.5880955286846072,0.289449085179014
70,[0.18232085],0.5961639921401696,0.4138431384268123
71,[0.26458224],0.609371753045039,0.3447895096938235
72,[0.51597798],0.6270069436857311,0.11102896583770205
73,[0.7239268],0.5686711068383923,0.155255690333037
74,[0.28244187],0.6270069436857311,0.3445650752333552
75,[0.59616399],0.560755002623286,0.03540898951688354
76,[0.39681386],0.6181893483653851,0.22137548561077958
77,[0.63164577],0.5830289166882637,0.04861685011356831
78,[0.71434973],0.5765872110534985,0.13776251651579896
79,[0.65080043],0.5880955286846072,0.06270490211728919
80,[0.22049539],0.6270069436857311,0.4065115502446158
81,[0.34443047],0.6341750909100291,0.2897446211405814
82,[0.04752716],0.6270069436857311,0.5794797829205621
83,[0.15770229],0.609371753045039,0.451669466557463
84,[0.77758935],0.5428096617134724,0.23477968588934672
85,[0.37723129],0.5961639921401696,0.21893270573551693
86,[0.65887948],0.5550291414266404,0.10385034202625754
87,[0.64610003],0.5629192892008681,0.0831807435923485
88,[0.9680988],0.586375601596834,0.381723201776499
89,[0.76482687],0.5219627541686734,0.2428641144918534
90,[0.84498694],0.5765872110534985,0.2683997267019915
91,[0.00140283],0.5987336408648232,0.5973308118127338
92,[0.20619706],0.6056584005780099,0.3994613382862059
93,[0.17170102],0.609371753045039,0.4376707358524653
94,[0.4828792],0.6115854679129503,0.1287062644492042
95,[0.81465106],0.5830289166882637,0.23162214203135
96,[0.22022038],0.6270069436857311,0.40678656043891304
97,[0.88827394],0.5830289166882637,0.3052450215634942
98,[0.62700694],0.5524958354284686,0.07451110825726248
99,[0.90058996],0.560755002623286,0.3398349574865642
