,0,1,2
0,[0.35437453],0.5880955286846072,0.2337209951419228
1,[0.95000925],0.560755002623286,0.38925424274758935
2,[0.16830244],0.5961639921401696,0.4278615548254081
3,[0.9489167],0.560755002623286,0.38816169495148
4,[0.76954521],0.5428096617134724,0.22673554343774893
5,[0.37984599],0.609371753045039,0.22952576176366235
6,[0.70411711],0.560755002623286,0.14336211011075795
7,[0.15674857],0.6151528090158501,0.4584042439589022
8,[0.81882952],0.560755002623286,0.25807451406154325
9,[0.54280966],0.6027678725926042,0.05995821087913178
10,[0.8651587],0.560755002623286,0.30440369373188025
11,[0.86981752],0.5428096617134724,0.32700785440707536
12,[0.7413776],0.5765872110534985,0.1647903857259002
13,[0.88175127],0.5765872110534985,0.3051640564062952
14,[0.560755],0.5961639921401696,0.03540898951688354
15,[0.4124859],0.6122622810304446,0.19977637701525774
16,[0.70389428],0.5428096617134724,0.16108462226362774
17,[0.08347792],0.609371753045039,0.5258938294154539
18,[0.72361911],0.5428096617134724,0.18080944474116944
19,[0.90893101],0.5765872110534985,0.3323438033820689
20,[0.29708499],0.5961639921401696,0.299078997960195
21,[0.94714966],0.560755002623286,0.38639466055911076
22,[0.52196275],0.6151528090158501,0.09319005484717668
23,[0.02001575],0.5961639921401696,0.5761482391894868
24,[0.35438571],0.609371753045039,0.25498604288460924
25,[0.29135641],0.609371753045039,0.3180153465919582
26,[0.98677156],0.560755002623286,0.4260165560182888
27,[0.75260261],0.5765872110534985,0.17601540304211316
28,[0.22806634],0.6270069436857311,0.39894060695456424
29,[0.80207597],0.5428096617134724,0.25926630829317143
30,[0.84048935],0.5219627541686734,0.3185265926064027
31,[0.93151835],0.5428096617134724,0.3887086841695272
32,[0.78782638],0.560755002623286,0.22707137497692553
33,[0.36236258],0.5961639921401696,0.23380140805299454
34,[0.33386087],0.5961639921401696,0.2623031239495679
35,[0.83292829],0.560755002623286,0.2721732890153691
36,[0.57658721],0.5880955286846072,0.011508317631108711
37,[0.93258895],0.560755002623286,0.3718339501690263
38,[0.27090375],0.5961639921401696,0.3252602440473017
39,[0.51374423],0.6151528090158501,0.1014085757657478
40,[0.13577631],0.609371753045039,0.4735954416324101
41,[0.32461822],0.6151528090158501,0.2905345934886753
42,[0.64134324],0.5517823321683792,0.0895609059659479
43,[0.28261325],0.6151528090158501,0.33253956017046116
44,[0.44985949],0.6027678725926042,0.15290837979788052
45,[0.14336211],0.5961639921401696,0.4528018857018793
46,[0.99489377],0.5517823321683792,0.4431114390810421
47,[0.07370028],0.5961639921401696,0.5224637140311728
48,[0.58809553],0.5765872110534985,0.011508317631108711
49,[0.02210486],0.6122622810304446,0.5901574173606183
50,[0.23770462],0.609371753045039,0.3716671338106112
51,[0.47368755],0.5961639921401696,0.12247643773655081
52,[0.73924504],0.5428096617134724,0.19643537552937118
53,[0.794283],0.5428096617134724,0.25147334293589363
54,[0.26272636],0.609371753045039,0.3466453934605528
55,[0.10674449],0.5961639921401696,0.48941950517540356
56,[0.94381272],0.560755002623286,0.38305772158369855
57,[0.61515281],0.5428096617134724,0.07234314730237767
58,[0.70602324],0.560755002623286,0.14526823309129588
59,[0.70238482],0.560755002623286,0.14162981864102564
60,[0.92943786],0.560755002623286,0.36868285615096774
61,[0.99082237],0.5428096617134724,0.4480127066680548
62,[0.60937175],0.560755002623286,0.04861675042175295
63,[0.22382197],0.5880955286846072,0.36427356321950166
64,[0.79379892],0.560755002623286,0.23304391501002764
65,[0.19019541],0.6151528090158501,0.42495739895871276
66,[0.58302892],0.5765872110534985,0.006441705634765205
67,[0.30132775],0.6151528090158501,0.31382505854230736
68,[0.02962336],0.609371753045039,0.5797483932944195
69,[0.87754461],0.5428096617134724,0.3347349521501488
70,[0.18232085],0.5961639921401696,0.4138431384268123
71,[0.26458224],0.609371753045039,0.3447895096938235
72,[0.51597798],0.5961639921401696,0.08018601429214056
73,[0.7239268],0.560755002623286,0.16317179454814323
74,[0.28244187],0.5961639921401696,0.31372212368779373
75,[0.59616399],0.560755002623286,0.03540898951688354
76,[0.39681386],0.6027678725926042,0.20595400983799872
77,[0.63164577],0.5765872110534985,0.055058555748333515
78,[0.71434973],0.5428096617134724,0.17154006585582504
79,[0.65080043],0.5686711068383923,0.08212932396350414
80,[0.22049539],0.6151528090158501,0.3946574155747349
81,[0.34443047],0.6270069436857311,0.2825764739162834
82,[0.04752716],0.609371753045039,0.56184459227987
83,[0.15770229],0.609371753045039,0.451669466557463
84,[0.77758935],0.560755002623286,0.21683434497953313
85,[0.37723129],0.6151528090158501,0.23792152261119748
86,[0.65887948],0.5517823321683792,0.10709715128451869
87,[0.64610003],0.560755002623286,0.08534503016993056
88,[0.9680988],0.5428096617134724,0.42528914165986054
89,[0.76482687],0.560755002623286,0.2040718660372408
90,[0.84498694],0.5428096617134724,0.3021772760420176
91,[0.00140283],0.5880955286846072,0.5866926996325179
92,[0.20619706],0.609371753045039,0.403174690753235
93,[0.17170102],0.609371753045039,0.4376707358524653
94,[0.4828792],0.5961639921401696,0.11328478867642344
95,[0.81465106],0.5765872110534985,0.2380638476661152
96,[0.22022038],0.609371753045039,0.38915136979822096
97,[0.88827394],0.5686711068383923,0.31960283141336565
98,[0.62700694],0.5428096617134724,0.08419728197225862
99,[0.90058996],0.5765872110534985,0.32400274905635174
