,0,1,2
0,[0.35437453],0.6151528090158501,0.2607782754731657
1,[0.95000925],0.5428096617134724,0.40719958365740294
2,[0.16830244],0.5880955286846072,0.41979309136984577
3,[0.9489167],0.5798080638708811,0.3691086337038849
4,[0.76954521],0.515977977848029,0.25356722730319237
5,[0.37984599],0.6016241688502286,0.221778177568852
6,[0.70411711],0.5219627541686734,0.18215435856537054
7,[0.15674857],0.6210798763507905,0.46433131129384264
8,[0.81882952],0.5656672536068562,0.25316226307797307
9,[0.54280966],0.6056584005780099,0.06284873886453746
10,[0.8651587],0.560755002623286,0.30440369373188025
11,[0.86981752],0.5219627541686734,0.34785476195187437
12,[0.7413776],0.5880955286846072,0.1532820680947915
13,[0.88175127],0.5921297604123884,0.2896215070474053
14,[0.560755],0.5830289166882637,0.022273914064977696
15,[0.4124859],0.6027678725926042,0.19028196857741742
16,[0.70389428],0.5765872110534985,0.12730707292360166
17,[0.08347792],0.6270069436857311,0.543529020056146
18,[0.72361911],0.560755002623286,0.16286410383135586
19,[0.90893101],0.560755002623286,0.3481760118122814
20,[0.29708499],0.5880955286846072,0.29101053450463266
21,[0.94714966],0.515977977848029,0.4311716853343678
22,[0.52196275],0.5961639921401696,0.07420123797149614
23,[0.02001575],0.609371753045039,0.5893560000943562
24,[0.35438571],0.6151528090158501,0.2607670988554204
25,[0.29135641],0.6181893483653851,0.3268329419123043
26,[0.98677156],0.5765872110534985,0.4101843475880763
27,[0.75260261],0.5451657221518005,0.2074368919438112
28,[0.22806634],0.6270069436857311,0.39894060695456424
29,[0.80207597],0.5323862079410729,0.26968976206557094
30,[0.84048935],0.515977977848029,0.32451136892704713
31,[0.93151835],0.5718919596557749,0.35962638622722476
32,[0.78782638],0.5880955286846072,0.19973084891560433
33,[0.36236258],0.6056584005780099,0.24329581649083487
34,[0.33386087],0.6122622810304446,0.2784014128398429
35,[0.83292829],0.5148611055490657,0.3180671860895894
36,[0.57658721],0.5880955286846072,0.011508317631108711
37,[0.93258895],0.5517823321683792,0.3808066206239331
38,[0.27090375],0.5961639921401696,0.3252602440473017
39,[0.51374423],0.5958700100346743,0.082125776784572
40,[0.13577631],0.6151528090158501,0.4793764976032212
41,[0.32461822],0.5961639921401696,0.2715457766129947
42,[0.64134324],0.5718919596557749,0.06945127847855226
43,[0.28261325],0.6151528090158501,0.33253956017046116
44,[0.44985949],0.631645766801832,0.18178627400710834
45,[0.14336211],0.5830289166882637,0.43966681024997345
46,[0.99489377],0.5744252656539466,0.4204685055954748
47,[0.07370028],0.6270069436857311,0.5533066655767342
48,[0.58809553],0.609371753045039,0.02127622436043175
49,[0.02210486],0.6181893483653851,0.5960844846955589
50,[0.23770462],0.6122622810304446,0.3745576617960168
51,[0.47368755],0.6270069436857311,0.1533193892821123
52,[0.73924504],0.5219627541686734,0.2172822830741702
53,[0.794283],0.5880955286846072,0.20618747596475884
54,[0.26272636],0.5855622226864354,0.3228358631019492
55,[0.10674449],0.6210798763507905,0.5143353893860245
56,[0.94381272],0.560755002623286,0.38305772158369855
57,[0.61515281],0.5428096617134724,0.07234314730237767
58,[0.70602324],0.5428096617134724,0.16321357400110947
59,[0.70238482],0.5830289166882637,0.11935590457604794
60,[0.92943786],0.5765872110534985,0.35285064772075525
61,[0.99082237],0.560755002623286,0.4300673657582412
62,[0.60937175],0.5880955286846072,0.02127622436043175
63,[0.22382197],0.5961639921401696,0.372342026675064
64,[0.79379892],0.5765872110534985,0.21721170657981514
65,[0.19019541],0.609371753045039,0.41917634298790163
66,[0.58302892],0.5765872110534985,0.006441705634765205
67,[0.30132775],0.6151528090158501,0.31382505854230736
68,[0.02962336],0.5830289166882637,0.5534055569376443
69,[0.87754461],0.5765872110534985,0.30095740281012273
70,[0.18232085],0.5921297604123884,0.40980890669903114
71,[0.26458224],0.609371753045039,0.3447895096938235
72,[0.51597798],0.6210798763507905,0.10510189850276153
73,[0.7239268],0.5765872110534985,0.14733958611793074
74,[0.28244187],0.5962003348666514,0.3137584664142755
75,[0.59616399],0.560755002623286,0.03540898951688354
76,[0.39681386],0.6181893483653851,0.22137548561077958
77,[0.63164577],0.5830289166882637,0.04861685011356831
78,[0.71434973],0.5293938197807507,0.18495590778854676
79,[0.65080043],0.5189703660083512,0.1318300647935452
80,[0.22049539],0.6270069436857311,0.4065115502446158
81,[0.34443047],0.6270069436857311,0.2825764739162834
82,[0.04752716],0.6210798763507905,0.5735527155856216
83,[0.15770229],0.609371753045039,0.451669466557463
84,[0.77758935],0.5517823321683792,0.22580701543443993
85,[0.37723129],0.5961639921401696,0.21893270573551693
86,[0.65887948],0.5550291414266404,0.10385034202625754
87,[0.64610003],0.5830289166882637,0.06307111610495286
88,[0.9680988],0.5219627541686734,0.44613604920465955
89,[0.76482687],0.5654525951990399,0.19937427346148695
90,[0.84498694],0.5686711068383923,0.27631583091709777
91,[0.00140283],0.5880955286846072,0.5866926996325179
92,[0.20619706],0.6151528090158501,0.4089557467240461
93,[0.17170102],0.6027678725926042,0.43106685540003054
94,[0.4828792],0.5961639921401696,0.11328478867642344
95,[0.81465106],0.5830289166882637,0.23162214203135
96,[0.22022038],0.5961639921401696,0.37594360889335154
97,[0.88827394],0.5830289166882637,0.3052450215634942
98,[0.62700694],0.5524958354284686,0.07451110825726248
99,[0.90058996],0.5686711068383923,0.331918853271458
