,0,1,2
0,[0.35437453],0.6151528090158501,0.2607782754731657
1,[0.95000925],0.5428096617134724,0.40719958365740294
2,[0.16830244],0.5961639921401696,0.4278615548254081
3,[0.9489167],0.560755002623286,0.38816169495148
4,[0.76954521],0.515977977848029,0.25356722730319237
5,[0.37984599],0.5880955286846072,0.2082495374032306
6,[0.70411711],0.5765872110534985,0.12752990168054545
7,[0.15674857],0.6210798763507905,0.46433131129384264
8,[0.81882952],0.5219627541686734,0.29686676251615585
9,[0.54280966],0.6151528090158501,0.07234314730237767
10,[0.8651587],0.5428096617134724,0.32234903464169384
11,[0.86981752],0.5428096617134724,0.32700785440707536
12,[0.7413776],0.5880955286846072,0.1532820680947915
13,[0.88175127],0.5765872110534985,0.3051640564062952
14,[0.560755],0.5830289166882637,0.022273914064977696
15,[0.4124859],0.6027678725926042,0.19028196857741742
16,[0.70389428],0.5765872110534985,0.12730707292360166
17,[0.08347792],0.609371753045039,0.5258938294154539
18,[0.72361911],0.5686711068383923,0.1549479996162496
19,[0.90893101],0.560755002623286,0.3481760118122814
20,[0.29708499],0.5880955286846072,0.29101053450463266
21,[0.94714966],0.5293938197807507,0.41775584340164607
22,[0.52196275],0.5961639921401696,0.07420123797149614
23,[0.02001575],0.6027678725926042,0.5827521196419214
24,[0.35438571],0.609371753045039,0.25498604288460924
25,[0.29135641],0.6181893483653851,0.3268329419123043
26,[0.98677156],0.5830289166882637,0.4037426419533111
27,[0.75260261],0.5798080638708811,0.17279455022473056
28,[0.22806634],0.6270069436857311,0.39894060695456424
29,[0.80207597],0.5428096617134724,0.25926630829317143
30,[0.84048935],0.5148611055490657,0.3256282412260104
31,[0.93151835],0.560755002623286,0.3707633432597136
32,[0.78782638],0.5428096617134724,0.24501671588673912
33,[0.36236258],0.6122622810304446,0.24989969694326952
34,[0.33386087],0.609371753045039,0.2755108848544373
35,[0.83292829],0.5686711068383923,0.26425718480026283
36,[0.57658721],0.5961639921401696,0.019576781086671047
37,[0.93258895],0.5718919596557749,0.36069699313653747
38,[0.27090375],0.5961639921401696,0.3252602440473017
39,[0.51374423],0.609371753045039,0.09562751979493667
40,[0.13577631],0.609371753045039,0.4735954416324101
41,[0.32461822],0.5961639921401696,0.2715457766129947
42,[0.64134324],0.5765872110534985,0.06475602708082862
43,[0.28261325],0.6151528090158501,0.33253956017046116
44,[0.44985949],0.609371753045039,0.15951226025031529
45,[0.14336211],0.5830289166882637,0.43966681024997345
46,[0.99489377],0.560755002623286,0.4341387686261353
47,[0.07370028],0.6270069436857311,0.5533066655767342
48,[0.58809553],0.609371753045039,0.02127622436043175
49,[0.02210486],0.6270069436857311,0.6049020800159048
50,[0.23770462],0.6122622810304446,0.3745576617960168
51,[0.47368755],0.6270069436857311,0.1533193892821123
52,[0.73924504],0.5323862079410729,0.20685882930177069
53,[0.794283],0.5517823321683792,0.24250067248098683
54,[0.26272636],0.5880955286846072,0.32536916910012104
55,[0.10674449],0.6122622810304446,0.5055177940656785
56,[0.94381272],0.560755002623286,0.38305772158369855
57,[0.61515281],0.5428096617134724,0.07234314730237767
58,[0.70602324],0.560755002623286,0.14526823309129588
59,[0.70238482],0.560755002623286,0.14162981864102564
60,[0.92943786],0.5765872110534985,0.35285064772075525
61,[0.99082237],0.560755002623286,0.4300673657582412
62,[0.60937175],0.5880955286846072,0.02127622436043175
63,[0.22382197],0.5961639921401696,0.372342026675064
64,[0.79379892],0.5765872110534985,0.21721170657981514
65,[0.19019541],0.609371753045039,0.41917634298790163
66,[0.58302892],0.5880955286846072,0.005066611996343506
67,[0.30132775],0.6151528090158501,0.31382505854230736
68,[0.02962336],0.5895964544142167,0.5599730946635972
69,[0.87754461],0.5765872110534985,0.30095740281012273
70,[0.18232085],0.5880955286846072,0.40577467497124997
71,[0.26458224],0.609371753045039,0.3447895096938235
72,[0.51597798],0.6151528090158501,0.09917483116782111
73,[0.7239268],0.5686711068383923,0.155255690333037
74,[0.28244187],0.609371753045039,0.32692988459266314
75,[0.59616399],0.5798080638708811,0.016355928269288444
76,[0.39681386],0.6181893483653851,0.22137548561077958
77,[0.63164577],0.5830289166882637,0.04861685011356831
78,[0.71434973],0.5765872110534985,0.13776251651579896
79,[0.65080043],0.5718919596557749,0.07890847114612154
80,[0.22049539],0.6270069436857311,0.4065115502446158
81,[0.34443047],0.6210798763507905,0.27664940658134285
82,[0.04752716],0.6210798763507905,0.5735527155856216
83,[0.15770229],0.609371753045039,0.451669466557463
84,[0.77758935],0.560755002623286,0.21683434497953313
85,[0.37723129],0.5961639921401696,0.21893270573551693
86,[0.65887948],0.5323862079410729,0.126493275511825
87,[0.64610003],0.5830289166882637,0.06307111610495286
88,[0.9680988],0.5765872110534985,0.39151159231983446
89,[0.76482687],0.5517823321683792,0.2130445364921476
90,[0.84498694],0.5517823321683792,0.2932046055871108
91,[0.00140283],0.5855622226864354,0.5841593936343461
92,[0.20619706],0.6151528090158501,0.4089557467240461
93,[0.17170102],0.5961639921401696,0.4244629749475959
94,[0.4828792],0.6027678725926042,0.1198886691288581
95,[0.81465106],0.5524958354284686,0.26215522329114516
96,[0.22022038],0.609371753045039,0.38915136979822096
97,[0.88827394],0.5718919596557749,0.31638197859598305
98,[0.62700694],0.5219627541686734,0.10504418951705763
99,[0.90058996],0.5517823321683792,0.348807627941471
