,0,1,2
0,[0.35437453],0.5961639921401696,0.24178945859748513
1,[0.95000925],0.560755002623286,0.38925424274758935
2,[0.16830244],0.5961639921401696,0.4278615548254081
3,[0.9489167],0.560755002623286,0.38816169495148
4,[0.76954521],0.560755002623286,0.20879020252793534
5,[0.37984599],0.6151528090158501,0.23530681773447348
6,[0.70411711],0.560755002623286,0.14336211011075795
7,[0.15674857],0.6151528090158501,0.4584042439589022
8,[0.81882952],0.560755002623286,0.25807451406154325
9,[0.54280966],0.5961639921401696,0.05335433042669713
10,[0.8651587],0.5428096617134724,0.32234903464169384
11,[0.86981752],0.560755002623286,0.30906251349726177
12,[0.7413776],0.560755002623286,0.1806225941561127
13,[0.88175127],0.5765872110534985,0.3051640564062952
14,[0.560755],0.5961639921401696,0.03540898951688354
15,[0.4124859],0.609371753045039,0.19688584902985218
16,[0.70389428],0.5428096617134724,0.16108462226362774
17,[0.08347792],0.609371753045039,0.5258938294154539
18,[0.72361911],0.560755002623286,0.16286410383135586
19,[0.90893101],0.560755002623286,0.3481760118122814
20,[0.29708499],0.5961639921401696,0.299078997960195
21,[0.94714966],0.5428096617134724,0.40434000146892435
22,[0.52196275],0.609371753045039,0.08740899887636555
23,[0.02001575],0.609371753045039,0.5893560000943562
24,[0.35438571],0.609371753045039,0.25498604288460924
25,[0.29135641],0.609371753045039,0.3180153465919582
26,[0.98677156],0.560755002623286,0.4260165560182888
27,[0.75260261],0.560755002623286,0.19184761147232565
28,[0.22806634],0.6151528090158501,0.3870864722846833
29,[0.80207597],0.560755002623286,0.24132096738335784
30,[0.84048935],0.560755002623286,0.2797343441517901
31,[0.93151835],0.5428096617134724,0.3887086841695272
32,[0.78782638],0.560755002623286,0.22707137497692553
33,[0.36236258],0.609371753045039,0.24700916895786396
34,[0.33386087],0.609371753045039,0.2755108848544373
35,[0.83292829],0.560755002623286,0.2721732890153691
36,[0.57658721],0.5880955286846072,0.011508317631108711
37,[0.93258895],0.560755002623286,0.3718339501690263
38,[0.27090375],0.609371753045039,0.3384680049521711
39,[0.51374423],0.609371753045039,0.09562751979493667
40,[0.13577631],0.609371753045039,0.4735954416324101
41,[0.32461822],0.609371753045039,0.28475353751786414
42,[0.64134324],0.560755002623286,0.0805882355110411
43,[0.28261325],0.609371753045039,0.32675850419965
44,[0.44985949],0.609371753045039,0.15951226025031529
45,[0.14336211],0.5961639921401696,0.4528018857018793
46,[0.99489377],0.560755002623286,0.4341387686261353
47,[0.07370028],0.6122622810304446,0.5385620029214477
48,[0.58809553],0.5765872110534985,0.011508317631108711
49,[0.02210486],0.609371753045039,0.5872668893752128
50,[0.23770462],0.6151528090158501,0.37744818978142236
51,[0.47368755],0.609371753045039,0.13568419864142023
52,[0.73924504],0.5428096617134724,0.19643537552937118
53,[0.794283],0.5428096617134724,0.25147334293589363
54,[0.26272636],0.609371753045039,0.3466453934605528
55,[0.10674449],0.5961639921401696,0.48941950517540356
56,[0.94381272],0.560755002623286,0.38305772158369855
57,[0.61515281],0.560755002623286,0.054397806392564085
58,[0.70602324],0.5686711068383923,0.13735212887618964
59,[0.70238482],0.560755002623286,0.14162981864102564
60,[0.92943786],0.560755002623286,0.36868285615096774
61,[0.99082237],0.560755002623286,0.4300673657582412
62,[0.60937175],0.560755002623286,0.04861675042175295
63,[0.22382197],0.5961639921401696,0.372342026675064
64,[0.79379892],0.560755002623286,0.23304391501002764
65,[0.19019541],0.609371753045039,0.41917634298790163
66,[0.58302892],0.5880955286846072,0.005066611996343506
67,[0.30132775],0.6151528090158501,0.31382505854230736
68,[0.02962336],0.609371753045039,0.5797483932944195
69,[0.87754461],0.560755002623286,0.3167896112403352
70,[0.18232085],0.609371753045039,0.4270508993316817
71,[0.26458224],0.609371753045039,0.3447895096938235
72,[0.51597798],0.609371753045039,0.09339377519700998
73,[0.7239268],0.560755002623286,0.16317179454814323
74,[0.28244187],0.609371753045039,0.32692988459266314
75,[0.59616399],0.5765872110534985,0.019576781086671047
76,[0.39681386],0.5961639921401696,0.19935012938556407
77,[0.63164577],0.5765872110534985,0.055058555748333515
78,[0.71434973],0.560755002623286,0.15359472494601145
79,[0.65080043],0.560755002623286,0.09004542817861039
80,[0.22049539],0.609371753045039,0.38887635960392375
81,[0.34443047],0.609371753045039,0.2649412832755913
82,[0.04752716],0.6027678725926042,0.5552407118274353
83,[0.15770229],0.609371753045039,0.451669466557463
84,[0.77758935],0.560755002623286,0.21683434497953313
85,[0.37723129],0.609371753045039,0.23214046664038634
86,[0.65887948],0.560755002623286,0.0981244808296119
87,[0.64610003],0.5517823321683792,0.09431770062483735
88,[0.9680988],0.560755002623286,0.40734380075004695
89,[0.76482687],0.560755002623286,0.2040718660372408
90,[0.84498694],0.560755002623286,0.284231935132204
91,[0.00140283],0.5961639921401696,0.5947611630880802
92,[0.20619706],0.609371753045039,0.403174690753235
93,[0.17170102],0.609371753045039,0.4376707358524653
94,[0.4828792],0.609371753045039,0.12649254958129286
95,[0.81465106],0.560755002623286,0.2538960560963277
96,[0.22022038],0.6151528090158501,0.3949324257690321
97,[0.88827394],0.560755002623286,0.3275189356284719
98,[0.62700694],0.560755002623286,0.06625194106244503
99,[0.90058996],0.560755002623286,0.3398349574865642
