,0,1,2
0,[0.35437453],0.609371753045039,0.25499721950235454
1,[0.95000925],0.5428096617134724,0.40719958365740294
2,[0.16830244],0.5880955286846072,0.41979309136984577
3,[0.9489167],0.5428096617134724,0.4061070358612936
4,[0.76954521],0.5428096617134724,0.22673554343774893
5,[0.37984599],0.5880955286846072,0.2082495374032306
6,[0.70411711],0.5686711068383923,0.1354460058956517
7,[0.15674857],0.6270069436857311,0.47025837862878317
8,[0.81882952],0.5428096617134724,0.27601985497135684
9,[0.54280966],0.5961639921401696,0.05335433042669713
10,[0.8651587],0.5517823321683792,0.31337636418678705
11,[0.86981752],0.5517823321683792,0.31803518395216857
12,[0.7413776],0.5830289166882637,0.158348680091135
13,[0.88175127],0.5765872110534985,0.3051640564062952
14,[0.560755],0.5830289166882637,0.022273914064977696
15,[0.4124859],0.6151528090158501,0.2026669050006633
16,[0.70389428],0.5765872110534985,0.12730707292360166
17,[0.08347792],0.6122622810304446,0.5287843574008595
18,[0.72361911],0.5517823321683792,0.17183677428626265
19,[0.90893101],0.5686711068383923,0.34025990759717517
20,[0.29708499],0.6027678725926042,0.30568287841262964
21,[0.94714966],0.5428096617134724,0.40434000146892435
22,[0.52196275],0.5961639921401696,0.07420123797149614
23,[0.02001575],0.5921297604123884,0.5721140074617056
24,[0.35438571],0.6151528090158501,0.2607670988554204
25,[0.29135641],0.6210798763507905,0.32972346989770973
26,[0.98677156],0.5765872110534985,0.4101843475880763
27,[0.75260261],0.5686711068383923,0.1839315072572194
28,[0.22806634],0.6151528090158501,0.3870864722846833
29,[0.80207597],0.560755002623286,0.24132096738335784
30,[0.84048935],0.515977977848029,0.32451136892704713
31,[0.93151835],0.5428096617134724,0.3887086841695272
32,[0.78782638],0.560755002623286,0.22707137497692553
33,[0.36236258],0.609371753045039,0.24700916895786396
34,[0.33386087],0.6122622810304446,0.2784014128398429
35,[0.83292829],0.5686711068383923,0.26425718480026283
36,[0.57658721],0.5830289166882637,0.006441705634765205
37,[0.93258895],0.560755002623286,0.3718339501690263
38,[0.27090375],0.5961639921401696,0.3252602440473017
39,[0.51374423],0.6151528090158501,0.1014085757657478
40,[0.13577631],0.6122622810304446,0.47648596961781564
41,[0.32461822],0.6210798763507905,0.2964616608236157
42,[0.64134324],0.560755002623286,0.0805882355110411
43,[0.28261325],0.6210798763507905,0.3384666275054016
44,[0.44985949],0.5961639921401696,0.14630449934544587
45,[0.14336211],0.5961639921401696,0.4528018857018793
46,[0.99489377],0.560755002623286,0.4341387686261353
47,[0.07370028],0.6270069436857311,0.5533066655767342
48,[0.58809553],0.609371753045039,0.02127622436043175
49,[0.02210486],0.6270069436857311,0.6049020800159048
50,[0.23770462],0.6413432381343271,0.4036386188998994
51,[0.47368755],0.609371753045039,0.13568419864142023
52,[0.73924504],0.5219627541686734,0.2172822830741702
53,[0.794283],0.5428096617134724,0.25147334293589363
54,[0.26272636],0.5921297604123884,0.3294034008279022
55,[0.10674449],0.5961639921401696,0.48941950517540356
56,[0.94381272],0.560755002623286,0.38305772158369855
57,[0.61515281],0.5517823321683792,0.06337047684747088
58,[0.70602324],0.5686711068383923,0.13735212887618964
59,[0.70238482],0.5765872110534985,0.12579761021081315
60,[0.92943786],0.5686711068383923,0.3607667519358615
61,[0.99082237],0.5517823321683792,0.439040036213148
62,[0.60937175],0.560755002623286,0.04861675042175295
63,[0.22382197],0.5961639921401696,0.372342026675064
64,[0.79379892],0.560755002623286,0.23304391501002764
65,[0.19019541],0.609371753045039,0.41917634298790163
66,[0.58302892],0.5765872110534985,0.006441705634765205
67,[0.30132775],0.6122622810304446,0.3109345305569018
68,[0.02962336],0.5961639921401696,0.5665406323895501
69,[0.87754461],0.560755002623286,0.3167896112403352
70,[0.18232085],0.5880955286846072,0.40577467497124997
71,[0.26458224],0.609371753045039,0.3447895096938235
72,[0.51597798],0.5961639921401696,0.08018601429214056
73,[0.7239268],0.560755002623286,0.16317179454814323
74,[0.28244187],0.6151528090158501,0.3327109405634743
75,[0.59616399],0.5765872110534985,0.019576781086671047
76,[0.39681386],0.609371753045039,0.21255789029043348
77,[0.63164577],0.5765872110534985,0.055058555748333515
78,[0.71434973],0.5428096617134724,0.17154006585582504
79,[0.65080043],0.560755002623286,0.09004542817861039
80,[0.22049539],0.609371753045039,0.38887635960392375
81,[0.34443047],0.6151528090158501,0.27072233924640243
82,[0.04752716],0.6270069436857311,0.5794797829205621
83,[0.15770229],0.5961639921401696,0.43846170565259357
84,[0.77758935],0.560755002623286,0.21683434497953313
85,[0.37723129],0.6151528090158501,0.23792152261119748
86,[0.65887948],0.5323862079410729,0.126493275511825
87,[0.64610003],0.5686711068383923,0.07742892595482431
88,[0.9680988],0.5765872110534985,0.39151159231983446
89,[0.76482687],0.5517823321683792,0.2130445364921476
90,[0.84498694],0.5428096617134724,0.3021772760420176
91,[0.00140283],0.5987336408648232,0.5973308118127338
92,[0.20619706],0.6151528090158501,0.4089557467240461
93,[0.17170102],0.609371753045039,0.4376707358524653
94,[0.4828792],0.609371753045039,0.12649254958129286
95,[0.81465106],0.560755002623286,0.2538960560963277
96,[0.22022038],0.609371753045039,0.38915136979822096
97,[0.88827394],0.5765872110534985,0.3116867271982594
98,[0.62700694],0.5219627541686734,0.10504418951705763
99,[0.90058996],0.5428096617134724,0.3577802983963778
