,0,1,2
0,[17.72735076],14.794119050611126,14.744455658331901
1,[15.85932658],11.301921217332888,12.68081825302732
2,[19.26465905],16.30245997486249,16.804342523490302
3,[15.90111705],7.715661657610933,12.001366342755293
4,[17.94350025],7.063826569356817,14.07079487339206
5,[15.6038745],5.251687030620525,10.962420145439438
6,[17.77349375],6.912228962288898,13.17410787538046
7,[15.41013089],7.241527906382267,10.768676532119745
8,[19.96352587],14.77301707686011,16.063775162523637
9,[16.26359631],14.203890720275066,13.723835348037952
10,[17.66480007],4.248735147612812,13.072215966547864
11,[19.46069549],16.335156023040284,15.374353957686772
12,[16.21046813],6.995823970030926,12.932668424638358
13,[17.0881037],8.47390867033879,12.617386462791334
14,[19.33972742],8.097213296473385,14.740341542268432
15,[1.43165121],7.87615960028919,3.1677346714860004
16,[0.68849832],7.122880047470606,3.952956039606632
17,[0.25396801],4.939700571439496,4.331814313254492
18,[4.64145436],4.598370219161262,1.3636546542486716
19,[3.89975071],7.45303696442336,0.9168556143764968
20,[3.47237254],3.812116096264478,1.2410798220871406
21,[4.76719334],4.098194129828581,0.16780746004529679
22,[4.6597114],9.55185482829106,0.018257037943409493
23,[1.03699769],7.010158854279352,3.4337195463284456
24,[1.11678491],8.484953349319673,2.969556617584738
25,[4.98759182],5.395044246731967,0.3278804286931001
26,[2.46031652],4.038576085340941,1.3226371822798595
27,[1.12887437],1.5143660762778808,2.246211751276209
28,[4.93858081],3.6328814290032008,0.33919493414546054
29,[3.78295371],10.22233691496291,0.9842396307525134
30,[2.91291495],7.362513415891241,0.9868357567032389
31,[2.83013576],12.347956918510661,1.769250119661851
32,[1.85921687],3.6087386109317015,1.6131556760146983
33,[2.26481781],6.685322791942314,2.376636544544171
34,[4.08634153],4.196089619342327,0.6808518072070457
35,[0.51003263],8.965224428186284,3.27292107651797
36,[4.58578232],7.010593480710237,1.3079826211019814
37,[0.21935594],11.585759499088947,4.366426388022799
38,[2.87274299],4.492215012555964,0.483231295541541
39,[0.90249493],8.572762124092678,2.9972557774204587
40,[3.17850832],0.7978066812762167,0.7212423890784261
41,[4.47071723],7.173180656492886,1.4878221357298806
42,[3.2777997],6.884187212146273,0.17546100680758236
43,[1.27112435],3.843975617556107,2.5118293543873857
44,[2.9828951],7.503382882994812,1.1034464329258706
45,[4.59938588],8.92650459172979,0.9268469161078805
46,[3.87270538],4.43816912804211,1.0425696199649788
47,[1.45497272],14.006488037954764,3.1864816331238406
48,[3.43414888],7.263010855809938,0.6521926529059479
49,[2.16660696],7.048124954267133,1.6163467427525653
