,0,1,2
0,[17.72735076],14.794119050611126,14.744455658331901
1,[15.85932658],10.66462489070812,12.68081825302732
2,[19.26465905],16.271190140255854,16.804342523490302
3,[15.90111705],7.715661657610933,12.001366342755293
4,[17.94350025],6.980231561614789,14.115670708897232
5,[15.6038745],5.251687030620525,10.962420145439438
6,[17.77349375],6.912228962288898,13.17410787538046
7,[15.41013089],7.241527906382265,10.796512548693089
8,[19.96352587],14.77301707686011,16.063775162523637
9,[16.26359631],14.203890720275066,13.723835348037952
10,[17.66480007],4.248735147612812,13.079017742547311
11,[19.46069549],16.335156023040284,15.374353957686772
12,[16.21046813],7.152429904944367,12.932668424638358
13,[17.0881037],8.47390867033879,12.617386462791334
14,[19.33972742],8.097213296473385,14.740341542268432
15,[1.43165121],5.383341794606027,3.1677346714860004
16,[0.68849832],11.20137539457861,3.931921799032734
17,[0.25396801],8.60024651803042,4.331814313254492
18,[4.64145436],4.598370219161262,1.2073054812154935
19,[3.89975071],7.45303696442336,0.9168556143764968
20,[3.47237254],1.5517698608556434,1.187338851610095
21,[4.76719334],4.098194129828581,0.16780746004529679
22,[4.6597114],9.55185482829106,0.10748194095409058
23,[1.03699769],7.010158854279352,3.4337195463284456
24,[1.11678491],8.191711695986804,2.969556617584738
25,[4.98759182],1.532026484416754,0.3882059477843063
26,[2.46031652],4.7011679482201885,2.1254658009881826
27,[1.12887437],1.5143660762778808,2.343498171567202
28,[4.93858081],3.6328814290032008,0.35279848614435405
29,[3.78295371],10.669571938676558,0.8767576897984228
30,[2.91291495],7.362513415891241,0.9868357567032389
31,[2.83013576],12.34795691851066,1.769250119661851
32,[1.85921687],3.6087386109317015,1.6131556760146983
33,[2.26481781],9.314034387857177,2.376636544544171
34,[4.08634153],4.196089619342327,0.6808518072070457
35,[0.51003263],8.965224428186284,3.27292107651797
36,[4.58578232],7.010593480710237,1.1516334480688033
37,[0.21935594],9.006238152988322,4.42209842116949
38,[2.87274299],4.492215012555964,0.5614058820581302
39,[0.90249493],8.594792544500319,3.5682222987738426
40,[3.17850832],3.65445649435802,0.7212423890784261
41,[4.47071723],4.1888122325295125,1.4878221357298806
42,[3.2777997],6.884187212146273,0.15634917303317808
43,[1.27112435],3.843975617556107,2.3565387734815504
44,[2.9828951],10.404936544947326,1.1034464329258706
45,[4.59938588],9.239109716498385,1.1270133325188887
46,[3.87270538],4.291177976436865,1.7060984137629096
47,[1.45497272],13.620527060614801,13.955158165243585
48,[3.43414888],7.077899222670984,1.0365683557099579
49,[2.16660696],7.048124954267133,1.6163467427525653
