,0,1,2
0,[17.72735076],14.794119050611126,14.744455658331901
1,[15.85932658],11.395625613429022,12.68081825302732
2,[19.26465905],16.27119014025585,16.804342523490302
3,[15.90111705],7.754410380274872,12.001366342755293
4,[17.94350025],10.32753077482812,14.7153462376404
5,[15.6038745],5.251687030620525,11.133157270944974
6,[17.77349375],7.316234086912364,13.17410787538046
7,[15.41013089],7.241527906382265,10.768676532119745
8,[19.96352587],14.763788477432874,16.063775162523637
9,[16.26359631],14.203890720275066,13.723835348037952
10,[17.66480007],4.248735147612812,13.072215966547864
11,[19.46069549],16.335156023040287,15.374353957686772
12,[16.21046813],7.152429904944367,12.932668424638358
13,[17.0881037],8.47390867033879,12.617386462791334
14,[19.33972742],8.097213296473385,14.740341542268432
15,[1.43165121],5.686780841971993,3.1677346714860004
16,[0.68849832],13.453363534226165,14.721632571726376
17,[0.25396801],5.2529473048170905,4.331814313254492
18,[4.64145436],6.820495159985569,1.3636546542486716
19,[3.89975071],7.45303696442336,0.9168556143764968
20,[3.47237254],1.5517698608556434,1.187338851610095
21,[4.76719334],4.629132194693431,0.174609236044744
22,[4.6597114],7.646883433287575,0.018257037943409493
23,[1.03699769],7.617972059705005,3.4337195463284456
24,[1.11678491],6.007562543168342,2.969556617584738
25,[4.98759182],1.532026484416754,0.3278804286931001
26,[2.46031652],4.404927333444037,2.1254658009881826
27,[1.12887437],3.7662986154571554,2.343498171567202
28,[4.93858081],4.38743840605382,0.35279848614435405
29,[3.78295371],11.22230429216221,0.9842396307525134
30,[2.91291495],4.407660647701806,0.9868357567032389
31,[2.83013576],9.874518868620504,1.704915797482982
32,[1.85921687],3.6087386109317015,1.6131556760146983
33,[2.26481781],9.606312322224719,2.376636544544171
34,[4.08634153],4.196089619342327,0.6808518072070457
35,[0.51003263],8.965224428186284,3.27292107651797
36,[4.58578232],5.180977790860541,1.2298080345853926
37,[0.21935594],9.006238152988322,4.3942624045961445
38,[2.87274299],4.294847861215316,0.5614058820581302
39,[0.90249493],11.193627594515942,3.5682222987738426
40,[3.17850832],3.9878451893180866,0.7212423890784261
41,[4.47071723],4.761362837524525,1.4878221357298806
42,[3.2777997],4.153396248446015,0.15634917303317808
43,[1.27112435],3.843975617556107,2.6015810253977305
44,[2.9828951],7.365670037593882,1.1034464329258706
45,[4.59938588],4.6760381819354295,1.1270133325188887
46,[3.87270538],4.291177976436865,1.7060984137629096
47,[1.45497272],11.00472351210534,3.1864816331238406
48,[3.43414888],4.521173274147694,0.6521926529059479
49,[2.16660696],7.048124954267133,1.6163467427525653
