,0,1,2
0,[17.72735076],14.780123022145778,14.744455658331901
1,[15.85932658],10.02134710829706,12.076372868944988
2,[19.26465905],16.271190140255854,16.598129288059678
3,[15.90111705],11.74422461554671,12.014889009748169
4,[17.94350025],6.980231561614789,14.00885263262967
5,[15.6038745],10.180433026761975,11.477039034119713
6,[17.77349375],4.361563787566847,13.17410787538046
7,[15.41013089],5.590375519866109,10.796512548693089
8,[19.96352587],12.162172416548396,16.063775162523637
9,[16.26359631],14.203890720275066,14.096989343560661
10,[17.66480007],6.505359612126952,13.079017742547311
11,[19.46069549],16.965982246937706,15.374353957686772
12,[16.21046813],9.56127213524291,13.337725133663309
13,[17.0881037],8.47390867033879,12.617386462791334
14,[19.33972742],11.288513319831557,15.467022041965304
15,[1.43165121],6.015994405925379,3.1677346714860004
16,[0.68849832],10.967860649777226,4.299093506243142
17,[0.25396801],8.204046385519796,4.216749220895647
18,[4.64145436],6.147786761293759,1.3636546542486716
19,[3.89975071],7.45303696442336,0.9868357567032389
20,[3.47237254],1.666672475316196,1.187338851610095
21,[4.76719334],4.87159124840057,0.1814110120441903
22,[4.6597114],7.646883433287575,0.18899416344894515
23,[1.03699769],7.617972059705005,3.1347136186588793
24,[1.11678491],6.017364745896111,3.4689974127475933
25,[4.98759182],1.7967133973963485,0.3882059477843063
26,[2.46031652],4.4049273334440375,2.010400708629337
27,[1.12887437],4.039029546306891,2.343498171567202
28,[4.93858081],4.38743840605382,0.35279848614435405
29,[3.78295371],11.265103615227662,1.204638118491523
30,[2.91291495],4.407660647701806,0.5212339223466649
31,[2.83013576],9.874518868620504,1.6405814753041121
32,[1.85921687],3.6087386109317015,1.6131556760146983
33,[2.26481781],6.225986245457479,2.376636544544171
34,[4.08634153],4.1960896193423265,0.6808518072070457
35,[0.51003263],8.152742664232616,2.6684756924356376
36,[4.58578232],5.180977790860541,1.3079826211019814
37,[0.21935594],9.350945272425623,4.366426388022799
38,[2.87274299],4.294847861215316,0.483231295541541
39,[0.90249493],8.404748184725642,3.5682222987738426
40,[3.17850832],3.9878451893180866,0.09929138168867402
41,[4.47071723],6.19585737114003,1.4878221357298806
42,[3.2777997],1.217620903945591,0.15634917303317808
43,[1.27112435],3.843975617556108,2.6015810253977305
44,[2.9828951],7.332108545584821,1.1034464329258706
45,[4.59938588],4.851029871872804,1.1270133325188887
46,[3.87270538],4.291177976436865,1.7060984137629096
47,[1.45497272],14.006488037954764,3.1864816331238406
48,[3.43414888],4.521173274147694,0.6521926529059479
49,[2.16660696],7.048124954267135,1.6163467427525653
