,0,1,2
0,[17.72735076],14.780123022145778,14.54884243303383
1,[15.85932658],12.922874299576884,12.076372868944988
2,[19.26465905],16.271190140255854,16.281763950590847
3,[15.90111705],11.213408748870934,12.028411676741044
4,[17.94350025],6.980231561614791,14.160546544402404
5,[15.6038745],10.6216129105697,11.82092079729445
6,[17.77349375],4.361563787566847,13.17410787538046
7,[15.41013089],7.6802143078466205,10.750419494176334
8,[19.96352587],12.162172416548396,16.063775162523637
9,[16.26359631],14.203890720275066,14.096989343560661
10,[17.66480007],6.505359612126952,13.079017742547311
11,[19.46069549],17.357119389784323,15.374353957686772
12,[16.21046813],9.56127213524291,13.337725133663309
13,[17.0881037],8.493550840351471,13.188352984144718
14,[19.33972742],11.288513319831557,15.556773712975648
15,[1.43165121],5.624857263078763,3.1677346714860004
16,[0.68849832],10.967860649777226,4.299093506243142
17,[0.25396801],5.2529473048170905,4.216749220895647
18,[4.64145436],4.598370219161262,1.3636546542486716
19,[3.89975071],7.0369569318145695,0.9168556143764968
20,[3.47237254],1.666672475316196,1.187338851610095
21,[4.76719334],4.808617989748472,0.1814110120441903
22,[4.6597114],7.223678599800908,0.18899416344894515
23,[1.03699769],7.617972059705005,2.835707690989312
24,[1.11678491],8.235791393534605,3.4689974127475933
25,[4.98759182],4.139174581969345,0.3882059477843063
26,[2.46031652],4.404927333444036,1.3226371822798595
27,[1.12887437],4.03902954630689,2.343498171567202
28,[4.93858081],3.6788531092862824,0.35279848614435405
29,[3.78295371],9.515759932917584,1.204638118491523
30,[2.91291495],1.050657137381393,0.9868357567032389
31,[2.83013576],9.874518868620504,1.6405814753041121
32,[1.85921687],3.6087386109317015,1.6131556760146983
33,[2.26481781],8.87415541344152,2.376636544544171
34,[4.08634153],4.1960896193423265,0.5733698662529552
35,[0.51003263],5.866662699952234,2.6684756924356376
36,[4.58578232],5.180977790860541,1.3079826211019814
37,[0.21935594],11.79726978603704,4.366426388022799
38,[2.87274299],4.294847861215316,0.40505670902495217
39,[0.90249493],10.796663357515424,3.5682222987738426
40,[3.17850832],3.44913338579662,0.19561322529807068
41,[4.47071723],4.7613628375245245,1.5578022780566227
42,[3.2777997],1.8452611981360925,0.15634917303317808
43,[1.27112435],3.843975617556108,2.6015810253977305
44,[2.9828951],7.3656700375938815,1.1034464329258706
45,[4.59938588],4.578142692421684,1.1270133325188887
46,[3.87270538],4.291177976436865,1.7060984137629096
47,[1.45497272],11.00472351210534,3.1864816331238406
48,[3.43414888],7.526091340077906,1.0365683557099579
49,[2.16660696],6.612813883853207,1.6163467427525653
