,0,1,2
0,[17.72735076],14.780123022145778,14.54884243303383
1,[15.85932658],12.922874299576884,12.076372868944988
2,[19.26465905],16.271190140255854,16.281763950590847
3,[15.90111705],10.387124403196337,12.028411676741044
4,[17.94350025],6.980231561614789,14.160546544402404
5,[15.6038745],10.337038961675415,11.82092079729445
6,[17.77349375],4.361563787566847,13.17410787538046
7,[15.41013089],9.97792684000986,10.768676532119745
8,[19.96352587],12.162172416548396,16.063775162523637
9,[16.26359631],14.203890720275066,12.985796603201756
10,[17.66480007],6.505359612126952,13.079017742547311
11,[19.46069549],17.357119389784323,15.124633560105345
12,[16.21046813],9.56127213524291,13.337725133663309
13,[17.0881037],11.161362178348194,12.902869723468026
14,[19.33972742],11.288513319831557,15.858996405016814
15,[1.43165121],5.624857263078763,3.1677346714860004
16,[0.68849832],10.967860649777226,4.299093506243142
17,[0.25396801],5.856096206340752,4.216749220895647
18,[4.64145436],6.147786761293759,1.3636546542486716
19,[3.89975071],7.0369569318145695,0.9168556143764968
20,[3.47237254],1.3564236970365198,1.1270133325188887
21,[4.76719334],5.279735516193993,0.1814110120441903
22,[4.6597114],7.607783691205713,0.18899416344894515
23,[1.03699769],7.617972059705005,2.835707690989312
24,[1.11678491],6.01736474589611,3.4689974127475933
25,[4.98759182],4.449423360249021,0.3882059477843063
26,[2.46031652],4.419713147662057,1.6260250058253272
27,[1.12887437],4.039029546306891,2.246211751276209
28,[4.93858081],4.38743840605382,0.35279848614435405
29,[3.78295371],9.515759932917584,1.204638118491523
30,[2.91291495],1.050657137381393,0.6262145621640256
31,[2.83013576],9.874518868620504,1.6405814753041121
32,[1.85921687],3.6087386109317015,1.6131556760146983
33,[2.26481781],6.225986245457479,2.376636544544171
34,[4.08634153],4.1960896193423265,0.5733698662529552
35,[0.51003263],5.866662699952234,2.6684756924356376
36,[4.58578232],7.3716881791723665,1.3079826211019814
37,[0.21935594],12.568175417484177,4.3942624045961445
38,[2.87274299],4.294847861215316,0.40505670902495217
39,[0.90249493],8.404748184725644,3.5682222987738426
40,[3.17850832],0.7978066812762167,0.2655933676248128
41,[4.47071723],4.336667587193116,1.5578022780566227
42,[3.2777997],4.446278932427535,0.1945728405819862
43,[1.27112435],3.843975617556108,2.6015810253977305
44,[2.9828951],7.124342525613504,1.1034464329258706
45,[4.59938588],4.547590824506837,1.1270133325188887
46,[3.87270538],4.291177976436865,1.7060984137629096
47,[1.45497272],14.006488037954764,3.1864816331238406
48,[3.43414888],7.526091340077907,1.0365683557099579
49,[2.16660696],9.853327778318846,1.6612225782577377
