,0,1,2
0,[17.72735076],14.780123022145778,14.646649045682866
1,[15.85932658],12.17508241472101,12.076372868944988
2,[19.26465905],17.15560982448975,16.281763950590847
3,[15.90111705],10.387124403196337,12.028411676741044
4,[17.94350025],9.615053136690884,13.857158720856937
5,[15.6038745],10.337038961675413,11.82092079729445
6,[17.77349375],4.361563787566847,13.17410787538046
7,[15.41013089],9.999423228200678,10.75954801314804
8,[19.96352587],12.162172416548396,16.063775162523637
9,[16.26359631],13.981652172203287,12.985796603201756
10,[17.66480007],6.539360911789899,13.328738140128738
11,[19.46069549],17.357119389784323,15.124633560105345
12,[16.21046813],9.56127213524291,13.227573031625102
13,[17.0881037],11.336713716307878,13.188352984144718
14,[19.33972742],11.288513319831557,15.556773712975648
15,[1.43165121],5.624857263078764,3.1677346714860004
16,[0.68849832],10.967860649777226,4.299093506243142
17,[0.25396801],5.856096206340752,4.216749220895647
18,[4.64145436],4.598370219161262,1.3636546542486716
19,[3.89975071],7.0369569318145695,0.7212423890784261
20,[3.47237254],1.5517698608556434,1.1690818136666854
21,[4.76719334],5.279735516193993,0.1814110120441903
22,[4.6597114],7.607783691205713,0.18899416344894515
23,[1.03699769],7.617972059705005,2.835707690989312
24,[1.11678491],6.01736474589611,3.4689974127475933
25,[4.98759182],5.861491772155546,0.5168745921420452
26,[2.46031652],4.419713147662057,2.1254658009881826
27,[1.12887437],1.5143660762778808,2.343498171567202
28,[4.93858081],4.387438406053821,0.8522392813072095
29,[3.78295371],9.515759932917584,1.204638118491523
30,[2.91291495],1.050657137381393,0.2655933676248128
31,[2.83013576],9.874518868620504,0.6040131195941543
32,[1.85921687],3.6087386109317015,2.0134885088367147
33,[2.26481781],9.606312322224719,2.376636544544171
34,[4.08634153],4.471066695355253,0.5733698662529552
35,[0.51003263],5.866662699952233,2.6684756924356376
36,[4.58578232],7.3716881791723665,1.3079826211019814
37,[0.21935594],12.568175417484177,4.42209842116949
38,[2.87274299],4.294847861215316,0.40505670902495217
39,[0.90249493],8.404748184725644,3.5682222987738426
40,[3.17850832],0.7978066812762167,0.2655933676248128
41,[4.47071723],4.493273522106556,1.5578022780566227
42,[3.2777997],6.438671914637384,0.15634917303317808
43,[1.27112435],3.843975617556108,2.6015810253977305
44,[2.9828951],7.297831050764789,1.1034464329258706
45,[4.59938588],4.547590824506837,1.1270133325188887
46,[3.87270538],4.291177976436865,1.7060984137629096
47,[1.45497272],14.006488037954762,3.1864816331238406
48,[3.43414888],7.526091340077907,1.0365683557099579
49,[2.16660696],9.853327778318846,1.6163467427525653
