,0,1,2
0,[17.72735076],15.038564804232141,14.54884243303383
1,[15.85932658],12.17508241472101,12.076372868944988
2,[19.26465905],17.15560982448975,15.986859343604102
3,[15.90111705],10.387124403196337,12.118163347751388
4,[17.94350025],10.48413670974156,14.160546544402404
5,[15.6038745],10.337038961675413,12.131501959106123
6,[17.77349375],4.361563787566847,13.17410787538046
7,[15.41013089],8.46417980651422,10.768676532119745
8,[19.96352587],12.162172416548396,16.063775162523637
9,[16.26359631],14.203890720275066,12.985796603201756
10,[17.66480007],6.842799959155866,13.079017742547311
11,[19.46069549],17.357119389784323,14.874913162523917
12,[16.21046813],9.56127213524291,12.776319251605178
13,[17.0881037],11.336713716307878,13.188352984144718
14,[19.33972742],11.288513319831557,16.16121909705798
15,[1.43165121],8.172476379890037,3.1677346714860004
16,[0.68849832],10.830782638387854,4.299093506243142
17,[0.25396801],5.93969121408278,3.180180865185689
18,[4.64145436],4.598370219161262,1.3636546542486716
19,[3.89975071],7.0369569318145695,0.7212423890784261
20,[3.47237254],1.3907011918565524,1.1782103326383897
21,[4.76719334],4.816262723258235,0.1814110120441903
22,[4.6597114],7.6077836912057135,0.13146161726952243
23,[1.03699769],7.617972059705005,2.835707690989312
24,[1.11678491],6.017364745896111,3.4689974127475933
25,[4.98759182],5.861491772155546,0.9012502949460552
26,[2.46031652],4.805706565777833,2.1254658009881826
27,[1.12887437],1.5143660762778808,2.343498171567202
28,[4.93858081],4.052075146218056,0.8522392813072095
29,[3.78295371],9.515759932917584,1.204638118491523
30,[2.91291495],1.050657137381393,0.2655933676248128
31,[2.83013576],9.874518868620504,0.6040131195941543
32,[1.85921687],3.992685524191308,2.0134885088367147
33,[2.26481781],9.606312322224719,2.376636544544171
34,[4.08634153],4.471066695355253,0.5733698662529552
35,[0.51003263],5.866662699952233,2.6684756924356376
36,[4.58578232],2.467591682576154,1.3079826211019814
37,[0.21935594],12.568175417484177,4.42209842116949
38,[2.87274299],1.3324477566484991,0.40505670902495217
39,[0.90249493],5.4466284536320275,2.9972557774204587
40,[3.17850832],0.7978066812762167,0.2655933676248128
41,[4.47071723],4.493273522106556,1.5578022780566227
42,[3.2777997],1.9334442554727098,0.15634917303317808
43,[1.27112435],3.81709743965526,2.6015810253977305
44,[2.9828951],7.038866892251951,1.1034464329258706
45,[4.59938588],4.547590824506837,1.1270133325188887
46,[3.87270538],4.291177976436865,1.7060984137629096
47,[1.45497272],10.982984775138931,3.144413151976044
48,[3.43414888],7.526091340077907,1.0365683557099579
49,[2.16660696],9.853327778318846,1.6163467427525653
