,0,1,2
0,[17.72735076],14.987436693287773,14.54884243303383
1,[15.85932658],12.17508241472101,11.959575863948896
2,[19.26465905],16.91414872824665,15.830510170570923
3,[15.90111705],10.387124403196337,12.028411676741044
4,[17.94350025],9.615053136690884,13.857158720856937
5,[15.6038745],12.586419425048755,12.131501959106123
6,[17.77349375],4.361563787566847,13.17410787538046
7,[15.41013089],12.639466752583733,10.81074501326754
8,[19.96352587],14.936921024766713,16.18057216751973
9,[16.26359631],13.981652172203287,12.985796603201756
10,[17.66480007],12.150151010877174,13.079017742547311
11,[19.46069549],16.893646596848562,14.874913162523917
12,[16.21046813],9.552043535815674,12.776319251605178
13,[17.0881037],11.651977615320368,13.188352984144718
14,[19.33972742],11.288513319831557,16.16121909705798
15,[1.43165121],5.927901119139401,3.1677346714860004
16,[0.68849832],11.083605044322212,4.299093506243142
17,[0.25396801],8.769471569795437,3.180180865185689
18,[4.64145436],8.62784203657659,1.3636546542486716
19,[3.89975071],9.253859077490327,0.42737816680776586
20,[3.47237254],1.7615053366562468,1.1480475730927875
21,[4.76719334],4.26355489127142,0.6808518072070457
22,[4.6597114],9.5127550862092,0.5733698662529552
23,[1.03699769],7.617972059705005,3.0493438435244355
24,[1.11678491],8.158150203977744,3.4689974127475933
25,[4.98759182],4.152577521879749,1.204638118491523
26,[2.46031652],4.805706565777834,1.6260250058253272
27,[1.12887437],1.8369972114808206,2.343498171567202
28,[4.93858081],4.387438406053821,0.8522392813072095
29,[3.78295371],9.515759932917584,1.1556271048526772
30,[2.91291495],1.050657137381393,0.3648847493134868
31,[2.83013576],7.206973841887843,1.6405814753041121
32,[1.85921687],3.992685524191308,2.0134885088367147
33,[2.26481781],9.606312322224719,2.376636544544171
34,[4.08634153],7.448682227086628,0.513044347161749
35,[0.51003263],5.866662699952233,2.6684756924356376
36,[4.58578232],4.801940430527485,1.3079826211019814
37,[0.21935594],12.568175417484179,4.42209842116949
38,[2.87274299],3.870639666448818,0.40505670902495217
39,[0.90249493],8.021914749297107,2.9972557774204587
40,[3.17850832],1.0500470192052132,0.2655933676248128
41,[4.47071723],4.493273522106556,1.5578022780566227
42,[3.2777997],4.206077989772067,0.1945728405819862
43,[1.27112435],3.81709743965526,2.62862635938348
44,[2.9828951],7.297831050764787,1.1034464329258706
45,[4.59938588],4.5475908245068375,1.1270133325188887
46,[3.87270538],4.291177976436865,1.7060984137629096
47,[1.45497272],10.982984775138931,3.144413151976044
48,[3.43414888],10.13961921190852,1.0365683557099579
49,[2.16660696],9.941402989193396,1.6163467427525653
