,0,1,2
0,[17.72735076],12.309266030842432,14.293201878311978
1,[15.85932658],14.07314430733289,11.959575863948896
2,[19.26465905],17.268512369341003,15.830510170570923
3,[15.90111705],10.383472995607656,12.001366342755293
4,[17.94350025],9.61505313669088,13.857158720856937
5,[15.6038745],12.586419425048753,12.131501959106123
6,[17.77349375],7.46595774956611,13.17410787538046
7,[15.41013089],12.09416415127468,11.510380178978664
8,[19.96352587],15.026760161760759,16.491153329331404
9,[16.26359631],11.616688374671597,12.829447430168576
10,[17.66480007],12.211993554110531,13.023345709400619
11,[19.46069549],16.893646596848566,15.374353957686772
12,[16.21046813],9.874518868620505,12.450222925152204
13,[17.0881037],11.009727136770826,13.305149989140812
14,[19.33972742],8.046547851326665,15.556773712975648
15,[1.43165121],5.6172125295690005,3.1677346714860004
16,[0.68849832],14.1799461125643,15.170828256696607
17,[0.25396801],8.769471569795437,4.216749220895647
18,[4.64145436],8.62784203657659,1.3636546542486716
19,[3.89975071],9.562025543158574,0.7212423890784261
20,[3.47237254],3.898673348157682,1.1270133325188887
21,[4.76719334],4.26355489127142,0.6808518072070457
22,[4.6597114],8.013250082664365,0.5733698662529552
23,[1.03699769],7.655770892394793,2.835707690989312
24,[1.11678491],8.484953349319673,3.482600964746487
25,[4.98759182],5.603231220154974,1.204638118491523
26,[2.46031652],7.767018094466048,1.6260250058253272
27,[1.12887437],1.8369972114808206,2.148925330985216
28,[4.93858081],6.639440604001541,0.35279848614435405
29,[3.78295371],9.180595802131014,1.1556271048526772
30,[2.91291495],3.9479154864489856,0.9868357567032389
31,[2.83013576],9.406593719198913,1.0425696199649788
32,[1.85921687],7.063473701526563,2.0134885088367147
33,[2.26481781],12.647209030931815,2.376636544544171
34,[4.08634153],9.290221859022207,0.513044347161749
35,[0.51003263],5.866662699952233,2.9241162471574897
36,[4.58578232],4.801940430527485,1.4072740027906554
37,[0.21935594],12.568175417484177,4.401064180595592
38,[2.87274299],3.870639666448818,0.5614058820581302
39,[0.90249493],8.28236273454368,2.725168191518529
40,[3.17850832],1.3289727928970176,0.08315099296806938
41,[4.47071723],4.493273522106556,1.5578022780566227
42,[3.2777997],1.3675924851586048,0.1945728405819862
43,[1.27112435],4.2279225308157145,2.62862635938348
44,[2.9828951],7.28478167302694,1.1034464329258706
45,[4.59938588],4.772326470196029,1.1270133325188887
46,[3.87270538],4.43816912804211,1.7060984137629096
47,[1.45497272],7.770599232065071,3.144413151976044
48,[3.43414888],9.897160158201384,0.6521926529059479
49,[2.16660696],6.780346111075974,1.6163467427525653
