,0,1,2
0,[17.72735076],12.309266030842432,14.293201878311978
1,[15.85932658],12.050322723812194,11.61656005709278
2,[19.26465905],17.478476779598346,16.281763950590847
3,[15.90111705],10.383472995607656,12.001366342755293
4,[17.94350025],9.61505313669088,13.857158720856937
5,[15.6038745],12.586419425048755,12.131501959106123
6,[17.77349375],7.46595774956611,13.187711427379355
7,[15.41013089],12.09416415127468,11.510380178978664
8,[19.96352587],15.026760161760759,16.18057216751973
9,[16.26359631],11.216188840387936,12.829447430168576
10,[17.66480007],12.152568263511,13.051181725973965
11,[19.46069549],16.956619855500662,15.374353957686772
12,[16.21046813],9.874518868620505,12.427514422244698
13,[17.0881037],11.009727136770826,13.305149989140812
14,[19.33972742],8.359152976095261,15.556773712975648
15,[1.43165121],5.6172125295690005,3.1677346714860004
16,[0.68849832],14.1799461125643,14.721632571726376
17,[0.25396801],8.769471569795437,3.528985694546169
18,[4.64145436],6.405717095752282,1.3636546542486716
19,[3.89975071],9.562025543158574,0.42737816680776586
20,[3.47237254],3.8986733481576814,0.42737816680776586
21,[4.76719334],4.26355489127142,0.6808518072070457
22,[4.6597114],6.408720299664806,0.18899416344894515
23,[1.03699769],7.655770892394793,3.4337195463284456
24,[1.11678491],11.38444649141126,3.482600964746487
25,[4.98759182],5.603231220154974,1.204638118491523
26,[2.46031652],7.767018094466048,1.6260250058253272
27,[1.12887437],1.8369972114808206,2.148925330985216
28,[4.93858081],6.639440604001541,0.35279848614435405
29,[3.78295371],8.737056262540374,1.1556271048526772
30,[2.91291495],1.1271578920528331,0.9868357567032389
31,[2.83013576],9.406593719198913,1.0425696199649788
32,[1.85921687],7.063473701526563,2.227124661371838
33,[2.26481781],9.812171282762224,2.376636544544171
34,[4.08634153],9.290221859022207,0.513044347161749
35,[0.51003263],5.866662699952233,2.6684756924356376
36,[4.58578232],4.801940430527485,1.3079826211019814
37,[0.21935594],12.106800054877702,4.380029940021693
38,[2.87274299],3.870639666448818,0.40505670902495217
39,[0.90249493],8.617957295576891,2.8804587724243644
40,[3.17850832],1.3289727928970176,0.09929138168867402
41,[4.47071723],4.493273522106556,1.5578022780566227
42,[3.2777997],1.3675924851586048,0.1945728405819862
43,[1.27112435],3.8867028480631327,2.6015810253977305
44,[2.9828951],7.36567003759388,1.1034464329258706
45,[4.59938588],4.772326470196029,1.1270133325188887
46,[3.87270538],4.43816912804211,1.0425696199649788
47,[1.45497272],10.794102494880903,3.144413151976044
48,[3.43414888],9.897160158201384,0.6521926529059479
49,[2.16660696],6.780346111075974,1.6163467427525653
