,0,1,2
0,[17.72735076],15.493767481900548,14.744455658331901
1,[15.85932658],14.023933814642339,12.425177698305468
2,[19.26465905],17.004975971909268,16.134311647097473
3,[15.90111705],7.151464685362114,11.133923716998876
4,[17.94350025],12.654411529037606,14.07079487339206
5,[15.6038745],7.03256766517934,10.836681166541936
6,[17.77349375],13.416185290588459,13.544249901228344
7,[15.41013089],9.024209220404526,10.642937553222243
8,[19.96352587],17.32785859632534,16.785017551602063
9,[16.26359631],14.203890720275066,13.433460549762732
10,[17.66480007],13.188203338284058,13.328738140128738
11,[19.46069549],14.624919674265342,15.124633560105345
12,[16.21046813],12.165764791514075,11.981224277385365
13,[17.0881037],8.101053998473654,12.3209103583883
14,[19.33972742],13.771393263896204,15.467022041965304
15,[1.43165121],7.876159600289189,3.1677346714860004
16,[0.68849832],14.20098358683892,3.7822189141010965
17,[0.25396801],14.593903490800457,3.645782699542263
18,[4.64145436],8.57745822024333,0.8585006518550133
19,[3.89975071],7.044991323756861,0.9168556143764968
20,[3.47237254],10.496484132508927,1.2948207925641855
21,[4.76719334],9.021168053850303,0.17138747410016375
22,[4.6597114],9.248227649753229,0.3278804286931001
23,[1.03699769],13.782467375330128,3.5623881906861845
24,[1.11678491],7.745710780661874,2.5557540486386063
25,[4.98759182],9.113615624899701,0.2203984877390095
26,[2.46031652],6.820495159985569,1.4123888532902038
27,[1.12887437],10.032394720549153,2.148925330985216
28,[4.93858081],8.884058074570174,0.30903217459985743
29,[3.78295371],9.949633801591967,1.204638118491523
30,[2.91291495],7.36251341589124,0.2655933676248128
31,[2.83013576],12.347956918510661,1.769250119661851
32,[1.85921687],4.007539795095922,1.4185828354327121
33,[2.26481781],9.606312322224719,1.6349328976852515
34,[4.08634153],11.183314498817138,0.6808518072070457
35,[0.51003263],8.979220456651632,2.7962959697965637
36,[4.58578232],9.412579791215657,1.1516334480688033
37,[0.21935594],11.968592934517485,4.48496791061824
38,[2.87274299],7.089052164572143,0.4335856046972042
39,[0.90249493],4.853044425387929,2.403833665702958
40,[3.17850832],9.19535004951659,0.19561322529807068
41,[4.47071723],7.173180656492886,1.4878221357298806
42,[3.2777997],9.172824588155066,0.09929138168867402
43,[1.27112435],4.478013808344734,2.006675351993728
44,[2.9828951],7.044991323756861,0.32343350265899673
45,[4.59938588],7.31676577955953,1.1652370000676968
46,[3.87270538],9.308755475877913,1.0425696199649788
47,[1.45497272],13.305036664788238,3.144413151976044
48,[3.43414888],6.887550047346411,0.465601834356574
49,[2.16660696],7.356916648769608,1.4610561618467295
