,0,1,2
0,[17.72735076],15.493767481900548,14.744455658331901
1,[15.85932658],14.689768405878828,12.503352284822057
2,[19.26465905],17.004975971909268,15.986859343604102
3,[15.90111705],7.151464685362116,11.133923716998876
4,[17.94350025],12.721772519754499,15.11336449335704
5,[15.6038745],7.032567665179341,10.836681166541936
6,[17.77349375],10.740760424957589,13.187711427379355
7,[15.41013089],6.500125177995628,10.642937553222243
8,[19.96352587],17.32785859632534,16.785017551602063
9,[16.26359631],14.203890720275066,13.085087984890428
10,[17.66480007],13.188203338284058,13.079017742547311
11,[19.46069549],14.624919674265342,14.874913162523917
12,[16.21046813],9.568194550196571,13.380332371199334
13,[17.0881037],8.606509058627932,12.42839229934239
14,[19.33972742],11.372108327573589,15.467022041965304
15,[1.43165121],7.87615960028919,3.1677346714860004
16,[0.68849832],4.623709402165,3.7822189141010965
17,[0.25396801],14.884769878602643,4.3386160892539385
18,[4.64145436],7.257648258380854,1.2073054812154935
19,[3.89975071],7.044991323756861,0.9168556143764968
20,[3.47237254],7.89588647228463,1.2948207925641855
21,[4.76719334],6.815950140685482,0.17138747410016375
22,[4.6597114],9.248227649753229,0.30337492187367765
23,[1.03699769],11.147645800254036,3.5623881906861845
24,[1.11678491],4.781862554786429,2.355587632227598
25,[4.98759182],6.759089336508464,0.2203984877390095
26,[2.46031652],7.045922854359683,1.3226371822798595
27,[1.12887437],4.9694224084190255,2.2270999175018047
28,[4.93858081],6.747395151045415,0.2251284445772086
29,[3.78295371],9.949633801591967,1.0699333678025948
30,[2.91291495],7.36251341589124,0.2655933676248128
31,[2.83013576],9.713135343434567,1.769250119661851
32,[1.85921687],7.1660825709589115,1.3192914537440381
33,[2.26481781],9.749345458271103,2.376636544544171
34,[4.08634153],10.55444583744784,0.7665455442571272
35,[0.51003263],8.979220456651632,2.7962959697965637
36,[4.58578232],7.7840328611637535,0.913243364108987
37,[0.21935594],11.65598780974889,4.373228164022246
38,[2.87274299],7.089052164572143,0.4335856046972042
39,[0.90249493],4.853044425387929,2.403833665702958
40,[3.17850832],7.112027591025631,0.19561322529807068
41,[4.47071723],7.173180656492886,1.4878221357298806
42,[3.2777997],4.554329372168501,0.02852889567225203
43,[1.27112435],7.913081307522594,2.4014146089867223
44,[2.9828951],7.044991323756861,0.32343350265899673
45,[4.59938588],7.316765779559532,1.769250119661851
46,[3.87270538],9.308755475877913,0.6941970550926766
47,[1.45497272],13.92396610798077,3.1654473925499427
48,[3.43414888],7.081996056127491,0.15634917303317808
49,[2.16660696],4.403106874005702,1.267541913392085
