,0,1,2
0,[17.72735076],15.196203054754571,14.744455658331901
1,[15.85932658],11.857098078032367,12.425177698305468
2,[19.26465905],16.271190140255854,15.986859343604102
3,[15.90111705],5.3705840508033,11.241405657952965
4,[17.94350025],9.698648144432912,14.59207968337455
5,[15.6038745],5.251687030620525,10.944163107496028
6,[17.77349375],10.382132810752722,13.180909651379908
7,[15.41013089],7.000016960206769,10.696678523699289
8,[19.96352587],17.030294169179363,16.785017551602063
9,[16.26359631],13.981652172203287,13.085087984890428
10,[17.66480007],10.594138526741006,13.079017742547311
11,[19.46069549],14.452356294163963,14.874913162523917
12,[16.21046813],9.321071192587443,12.337762751234354
13,[17.0881037],8.170281491800958,12.446649337285798
14,[19.33972742],11.131907384918119,14.753945094267326
15,[1.43165121],7.87615960028919,2.441054171789128
16,[0.68849832],11.108934587984047,3.9108875584588354
17,[0.25396801],14.234724406805134,4.331814313254492
18,[4.64145436],6.820495159985569,1.1690818136666854
19,[3.89975071],4.445683475201575,0.9168556143764968
20,[3.47237254],8.071344453265201,1.187338851610095
21,[4.76719334],7.464520540401611,0.10748194095409058
22,[4.6597114],9.55185482829106,0.27886941505425433
23,[1.03699769],10.514098865956836,2.8627530249750617
24,[1.11678491],8.206765681465551,2.969556617584738
25,[4.98759182],6.759089336508465,0.3278804286931001
26,[2.46031652],6.820495159985569,1.3226371822798595
27,[1.12887437],1.8109651078146023,2.3243863377927982
28,[4.93858081],6.845290640559162,0.27886941505425433
29,[3.78295371],9.949633801591967,0.9842396307525134
30,[2.91291495],7.362513415891241,0.5678160596659789
31,[2.83013576],9.713135343434567,1.769250119661851
32,[1.85921687],4.007539795095922,1.4185828354327121
33,[2.26481781],9.749345458271101,2.3857650635158754
34,[4.08634153],6.932946604147604,0.6808518072070457
35,[0.51003263],9.276784883797609,2.9241162471574897
36,[4.58578232],9.49343373758828,1.1134097805199952
37,[0.21935594],11.518121936534857,4.401064180595592
38,[2.87274299],7.386616591718121,0.5614058820581302
39,[0.90249493],4.83904839692258,2.5316539430638842
40,[3.17850832],7.112027591025631,0.6941970550926766
41,[4.47071723],7.173180656492886,1.4878221357298806
42,[3.2777997],1.3958720715640784,0.17546100680758236
43,[1.27112435],5.042654188625769,2.201248192575714
44,[2.9828951],7.044991323756861,0.9168556143764968
45,[4.59938588],8.92650459172979,1.467243559864774
46,[3.87270538],7.061738039397364,0.6941970550926766
47,[1.45497272],13.27392063618326,14.404353850213816
48,[3.43414888],6.575985729317511,0.3038014765265502
49,[2.16660696],7.179859702259115,1.6163467427525653
