,0,1,2
0,[17.72735076],14.794119050611126,14.744455658331901
1,[15.85932658],11.626771388418605,12.581526871338646
2,[19.26465905],16.543921071105586,16.804342523490302
3,[15.90111705],7.696019487598252,11.241405657952965
4,[17.94350025],9.698648144432912,14.07079487339206
5,[15.6038745],5.251687030620525,10.944163107496028
6,[17.77349375],10.382132810752722,13.187711427379355
7,[15.41013089],7.3036441387446,10.750419494176334
8,[19.96352587],14.773017076860109,16.063775162523637
9,[16.26359631],14.203890720275066,13.723835348037952
10,[17.66480007],7.446957585924648,13.079017742547311
11,[19.46069549],16.505603879301727,15.124633560105345
12,[16.21046813],9.474366073884001,13.380332371199334
13,[17.0881037],8.47390867033879,12.446649337285798
14,[19.33972742],11.288513319831557,14.740341542268432
15,[1.43165121],7.87615960028919,3.1677346714860004
16,[0.68849832],10.714973285227503,3.9108875584588354
17,[0.25396801],14.581330831236675,4.331814313254492
18,[4.64145436],4.598370219161262,1.2073054812154935
19,[3.89975071],7.45303696442336,0.7212423890784261
20,[3.47237254],5.767298961640182,1.187338851610095
21,[4.76719334],4.098194129828581,0.16780746004529679
22,[4.6597114],9.55185482829106,0.10748194095409058
23,[1.03699769],10.82670399072543,3.5623881906861845
24,[1.11678491],8.705642635904848,2.969556617584738
25,[4.98759182],4.662887337948769,0.3580431882387032
26,[2.46031652],6.820495159985571,1.3226371822798595
27,[1.12887437],5.058173558623915,2.305274504018394
28,[4.93858081],0.8989063499887295,0.33919493414546054
29,[3.78295371],9.949633801591967,0.9304986602754686
30,[2.91291495],7.362513415891241,0.9597904227174894
31,[2.83013576],12.347956918510661,1.769250119661851
32,[1.85921687],3.8309771590034827,1.4185828354327121
33,[2.26481781],9.314034387857175,2.3948935824875806
34,[4.08634153],4.196089619342327,0.6808518072070457
35,[0.51003263],9.276784883797609,3.27292107651797
36,[4.58578232],9.34494222866157,1.3079826211019814
37,[0.21935594],14.536858579791652,4.42209842116949
38,[2.87274299],7.386616591718121,0.4335856046972042
39,[0.90249493],8.572762124092678,2.970210443434709
40,[3.17850832],6.639485518005759,0.19561322529807068
41,[4.47071723],7.173180656492886,1.4878221357298806
42,[3.2777997],6.7192857344797305,0.1945728405819862
43,[1.27112435],4.216860692156556,2.201248192575714
44,[2.9828951],4.040002311223451,0.9168556143764968
45,[4.59938588],8.92650459172979,0.7266804996968723
46,[3.87270538],7.061738039397364,1.0425696199649788
47,[1.45497272],13.620527060614801,3.144413151976044
48,[3.43414888],9.481437503448433,0.15634917303317808
49,[2.16660696],4.403106874005702,1.6163467427525653
