,0,1,2
0,[17.72735076],14.794119050611126,14.744455658331901
1,[15.85932658],13.44266125656662,12.581526871338646
2,[19.26465905],16.30245997486249,16.804342523490302
3,[15.90111705],7.715661657610933,11.259662695896374
4,[17.94350025],9.698648144432912,13.344114373695188
5,[15.6038745],5.251687030620525,10.944163107496028
6,[17.77349375],10.382132810752722,13.17410787538046
7,[15.41013089],7.954247460245162,10.768676532119745
8,[19.96352587],14.77301707686011,16.063775162523637
9,[16.26359631],14.203890720275066,13.723835348037952
10,[17.66480007],4.248735147612812,13.065414190548417
11,[19.46069549],16.826181324919474,15.124633560105345
12,[16.21046813],7.065523843585457,12.859047561216844
13,[17.0881037],8.47390867033879,12.617386462791334
14,[19.33972742],8.097213296473385,14.740341542268432
15,[1.43165121],7.87615960028919,3.1677346714860004
16,[0.68849832],10.684817311966459,3.952956039606632
17,[0.25396801],8.600246518030419,4.3386160892539385
18,[4.64145436],7.0280416781108315,1.3636546542486716
19,[3.89975071],7.45303696442336,0.9168556143764968
20,[3.47237254],5.767298961640182,1.187338851610095
21,[4.76719334],4.098194129828581,0.16780746004529679
22,[4.6597114],9.55185482829106,0.018257037943409493
23,[1.03699769],10.82670399072543,3.4337195463284456
24,[1.11678491],8.705642635904848,3.4689974127475933
25,[4.98759182],4.662887337948769,0.3882059477843063
26,[2.46031652],6.820495159985571,1.3226371822798595
27,[1.12887437],1.5143660762778808,2.343498171567202
28,[4.93858081],3.6328814290032,0.33919493414546054
29,[3.78295371],10.261085637626849,0.8676291708267176
30,[2.91291495],7.362513415891241,0.9597904227174894
31,[2.83013576],12.347956918510661,1.769250119661851
32,[1.85921687],3.6087386109317015,1.4185828354327121
33,[2.26481781],7.358031190634125,2.376636544544171
34,[4.08634153],4.196089619342327,0.6808518072070457
35,[0.51003263],9.276784883797609,3.27292107651797
36,[4.58578232],7.010593480710239,1.3079826211019814
37,[0.21935594],11.585759499088947,4.366426388022799
38,[2.87274299],3.976494407872745,0.5614058820581302
39,[0.90249493],8.572762124092678,2.9972557774204587
40,[3.17850832],4.011171831957124,0.19561322529807068
41,[4.47071723],7.173180656492886,1.4878221357298806
42,[3.2777997],6.884187212146273,0.1945728405819862
43,[1.27112435],3.843975617556107,2.5118293543873857
44,[2.9828951],7.503382882994812,1.1034464329258706
45,[4.59938588],8.92650459172979,0.7266804996968723
46,[3.87270538],4.291177976436865,0.9597904227174894
47,[1.45497272],10.948983475475986,3.144413151976044
48,[3.43414888],7.203715634929331,0.15634917303317808
49,[2.16660696],7.091266980011952,1.6163467427525653
