,0,1,2
0,[17.72735076],12.579963354063567,15.967473304770483
1,[15.85932658],11.178945219058685,14.099449124763973
2,[19.26465905],17.243940686629486,18.576160728962062
3,[15.90111705],13.181970144079733,13.181970144079733
4,[17.94350025],15.318813726629257,15.141838387510532
5,[15.6038745],11.423651404180285,11.423651404180285
6,[2.77349375],6.618158493247877,6.509464808415834
7,[0.41013089],7.89543018968476,4.553394983544973
8,[4.96352587],7.709851904169011,4.2750275552713495
9,[1.26359631],6.0358803505407606,3.226994581607235
10,[2.66480007],6.6725053356638995,6.6725053356638995
11,[4.46069549],5.852061896149179,5.291117119913034
12,[1.21046813],8.06613992931993,7.763247006798202
13,[2.0881037],7.736139499107642,6.557385194942288
14,[4.33972742],5.266847572498873,1.387202086644094
15,[1.43165121],7.9002526215875415,7.542063929821685
16,[0.68849832],7.709851904169011,4.2750275552713495
17,[0.25396801],6.793101572056459,4.2366228769615
18,[4.64145436],5.342279307218714,1.8397924949631408
19,[3.89975071],6.132534284267251,6.13253428426725
