,0,1,2
0,[17.72735076],15.751467388134026,16.29569954973028
1,[15.85932658],10.904255864646231,13.085832822857313
2,[19.26465905],17.557415143851312,16.59985897995481
3,[15.90111705],11.190943389905799,13.236316986495755
4,[17.94350025],15.764265647830864,14.386889664870742
5,[15.6038745],8.560093703913228,12.830380751206775
6,[2.77349375],5.995572659700553,1.8679606057673368
7,[0.41013089],11.184570522031077,4.05056459725748
8,[4.96352587],5.490656746752551,0.8437868085338591
9,[1.26359631],8.164066463018958,3.377858051046917
10,[2.66480007],6.6283937663413495,1.7958954199766044
11,[4.46069549],6.2197412227160465,0.12096806825658923
12,[1.21046813],7.600701803079356,2.689282582751394
13,[2.0881037],9.890021060564631,2.3725917920914235
14,[4.33972742],6.760863371453857,0.12096806825658923
15,[1.43165121],7.230656733516492,3.0290442820110215
16,[0.68849832],11.065477343195784,3.952956039606632
17,[0.25396801],10.585702011825898,4.2366228769615
18,[4.64145436],8.87778829116141,0.24124290475107024
19,[3.89975071],8.837198016197574,1.1262569589084173
