,0,1,2
0,[17.72735076],16.110646472129346,16.29569954973028
1,[15.85932658],10.755915135274446,12.522704343403102
2,[19.26465905],17.557415143851312,16.59985897995481
3,[15.90111705],11.190943389905799,13.236316986495755
4,[17.94350025],15.797876627513492,15.170006498314727
5,[15.6038745],8.560093703913228,12.830380751206775
6,[2.77349375],5.995572659700553,1.8679606057673368
7,[0.41013089],11.133480107700969,4.05056459725748
8,[4.96352587],6.759137890328608,0.6237984545440822
9,[1.26359631],11.21980649964831,3.377858051046917
10,[2.66480007],6.32093210788956,1.7958954199766044
11,[4.46069549],6.82300928467632,0.12096806825658923
12,[1.21046813],7.600701803079356,2.689282582751394
13,[2.0881037],10.038361789936413,2.553350662714199
14,[4.33972742],6.760863371453857,0.12096806825658923
15,[1.43165121],7.230656733516492,2.748571893892949
16,[0.68849832],11.065477343195784,3.952956039606632
17,[0.25396801],10.585702011825898,4.2366228769615
18,[4.64145436],8.87778829116141,0.18075887062277562
19,[3.89975071],8.837198016197574,0.4399767079795547
