,0,1,2
0,[17.72735076],15.356207038332576,15.639247059810684
1,[15.85932658],12.186060897025124,11.959575863948896
2,[19.26465905],16.766823935929985,17.504781597029428
3,[15.90111705],10.335937878851528,13.12762330166371
4,[17.94350025],15.912896225225433,15.278700183146771
5,[15.6038745],11.377058928880391,12.830380751206775
6,[2.77349375],5.995572659700553,1.8679606057673368
7,[0.41013089],11.13348010770097,4.05056459725748
8,[4.96352587],8.206670213032613,0.6237984545440822
9,[1.26359631],8.085751370000304,3.377858051046917
10,[2.66480007],6.32093210788956,1.7958954199766044
11,[4.46069549],8.024949081840312,0.02989540118309364
12,[1.21046813],7.600701803079356,2.689282582751394
13,[2.0881037],6.5127919004673185,2.553350662714199
14,[4.33972742],6.760863371453857,0.2113475035679766
15,[1.43165121],7.230656733516492,3.0290442820110215
16,[0.68849832],8.54263109204461,3.862576604295244
17,[0.25396801],10.585702011825898,4.0857594075218175
18,[4.64145436],6.281793415784875,0.18075887062277562
19,[3.89975071],6.126545752125761,0.4399767079795547
