,0,1,2
0,[17.72735076],15.356207038332576,15.008203845279843
1,[15.85932658],11.84862054999621,11.51959915596934
2,[19.26465905],17.55741514385131,17.917035291195788
3,[15.90111705],11.042312812511232,13.12762330166371
4,[17.94350025],15.912896225225433,15.85539655526159
5,[15.6038745],11.377058928880393,12.830380751206775
6,[2.77349375],5.995572659700553,1.8679606057673368
7,[0.41013089],11.13348010770097,3.929596529000891
8,[4.96352587],5.329126846322453,0.5633144204157876
9,[1.26359631],8.085751370000304,3.377858051046917
10,[2.66480007],6.32093210788956,1.7958954199766044
11,[4.46069549],8.089363384973256,0.18075887062277562
12,[1.21046813],10.409451710960619,2.689282582751394
13,[2.0881037],9.084655564114128,2.462971227402811
14,[4.33972742],6.364384419545019,0.46276269671172354
15,[1.43165121],6.8221800941862885,3.0290442820110215
16,[0.68849832],8.54263109204461,3.711713134855562
17,[0.25396801],10.585702011825898,4.0857594075218175
18,[4.64145436],3.3933042520383445,0.18075887062277562
19,[3.89975071],10.933571010454457,0.5004607421078493
