,0,1,2
0,[17.72735076],15.751467388134028,14.95385700286382
1,[15.85932658],12.186060897025124,11.51959915596934
2,[19.26465905],17.77017017635604,17.504781597029428
3,[15.90111705],11.042312812511232,13.12762330166371
4,[17.94350025],15.80850226322617,15.85539655526159
5,[15.6038745],10.499561659600156,12.830380751206775
6,[2.77349375],5.995572659700553,1.7775811704559485
7,[0.41013089],11.133480107700969,4.05056459725748
8,[4.96352587],6.004698456531836,0.6237984545440822
9,[1.26359631],11.21980649964831,3.377858051046917
10,[2.66480007],8.679596657337925,1.7958954199766044
11,[4.46069549],8.089363384973256,0.18075887062277562
12,[1.21046813],10.409451710960619,2.689282582751394
13,[2.0881037],12.118656863777073,2.462971227402811
14,[4.33972742],6.364384419545019,0.30172693887936486
15,[1.43165121],9.525334255817016,3.0290442820110215
16,[0.68849832],11.533402492617373,3.7721971689838565
17,[0.25396801],10.5857020118259,4.0857594075218175
18,[4.64145436],5.5496365070016775,0.18075887062277562
19,[3.89975071],10.933571010454457,0.4399767079795547
