,0,1,2
0,[17.72735076],16.08890773516294,15.639247059810684
1,[15.85932658],14.693556127579015,13.771222879804174
2,[19.26465905],17.55741514385131,18.001062740402347
3,[15.90111705],12.215730275791715,13.12762330166371
4,[17.94350025],16.068090922882483,15.85539655526159
5,[15.6038745],14.300685655798219,14.340278196486354
6,[2.77349375],6.428626005793243,1.8679606057673368
7,[0.41013089],10.865845973468842,4.021507402283155
8,[4.96352587],7.564040927602744,1.4612621304040898
9,[1.26359631],10.681746245376837,3.377858051046917
10,[2.66480007],4.329665957327978,2.2987258062640974
11,[4.46069549],10.464062883335082,5.291117119913034
12,[1.21046813],11.280795193451635,3.5920219874426724
13,[2.0881037],9.658982155377492,2.3725917920914235
14,[4.33972742],6.91573534194534,0.6866002064203252
15,[1.43165121],10.184144147313171,8.728359825867397
16,[0.68849832],13.195917007136297,4.113991797438991
17,[0.25396801],8.50446255601329,4.0857594075218175
18,[4.64145436],9.75529827528948,1.8679606057673368
19,[3.89975071],9.145896041246129,6.13253428426725
