,0,1,2
0,[17.72735076],15.109216909584484,14.95385700286382
1,[15.85932658],12.433051025773214,11.51959915596934
2,[19.26465905],17.55741514385131,17.176555352069627
3,[15.90111705],11.772558632656686,13.181970144079733
4,[17.94350025],15.632975149846946,15.85539655526159
5,[15.6038745],10.873153780753622,12.830380751206775
6,[2.77349375],5.995572659700553,1.8679606057673368
7,[0.41013089],10.403234287555517,4.05056459725748
8,[4.96352587],6.083566280119224,0.6237984545440822
9,[1.26359631],11.21980649964831,3.377858051046917
10,[2.66480007],8.987058315789714,1.7958954199766044
11,[4.46069549],8.012990921367074,0.18075887062277562
12,[1.21046813],7.600701803079356,2.689282582751394
13,[2.0881037],12.118656863777073,2.553350662714199
14,[4.33972742],6.3643844195450185,0.12096806825658923
15,[1.43165121],9.525334255817016,3.0290442820110215
16,[0.68849832],4.817211165859581,3.952956039606632
17,[0.25396801],13.570688337472856,4.0857594075218175
18,[4.64145436],5.5496365070016775,0.18075887062277562
19,[3.89975071],9.079512354214957,0.4399767079795547
