,0,1,2
0,[17.72735076],15.109216909584484,14.95385700286382
1,[15.85932658],12.433051025773214,11.51959915596934
2,[19.26465905],18.499326716264488,17.833007841989225
3,[15.90111705],10.917553121602415,13.236316986495755
4,[17.94350025],15.632975149846946,15.85539655526159
5,[15.6038745],11.377058928880391,12.830380751206775
6,[2.77349375],5.995572659700553,1.7775811704559485
7,[0.41013089],10.403234287555517,4.140944032568868
8,[4.96352587],5.329126846322453,0.6237984545440822
9,[1.26359631],11.21980649964831,3.377858051046917
10,[2.66480007],11.640389369333565,1.7958954199766044
11,[4.46069549],7.754377914629252,0.18075887062277562
12,[1.21046813],7.600701803079356,2.689282582751394
13,[2.0881037],12.118656863777073,2.553350662714199
14,[4.33972742],7.851152369234524,0.12096806825658923
15,[1.43165121],9.637523211064245,3.0290442820110215
16,[0.68849832],7.74461291721407,3.862576604295244
17,[0.25396801],13.570688337472856,4.0857594075218175
18,[4.64145436],5.5496365070016775,0.18075887062277562
19,[3.89975071],9.079512354214957,0.4399767079795547
