,0,1,2
0,[17.72735076],15.109216909584486,14.95385700286382
1,[15.85932658],11.87281416364753,11.51959915596934
2,[19.26465905],17.10648130839514,16.59985897995481
3,[15.90111705],10.917553121602415,13.236316986495755
4,[17.94350025],15.632975149846947,15.85539655526159
5,[15.6038745],11.075079439824476,12.830380751206775
6,[2.77349375],8.876806631957248,1.8679606057673368
7,[0.41013089],13.445758034656118,4.140944032568868
8,[4.96352587],7.4160790051112855,0.6237984545440822
9,[1.26359631],10.760061338395493,3.377858051046917
10,[2.66480007],11.640389369333565,1.7958954199766044
11,[4.46069549],8.012990921367074,0.18075887062277562
12,[1.21046813],7.600701803079356,2.689282582751394
13,[2.0881037],9.926172834689186,2.553350662714199
14,[4.33972742],5.261623043635264,0.2113475035679766
15,[1.43165121],9.637523211064245,3.0290442820110215
16,[0.68849832],10.340607792590605,3.862576604295244
17,[0.25396801],9.855456191680446,4.0857594075218175
18,[4.64145436],7.793223665267507,0.18075887062277562
19,[3.89975071],8.398445859761866,0.5609447762361439
