,0,1,2
0,[17.72735076],16.08890773516294,15.639247059810684
1,[15.85932658],14.693556127579015,13.771222879804174
2,[19.26465905],17.030184263013712,18.027626829684046
3,[15.90111705],12.902014029092886,13.12762330166371
4,[17.94350025],15.46228206648028,15.22435334073075
5,[15.6038745],14.311311291510899,14.366842285768053
6,[2.77349375],9.08903518430272,1.7775811704559485
7,[0.41013089],10.653090940964114,3.4896198210213365
8,[4.96352587],8.031305227544795,0.6237984545440822
9,[1.26359631],8.553676519421895,3.377858051046917
10,[2.66480007],6.543666416143054,2.0473106131203505
11,[4.46069549],10.464062883335082,0.5609447762361439
12,[1.21046813],13.260524190034795,3.4309862296103137
13,[2.0881037],9.658982155377496,2.3725917920914235
14,[4.33972742],6.91573534194534,0.6866002064203252
15,[1.43165121],10.184144147313173,8.728359825867397
16,[0.68849832],10.804001834346517,3.952956039606632
17,[0.25396801],10.756395095192566,4.0857594075218175
18,[4.64145436],8.942215309142188,1.0848437723233508
19,[3.89975071],7.29183738500663,0.5609447762361439
