,0,1,2
0,[17.72735076],16.08890773516294,16.29569954973028
1,[15.85932658],14.693556127579015,13.194526507689355
2,[19.26465905],17.77017017635604,17.176555352069627
3,[15.90111705],13.608388962752588,13.12762330166371
4,[17.94350025],15.46228206648028,15.170006498314727
5,[15.6038745],14.311311291510899,14.172223298073234
6,[2.77349375],11.289202662106323,1.7775811704559485
7,[0.41013089],8.473930800679062,3.7096081750111143
8,[4.96352587],4.700065538831224,1.4612621304040898
9,[1.26359631],8.553676519421895,3.377858051046917
10,[2.66480007],8.823392633685604,2.0473106131203505
11,[4.46069549],9.391011932994015,0.19009295280668415
12,[1.21046813],10.48623687702411,3.4309862296103137
13,[2.0881037],9.658982155377496,2.462971227402811
14,[4.33972742],6.760863371453857,1.6749273517200152
15,[1.43165121],10.184144147313173,14.172223298073234
16,[0.68849832],10.804001834346517,3.952956039606632
17,[0.25396801],7.717646372528629,4.0857594075218175
18,[4.64145436],8.942215309142188,0.30172693887936486
19,[3.89975071],7.29183738500663,6.13253428426725
