,0,1,2
0,[17.72735076],16.08890773516294,16.29569954973028
1,[15.85932658],14.693556127579015,13.482874693746766
2,[19.26465905],18.132499579527092,17.176555352069627
3,[15.90111705],10.77394430313794,13.12762330166371
4,[17.94350025],15.46228206648028,14.386889664870742
5,[15.6038745],14.300685655798219,14.172223298073234
6,[2.77349375],9.08903518430272,1.7775811704559485
7,[0.41013089],10.865845973468842,3.929596529000891
8,[4.96352587],5.490656746752551,2.244378963848076
9,[1.26359631],10.681746245376837,3.377858051046917
10,[2.66480007],6.418906725234239,1.7958954199766044
11,[4.46069549],7.0968599634454845,0.12096806825658923
12,[1.21046813],7.600701803079356,3.060134406180854
13,[2.0881037],12.619774867373135,2.553350662714199
14,[4.33972742],6.309929535997682,0.776979641731713
15,[1.43165121],7.375394239431911,8.600633790042128
16,[0.68849832],11.016756866851244,3.952956039606632
17,[0.25396801],10.756395095192566,4.0857594075218175
18,[4.64145436],7.202533299003127,0.30172693887936486
19,[3.89975071],7.2918373850066285,0.5609447762361439
