,0,1,2
0,[17.72735076],16.08890773516294,15.639247059810684
1,[15.85932658],14.155699611028737,13.482874693746766
2,[19.26465905],17.55741514385131,17.176555352069627
3,[15.90111705],11.389170525571451,13.12762330166371
4,[17.94350025],15.46228206648028,15.278700183146771
5,[15.6038745],11.377058928880391,13.555648867056025
6,[2.77349375],6.428626005793243,1.8679606057673368
7,[0.41013089],9.98639955246403,3.7096081750111143
8,[4.96352587],5.50128238246523,2.244378963848076
9,[1.26359631],10.681746245376837,3.377858051046917
10,[2.66480007],6.418906725234239,2.0473106131203505
11,[4.46069549],6.789398304993695,0.02989540118309364
12,[1.21046813],8.30707673673906,3.2801227601706318
13,[2.0881037],12.619774867373135,2.553350662714199
14,[4.33972742],6.309929535997682,0.776979641731713
15,[1.43165121],10.184144147313173,3.0290442820110215
16,[0.68849832],8.138075591841295,3.952956039606632
17,[0.25396801],7.717646372528629,4.0857594075218175
18,[4.64145436],9.75529827528948,0.24124290475107024
19,[3.89975071],9.041502079246865,0.5609447762361439
