,0,1,2
0,[17.72735076],16.08890773516294,16.29569954973028
1,[15.85932658],13.401260177231967,13.085832822857313
2,[19.26465905],17.621829446984254,17.176555352069627
3,[15.90111705],11.389170525571451,13.12762330166371
4,[17.94350025],15.632975149846947,14.386889664870742
5,[15.6038745],11.377058928880391,13.555648867056025
6,[2.77349375],6.428626005793243,1.6872017351445612
7,[0.41013089],10.865845973468842,4.05056459725748
8,[4.96352587],6.929830973695275,0.6237984545440822
9,[1.26359631],10.68174624537684,3.377858051046917
10,[2.66480007],6.418906725234239,1.97665429059938
11,[4.46069549],8.709945438540924,0.18075887062277562
12,[1.21046813],7.600701803079356,3.129259290730949
13,[2.0881037],12.619774867373135,2.3725917920914235
14,[4.33972742],6.760863371453857,0.12096806825658923
15,[1.43165121],9.622571906306272,3.0290442820110215
16,[0.68849832],8.138075591841295,3.80209257016695
17,[0.25396801],10.756395095192568,4.2366228769615
18,[4.64145436],9.75529827528948,0.30172693887936486
19,[3.89975071],9.041502079246865,1.1262569589084173
