,0,1,2
0,[17.72735076],16.08890773516294,16.29569954973028
1,[15.85932658],10.904255864646231,13.085832822857313
2,[19.26465905],17.557415143851312,16.59985897995481
3,[15.90111705],11.806169612339309,13.236316986495755
4,[17.94350025],15.632975149846947,13.603772831426756
5,[15.6038745],11.377058928880391,12.830380751206775
6,[2.77349375],6.140346834653475,1.8679606057673368
7,[0.41013089],14.316846359899648,4.140944032568868
8,[4.96352587],5.490656746752551,0.6237984545440822
9,[1.26359631],8.164066463018958,3.377858051046917
10,[2.66480007],6.6283937663413495,1.7958954199766044
11,[4.46069549],8.706015576293401,0.18075887062277562
12,[1.21046813],7.600701803079356,2.689282582751394
13,[2.0881037],6.5560217995575005,2.553350662714199
14,[4.33972742],7.433571770145669,0.2113475035679766
15,[1.43165121],7.230656733516492,2.748571893892949
16,[0.68849832],8.138075591841295,3.952956039606632
17,[0.25396801],10.756395095192568,4.387486346401182
18,[4.64145436],6.67036562186797,0.24124290475107024
19,[3.89975071],6.126545752125761,1.1262569589084173
