,0,1,2
0,[0.85721652],0.6743207847393905,0.47604720503362546
1,[0.79149611],0.6086003763628177,0.4103267966570528
2,[0.8860512],0.5888038132578617,0.40521893693884886
3,[0.92398182],0.7228876394873975,0.4355517399221652
4,[0.43323207],0.4393185608726885,0.1892581015049436
5,[0.00755591],0.8440375099635128,0.6149342599941704
6,[0.27687781],0.5747156107734613,0.34561236080411895
7,[0.30276413],0.46683151574751225,0.248133698558068
8,[0.17840461],0.6159338380833128,0.49638344253119215
9,[0.64310685],0.45668742081635794,0.262380379225289
10,[0.49085816],0.40474290596508455,0.1216061145831101
11,[0.03442979],0.7351658593448157,0.5164680421553713
12,[0.9734035],0.7905077709170483,0.5922341912112832
13,[0.10849545],0.6174912438601182,0.4023292259844059
14,[0.27442317],0.44251529301757825,0.23467995348732096
15,[0.25601619],0.5135794627101338,0.2948816455206894
16,[0.98541634],0.759279000019467,0.5813055302640935
17,[0.05274448],0.6732422138363863,0.45808019596067395
18,[0.00263707],0.7917013770683747,0.6721509815162541
19,[0.00917467],0.7851637747609537,0.665613379208833
20,[0.89037516],0.6892809801665121,0.40194508060127976
21,[0.29776478],0.5538286354577355,0.32472538548839325
22,[0.58393402],0.47893218126861326,0.11191066992102633
23,[0.10389525],0.608905950262589,0.4052078726689279
24,[0.67771685],0.4912974203049062,0.29699037871383727
25,[0.53830375],0.4050109000961865,0.1341929397998725
26,[0.05242076],0.7171748891290821,0.49847707193963786
27,[0.50910312],0.4161684905366806,0.020673043910558686
28,[0.68916687],0.5027474386494772,0.3084403970584083
29,[0.82379949],0.5976621513954734,0.41968868164010015
30,[0.79906829],0.5729309506196928,0.3949574808643194
31,[0.94735949],0.6501121079749298,0.4665272316559171
32,[0.9643367],0.7779172721258445,0.5836102305347756
33,[0.01905691],0.6937442942512838,0.4900462166576227
34,[0.87365097],0.6872315383115756,0.49292449672050664
35,[0.6634246],0.47944295932517866,0.17499451962585544
36,[0.16122514],0.5647615480974505,0.3495995302217382
37,[0.11966549],0.5931357082481858,0.38943763065452464
38,[0.91341575],0.6161683678399968,0.432583491520984
39,[0.76564208],0.587957022344269,0.3844727726101658
40,[0.48843008],0.41203388175456884,0.020673043910558686
41,[0.5771213],0.4297721264468167,0.08869122346123992
42,[0.28646629],0.4831293632766176,0.26443154608717323
43,[0.1403283],0.6540101484972167,0.534459752945096
44,[0.32487601],0.42443363498274406,0.18594866359007878
45,[0.75412218],0.4568747917127139,0.2732899153937011
46,[0.4833456],0.39401927129489767,0.051755723790206265
47,[0.45868881],0.39632303611790254,0.014246680667221068
48,[0.75701846],0.4597710776634269,0.27618620134441413
49,[0.47080637],0.41677398045607694,0.15168380081059096
