,0,1,2
0,[0.85721652],0.6743207847393905,0.47604720503362546
1,[0.79149611],0.6086003763628177,0.4103267966570528
2,[0.8860512],0.7646714416602042,0.4027055960902478
3,[0.92398182],0.6759516487899333,0.4355517399221652
4,[0.43323207],0.412932756563659,0.05762609151267317
5,[0.00755591],0.764998901657575,0.48330225000189997
6,[0.27687781],0.5067453121431642,0.21398035081184852
7,[0.30276413],0.46683151574751225,0.16804223263407914
8,[0.17840461],0.6159338380833128,0.49638344253119215
9,[0.64310685],0.45668742081635794,0.18441803992834005
10,[0.49085816],0.378357101656055,0.020051790818320536
11,[0.03442979],0.7351658593448157,0.4363765762313825
12,[0.9734035],0.7905077709170483,0.5922341912112832
13,[0.10849545],0.6174912438601182,0.429808297987628
14,[0.27442317],0.612006967726761,0.22555747018749395
15,[0.25601619],0.5135794627101338,0.21479017959670055
16,[0.98541634],0.759279000019467,0.5020707344706652
17,[0.05274448],0.6732422138363863,0.48555926796389604
18,[0.00263707],0.7917013770683747,0.6721509815162541
19,[0.00917467],0.7851637747609537,0.665613379208833
20,[0.89037516],0.6423449894690478,0.40194508060127976
21,[0.29776478],0.49421312695372865,0.19309337549612282
22,[0.58393402],0.47893218126861326,0.11191066992102633
23,[0.10389525],0.608905950262589,0.4052078726689279
24,[0.67771685],0.4912974203049062,0.2190280394168883
25,[0.53830375],0.4050109000961865,0.054958144006444165
26,[0.05242076],0.7171748891290821,0.418385606015649
27,[0.50910312],0.4161684905366806,0.020673043910558686
28,[0.68916687],0.5027474386494772,0.23047805776145935
29,[0.82379949],0.5976621513954734,0.3404538858466718
30,[0.79906829],0.5729309506196928,0.3157226850708911
31,[0.94735949],0.6461017498112657,0.47655312706507735
32,[0.9643367],0.7779172721258445,0.5056478912378266
33,[0.01905691],0.6937442942512838,0.4900462166576227
34,[0.87365097],0.6872315383115756,0.4149621574235577
35,[0.6634246],0.4470327856797399,0.17499451962585544
36,[0.16122514],0.5647615480974505,0.37707860222496026
37,[0.11966549],0.5931357082481858,0.38943763065452464
38,[0.91341575],0.6121580096763327,0.4426093869301443
39,[0.76564208],0.587957022344269,0.3844727726101658
40,[0.48843008],0.41203388175456884,0.020673043910558686
41,[0.5771213],0.4297721264468167,0.08869122346123992
42,[0.28646629],0.4831293632766176,0.18434008016318437
43,[0.1403283],0.6540101484972167,0.534459752945096
44,[0.32487601],0.42443363498274406,0.21342773559330086
45,[0.75412218],0.45286443354904976,0.2833158108028614
46,[0.4833456],0.39401927129489767,0.054958144006444165
47,[0.45868881],0.39632303611790254,0.012117554040181222
48,[0.75701846],0.45576071949976277,0.2862120967535744
49,[0.47080637],0.46246397732156586,0.020051790818320536
