,0,1,2
0,[0.85721652],0.5165489767808197,0.5323405055058301
1,[0.79149611],0.587428700308964,0.30815050554240075
2,[0.8860512],0.5062790412667496,0.4027055960902478
3,[0.92398182],0.6759516487899333,0.44436359667587316
4,[0.43323207],0.40067109762024533,0.14729559382560498
5,[0.00755591],0.6445690771981761,0.5307478394477849
6,[0.27687781],0.4916666443038594,0.26142594025773347
7,[0.30276413],0.4400380190363686,0.23553961289828462
8,[0.17840461],0.4536709056797676,0.405529408301479
9,[0.64310685],0.2541642254551838,0.17230048588815883
10,[0.49085816],0.39664227445398215,0.020051790818320536
11,[0.03442979],0.7138948148204951,0.47467333364935704
12,[0.9734035],0.6941407441534404,0.6706393689884717
13,[0.10849545],0.6375532038090641,0.429808297987628
14,[0.27442317],0.3681612815112808,0.23467995348732096
15,[0.25601619],0.3986303017889733,0.32110511656535634
16,[0.98541634],0.6211644322090519,0.5020707344706652
17,[0.05274448],0.539436543225149,0.4381136785180111
18,[0.00263707],0.7689075287351982,0.5812969472865409
19,[0.00917467],0.5738243308563187,0.5747593449791198
20,[0.89037516],0.5304391197922029,0.40194508060127976
21,[0.29776478],0.4124019775935544,0.24053896494200777
22,[0.58393402],0.4565325341009256,0.10058841303608745
23,[0.10389525],0.4824158842963767,0.4052078726689279
24,[0.67771685],0.361852173038437,0.2069104853767071
25,[0.53830375],0.37124850762868417,0.07961493430438671
26,[0.05242076],0.26727801204941665,0.5315132553094978
27,[0.50910312],0.3538124397791637,0.020673043910558686
28,[0.68916687],0.30519665162047327,0.2058212674635168
29,[0.82379949],0.4455410529515017,0.35905189912452373
30,[0.79906829],0.4720859926892326,0.3157226850708911
31,[0.94735949],0.6939634390154423,0.4589294135576615
32,[0.9643367],0.4538288822056419,0.5056478912378266
33,[0.01905691],0.6937442942512838,0.4900462166576227
34,[0.87365097],0.3812802951542268,0.4149621574235577
35,[0.6634246],0.33527503510172724,0.17499451962585544
36,[0.16122514],0.46497685261074484,0.37707860222496026
37,[0.11966549],0.5060253602637528,0.38943763065452464
38,[0.91341575],0.4519518560274694,0.4426093869301443
39,[0.76564208],0.5780002839488604,0.4678773024310774
40,[0.48843008],0.2698894214928217,0.020673043910558686
41,[0.5771213],0.2986425718154735,0.08869122346123992
42,[0.28646629],0.4178912699530521,0.29065501713184017
43,[0.1403283],0.432519950934483,0.4436057187153828
44,[0.32487601],0.41388769583021057,0.21342773559330086
45,[0.75412218],0.36300727492734985,0.27077657454510007
46,[0.4833456],0.38349392556630085,0.054958144006444165
47,[0.45868881],0.3145577542792502,0.07961493430438671
48,[0.75701846],0.33835924218874813,0.292270873773665
49,[0.47080637],0.21759788314828912,0.05289706884109002
