,0,1,2
0,[0.85721652],0.521719781590197,0.5323405055058301
1,[0.79149611],0.587428700308964,0.30815050554240075
2,[0.8860512],0.5062790412667496,0.4027055960902478
3,[0.92398182],0.6929987893888998,0.4355517399221652
4,[0.43323207],0.38710077901378603,0.14388923766300843
5,[0.00755591],0.6445690771981761,0.5307478394477849
6,[0.27687781],0.38114381526064384,0.26142594025773347
7,[0.30276413],0.34483962055424183,0.23553961289828462
8,[0.17840461],0.45367090567976753,0.405529408301479
9,[0.64310685],0.35545743653731715,0.17230048588815883
10,[0.49085816],0.3068749758944067,0.020051790818320536
11,[0.03442979],0.7138948148204951,0.47467333364935704
12,[0.9734035],0.7117222514722633,0.6706393689884717
13,[0.10849545],0.6123409427094368,0.429808297987628
14,[0.27442317],0.3681612815112808,0.23467995348732096
15,[0.25601619],0.3986303017889733,0.32110511656535634
16,[0.98541634],0.5530736550397176,0.5020707344706652
17,[0.05274448],0.539436543225149,0.4381136785180111
18,[0.00263707],0.6619476475174505,0.5812969472865409
19,[0.00917467],0.5738243308563187,0.5747593449791198
20,[0.89037516],0.5304391197922029,0.4070295578509343
21,[0.29776478],0.4124019775935544,0.24053896494200777
22,[0.58393402],0.32856828302584484,0.10058841303608745
23,[0.10389525],0.4824158842963767,0.4052078726689279
24,[0.67771685],0.4122594722520766,0.2069104853767071
25,[0.53830375],0.32556893283371374,0.07961493430438671
26,[0.05242076],0.26727801204941665,0.5315132553094978
27,[0.50910312],0.34404869198064814,0.020673043910558686
28,[0.68916687],0.31948679257117973,0.2058212674635168
29,[0.82379949],0.404821967667712,0.36511067614461434
30,[0.79906829],0.41388769583021057,0.3157226850708911
31,[0.94735949],0.5668532500010948,0.4589294135576615
32,[0.9643367],0.3825007689953733,0.4935303371976454
33,[0.01905691],0.6937442942512838,0.4900462166576227
34,[0.87365097],0.3812802951542268,0.4149621574235577
35,[0.6634246],0.3780764170170797,0.17499451962585544
36,[0.16122514],0.46497685261074484,0.37707860222496026
37,[0.11966549],0.4004275873926691,0.38943763065452464
38,[0.91341575],0.4519518560274694,0.4426093869301443
39,[0.76564208],0.5780002839488605,0.46287795038735424
40,[0.48843008],0.2698894214928217,0.020673043910558686
41,[0.5771213],0.2986425718154735,0.08869122346123992
42,[0.28646629],0.4178912699530521,0.2475234440566726
43,[0.1403283],0.432519950934483,0.4367930063901898
44,[0.32487601],0.41388769583021057,0.21342773559330086
45,[0.75412218],0.36300727492734985,0.27077657454510007
46,[0.4833456],0.38349392556630085,0.054958144006444165
47,[0.45868881],0.3145577542792502,0.07961493430438671
48,[0.75701846],0.3173449059970365,0.2983296507937556
49,[0.47080637],0.30357239126323265,0.06749738026420549
