,0,1,2
0,[0.85721652],0.635347510277743,0.47816247818845875
1,[0.79149611],0.43843919901133743,0.30815050554240075
2,[0.8860512],0.4360508666194396,0.4027055960902478
3,[0.92398182],0.6759516487899334,0.4531754534295811
4,[0.43323207],0.3335894477052948,0.0758710581123272
5,[0.00755591],0.5259896706454528,0.5307478394477849
6,[0.27687781],0.345754127809187,0.3002434969621838
7,[0.30276413],0.4191662491747444,0.23553961289828462
8,[0.17840461],0.39901440550319034,0.405529408301479
9,[0.64310685],0.3269997199952363,0.17230048588815883
10,[0.49085816],0.32649484806862505,0.04744558944588495
11,[0.03442979],0.5701834342628739,0.47467333364935704
12,[0.9734035],0.7117222514722634,0.6706393689884717
13,[0.10849545],0.4730466908040814,0.40060767514139706
14,[0.27442317],0.35376116475162434,0.23467995348732096
15,[0.25601619],0.35944347818763933,0.32110511656535634
16,[0.98541634],0.5569361885777908,0.5521842714227791
17,[0.05274448],0.5566972024580721,0.4381136785180111
18,[0.00263707],0.6647823759218725,0.5812969472865409
19,[0.00917467],0.5738243308563188,0.6339321815734299
20,[0.89037516],0.6975058796755444,0.40194508060127976
21,[0.29776478],0.3752603276952845,0.24053896494200777
22,[0.58393402],0.3285682830258449,0.10058841303608745
23,[0.10389525],0.5115509955799011,0.4052078726689279
24,[0.67771685],0.2858920635993729,0.2069104853767071
25,[0.53830375],0.3245115366545001,0.061227762135324826
26,[0.05242076],0.4478795682478415,0.5315132553094978
27,[0.50910312],0.3336907225785441,0.020673043910558686
28,[0.68916687],0.2667428295448205,0.21209088559239747
29,[0.82379949],0.3187017428762216,0.3404538858466718
30,[0.79906829],0.4610943638879438,0.3282619213286524
31,[0.94735949],0.5078277073381168,0.4589294135576615
32,[0.9643367],0.4538288822056419,0.4935303371976454
33,[0.01905691],0.6659231872674047,0.4900462166576227
34,[0.87365097],0.5560315693500737,0.4149621574235577
35,[0.6634246],0.381069411639794,0.1926182331332713
36,[0.16122514],0.5177150988281405,0.37707860222496026
37,[0.11966549],0.37745103221873827,0.38943763065452464
38,[0.91341575],0.5529568756064964,0.4613965372773206
39,[0.76564208],0.4392104655294699,0.4407660730823705
40,[0.48843008],0.29387141258992183,0.020673043910558686
41,[0.5771213],0.3646794624961526,0.08869122346123992
42,[0.28646629],0.47943116702339605,0.22263683758115893
43,[0.1403283],0.3948157947775591,0.4367930063901898
44,[0.32487601],0.42384306962253887,0.21342773559330086
45,[0.75412218],0.28475896606334306,0.27077657454510007
46,[0.4833456],0.31692594660947215,0.054958144006444165
47,[0.45868881],0.358678527435766,0.03216934485850176
48,[0.75701846],0.4359243125497597,0.2983296507937556
49,[0.47080637],0.35216126055520275,0.03829675741797456
