,0,1,2
0,[0.85721652],0.471090909755069,0.4239844508710874
1,[0.79149611],0.43935923851684355,0.30815050554240075
2,[0.8860512],0.5087868885183019,0.4027055960902478
3,[0.92398182],0.5083197269066568,0.44690583530070044
4,[0.43323207],0.3704862676377144,0.0758710581123272
5,[0.00755591],0.5259896706454528,0.5307478394477849
6,[0.27687781],0.345754127809187,0.3002434969621838
7,[0.30276413],0.41735288934339493,0.23553961289828462
8,[0.17840461],0.39901440550319034,0.405529408301479
9,[0.64310685],0.3633094607952775,0.17230048588815883
10,[0.49085816],0.31963554352269413,0.019966517442662868
11,[0.03442979],0.6299520871697941,0.503873956495588
12,[0.9734035],0.5678310507484399,0.6706393689884717
13,[0.10849545],0.4730466908040814,0.40060767514139706
14,[0.27442317],0.4154031908536907,0.23467995348732096
15,[0.25601619],0.3492592881341391,0.32110511656535634
16,[0.98541634],0.5569361885777908,0.5020707344706652
17,[0.05274448],0.5566972024580721,0.4381136785180111
18,[0.00263707],0.711227439404173,0.5210663668337822
19,[0.00917467],0.5850641782070005,0.5747593449791198
20,[0.89037516],0.6420634788263726,0.4070295578509343
21,[0.29776478],0.3752603276952845,0.24053896494200777
22,[0.58393402],0.3301457592348533,0.10058841303608745
23,[0.10389525],0.5118207811755224,0.4732260522196091
24,[0.67771685],0.2858920635993729,0.2069104853767071
25,[0.53830375],0.2769756102437156,0.06749738026420549
26,[0.05242076],0.4063272845276179,0.5315132553094978
27,[0.50910312],0.34404869198064814,0.020673043910558686
28,[0.68916687],0.2600240837178748,0.21836050372127813
29,[0.82379949],0.4122877388360216,0.3404538858466718
30,[0.79906829],0.5649437317887145,0.3282619213286524
31,[0.94735949],0.6617879167309662,0.4702835089361967
32,[0.9643367],0.4444792928131176,0.4935303371976454
33,[0.01905691],0.5646860735090747,0.4900462166576227
34,[0.87365097],0.47089633765222844,0.4149621574235577
35,[0.6634246],0.381069411639794,0.1926182331332713
36,[0.16122514],0.5525821418332886,0.37707860222496026
37,[0.11966549],0.37745103221873827,0.38943763065452464
38,[0.91341575],0.5367771069713604,0.4801836876244969
39,[0.76564208],0.4392104655294699,0.4407660730823705
40,[0.48843008],0.2938714125899219,0.020673043910558686
41,[0.5771213],0.3261558077627652,0.08869122346123992
42,[0.28646629],0.5130410963144874,0.22263683758115893
43,[0.1403283],0.46914078058675024,0.4367930063901898
44,[0.32487601],0.40261319237790294,0.21342773559330086
45,[0.75412218],0.28475896606334306,0.27077657454510007
46,[0.4833456],0.31197970645431605,0.0403578325833287
47,[0.45868881],0.34703893437432753,0.03216934485850176
48,[0.75701846],0.5397736804505304,0.2983296507937556
49,[0.47080637],0.35216126055520275,0.03829675741797456
