,0,1,2
0,[0.85721652],0.31462662225798244,0.4239844508710874
1,[0.79149611],0.32988502003059966,0.30815050554240075
2,[0.8860512],0.5991367803662315,0.4027055960902478
3,[0.92398182],0.5072535697158566,0.4355517399221652
4,[0.43323207],0.3704862676377144,0.0758710581123272
5,[0.00755591],0.5165005527562758,0.5307478394477849
6,[0.27687781],0.345754127809187,0.3002434969621838
7,[0.30276413],0.42366591978746426,0.23553961289828462
8,[0.17840461],0.39901440550319034,0.398716695976286
9,[0.64310685],0.3633094607952776,0.17230048588815883
10,[0.49085816],0.3048918747574338,0.007512554560559215
11,[0.03442979],0.7225276772472651,0.4892736450724725
12,[0.9734035],0.5678310507484399,0.6706393689884717
13,[0.10849545],0.4730466908040814,0.4152079865645125
14,[0.27442317],0.41435444990515524,0.23467995348732096
15,[0.25601619],0.3492592881341391,0.32110511656535634
16,[0.98541634],0.5569361885777908,0.5020707344706652
17,[0.05274448],0.6172368290656726,0.4381136785180111
18,[0.00263707],0.7462819988764283,0.5356666782568976
19,[0.00917467],0.5850641782070005,0.5747593449791198
20,[0.89037516],0.4389514075408146,0.4070295578509343
21,[0.29776478],0.2726493128032992,0.2793565216464581
22,[0.58393402],0.3301457592348533,0.0955039357864329
23,[0.10389525],0.5076861723934106,0.4732260522196091
24,[0.67771685],0.2858920635993729,0.2069104853767071
25,[0.53830375],0.3214428747286292,0.06749738026420549
26,[0.05242076],0.5698770651828522,0.5315132553094978
27,[0.50910312],0.2766107533569988,0.020673043910558686
28,[0.68916687],0.32589144662919495,0.2058212674635168
29,[0.82379949],0.36517981625636464,0.3404538858466718
30,[0.79906829],0.449446387510951,0.3282619213286524
31,[0.94735949],0.6617879167309662,0.47655312706507735
32,[0.9643367],0.4444792928131176,0.4935303371976454
33,[0.01905691],0.5062096894470333,0.4900462166576227
34,[0.87365097],0.47089633765222844,0.4149621574235577
35,[0.6634246],0.381069411639794,0.1926182331332713
36,[0.16122514],0.5525821418332886,0.37707860222496026
37,[0.11966549],0.37745103221873827,0.38943763065452464
38,[0.91341575],0.5774961922551501,0.4547269409703255
39,[0.76564208],0.4392104655294699,0.33241001844762774
40,[0.48843008],0.2938714125899219,0.020673043910558686
41,[0.5771213],0.42050802777150287,0.08869122346123992
42,[0.28646629],0.5130410963144874,0.25183746042738986
43,[0.1403283],0.48775624375671695,0.4367930063901898
44,[0.32487601],0.40261319237790294,0.21342773559330086
45,[0.75412218],0.25598111853074135,0.27077657454510007
46,[0.4833456],0.31197970645431605,0.007512554560559215
47,[0.45868881],0.3470389343743275,0.03216934485850176
48,[0.75701846],0.5397736804505304,0.2983296507937556
49,[0.47080637],0.39805447872613786,0.03829675741797456
