,0,1,2
0,[0.85721652],0.31462662225798244,0.40519730052391106
1,[0.79149611],0.19753565342975393,0.30815050554240075
2,[0.8860512],0.5991367803662315,0.4027055960902478
3,[0.92398182],0.5072535697158564,0.4355517399221652
4,[0.43323207],0.3704862676377144,0.0758710581123272
5,[0.00755591],0.5165005527562758,0.501547216601554
6,[0.27687781],0.34156492686196654,0.3002434969621838
7,[0.30276413],0.42366591978746426,0.23553961289828462
8,[0.17840461],0.39901440550319034,0.398716695976286
9,[0.64310685],0.3633094607952776,0.17230048588815883
10,[0.49085816],0.30489187475743385,0.007512554560559215
11,[0.03442979],0.722527677247265,0.503873956495588
12,[0.9734035],0.5678310507484399,0.6706393689884717
13,[0.10849545],0.4730466908040814,0.429808297987628
14,[0.27442317],0.41435444990515524,0.22555747018749395
15,[0.25601619],0.3492592881341391,0.32110511656535634
16,[0.98541634],0.5569361885777908,0.5020707344706652
17,[0.05274448],0.6172368290656726,0.4381136785180111
18,[0.00263707],0.763867045351742,0.5356666782568976
19,[0.00917467],0.40453971438357916,0.5747593449791198
20,[0.89037516],0.6420634788263726,0.4070295578509343
21,[0.29776478],0.2726493128032992,0.2793565216464581
22,[0.58393402],0.2764821192019987,0.0955039357864329
23,[0.10389525],0.5076861723934106,0.4732260522196091
24,[0.67771685],0.2858920635993729,0.2069104853767071
25,[0.53830375],0.3214428747286292,0.06749738026420549
26,[0.05242076],0.6096159890717263,0.5315132553094978
27,[0.50910312],0.2766107533569988,0.020673043910558686
28,[0.68916687],0.39210292604025526,0.2058212674635168
29,[0.82379949],0.44059553670135665,0.3404538858466718
30,[0.79906829],0.449446387510951,0.3282619213286524
31,[0.94735949],0.6617879167309662,0.47655312706507735
32,[0.9643367],0.49128839798361046,0.4935303371976454
33,[0.01905691],0.5062096894470334,0.4900462166576227
34,[0.87365097],0.47089633765222844,0.4149621574235577
35,[0.6634246],0.4047559098415614,0.1926182331332713
36,[0.16122514],0.41505183075204277,0.37707860222496026
37,[0.11966549],0.30807892892655325,0.38943763065452464
38,[0.91341575],0.4926847132569664,0.4547269409703255
39,[0.76564208],0.4159730682939384,0.30695327179345633
40,[0.48843008],0.27690374379218297,0.020673043910558686
41,[0.5771213],0.43073818226125027,0.08869122346123992
42,[0.28646629],0.5130410963144874,0.25183746042738986
43,[0.1403283],0.48775624375671695,0.4367930063901898
44,[0.32487601],0.42384306962253887,0.21342773559330086
45,[0.75412218],0.2559811185307414,0.27077657454510007
46,[0.4833456],0.31197970645431605,0.007512554560559215
47,[0.45868881],0.3441804839256403,0.03216934485850176
48,[0.75701846],0.5397736804505304,0.2983296507937556
49,[0.47080637],0.39805447872613786,0.06749738026420549
