,0,1,2
0,[0.85721652],0.4627275880830485,0.4239844508710874
1,[0.79149611],0.14762435115245948,0.3206897418001621
2,[0.8860512],0.45745388586075497,0.41524483234800913
3,[0.92398182],0.4226872321225533,0.4531754534295811
4,[0.43323207],0.3044109904254156,0.05762609151267317
5,[0.00755591],0.6621734161056889,0.48330225000189997
6,[0.27687781],0.45848094546118956,0.3002434969621838
7,[0.30276413],0.5146113079815293,0.2811698819279279
8,[0.17840461],0.382408737054051,0.398716695976286
9,[0.64310685],0.369196669482143,0.17230048588815883
10,[0.49085816],0.36874873151411935,0.007512554560559215
11,[0.03442979],0.6479434099000813,0.503873956495588
12,[0.9734035],0.6010493465199815,0.5147146903945737
13,[0.10849545],0.5827310394894908,0.40060767514139706
14,[0.27442317],0.5048846889851817,0.23467995348732096
15,[0.25601619],0.34129277356440557,0.3279178288905493
16,[0.98541634],0.6720717960906091,0.5083403525995458
17,[0.05274448],0.6790228081415433,0.4563586451176651
18,[0.00263707],0.6265352315616146,0.5356666782568976
19,[0.00917467],0.7742424907951247,0.5679466326539269
20,[0.89037516],0.49434791247682497,0.4070295578509343
21,[0.29776478],0.36847157966829797,0.2793565216464581
22,[0.58393402],0.33014575923485323,0.0955039357864329
23,[0.10389525],0.5973873238049026,0.4344084955151588
24,[0.67771685],0.4825539182135813,0.2190280394168883
25,[0.53830375],0.3157943671905386,0.06749738026420549
26,[0.05242076],0.6450591648521959,0.471282674856739
27,[0.50910312],0.39103001488994343,0.020673043910558686
28,[0.68916687],0.42384423149858375,0.2058212674635168
29,[0.82379949],0.3382794595228897,0.3404538858466718
30,[0.79906829],0.4360938902031467,0.3157226850708911
31,[0.94735949],0.4845864953752163,0.47655312706507735
32,[0.9643367],0.6051326786036364,0.4935303371976454
33,[0.01905691],0.4524920127978017,0.4900462166576227
34,[0.87365097],0.47089633765222844,0.4149621574235577
35,[0.6634246],0.44116010164850455,0.18007899687551
36,[0.16122514],0.5667069443819646,0.37707860222496026
37,[0.11966549],0.4373550294686387,0.38943763065452464
38,[0.91341575],0.47829370869428056,0.4547269409703255
39,[0.76564208],0.4028289866186238,0.2948357177532751
40,[0.48843008],0.3426844684746666,0.002428077310904664
41,[0.5771213],0.2883932006036569,0.09377570071089447
42,[0.28646629],0.321444460492312,0.25183746042738986
43,[0.1403283],0.3519938619198439,0.3979754496857395
44,[0.32487601],0.33342698975198604,0.21342773559330086
45,[0.75412218],0.34763771635916496,0.27077657454510007
46,[0.4833456],0.3015249133814727,0.025757521160213237
47,[0.45868881],0.2907226658960485,0.07961493430438671
48,[0.75701846],0.41798791637077287,0.2983296507937556
49,[0.47080637],0.3674423256404336,0.03829675741797456
