,0,1,2
0,[0.85721652],0.6743207847393905,0.678811909184365
1,[0.79149611],0.6086003763628177,0.6130915008077923
2,[0.8860512],0.5888038132578617,0.40897521421912847
3,[0.92398182],0.5813064383460114,0.4355517399221652
4,[0.43323207],0.341378122871608,0.10507168095855812
5,[0.00755591],0.5922838891466294,0.5307478394477849
6,[0.27687781],0.3768263697945882,0.26142594025773347
7,[0.30276413],0.46683151574751225,0.21181681817534215
8,[0.17840461],0.49208756680792065,0.405529408301479
9,[0.64310685],0.2959846480538494,0.18441803992834005
10,[0.49085816],0.378357101656055,0.06609845212575893
11,[0.03442979],0.7351658593448157,0.47467333364935704
12,[0.9734035],0.7905077709170483,0.6485274916834879
13,[0.10849545],0.4422908279284205,0.4023292259844059
14,[0.27442317],0.44251529301757825,0.23467995348732096
15,[0.25601619],0.5135794627101338,0.3870906654848594
16,[0.98541634],0.6100142382137983,0.5020707344706652
17,[0.05274448],0.630556666717726,0.4356856012071064
18,[0.00263707],0.6327015979959703,0.5812969472865409
19,[0.00917467],0.6261639956885492,0.5747593449791198
20,[0.89037516],0.5476997790251261,0.40194508060127976
21,[0.29776478],0.3684715796682979,0.24053896494200777
22,[0.58393402],0.45569478403308167,0.405529408301479
23,[0.10389525],0.608905950262589,0.4052078726689279
24,[0.67771685],0.30290664795155897,0.2190280394168883
25,[0.53830375],0.27066832267067464,0.054958144006444165
26,[0.05242076],0.7171748891290821,0.5906860919038078
27,[0.50910312],0.3659912111459544,0.020673043910558686
28,[0.68916687],0.30519665162047327,0.23047805776145935
29,[0.82379949],0.5976621513954734,0.3404538858466718
30,[0.79906829],0.46093579869397905,0.3157226850708911
31,[0.94735949],0.5819237275118229,0.45771537490220915
32,[0.9643367],0.49993770570468543,0.5056478912378266
33,[0.01905691],0.6937442942512838,0.4900462166576227
34,[0.87365097],0.40925197189041657,0.4149621574235577
35,[0.6634246],0.37012581992806604,0.17499451962585544
36,[0.16122514],0.46497685261074484,0.37707860222496026
37,[0.11966549],0.5931357082481858,0.38943763065452464
38,[0.91341575],0.49474792618983904,0.4426093869301443
39,[0.76564208],0.5827463523159307,0.5872374767609053
40,[0.48843008],0.37012581992806604,0.020673043910558686
41,[0.5771213],0.35286516069514295,0.08869122346123992
42,[0.28646629],0.4831293632766176,0.3566405660513432
43,[0.1403283],0.514933353056263,0.4436057187153828
44,[0.32487601],0.33464672466562256,0.21342773559330086
45,[0.75412218],0.36847157966829797,0.2833158108028614
46,[0.4833456],0.33464672466562256,0.054958144006444165
47,[0.45868881],0.3145577542792502,0.18441803992834005
48,[0.75701846],0.3696300940485832,0.2862120967535744
49,[0.47080637],0.33386326273273753,0.06749738026420549
