,0,1,2
0,[0.85721652],0.47977472868201493,0.4239844508710874
1,[0.79149611],0.24115552934566864,0.3206897418001621
2,[0.8860512],0.5534820172101755,0.41524483234800913
3,[0.92398182],0.3485643491203786,0.4531754534295811
4,[0.43323207],0.3044109904254156,0.05762609151267317
5,[0.00755591],0.662173416105689,0.48330225000189997
6,[0.27687781],0.45848094546118956,0.26142594025773347
7,[0.30276413],0.38671916947618123,0.2811698819279279
8,[0.17840461],0.5075625287909273,0.398716695976286
9,[0.64310685],0.4168500879336262,0.18441803992834005
10,[0.49085816],0.4201529312772479,0.002428077310904664
11,[0.03442979],0.6706992611847722,0.47467333364935704
12,[0.9734035],0.6010493465199815,0.5147146903945737
13,[0.10849545],0.6031968871052675,0.40060767514139706
14,[0.27442317],0.4468655578742527,0.23467995348732096
15,[0.25601619],0.3538950676154056,0.3279178288905493
16,[0.98541634],0.5772333407590595,0.5020707344706652
17,[0.05274448],0.7018923012618417,0.4563586451176651
18,[0.00263707],0.6265352315616146,0.5356666782568976
19,[0.00917467],0.6485885525484734,0.5679466326539269
20,[0.89037516],0.43217644789632265,0.41956879410869563
21,[0.29776478],0.36847157966829797,0.2793565216464581
22,[0.58393402],0.33014575923485323,0.0955039357864329
23,[0.10389525],0.5973873238049026,0.4344084955151588
24,[0.67771685],0.4065938087745173,0.2190280394168883
25,[0.53830375],0.3157943671905386,0.054958144006444165
26,[0.05242076],0.47132519414346136,0.4858829862798545
27,[0.50910312],0.3216579115977584,0.020673043910558686
28,[0.68916687],0.30999995087855786,0.2058212674635168
29,[0.82379949],0.3382794595228897,0.3404538858466718
30,[0.79906829],0.3917581518770779,0.3157226850708911
31,[0.94735949],0.30632989237849584,0.47655312706507735
32,[0.9643367],0.6051326786036364,0.4935303371976454
33,[0.01905691],0.5299350928435996,0.4900462166576227
34,[0.87365097],0.4959445660117424,0.4149621574235577
35,[0.6634246],0.44116010164850455,0.18007899687551
36,[0.16122514],0.5667069443819646,0.37707860222496026
37,[0.11966549],0.5581368043230147,0.38943763065452464
38,[0.91341575],0.47829370869428056,0.4486681639502349
39,[0.76564208],0.44312584930706034,0.2948357177532751
40,[0.48843008],0.3426844684746666,0.002428077310904664
41,[0.5771213],0.2883932006036569,0.09377570071089447
42,[0.28646629],0.3050134881756691,0.25183746042738986
43,[0.1403283],0.2854324027517753,0.3979754496857395
44,[0.32487601],0.34674212415283856,0.21342773559330086
45,[0.75412218],0.34296171248226676,0.27077657454510007
46,[0.4833456],0.3607748067829024,0.025757521160213237
47,[0.45868881],0.31977394066291454,0.07961493430438671
48,[0.75701846],0.41798791637077287,0.292270873773665
49,[0.47080637],0.3674423256404336,0.03829675741797456
