,0,1,2
0,[0.85721652],0.47977472868201493,0.4239844508710874
1,[0.79149611],0.1797442874881933,0.3206897418001621
2,[0.8860512],0.4641914001687465,0.41524483234800913
3,[0.92398182],0.43099916237771235,0.4652930074697623
4,[0.43323207],0.31881255596962865,0.05762609151267317
5,[0.00755591],0.505230958098709,0.48330225000189997
6,[0.27687781],0.45848094546118956,0.246825628834618
7,[0.30276413],0.38671916947618123,0.23553961289828462
8,[0.17840461],0.38240873705405093,0.3598991392718357
9,[0.64310685],0.4209826486966294,0.18441803992834005
10,[0.49085816],0.3750973559882465,0.007512554560559215
11,[0.03442979],0.6740947032112858,0.47467333364935704
12,[0.9734035],0.6362028543169939,0.5086559133744831
13,[0.10849545],0.6031968871052674,0.40060767514139706
14,[0.27442317],0.34039745677308664,0.23467995348732096
15,[0.25601619],0.3152615820841309,0.3279178288905493
16,[0.98541634],0.5328976024329908,0.5020707344706652
17,[0.05274448],0.6173807820394769,0.4563586451176651
18,[0.00263707],0.6906188019123078,0.5744842349613479
19,[0.00917467],0.6014487722377859,0.5679466326539269
20,[0.89037516],0.43217644789632265,0.4070295578509343
21,[0.29776478],0.3585375977555441,0.2793565216464581
22,[0.58393402],0.29252695454437333,0.0955039357864329
23,[0.10389525],0.37397599000457105,0.4344084955151588
24,[0.67771685],0.43823663888664494,0.2069104853767071
25,[0.53830375],0.26130307128251784,0.06749738026420549
26,[0.05242076],0.6565843831547304,0.4858829862798545
27,[0.50910312],0.3117728615861566,0.020673043910558686
28,[0.68916687],0.30318817135900056,0.2058212674635168
29,[0.82379949],0.43442116637298034,0.3404538858466718
30,[0.79906829],0.4594678695695512,0.3157226850708911
31,[0.94735949],0.3272905135032865,0.47655312706507735
32,[0.9643367],0.6199458103052284,0.4935303371976454
33,[0.01905691],0.6594868305639452,0.4900462166576227
34,[0.87365097],0.47089633765222844,0.40284460338337647
35,[0.6634246],0.4312033632530959,0.18007899687551
36,[0.16122514],0.5667069443819646,0.37707860222496026
37,[0.11966549],0.5890721587991633,0.45745581020520587
38,[0.91341575],0.47829370869428045,0.4486681639502349
39,[0.76564208],0.44312584930706034,0.2822964814955138
40,[0.48843008],0.34530172649111146,0.0013281999693749436
41,[0.5771213],0.3394664532377173,0.09377570071089447
42,[0.28646629],0.36633441498561714,0.2372371490042744
43,[0.1403283],0.3325476167581584,0.4367930063901898
44,[0.32487601],0.3094725142728837,0.21342773559330086
45,[0.75412218],0.3126843546307241,0.27077657454510007
46,[0.4833456],0.3607748067829024,0.025757521160213237
47,[0.45868881],0.2773255438642256,0.05041431145815578
48,[0.75701846],0.4464215638265515,0.292270873773665
49,[0.47080637],0.34853130753086414,0.03829675741797456
