,0,1,2
0,[0.85721652],0.47977472868201493,0.4239844508710874
1,[0.79149611],0.1797442874881933,0.3206897418001621
2,[0.8860512],0.4716661863682067,0.41524483234800913
3,[0.92398182],0.4268645535956006,0.4652930074697623
4,[0.43323207],0.31881255596962865,0.0758710581123272
5,[0.00755591],0.5541279153129209,0.48330225000189997
6,[0.27687781],0.4660670696775039,0.23222531741150254
7,[0.30276413],0.36783543051864676,0.23553961289828462
8,[0.17840461],0.36346462096718735,0.3598991392718357
9,[0.64310685],0.4209826486966294,0.17230048588815883
10,[0.49085816],0.3750973559882465,0.004970315935731939
11,[0.03442979],0.6740947032112858,0.47467333364935704
12,[0.9734035],0.6362028543169939,0.5025971363543925
13,[0.10849545],0.5080155623672216,0.40060767514139706
14,[0.27442317],0.34039745677308664,0.23467995348732096
15,[0.25601619],0.31526158208413096,0.3245114727279529
16,[0.98541634],0.5328976024329908,0.5020707344706652
17,[0.05274448],0.6691923829640658,0.4563586451176651
18,[0.00263707],0.6906188019123078,0.5744842349613479
19,[0.00917467],0.5931233070035232,0.5291290759494766
20,[0.89037516],0.43217644789632265,0.41329917597981497
21,[0.29776478],0.4403487471157185,0.2793565216464581
22,[0.58393402],0.29252695454437333,0.0955039357864329
23,[0.10389525],0.5042095522489103,0.4344084955151588
24,[0.67771685],0.43823663888664494,0.2129692623967977
25,[0.53830375],0.26130307128251784,0.06749738026420549
26,[0.05242076],0.6826779695426758,0.4858829862798545
27,[0.50910312],0.3117728615861566,0.020673043910558686
28,[0.68916687],0.3031881713590005,0.2058212674635168
29,[0.82379949],0.43442116637298034,0.3404538858466718
30,[0.79906829],0.4594678695695512,0.3157226850708911
31,[0.94735949],0.3108574720910139,0.47655312706507735
32,[0.9643367],0.6263043546574903,0.4935303371976454
33,[0.01905691],0.6594868305639452,0.4900462166576227
34,[0.87365097],0.47089633765222844,0.40284460338337647
35,[0.6634246],0.34752624204996607,0.18007899687551
36,[0.16122514],0.5667069443819646,0.37707860222496026
37,[0.11966549],0.5890721587991632,0.45745581020520587
38,[0.91341575],0.47829370869428045,0.4426093869301443
39,[0.76564208],0.44312584930706034,0.28856609962439445
40,[0.48843008],0.3417644289691604,0.005084477249654551
41,[0.5771213],0.3394664532377173,0.09377570071089447
42,[0.28646629],0.36633441498561714,0.22263683758115893
43,[0.1403283],0.3273388149002954,0.4367930063901898
44,[0.32487601],0.2651367759468149,0.21342773559330086
45,[0.75412218],0.2178147376615888,0.27077657454510007
46,[0.4833456],0.3607748067829024,0.025757521160213237
47,[0.45868881],0.27732554386422564,0.05041431145815578
48,[0.75701846],0.4464215638265515,0.2862120967535744
49,[0.47080637],0.34826924215881283,0.03829675741797456
