,0,1,2
0,[0.85721652],0.5773580684418262,0.4239844508710874
1,[0.79149611],0.20897188533986322,0.3206897418001621
2,[0.8860512],0.4716661863682067,0.42736238638819035
3,[0.92398182],0.5072535697158564,0.4652930074697623
4,[0.43323207],0.29344208966252233,0.0758710581123272
5,[0.00755591],0.5541279153129208,0.48330225000189997
6,[0.27687781],0.41163301256633683,0.23222531741150254
7,[0.30276413],0.21715589916145928,0.23553961289828462
8,[0.17840461],0.3634646209671874,0.3598991392718357
9,[0.64310685],0.35844218264384076,0.17230048588815883
10,[0.49085816],0.32509912522887185,0.007512554560559215
11,[0.03442979],0.7052673802642688,0.503873956495588
12,[0.9734035],0.45404711733242653,0.5147146903945737
13,[0.10849545],0.6163409687805821,0.429808297987628
14,[0.27442317],0.3955581374353286,0.23467995348732096
15,[0.25601619],0.2883350584074999,0.3279178288905493
16,[0.98541634],0.5961817257888662,0.5020707344706652
17,[0.05274448],0.5984697639299075,0.4563586451176651
18,[0.00263707],0.6906188019123078,0.5744842349613479
19,[0.00917467],0.5931233070035232,0.5485378543017017
20,[0.89037516],0.6320432677131238,0.4070295578509343
21,[0.29776478],0.4403487471157185,0.2793565216464581
22,[0.58393402],0.29252695454437333,0.0955039357864329
23,[0.10389525],0.4245881112664148,0.4344084955151588
24,[0.67771685],0.43823663888664494,0.2069104853767071
25,[0.53830375],0.18898103981152048,0.06749738026420549
26,[0.05242076],0.6565843831547304,0.4858829862798545
27,[0.50910312],0.39617846900754483,0.020673043910558686
28,[0.68916687],0.29824193120384435,0.2058212674635168
29,[0.82379949],0.39757574382356636,0.33536940859701725
30,[0.79906829],0.4441785432110713,0.3282619213286524
31,[0.94735949],0.5455199547172732,0.47655312706507735
32,[0.9643367],0.6587995473230972,0.4935303371976454
33,[0.01905691],0.6244879266387742,0.4900462166576227
34,[0.87365097],0.47089633765222844,0.40284460338337647
35,[0.6634246],0.4018467835713443,0.18007899687551
36,[0.16122514],0.5667069443819646,0.37707860222496026
37,[0.11966549],0.49764353983855364,0.45745581020520587
38,[0.91341575],0.46073652474375637,0.4547269409703255
39,[0.76564208],0.35572106403896686,0.28856609962439445
40,[0.48843008],0.34268446847466655,0.002428077310904664
41,[0.5771213],0.3864024439351815,0.09377570071089447
42,[0.28646629],0.3663344149856171,0.22263683758115893
43,[0.1403283],0.5556312729324724,0.4367930063901898
44,[0.32487601],0.27468439784677134,0.21342773559330086
45,[0.75412218],0.2738986426320185,0.27077657454510007
46,[0.4833456],0.3318527341303995,0.025757521160213237
47,[0.45868881],0.27732554386422564,0.05041431145815578
48,[0.75701846],0.4464215638265515,0.2862120967535744
49,[0.47080637],0.28814165196244457,0.03829675741797456
