,0,1,2
0,[0.85721652],0.60255483784343,0.4239844508710874
1,[0.79149611],0.3752381922937885,0.3206897418001621
2,[0.8860512],0.4716661863682067,0.42130360936809974
3,[0.92398182],0.5443867589441556,0.4652930074697623
4,[0.43323207],0.3794257616281779,0.05762609151267317
5,[0.00755591],0.5302221567968178,0.48330225000189997
6,[0.27687781],0.40951979926644944,0.26142594025773347
7,[0.30276413],0.21926911246134662,0.23553961289828462
8,[0.17840461],0.3634646209671874,0.3598991392718357
9,[0.64310685],0.35844218264384076,0.18441803992834005
10,[0.49085816],0.32509912522887185,0.007512554560559215
11,[0.03442979],0.5891996382302163,0.4892736450724725
12,[0.9734035],0.45404711733242664,0.5147146903945737
13,[0.10849545],0.6163409687805821,0.429808297987628
14,[0.27442317],0.361848342480447,0.23467995348732096
15,[0.25601619],0.2883350584074999,0.32110511656535634
16,[0.98541634],0.6689177476877284,0.5020707344706652
17,[0.05274448],0.5984697639299075,0.4381136785180111
18,[0.00263707],0.7562711861780382,0.5744842349613479
19,[0.00917467],0.5765176385543838,0.5291290759494766
20,[0.89037516],0.5907754697027132,0.4070295578509343
21,[0.29776478],0.4403487471157185,0.2793565216464581
22,[0.58393402],0.30852867234121284,0.0955039357864329
23,[0.10389525],0.5472064114279732,0.4344084955151588
24,[0.67771685],0.43725287112482236,0.2190280394168883
25,[0.53830375],0.2566275365554186,0.06749738026420549
26,[0.05242076],0.6565843831547304,0.4858829862798545
27,[0.50910312],0.33189457878677614,0.020673043910558686
28,[0.68916687],0.29824193120384435,0.2058212674635168
29,[0.82379949],0.3333547205104951,0.33536940859701725
30,[0.79906829],0.4441785432110713,0.3282619213286524
31,[0.94735949],0.5455199547172732,0.47655312706507735
32,[0.9643367],0.567854159129032,0.4935303371976454
33,[0.01905691],0.5799626067958265,0.5192468395038536
34,[0.87365097],0.47089633765222844,0.40284460338337647
35,[0.6634246],0.3413071569637438,0.18007899687551
36,[0.16122514],0.5747779211355775,0.37707860222496026
37,[0.11966549],0.6039457853409977,0.45745581020520587
38,[0.91341575],0.4659137902156461,0.4547269409703255
39,[0.76564208],0.35572106403896686,0.2822964814955138
40,[0.48843008],0.3426844684746666,0.002428077310904664
41,[0.5771213],0.3864024439351815,0.09377570071089447
42,[0.28646629],0.36633441498561714,0.22263683758115893
43,[0.1403283],0.5556312729324724,0.4367930063901898
44,[0.32487601],0.27468439784677134,0.21342773559330086
45,[0.75412218],0.2738986426320185,0.27077657454510007
46,[0.4833456],0.3543141307220482,0.025757521160213237
47,[0.45868881],0.27732554386422564,0.05041431145815578
48,[0.75701846],0.4464215638265515,0.2685883832461585
49,[0.47080637],0.37678138563549635,0.06749738026420549
