,0,1,2
0,[0.85721652],0.5165489767808197,0.678811909184365
1,[0.79149611],0.4639726500795616,0.6130915008077923
2,[0.8860512],0.5888038132578617,0.41524483234800913
3,[0.92398182],0.6759516487899333,0.4355517399221652
4,[0.43323207],0.3372007278084629,0.1574732337705348
5,[0.00755591],0.6235547410064645,0.6386570547171129
6,[0.27687781],0.3768263697945882,0.26142594025773347
7,[0.30276413],0.42994790776184433,0.18809402345239967
8,[0.17840461],0.41728942676892145,0.405529408301479
9,[0.64310685],0.2959846480538494,0.18441803992834005
10,[0.49085816],0.3256755095059283,0.020051790818320536
11,[0.03442979],0.7776975210912133,0.47467333364935704
12,[0.9734035],0.5780794627819003,0.5692926958900595
13,[0.10849545],0.4422908279284205,0.429808297987628
14,[0.27442317],0.44251529301757825,0.23467995348732096
15,[0.25601619],0.47669585472446574,0.35750424718770435
16,[0.98541634],0.5240525786162727,0.5020707344706652
17,[0.05274448],0.630556666717726,0.44602212316238576
18,[0.00263707],0.6327015979959703,0.5812969472865409
19,[0.00917467],0.5374428519454726,0.5747593449791198
20,[0.89037516],0.5476997790251261,0.40194508060127976
21,[0.29776478],0.39138764140184273,0.3484481802113357
22,[0.58393402],0.45569478403308167,0.3279178288905493
23,[0.10389525],0.608905950262589,0.4052078726689279
24,[0.67771685],0.30290664795155897,0.2190280394168883
25,[0.53830375],0.27066832267067464,0.054958144006444165
26,[0.05242076],0.6802912811434141,0.5315132553094978
27,[0.50910312],0.2966191078537693,0.020673043910558686
28,[0.68916687],0.30519665162047327,0.23047805776145935
29,[0.82379949],0.33765995134903243,0.3404538858466718
30,[0.79906829],0.3749741390964535,0.3157226850708911
31,[0.94735949],0.4899059543260666,0.4589294135576615
32,[0.9643367],0.4907257021380616,0.5056478912378266
33,[0.01905691],0.6066339462668507,0.4900462166576227
34,[0.87365097],0.4000399683237926,0.4149621574235577
35,[0.6634246],0.34887867101186354,0.17499451962585544
36,[0.16122514],0.46497685261074484,0.37707860222496026
37,[0.11966549],0.5060253602637527,0.38943763065452464
38,[0.91341575],0.46347707433000396,0.4426093869301443
39,[0.76564208],0.44846023565142934,0.4912189138226215
40,[0.48843008],0.300753716635881,0.020673043910558686
41,[0.5771213],0.300753716635881,0.08869122346123992
42,[0.28646629],0.44624575529094956,0.3270541477541882
43,[0.1403283],0.432519950934483,0.4436057187153828
44,[0.32487601],0.3340561593054173,0.21342773559330086
45,[0.75412218],0.3372007278084629,0.2833158108028614
46,[0.4833456],0.27066832267067464,0.054958144006444165
47,[0.45868881],0.3145577542792502,0.15483162163118502
48,[0.75701846],0.33835924218874813,0.2862120967535744
49,[0.47080637],0.39038817614704735,0.06749738026420549
