,0,1,2
0,[0.85721652],0.5813751364814603,0.4112560775440017
1,[0.79149611],0.3752381922937885,0.3206897418001621
2,[0.8860512],0.5619377950555947,0.41524483234800913
3,[0.92398182],0.5385466343749093,0.4531754534295811
4,[0.43323207],0.3794257616281779,0.05762609151267317
5,[0.00755591],0.4389506777006852,0.48330225000189997
6,[0.27687781],0.3965287378501328,0.26142594025773347
7,[0.30276413],0.2570274456484793,0.23553961289828462
8,[0.17840461],0.2653162160674111,0.398716695976286
9,[0.64310685],0.35844218264384076,0.18441803992834005
10,[0.49085816],0.3614407389207572,0.007512554560559215
11,[0.03442979],0.5891996382302163,0.47467333364935704
12,[0.9734035],0.45404711733242664,0.5147146903945737
13,[0.10849545],0.6173578642305129,0.429808297987628
14,[0.27442317],0.36184834248044695,0.23467995348732096
15,[0.25601619],0.3456590287716875,0.32110511656535634
16,[0.98541634],0.8256484522579515,0.5020707344706652
17,[0.05274448],0.5984697639299076,0.4381136785180111
18,[0.00263707],0.5684764436608832,0.5550754566091227
19,[0.00917467],0.7690396522626549,0.5291290759494766
20,[0.89037516],0.6090007531096202,0.4070295578509343
21,[0.29776478],0.4403487471157185,0.2793565216464581
22,[0.58393402],0.3699195357582281,0.0955039357864329
23,[0.10389525],0.5663071985852598,0.4344084955151588
24,[0.67771685],0.43725287112482236,0.2190280394168883
25,[0.53830375],0.25826779163726166,0.054958144006444165
26,[0.05242076],0.7298560550264133,0.4858829862798545
27,[0.50910312],0.3945453502147841,0.020673043910558686
28,[0.68916687],0.27707025514999045,0.2058212674635168
29,[0.82379949],0.4313639638420196,0.33536940859701725
30,[0.79906829],0.4986048496851903,0.3403794753688336
31,[0.94735949],0.6027623740679882,0.47655312706507735
32,[0.9643367],0.7182922809072119,0.4935303371976454
33,[0.01905691],0.6594868305639452,0.5192468395038536
34,[0.87365097],0.47089633765222844,0.4149621574235577
35,[0.6634246],0.38459415434127714,0.18007899687551
36,[0.16122514],0.5859515476558194,0.37707860222496026
37,[0.11966549],0.6039457853409977,0.45745581020520587
38,[0.91341575],0.4659137902156461,0.4547269409703255
39,[0.76564208],0.3599745586184877,0.2822964814955138
40,[0.48843008],0.38315908763134826,0.002428077310904664
41,[0.5771213],0.3746546210893975,0.08869122346123992
42,[0.28646629],0.3663344149856171,0.22263683758115893
43,[0.1403283],0.5376026775548037,0.4367930063901898
44,[0.32487601],0.27468439784677134,0.21342773559330086
45,[0.75412218],0.2738986426320185,0.27077657454510007
46,[0.4833456],0.381564727383215,0.025757521160213237
47,[0.45868881],0.27732554386422564,0.05041431145815578
48,[0.75701846],0.4464215638265515,0.2685883832461585
49,[0.47080637],0.2976307698516215,0.06749738026420549
