,0,1,2
0,[0.85721652],0.41856765959445774,0.39852770421691597
1,[0.79149611],0.2993481219920455,0.3206897418001621
2,[0.8860512],0.49775977275615196,0.41524483234800913
3,[0.92398182],0.5555143031726483,0.4531754534295811
4,[0.43323207],0.29990153786005924,0.05762609151267317
5,[0.00755591],0.5879401789983116,0.48330225000189997
6,[0.27687781],0.46824793372055984,0.23222531741150254
7,[0.30276413],0.31669337580723045,0.23553961289828462
8,[0.17840461],0.4283060889137801,0.398716695976286
9,[0.64310685],0.35844218264384076,0.18441803992834005
10,[0.49085816],0.3252876514931613,0.007512554560559215
11,[0.03442979],0.6921232985889543,0.503873956495588
12,[0.9734035],0.5813963392798119,0.5147146903945737
13,[0.10849545],0.6071736741770127,0.40060767514139706
14,[0.27442317],0.31895824102919035,0.23467995348732096
15,[0.25601619],0.3308667201538976,0.32110511656535634
16,[0.98541634],0.8256484522579515,0.5020707344706652
17,[0.05274448],0.5984697639299076,0.4381136785180111
18,[0.00263707],0.5684764436608832,0.5744842349613479
19,[0.00917467],0.6439804339841837,0.5291290759494766
20,[0.89037516],0.5467070259323661,0.4070295578509343
21,[0.29776478],0.4403487471157185,0.2793565216464581
22,[0.58393402],0.43470976831886504,0.0955039357864329
23,[0.10389525],0.658580409320814,0.4732260522196091
24,[0.67771685],0.40684126646781493,0.2190280394168883
25,[0.53830375],0.22487512030206025,0.054958144006444165
26,[0.05242076],0.5793594815532105,0.4858829862798545
27,[0.50910312],0.3200247928049976,0.025757521160213237
28,[0.68916687],0.3783634662321238,0.2058212674635168
29,[0.82379949],0.2753616877283595,0.33536940859701725
30,[0.79906829],0.35428632803467786,0.334320698348743
31,[0.94735949],0.6027623740679882,0.47655312706507735
32,[0.9643367],0.6113700001848956,0.4935303371976454
33,[0.01905691],0.6594868305639452,0.5192468395038536
34,[0.87365097],0.46867839538668427,0.40284460338337647
35,[0.6634246],0.35491079287388,0.18007899687551
36,[0.16122514],0.5859515476558194,0.37707860222496026
37,[0.11966549],0.5851906451988188,0.45745581020520587
38,[0.91341575],0.4659137902156461,0.4547269409703255
39,[0.76564208],0.3557210640389669,0.2822964814955138
40,[0.48843008],0.2587886897668391,0.0013281999693749436
41,[0.5771213],0.37465462108939745,0.08869122346123992
42,[0.28646629],0.36633441498561714,0.25183746042738986
43,[0.1403283],0.4774750873584354,0.4173842280379646
44,[0.32487601],0.27468439784677134,0.21342773559330086
45,[0.75412218],0.36654873446873437,0.27077657454510007
46,[0.4833456],0.35438410321475644,0.025757521160213237
47,[0.45868881],0.28455969340819376,0.07961493430438671
48,[0.75701846],0.39984340377921124,0.2685883832461585
49,[0.47080637],0.2976307698516215,0.03829675741797456
