,0,1,2
0,[0.85721652],0.5165489767808197,0.5575669258759557
1,[0.79149611],0.4639726500795615,0.33320727401845773
2,[0.8860512],0.5287009584561555,0.4027055960902478
3,[0.92398182],0.6759516487899333,0.4355517399221652
4,[0.43323207],0.40067109762024533,0.1507019499882014
5,[0.00755591],0.6235547410064645,0.5307478394477849
6,[0.27687781],0.4916666443038594,0.246825628834618
7,[0.30276413],0.38319069250974575,0.18809402345239967
8,[0.17840461],0.5686739437585453,0.405529408301479
9,[0.64310685],0.3416496288907558,0.17835926290824944
10,[0.49085816],0.3256755095059283,0.03310567766600736
11,[0.03442979],0.7024979482292188,0.47467333364935704
12,[0.9734035],0.5963943492665922,0.6595834303359798
13,[0.10849545],0.4422908279284205,0.429808297987628
14,[0.27442317],0.519240556983416,0.23467995348732096
15,[0.25601619],0.47669585472446574,0.3245114727279529
16,[0.98541634],0.6211644322090519,0.5020707344706652
17,[0.05274448],0.649311806859905,0.4563586451176651
18,[0.00263707],0.6327015979959703,0.5812969472865409
19,[0.00917467],0.7040578931006579,0.5747593449791198
20,[0.89037516],0.5476997790251261,0.40194508060127976
21,[0.29776478],0.3913876414018428,0.24053896494200777
22,[0.58393402],0.44255070235776717,0.1379735766611157
23,[0.10389525],0.6089059502625889,0.4052078726689279
24,[0.67771685],0.30290664795155897,0.2190280394168883
25,[0.53830375],0.27066832267067464,0.061227762135324826
26,[0.05242076],0.5647662124299531,0.5315132553094978
27,[0.50910312],0.36405704647741866,0.020673043910558686
28,[0.68916687],0.30519665162047327,0.23047805776145935
29,[0.82379949],0.33765995134903243,0.3529931221044331
30,[0.79906829],0.4720859926892326,0.3157226850708911
31,[0.94735949],0.585934085675487,0.4677412703113694
32,[0.9643367],0.4538288822056419,0.5056478912378266
33,[0.01905691],0.6066339462668507,0.4900462166576227
34,[0.87365097],0.3812802951542268,0.4149621574235577
35,[0.6634246],0.33527503510172724,0.17499451962585544
36,[0.16122514],0.46497685261074484,0.37707860222496026
37,[0.11966549],0.5060253602637528,0.38943763065452464
38,[0.91341575],0.46347707433000396,0.4426093869301443
39,[0.76564208],0.47169763288696076,0.4912189138226215
40,[0.48843008],0.300753716635881,0.020673043910558686
41,[0.5771213],0.300753716635881,0.08869122346123992
42,[0.28646629],0.44624575529094956,0.29746772945703315
43,[0.1403283],0.432519950934483,0.4436057187153828
44,[0.32487601],0.34579691866087614,0.21342773559330086
45,[0.75412218],0.3372007278084629,0.27077657454510007
46,[0.4833456],0.33464672466562256,0.054958144006444165
47,[0.45868881],0.3145577542792502,0.10243006881920835
48,[0.75701846],0.33835924218874813,0.2862120967535744
49,[0.47080637],0.3725107259851807,0.03829675741797456
