,0,1,2
0,[0.85721652],0.32325837356951503,0.39246892719682536
1,[0.79149611],0.43222465368383267,0.3206897418001621
2,[0.8860512],0.2971387354756125,0.41524483234800913
3,[0.92398182],0.6788110659932075,0.4531754534295811
4,[0.43323207],0.37942576162817787,0.05762609151267317
5,[0.00755591],0.6225484959338721,0.48330225000189997
6,[0.27687781],0.4373125792444112,0.23222531741150254
7,[0.30276413],0.3832821141273341,0.23553961289828462
8,[0.17840461],0.4459286380910106,0.398716695976286
9,[0.64310685],0.3003529384633833,0.18441803992834005
10,[0.49085816],0.2874157304226801,0.007512554560559215
11,[0.03442979],0.6740947032112857,0.503873956495588
12,[0.9734035],0.5813963392798119,0.5147146903945737
13,[0.10849545],0.5858254038293351,0.40060767514139706
14,[0.27442317],0.3370977565631084,0.2638805763335519
15,[0.25601619],0.37789442739382456,0.28228755986090603
16,[0.98541634],0.8256484522579515,0.5020707344706652
17,[0.05274448],0.5984697639299076,0.4381136785180111
18,[0.00263707],0.7562711861780382,0.5356666782568976
19,[0.00917467],0.6919535285463005,0.5291290759494766
20,[0.89037516],0.6265831920659244,0.4070295578509343
21,[0.29776478],0.4403487471157185,0.2793565216464581
22,[0.58393402],0.3624232482511959,0.0955039357864329
23,[0.10389525],0.6718955437216664,0.4344084955151588
24,[0.67771685],0.37043120634811644,0.2069104853767071
25,[0.53830375],0.286087748074258,0.054958144006444165
26,[0.05242076],0.5793594815532105,0.4858829862798545
27,[0.50910312],0.28495482241076486,0.025757521160213237
28,[0.68916687],0.2977668397029336,0.21209088559239747
29,[0.82379949],0.43334041113114424,0.33536940859701725
30,[0.79906829],0.3603062903023898,0.3282619213286524
31,[0.94735949],0.6782991342143257,0.47655312706507735
32,[0.9643367],0.4243578698941449,0.4872607190687647
33,[0.01905691],0.5706098822970669,0.5192468395038536
34,[0.87365097],0.46446246868052804,0.40284460338337647
35,[0.6634246],0.3370230845706349,0.18007899687551
36,[0.16122514],0.5859515476558195,0.37707860222496026
37,[0.11966549],0.6665965567690056,0.41863825350075556
38,[0.91341575],0.6187489255044908,0.4547269409703255
39,[0.76564208],0.3758387466461844,0.2822964814955138
40,[0.48843008],0.3260722908873349,0.005084477249654551
41,[0.5771213],0.2973109282238316,0.09377570071089447
42,[0.28646629],0.39157031206323467,0.25183746042738986
43,[0.1403283],0.4346531545007203,0.3979754496857395
44,[0.32487601],0.2357485654383873,0.21342773559330086
45,[0.75412218],0.36654873446873437,0.2833158108028614
46,[0.4833456],0.3566181121121309,0.025757521160213237
47,[0.45868881],0.22778183229719245,0.06501462288127124
48,[0.75701846],0.5239293678477551,0.2685883832461585
49,[0.47080637],0.23112389800147587,0.03829675741797456
