,0,1,2
0,[0.85721652],0.32325837356951503,0.39852770421691597
1,[0.79149611],0.4154501907913368,0.3206897418001621
2,[0.8860512],0.506304016858915,0.41524483234800913
3,[0.92398182],0.5385466343749093,0.4531754534295811
4,[0.43323207],0.41059843868116097,0.05762609151267317
5,[0.00755591],0.5418897596446615,0.48330225000189997
6,[0.27687781],0.4108154369185274,0.23222531741150254
7,[0.30276413],0.3832821141273341,0.23553961289828462
8,[0.17840461],0.4459286380910106,0.398716695976286
9,[0.64310685],0.35784238062539425,0.18441803992834005
10,[0.49085816],0.2789517844767756,0.007512554560559215
11,[0.03442979],0.5134723913796057,0.503873956495588
12,[0.9734035],0.5813963392798119,0.5147146903945737
13,[0.10849545],0.5858254038293351,0.40060767514139706
14,[0.27442317],0.33742150926277004,0.2638805763335519
15,[0.25601619],0.4301275509464439,0.28228755986090603
16,[0.98541634],0.7058272905062163,0.5020707344706652
17,[0.05274448],0.5984697639299076,0.4472361618178381
18,[0.00263707],0.5982924627752536,0.5356666782568976
19,[0.00917467],0.6919535285463005,0.5291290759494766
20,[0.89037516],0.5993130533379545,0.4070295578509343
21,[0.29776478],0.4403487471157185,0.2793565216464581
22,[0.58393402],0.3876200176527997,0.0955039357864329
23,[0.10389525],0.6718955437216664,0.4344084955151588
24,[0.67771685],0.3890364010467008,0.2069104853767071
25,[0.53830375],0.286087748074258,0.06749738026420549
26,[0.05242076],0.6355934579387961,0.4858829862798545
27,[0.50910312],0.28495482241076486,0.025757521160213237
28,[0.68916687],0.4130925165242528,0.21836050372127813
29,[0.82379949],0.43334041113114424,0.33536940859701725
30,[0.79906829],0.37220075166467065,0.3282619213286524
31,[0.94735949],0.6782991342143259,0.47655312706507735
32,[0.9643367],0.4243578698941449,0.48099110093988406
33,[0.01905691],0.7121392005681947,0.5192468395038536
34,[0.87365097],0.48629008668813317,0.40284460338337647
35,[0.6634246],0.3370230845706349,0.18007899687551
36,[0.16122514],0.6824706062204037,0.37707860222496026
37,[0.11966549],0.6665965567690056,0.41863825350075556
38,[0.91341575],0.649159020249394,0.4486681639502349
39,[0.76564208],0.4632435319142778,0.2822964814955138
40,[0.48843008],0.3629691108197546,0.005084477249654551
41,[0.5771213],0.20938454718393817,0.09377570071089447
42,[0.28646629],0.39157031206323467,0.25183746042738986
43,[0.1403283],0.4742972509191632,0.3979754496857395
44,[0.32487601],0.2357485654383873,0.21342773559330086
45,[0.75412218],0.4285878713952759,0.2833158108028614
46,[0.4833456],0.3566181121121309,0.025757521160213237
47,[0.45868881],0.22072105328881647,0.07961493430438671
48,[0.75701846],0.4931955204031902,0.2685883832461585
49,[0.47080637],0.23112389800147587,0.03829675741797456
