,0,1,2
0,[17.72735076],9.723492798544779,14.390728523409614
1,[15.85932658],6.45012988276485,0.041790478806399634
2,[19.26465905],11.352493173319372,14.803963559978206
3,[15.90111705],10.664537048201456,13.236316986495755
4,[17.94350025],4.6988954150503925,2.339625747107954
5,[15.6038745],9.279848737723716,11.143179016062213
6,[2.77349375],6.34385948946875,1.8679606057673368
7,[0.41013089],8.93211585690378,3.7096081750111143
8,[4.96352587],6.101029107984884,2.2987258062640974
9,[1.26359631],10.314631321644166,2.8561427581777754
10,[2.66480007],6.795090306300527,1.97665429059938
11,[4.46069549],6.821365218285092,0.34095642224636613
12,[1.21046813],5.494624754115199,3.250227358987538
13,[2.0881037],4.37081382062302,2.0316353698450573
14,[4.33972742],7.204305613223317,2.5798499687946332
15,[1.43165121],4.621724047919392,2.9080762137544323
16,[0.68849832],4.73988657308196,3.4312407467374904
17,[0.25396801],3.1383584214311555,4.0857594075218175
18,[4.64145436],6.821365218285091,0.18075887062277562
19,[3.89975071],4.736505145587811,1.1262569589084173
