,0,1,2
0,[17.72735076],13.088033386795221,14.95385700286382
1,[15.85932658],6.45012988276485,5.575626386537898
2,[19.26465905],14.422474471687497,14.924931628234795
3,[15.90111705],10.664537048201453,13.181970144079733
4,[17.94350025],7.82674482701253,13.482804763170167
5,[15.6038745],10.212944977190807,11.143179016062213
6,[2.77349375],6.282872493083877,1.7775811704559485
7,[0.41013089],8.965726836586404,3.4896198210213365
8,[4.96352587],4.904245318730441,2.2987258062640974
9,[1.26359631],7.749869021971816,3.226994581607235
10,[2.66480007],6.7950903063005255,1.97665429059938
11,[4.46069549],6.716971256285828,0.5609447762361439
12,[1.21046813],7.249102358916676,3.250227358987538
13,[2.0881037],4.925645031403521,2.2516237238348342
14,[4.33972742],5.533091439110445,2.2516237238348342
15,[1.43165121],3.948960093942314,2.9080762137544323
16,[0.68849832],8.55393323096616,3.6512291007272673
17,[0.25396801],6.187759050211057,4.146243441650112
18,[4.64145436],6.339198807124731,1.3048321263131282
19,[3.89975071],6.852078512265798,1.1262569589084173
