,0,1,2
0,[17.72735076],13.088033386795221,14.95385700286382
1,[15.85932658],6.505803368419575,5.575626386537898
2,[19.26465905],14.398280858036179,14.924931628234795
3,[15.90111705],11.059797398002903,13.236316986495755
4,[17.94350025],7.82674482701253,13.482804763170167
5,[15.6038745],10.723615109733647,11.203663050190507
6,[2.77349375],9.556216495966286,1.6872017351445612
7,[0.41013089],8.965726836586404,3.929596529000891
8,[4.96352587],4.904245318730441,2.2987258062640974
9,[1.26359631],7.749869021971816,3.1970991804241415
10,[2.66480007],4.263166183424339,1.97665429059938
11,[4.46069549],6.716971256285828,1.1240732556903525
12,[1.21046813],5.490080884379805,3.250227358987538
13,[2.0881037],7.266469789863192,2.2516237238348342
14,[4.33972742],5.039471537955468,2.2516237238348342
15,[1.43165121],4.621724047919392,2.9080762137544323
16,[0.68849832],8.55393323096616,3.6512291007272673
17,[0.25396801],6.187759050211057,4.206727475778407
18,[4.64145436],4.1007551151757085,0.7417036468589195
19,[3.89975071],6.577744450690654,1.1262569589084173
