,0,1,2
0,[17.72735076],13.088033386795221,14.95385700286382
1,[15.85932658],6.505803368419575,5.575626386537898
2,[19.26465905],13.894375709909408,14.924931628234795
3,[15.90111705],8.382520391142325,13.236316986495755
4,[17.94350025],7.82674482701253,13.482804763170167
5,[15.6038745],10.970605238481737,11.264147084318802
6,[2.77349375],9.556216495966286,1.6872017351445612
7,[0.41013089],8.965726836586404,3.929596529000891
8,[4.96352587],4.870634339047816,2.8754221783789164
9,[1.26359631],7.749869021971816,3.377858051046917
10,[2.66480007],6.735641796209139,1.97665429059938
11,[4.46069549],6.716971256285828,0.5609447762361439
12,[1.21046813],5.494624754115199,3.1897433248592435
13,[2.0881037],7.261972056296853,2.2516237238348342
14,[4.33972742],5.039471537955468,2.2516237238348342
15,[1.43165121],4.621724047919392,2.9080762137544323
16,[0.68849832],7.992495675952914,3.6512291007272673
17,[0.25396801],6.187759050211057,4.206727475778407
18,[4.64145436],4.1007551151757085,0.7417036468589195
19,[3.89975071],4.599249095402039,1.1262569589084173
