,0,1,2
0,[17.72735076],10.44076998949607,14.95385700286382
1,[15.85932658],6.505803368419575,5.575626386537898
2,[19.26465905],14.398280858036179,15.364908336214349
3,[15.90111705],8.382520391142325,13.12762330166371
4,[17.94350025],7.689666815623157,13.482804763170167
5,[15.6038745],12.843504847519819,11.704123792298358
6,[2.77349375],12.277612670860638,1.8679606057673368
7,[0.41013089],8.93211585690378,3.929596529000891
8,[4.96352587],4.7837282776889065,2.8754221783789164
9,[1.26359631],10.731146583806801,3.377858051046917
10,[2.66480007],6.570740318542596,1.97665429059938
11,[4.46069549],6.716971256285828,0.5609447762361439
12,[1.21046813],5.346284024743416,3.129259290730949
13,[2.0881037],4.206232019667497,2.2516237238348342
14,[4.33972742],5.126377599314378,2.2516237238348342
15,[1.43165121],4.566050562264668,2.9080762137544323
16,[0.68849832],8.036732291348217,3.6512291007272673
17,[0.25396801],6.698429182753896,4.206727475778407
18,[4.64145436],4.012134063155395,1.3048321263131282
19,[3.89975071],4.131323945980449,1.1262569589084173
