,0,1,2
0,[17.72735076],13.368274138884729,14.95385700286382
1,[15.85932658],6.505803368419575,5.575626386537898
2,[19.26465905],14.398280858036179,15.928036815668559
3,[15.90111705],8.382520391142325,13.12762330166371
4,[17.94350025],7.689666815623157,13.482804763170167
5,[15.6038745],12.843504847519819,11.704123792298358
6,[2.77349375],12.277612670860638,7.349170678487055
7,[0.41013089],8.932115856903781,3.929596529000891
8,[4.96352587],6.616954320057575,3.5318746682985145
9,[1.26359631],10.731146583806801,3.6999295667116345
10,[2.66480007],6.570740318542596,1.8862748552879918
11,[4.46069549],6.716971256285828,0.5609447762361439
12,[1.21046813],5.2215243338346,3.1897433248592435
13,[2.0881037],4.141817716534554,2.2516237238348342
14,[4.33972742],4.935077575956205,2.2516237238348342
15,[1.43165121],4.188739382563074,2.9080762137544323
16,[0.68849832],8.036732291348217,3.6512291007272673
17,[0.25396801],6.698429182753898,4.206727475778407
18,[4.64145436],4.012134063155395,1.8679606057673368
19,[3.89975071],4.131323945980449,1.1262569589084173
