,0,1,2
0,[17.72735076],13.538967222251397,14.95385700286382
1,[15.85932658],5.807879404215307,11.217872217089976
2,[19.26465905],14.398280858036179,16.491165295122766
3,[15.90111705],8.382520391142325,13.12762330166371
4,[17.94350025],7.689666815623157,13.39242532785878
5,[15.6038745],13.147939213260646,11.704123792298358
6,[2.77349375],12.277612670860638,1.7775811704559485
7,[0.41013089],8.932115856903781,3.929596529000891
8,[4.96352587],6.452052842391032,2.8754221783789164
9,[1.26359631],12.859216309761745,3.6999295667116345
10,[2.66480007],6.593161568450137,1.6749273517200152
11,[4.46069549],6.404366131517233,0.5609447762361439
12,[1.21046813],8.87630928500027,3.1897433248592435
13,[2.0881037],2.01374799057961,2.2516237238348342
14,[4.33972742],4.202920667173006,2.2516237238348342
15,[1.43165121],4.566050562264668,2.968560247882727
16,[0.68849832],8.18507302072,3.6512291007272673
17,[0.25396801],6.303098324634021,4.206727475778407
18,[4.64145436],2.41894121863066,1.97665429059938
19,[3.89975071],5.880988640220685,1.1262569589084173
