,0,1,2
0,[17.72735076],12.852769976329336,14.95385700286382
1,[15.85932658],3.4670546457556357,11.39863108771275
2,[19.26465905],14.23821341038219,16.491165295122766
3,[15.90111705],8.425750290232507,13.181970144079733
4,[17.94350025],8.193571963749926,13.482804763170167
5,[15.6038745],10.422502526616345,11.704123792298358
6,[2.77349375],6.307707715344195,1.6872017351445612
7,[0.41013089],5.322284389415754,3.929596529000891
8,[4.96352587],5.430796166515811,2.8754221783789164
9,[1.26359631],10.306451333475392,3.377858051046917
10,[2.66480007],6.570740318542596,1.6749273517200152
11,[4.46069549],6.404366131517233,1.6872017351445612
12,[1.21046813],13.825699654498063,3.250227358987538
13,[2.0881037],1.7005012572020153,1.8116470158552795
14,[4.33972742],3.917335272181176,1.6749273517200152
15,[1.43165121],4.534817986560483,2.9080762137544323
16,[0.68849832],5.932243603856241,3.711713134855562
17,[0.25396801],9.358838361263375,4.206727475778407
18,[4.64145436],3.8995985073609276,1.97665429059938
19,[3.89975071],3.7143248592125895,1.1262569589084173
