,0,1,2
0,[17.72735076],12.445782908245679,14.95385700286382
1,[15.85932658],9.201965570216668,0.8062860541779866
2,[19.26465905],14.143642676546012,15.364908336214349
3,[15.90111705],13.477679828219772,14.141239603570373
4,[17.94350025],10.332471063138746,14.04374953940631
5,[15.6038745],13.31863229662731,12.609947300225997
6,[2.77349375],4.036147730490148,0.789254025156259
7,[0.41013089],13.576860446557319,17.53336936042765
8,[4.96352587],5.130312350017325,2.915300237281306
9,[1.26359631],10.255182811552777,1.5098974452795804
10,[2.66480007],4.169565645967785,0.10869368483204322
11,[4.46069549],2.575185906508124,3.0290442820110215
12,[1.21046813],10.234494673606356,3.753057745275031
13,[2.0881037],9.631313723912221,2.2516237238348342
14,[4.33972742],7.235538188927504,2.2516237238348342
15,[1.43165121],4.572904096505338,3.5318746682985145
16,[0.68849832],4.87073940181339,3.6512291007272673
17,[0.25396801],2.8584373460526686,4.206727475778407
18,[4.64145436],2.7751427196553777,1.97665429059938
19,[3.89975071],13.379991515164665,11.831849828123627
