,0,1,2
0,[17.72735076],12.445782908245679,14.95385700286382
1,[15.85932658],6.2805519766378906,0.25545207165053796
2,[19.26465905],11.802817918086337,9.2323740519471
3,[15.90111705],10.790501958337098,13.12762330166371
4,[17.94350025],7.464415423841473,2.339625747107954
5,[15.6038745],11.012040482746572,11.264147084318802
6,[2.77349375],8.628793483596846,1.6872017351445612
7,[0.41013089],11.236035688097648,4.05056459725748
8,[4.96352587],4.9592553910681305,2.8754221783789164
9,[1.26359631],7.5021467699674504,1.4012037604475371
10,[2.66480007],4.065101175650096,0.10869368483204322
11,[4.46069549],8.763486737122353,1.6872017351445612
12,[1.21046813],10.212755936639947,3.753057745275031
13,[2.0881037],7.231040455361162,2.2516237238348342
14,[4.33972742],7.235538188927504,2.2516237238348342
15,[1.43165121],7.327148672466173,3.5318746682985145
16,[0.68849832],4.75051220879464,3.2112523927477126
17,[0.25396801],2.8584373460526686,4.0857594075218175
18,[4.64145436],6.156352983156831,1.8679606057673368
19,[3.89975071],8.881664281884522,0.4399767079795547
