,0,1,2
0,[17.72735076],12.445782908245679,14.95385700286382
1,[15.85932658],6.2805519766378906,0.10683079642206827
2,[19.26465905],11.35249317331937,14.803963559978206
3,[15.90111705],10.790501958337098,12.193642998780042
4,[17.94350025],10.383561477468852,2.339625747107954
5,[15.6038745],11.012040482746572,11.264147084318802
6,[2.77349375],6.236878310807066,1.1262569589084173
7,[0.41013089],11.236035688097648,3.929596529000891
8,[4.96352587],6.232319605968804,2.2987258062640974
9,[1.26359631],7.502146769967449,2.073025924733789
10,[2.66480007],4.065101175650096,1.0426739877157116
11,[4.46069549],8.763486737122353,0.12096806825658923
12,[1.21046813],7.969181493221953,3.5920219874426724
13,[2.0881037],7.231040455361162,2.2516237238348342
14,[4.33972742],7.235538188927504,2.2516237238348342
15,[1.43165121],7.327148672466173,3.5318746682985145
16,[0.68849832],5.426083819004023,3.2112523927477126
17,[0.25396801],2.8584373460526686,4.0857594075218175
18,[4.64145436],2.764029618401648,1.97665429059938
19,[3.89975071],8.881664281884522,1.1262569589084173
