,0,1,2
0,[0.33030387],0.46342217321021506,[0.13311831]
1,[0.33756043],0.4524964319958569,[0.114936]
2,[0.93907435],0.3208258101592556,[0.61824854]
3,[0.33767169],0.3353904598319015,[0.00228123]
4,[0.44272325],0.38316403856632575,[0.05955921]
5,[0.45249643],0.38818435110682487,[0.06431208]
6,[0.96958072],0.26105832354869285,[0.7085224]
7,[0.90525951],0.33647544478362545,[0.56878407]
8,[0.43869701],0.44272325011944613,[0.00402624]
9,[0.18443756],0.4586482124294372,[0.27421066]
10,[0.18319341],0.45652246104150834,[0.27332905]
11,[0.10643562],0.557382600258627,[0.45094698]
12,[0.01475047],0.4745731747394283,[0.45982271]
13,[0.47434791],0.3881287186968964,[0.0862192]
14,[0.85317747],0.3208258101592556,[0.53235166]
15,[0.5573826],0.3353904598319015,[0.22199214]
16,[0.04472147],0.47446054458200076,[0.42973907]
17,[0.03441704],0.5159778874990276,[0.48156085]
18,[0.63313741],0.3098577901072409,[0.32327962]
19,[0.91937662],0.33030386701178316,[0.58907275]
20,[0.60063756],0.33030386701178316,[0.27033369]
21,[0.98795249],0.26105832354869285,[0.72689416]
22,[0.04824147],0.4819828998809099,[0.43374143]
23,[0.29060264],0.4524964319958569,[0.16189379]
24,[0.89507061],0.3249693752482187,[0.57010124]
25,[0.0090744],0.6006375590614127,[0.59156316]
26,[0.67985906],0.3375604297353494,[0.34229863]
27,[0.06804856],0.6006375590614127,[0.532589]
28,[0.20171702],0.4745731747394283,[0.27285616]
29,[0.86480138],0.29060263987730006,[0.57419874]
30,[0.15152492],0.5196827500697685,[0.36815783]
31,[0.71416926],0.32911294033718175,[0.38505632]
32,[0.84666645],0.3375604297353494,[0.50910603]
33,[0.94201427],0.33647544478362545,[0.60553882]
34,[0.26105832],0.4819828998809099,[0.22092458]
35,[0.33539046],0.44272325011944613,[0.10733279]
36,[0.02959066],0.4407101288889448,[0.41111947]
37,[0.73642493],0.33030386701178316,[0.40612106]
38,[0.95997706],0.360417866560766,[0.5995592]
39,[0.02434739],0.4524964319958569,[0.42814904]
40,[0.10428807],0.4819828998809099,[0.37769483]
41,[0.68911518],0.3208258101592556,[0.36828937]
42,[0.32082581],0.557382600258627,[0.23655679]
43,[0.15269482],0.4819828998809099,[0.32928808]
44,[0.23215427],0.4745731747394283,[0.2424189]
45,[0.4819829],0.2909420668539742,[0.19104083]
46,[0.38316404],0.44272325011944613,[0.05955921]
47,[0.47457317],0.360417866560766,[0.11415531]
48,[0.32911294],0.4407101288889448,[0.11159719]
49,[0.71243987],0.3208258101592556,[0.39161406]
