,0,1,2
0,[17.72735076],11.385074944988812,13.327139301847556
1,[15.85932658],12.944330249005265,11.51959915596934
2,[19.26465905],13.388747371150528,16.491165295122766
3,[15.90111705],8.675457031627827,11.259662695896374
4,[17.94350025],15.683846447076274,16.679903943594308
5,[15.6038745],8.477295331323203,10.962420145439438
6,[2.77349375],8.40689067880939,7.386517279000937
7,[0.41013089],10.179412825394078,9.749880141113856
8,[4.96352587],5.5323353204135035,0.5633144204157876
9,[1.26359631],5.19259757169831,2.6361544041879976
10,[2.66480007],4.504273937482859,1.4277678497292352
11,[4.46069549],7.236195390438188,0.12096806825658923
12,[1.21046813],5.232443705620858,2.689282582751394
13,[2.0881037],7.382021526784007,2.8754221783789164
14,[4.33972742],5.580722547716138,0.6237984545440822
15,[1.43165121],6.754465675995485,3.209803152633797
16,[0.68849832],1.0513283142582126,0.1543112900891428
17,[0.25396801],1.341015185454579,0.8061067502809677
18,[4.64145436],8.477295331323203,10.962420145439438
19,[3.89975071],5.15103429252154,2.6361544041879976
