,0,1,2
0,[17.72735076],8.862969132131052,13.26665526771926
1,[15.85932658],11.577527101157221,11.959575863948896
2,[19.26465905],15.140683697440357,17.833007841989225
3,[15.90111705],10.96022868776895,11.350042131207763
4,[17.94350025],12.705646331174165,15.278700183146771
5,[15.6038745],11.173044713853884,10.962420145439438
6,[2.77349375],3.770623050128241,1.6267177010162666
7,[0.41013089],8.630615869895994,4.05056459725748
8,[4.96352587],6.286774754210275,1.6269036419778455
9,[1.26359631],4.778724696278011,2.6361544041879976
10,[2.66480007],9.495647802342052,0.6718221642862519
11,[4.46069549],1.8666849435320074,1.6872017351445612
12,[1.21046813],5.1709859066381965,2.909270936741172
13,[2.0881037],7.401244039527837,2.462971227402811
14,[4.33972742],3.3919717272777867,0.7226327993156914
15,[1.43165121],10.287941384461813,8.852048983185874
16,[0.68849832],3.217188034276731,3.6512291007272673
17,[0.25396801],10.323992014091344,4.297106911089794
18,[4.64145436],8.698451749183837,10.962420145439438
19,[3.89975071],7.001686717231277,1.8116470158552795
