,0,1,2
0,[17.72735076],8.854611036369773,13.085896397096484
1,[15.85932658],11.608759676861407,13.085832822857313
2,[19.26465905],15.140683697440357,16.491165295122766
3,[15.90111705],8.431582258302937,11.259662695896374
4,[17.94350025],12.705646331174165,15.85539655526159
5,[15.6038745],11.13943373417126,11.143179016062213
6,[2.77349375],5.91511704227712,1.566233666887972
7,[0.41013089],9.047450604987478,3.990080563129186
8,[4.96352587],6.286774754210275,1.063775162523637
9,[1.26359631],4.153758380647628,2.6361544041879976
10,[2.66480007],7.183369875386903,1.2349506437404605
11,[4.46069549],3.765576563279088,1.6872017351445612
12,[1.21046813],5.1709859066381965,3.129259290730949
13,[2.0881037],7.401244039527837,2.3725917920914235
14,[4.33972742],3.7175367811359363,1.566233666887972
15,[1.43165121],12.416011110416758,3.5318746682985145
16,[0.68849832],4.830597615055663,3.6512291007272673
17,[0.25396801],10.315633918330064,4.206727475778407
18,[4.64145436],8.698451749183837,0.32207151566471737
19,[3.89975071],7.001686717231276,0.7417036468589195
