,0,1,2
0,[17.72735076],9.765290033078768,13.085896397096484
1,[15.85932658],11.483999985952591,13.085832822857313
2,[19.26465905],12.544510714471315,15.364908336214349
3,[15.90111705],6.478765996662007,11.259662695896374
4,[17.94350025],13.041240892207375,15.85539655526159
5,[15.6038745],9.037145983339812,11.704123792298358
6,[2.77349375],3.9287297554648184,1.566233666887972
7,[0.41013089],11.384389132317267,4.231323467880256
8,[4.96352587],5.644524275660732,1.063775162523637
9,[1.26359631],4.153758380647628,2.073025924733789
10,[2.66480007],1.313408976889057,1.2349506437404605
11,[4.46069549],2.427277439325746,1.7958954199766044
12,[1.21046813],5.1709859066381965,3.129259290730949
13,[2.0881037],5.026258128118782,2.3725917920914235
14,[4.33972742],1.748602420286072,1.566233666887972
15,[1.43165121],9.67074851810529,3.209803152633797
16,[0.68849832],4.088070907271406,3.7721971689838565
17,[0.25396801],7.749557768088709,4.0857594075218175
18,[4.64145436],6.678848663666289,1.8679606057673368
19,[3.89975071],7.001686717231277,1.063775162523637
