,0,1,2
0,[17.72735076],8.854611036369773,13.26665526771926
1,[15.85932658],11.483999985952591,13.085832822857313
2,[19.26465905],12.544510714471315,15.364908336214349
3,[15.90111705],6.391859935303097,11.259662695896374
4,[17.94350025],13.041240892207375,15.278700183146771
5,[15.6038745],9.037145983339812,11.143179016062213
6,[2.77349375],4.244431365527322,1.566233666887972
7,[0.41013089],11.384389132317267,4.05056459725748
8,[4.96352587],6.763996034961897,1.063775162523637
9,[1.26359631],4.87525024807881,1.5098974452795804
10,[2.66480007],1.3582242781737006,1.4549389977302383
11,[4.46069549],2.909443850486107,1.7958954199766044
12,[1.21046813],5.910971819980523,3.250227358987538
13,[2.0881037],7.747012694404136,2.3725917920914235
14,[4.33972742],1.4957010746843504,0.4399767079795547
15,[1.43165121],10.228492874370428,3.5318746682985145
16,[0.68849832],7.347210817217461,3.7721971689838565
17,[0.25396801],8.50399720188548,2.5195257406338456
18,[4.64145436],5.410762946705751,0.7417036468589195
19,[3.89975071],7.001686717231277,0.7417036468589195
