,0,1,2
0,[17.72735076],9.76529003307877,13.26665526771926
1,[15.85932658],13.557178067460336,13.085832822857313
2,[19.26465905],12.544510714471315,15.364908336214349
3,[15.90111705],6.391859935303097,11.259662695896374
4,[17.94350025],16.169090304169515,15.278700183146771
5,[15.6038745],6.4350898343932785,11.423651404180285
6,[2.77349375],4.244431365527322,1.566233666887972
7,[0.41013089],11.384389132317267,4.05056459725748
8,[4.96352587],4.709595585585662,1.063775162523637
9,[1.26359631],4.87525024807881,1.5098974452795804
10,[2.66480007],1.8186519523676523,1.6749273517200152
11,[4.46069549],2.6185774626839198,1.7958954199766044
12,[1.21046813],5.329356577229636,3.250227358987538
13,[2.0881037],9.99058713782213,2.3725917920914235
14,[4.33972742],1.1701360208262002,0.4399767079795547
15,[1.43165121],7.438284830151083,3.5318746682985145
16,[0.68849832],6.981964076977439,3.7721971689838565
17,[0.25396801],7.8645773658006535,2.5195257406338456
18,[4.64145436],5.410762946705751,0.7417036468589195
19,[3.89975071],9.547437503636548,1.063775162523637
