,0,1,2
0,[17.72735076],11.400013585194367,13.085896397096484
1,[15.85932658],11.912512571501225,13.085832822857313
2,[19.26465905],14.63677854931359,16.59985897995481
3,[15.90111705],10.96022868776895,11.259662695896374
4,[17.94350025],15.718156468713337,16.679903943594308
5,[15.6038745],8.581053747493455,10.962420145439438
6,[2.77349375],7.229417691174281,1.6872017351445612
7,[0.41013089],8.594464095771437,4.05056459725748
8,[4.96352587],4.208180691182721,0.6237984545440822
9,[1.26359631],4.778724696278012,2.6361544041879976
10,[2.66480007],6.913716081111777,0.10869368483204322
11,[4.46069549],2.1638304025753685,1.6872017351445612
12,[1.21046813],7.373992215415082,2.689282582751394
13,[2.0881037],7.5134329947750675,2.3725917920914235
14,[4.33972742],5.860643623094625,0.12096806825658923
15,[1.43165121],12.886849405322986,14.172223298073234
16,[0.68849832],2.706517901733891,3.6512291007272673
17,[0.25396801],7.6677195855935505,3.3026425740778316
18,[4.64145436],8.581053747493455,10.962420145439438
19,[3.89975071],7.001686717231277,2.6361544041879976
