,0,1,2
0,[17.72735076],11.166888963324922,13.26665526771926
1,[15.85932658],11.577527101157223,13.085832822857313
2,[19.26465905],14.636778549313586,16.59985897995481
3,[15.90111705],10.96022868776895,11.259662695896374
4,[17.94350025],12.705646331174165,15.85539655526159
5,[15.6038745],8.785357810542745,10.962420145439438
6,[2.77349375],9.03533559331775,1.6267177010162666
7,[0.41013089],8.989794953891314,4.140944032568868
8,[4.96352587],6.286774754210275,0.6237984545440822
9,[1.26359631],4.678158619020513,2.6361544041879976
10,[2.66480007],11.683619268423747,0.10869368483204322
11,[4.46069549],4.373875673405122,1.6872017351445612
12,[1.21046813],4.836000436294194,2.689282582751394
13,[2.0881037],7.401244039527837,2.3725917920914235
14,[4.33972742],3.49636568927705,0.12096806825658923
15,[1.43165121],10.287941384461813,14.172223298073234
16,[0.68849832],3.217188034276731,3.6512291007272673
17,[0.25396801],10.375082428421452,4.297106911089794
18,[4.64145436],8.785357810542747,10.962420145439438
19,[3.89975071],7.001686717231277,1.8116470158552795
