,0,1,2
0,[17.72735076],15.781334348558953,13.391288827824603
1,[15.85932658],14.119886384857697,11.68793949940948
2,[19.26465905],18.83106843078837,15.540065657639518
3,[15.90111705],13.955100647358842,11.565055126624493
4,[17.94350025],15.939732111175635,14.813852127633503
5,[15.6038745],13.600106364067681,12.474226380525549
6,[17.77349375],16.6101902796881,14.59498543017001
7,[15.41013089],14.237780970682442,11.089078736032263
8,[19.96352587],18.017509467127184,15.627463946392837
9,[16.26359631],14.317579900415552,11.927534379681202
10,[17.66480007],16.501496594856057,14.486291745337965
11,[19.46069549],18.297392014832663,16.28218716531457
12,[16.21046813],15.047164655845126,13.03195980632703
13,[17.0881037],15.34866350505352,12.916716619605303
14,[19.33972742],17.774904011473037,16.46698442439426
15,[16.43165121],14.692211015133926,12.260264129685709
16,[15.68849832],14.123674910745772,12.815755323666991
17,[15.25396801],14.537670722762964,12.075459689536164
18,[19.64145436],18.478150885455438,16.462946035937346
19,[18.89975071],16.895982571769327,15.770102588227193
20,[18.47237254],16.907549136685716,15.599629549606938
21,[4.76719334],8.438082635656292,0.5958062612170041
22,[4.6597114],9.005140453429053,1.530063273029521
23,[1.03699769],10.77997343856141,3.4337195463284456
24,[1.11678491],13.851851450743718,3.4757991887470396
25,[4.98759182],10.768089828588192,0.651529897364628
26,[2.46031652],9.356654600862303,2.010400708629337
27,[1.12887437],11.479446943275613,1.8540207239984712
28,[4.93858081],8.403805140836258,0.7671937353171678
29,[3.78295371],9.180491991388736,0.6533055832310981
30,[2.91291495],9.493119412807435,0.5212339223466649
31,[2.83013576],15.320046601489688,2.1527592773246815
32,[1.85921687],10.336691579326715,1.5749320084658902
33,[2.26481781],16.64848623181839,2.327766287396927
34,[4.08634153],11.308840005555826,0.5062425711623018
35,[0.51003263],17.640149729053025,4.4728624048880175
36,[4.58578232],11.009175528458112,0.24291862158198096
37,[0.21935594],17.93082642184953,4.763539097684523
38,[2.87274299],9.735578321315352,0.11015210203820747
39,[0.90249493],11.293413513924708,2.5316539430638842
40,[3.17850832],14.971674036617383,1.8043867124523794
41,[4.47071723],8.4973778565369,0.29933015681396835
42,[3.2777997],8.735961362285526,1.192917528743136
43,[1.27112435],13.697512011091835,3.3214597490951556
44,[2.9828951],9.656192509457183,0.11015210203820747
45,[4.59938588],11.001013397258777,0.2633239495803217
46,[3.87270538],9.162541657186669,0.7430572542414424
47,[1.45497272],11.15334859116557,1.5279223718884243
48,[3.43414888],9.250252957260834,0.3045007538706179
49,[2.16660696],15.98357539528762,2.8162880711226124
50,[1.50799186],11.100329451213037,1.4749032319358935
51,[1.78236061],10.03461051821137,2.688356625978403
52,[1.27059724],11.33772407171621,1.712297852439066
53,[0.09038608],18.05979628299753,4.8925089588325275
54,[4.85792393],9.248640547251444,1.9851809337720847
55,[2.91857027],9.489726226123798,0.5155786112072733
56,[0.31118075],17.80812202776302,3.4145285218677612
57,[3.12964812],9.363079511721805,0.3045007538706179
58,[3.02963325],11.942864974663472,1.562950853008378
59,[1.38447727],10.432493850330427,3.086239958097464
60,[2.23216983],9.963738616570264,1.2019790457094417
61,[2.03304886],9.783922264510242,2.4376683722772765
62,[4.68308437],9.283608458978566,1.8103413751364843
63,[2.11204411],10.083864338338696,1.3221047674778732
64,[4.98289503],13.167287324165006,1.8043867124523794
65,[3.26017415],11.80454043443822,1.3324099526329594
66,[2.46168083],10.146640484600216,0.5212142653230702
67,[4.17138708],8.557243887899691,0.29933015681396835
68,[3.72570928],9.475083477671735,0.8529662816706431
69,[1.05236537],13.916270990089263,3.540218728092585
