,0,1,2
0,[17.72735076],12.705020399784589,14.467176606876688
1,[15.85932658],8.61382739405361,11.77298504539952
2,[19.26465905],16.60838760372664,15.53894977095841
3,[15.90111705],10.54374820059741,11.315334729043066
4,[17.94350025],14.965229646167359,14.665700546796064
5,[15.6038745],12.844759044126622,12.474226380525549
6,[17.77349375],12.684188731662308,14.513319604012867
7,[15.41013089],7.82428035136063,11.089078736032263
8,[19.96352587],17.00637362682492,15.37774354881141
9,[16.26359631],10.791004372535753,11.677813982099774
10,[17.66480007],10.657101732421761,14.486291745337965
11,[19.46069549],12.013429678883188,16.28218716531457
12,[16.21046813],10.124145404788072,13.180834880545307
13,[17.0881037],14.442686956018065,13.305149989140812
14,[19.33972742],16.64129719329191,16.356832322356052
15,[16.43165121],8.713059484069728,12.34530967567575
16,[15.68849832],13.034509099434763,12.584427533439852
17,[15.25396801],6.664389828521401,11.381262634443488
18,[19.64145436],12.28720161287195,16.611821110155624
19,[18.89975071],13.139936246078173,15.465601834356574
20,[18.47237254],16.595189594030266,15.489477447568731
21,[4.76719334],5.133926193008823,0.9842396307525134
22,[4.6597114],8.690154051735874,1.225562519158903
23,[1.03699769],4.560168905216606,2.2408020175853096
24,[1.11678491],8.590290113896007,3.4757991887470396
25,[4.98759182],7.140955372936216,0.4018094997831998
26,[2.46031652],11.07504278680983,2.010400708629337
27,[1.12887437],11.000198323864225,2.596834903630907
28,[4.93858081],7.6669856188311085,0.7671937353171678
29,[3.78295371],9.099952455383223,0.5051540023936583
30,[2.91291495],6.257168590566228,0.8700387517071451
31,[2.83013576],15.051678092116395,1.8985191454849804
32,[1.85921687],6.580663057843324,1.2704312545952723
33,[2.26481781],4.629297487875837,1.5181358926891577
34,[4.08634153],14.001193665756626,0.8989018998853169
35,[0.51003263],11.004844132079151,2.644045592861255
36,[4.58578232],1.590531724188734,0.4143952491728138
37,[0.21935594],12.116269245243087,3.653349440324821
38,[2.87274299],4.305842868100619,1.213598534964078
39,[0.90249493],11.205702213850545,2.8804587724243644
40,[3.17850832],12.631094111855052,0.9928787536178416
41,[4.47071723],4.6072491354940635,1.2105430842746676
42,[3.2777997],6.356561524170187,1.192917528743136
43,[1.27112435],8.4668185621745,3.3214597490951556
44,[2.9828951],7.039336419258096,0.7428141796324357
45,[4.59938588],4.640737428218611,0.8164321707072166
46,[3.87270538],8.140110334261298,0.4385565003708245
47,[1.45497272],7.925377586727987,2.3442346019000158
48,[3.43414888],9.180379059399435,0.3488048293604802
49,[2.16660696],9.83328320781737,0.9874712590958503
50,[1.50799186],7.9127637134633115,2.3647135123266407
51,[1.78236061],4.2070568057348545,1.4778135417037357
52,[1.27059724],10.975655796688914,1.989576903894279
53,[0.09038608],15.101591908959174,4.08100099999799
54,[4.85792393],7.403738357614365,1.9851809337720847
55,[2.91857027],8.93024101822274,0.8643834405677535
56,[0.31118075],8.152689089960656,3.817683548156217
57,[3.12964812],6.431481872740744,0.2110778573366554
58,[3.02963325],7.060839802348468,1.5561490770089317
59,[1.38447727],1.3002645090890028,1.8756968738227964
60,[2.23216983],6.431481872740745,0.8974782918388238
61,[2.03304886],11.41685691772818,2.4376683722772765
62,[4.68308437],6.479009125354443,1.4052846661115321
63,[2.11204411],10.086377504067485,1.6709095968383534
64,[4.98289503],9.138083408780384,1.8043867124523794
65,[3.26017415],7.032871455162156,0.8686901544656784
66,[2.46168083],9.933953156923906,1.264028444955506
67,[4.17138708],8.212185617444778,0.29933015681396835
68,[3.72570928],9.1755360899506,0.2915603996125129
69,[1.05236537],8.811434418250565,3.533416952093139
