,0,1,2
0,[17.72735076],11.290940441131056,14.467176606876688
1,[15.85932658],6.345441785074951,11.77298504539952
2,[19.26465905],16.534661720119246,15.53894977095841
3,[15.90111705],5.955316444178667,11.81477552420592
4,[17.94350025],15.747599001578129,14.665700546796064
5,[15.6038745],12.665263385758857,12.474226380525549
6,[17.77349375],12.04314248803822,14.513319604012867
7,[15.41013089],7.82428035136063,10.93941365762528
8,[19.96352587],16.975505738894547,15.877184343974264
9,[16.26359631],8.706496559439106,11.677813982099774
10,[17.66480007],10.657101732421761,14.230651190616113
11,[19.46069549],8.617974707022588,16.02654661059272
12,[16.21046813],10.124145404788072,13.227573031625102
13,[17.0881037],13.302541674788168,13.305149989140812
14,[19.33972742],16.64129719329191,16.356832322356052
15,[16.43165121],8.713059484069728,12.34530967567575
16,[15.68849832],12.997634003324634,12.509989996330713
17,[15.25396801],9.284155249415914,11.381262634443488
18,[19.64145436],12.28720161287195,16.611821110155624
19,[18.89975071],16.10111294422045,15.465601834356574
20,[18.47237254],16.238381477695917,15.489477447568731
21,[4.76719334],3.661538675516624,0.9842396307525134
22,[4.6597114],7.061420335761627,1.225562519158903
23,[1.03699769],2.0959868335389458,2.2408020175853096
24,[1.11678491],8.297539224267329,3.4689974127475933
25,[4.98759182],7.150183972363453,0.9012502949460552
26,[2.46031652],11.549561145228115,2.010400708629337
27,[1.12887437],7.585216402731264,2.654079333378874
28,[4.93858081],5.851274889870752,0.7671937353171678
29,[3.78295371],9.97188272942828,0.5051540023936583
30,[2.91291495],8.440812994442496,0.8700387517071451
31,[2.83013576],14.860378068758223,2.0277881713081087
32,[1.85921687],3.829051662939065,1.2704312545952723
33,[2.26481781],4.629297487875837,1.5181358926891577
34,[4.08634153],8.404264246311888,0.7715823988080066
35,[0.51003263],11.004844132079151,2.6684756924356376
36,[4.58578232],7.235661998883279,0.4143952491728138
37,[0.21935594],12.064281633946004,3.653349440324821
38,[2.87274299],4.305842868100619,1.4057863863660836
39,[0.90249493],8.720628977575187,2.8232143426763976
40,[3.17850832],9.793707582335989,0.9928787536178416
41,[4.47071723],4.735098547456199,1.3410691095805758
42,[3.2777997],3.8895640998945096,1.192917528743136
43,[1.27112435],8.77428022062629,3.3146579730957093
44,[2.9828951],7.061278787126552,0.800058609380403
45,[4.59938588],7.060839802348468,0.8164321707072166
46,[3.87270538],8.140110334261298,0.4385565003708245
47,[1.45497272],7.925377586727987,2.4177326522791716
48,[3.43414888],9.912535968182635,0.3488048293604802
49,[2.16660696],9.83328320781737,0.9630411595214672
50,[1.50799186],7.934794133870954,2.3647135123266407
51,[1.78236061],4.2070568057348545,1.4778135417037357
52,[1.27059724],8.583097988289643,1.989576903894279
53,[0.09038608],15.639448425509451,4.08100099999799
54,[4.85792393],6.846963512426376,1.8750288317338772
55,[2.91857027],3.681726751652844,0.8643834405677535
56,[0.31118075],8.152689089960656,3.561524622626073
57,[3.12964812],6.240231780622007,0.13052602530590818
58,[3.02963325],6.780918726969982,1.5561490770089317
59,[1.38447727],1.3002645090890028,1.893322429354328
60,[2.23216983],3.2352457836279753,0.8974782918388238
61,[2.03304886],8.893379625169915,2.4376683722772765
62,[4.68308437],6.305538150396979,1.4052846661115321
63,[2.11204411],7.2598660292187684,1.6709095968383534
64,[4.98289503],7.536045258200422,1.9532617866706556
65,[3.26017415],7.032871455162156,0.9112129274606993
66,[2.46168083],3.799748979123387,1.264028444955506
67,[4.17138708],6.053315191948715,0.29933015681396835
68,[3.72570928],9.217653474647234,0.2915603996125129
69,[1.05236537],8.811434418250565,3.533416952093139
