,0,1,2
0,[17.72735076],9.108235395279085,14.467176606876688
1,[15.85932658],6.345441785074951,11.77298504539952
2,[19.26465905],16.534661720119246,15.53894977095841
3,[15.90111705],5.955316444178667,11.81477552420592
4,[17.94350025],15.927094659945897,14.665700546796064
5,[15.6038745],12.76021130454318,12.34370035521964
6,[17.77349375],12.549255799463735,14.59498543017001
7,[15.41013089],7.82428035136063,10.93941365762528
8,[19.96352587],16.975505738894547,15.877184343974264
9,[16.26359631],8.706496559439106,11.677813982099774
10,[17.66480007],10.573172421632858,13.9390907910036
11,[19.46069549],8.532521174293,15.734986210980207
12,[16.21046813],10.124145404788072,13.259735447218777
13,[17.0881037],12.73723433444996,13.305149989140812
14,[19.33972742],16.64129719329191,16.356832322356052
15,[16.43165121],8.713059484069728,12.260264129685709
16,[15.68849832],12.771191072904346,12.509989996330713
17,[15.25396801],8.811212546950587,11.381262634443488
18,[19.64145436],12.28720161287195,16.611821110155624
19,[18.89975071],16.10111294422045,15.465601834356574
20,[18.47237254],16.238381477695917,15.521639863162406
21,[4.76719334],4.088636543303066,0.9842396307525134
22,[4.6597114],4.700903179616982,1.225562519158903
23,[1.03699769],1.514391539823169,2.223176462053778
24,[1.11678491],8.297539224267329,3.4689974127475933
25,[4.98759182],7.150183972363453,0.9012502949460552
26,[2.46031652],11.549561145228115,2.010400708629337
27,[1.12887437],7.585216402731264,2.654079333378874
28,[4.93858081],5.851274889870752,0.7671937353171678
29,[3.78295371],9.97188272942828,0.5051540023936583
30,[2.91291495],8.440812994442496,0.8700387517071451
31,[2.83013576],11.572078195261337,1.853153849684499
32,[1.85921687],1.2445639723454212,1.2704312545952723
33,[2.26481781],4.870460311018112,1.5181358926891577
34,[4.08634153],8.404264246311888,0.5967428401724062
35,[0.51003263],10.98310539511274,2.75014151859278
36,[4.58578232],7.235661998883279,0.4143952491728138
37,[0.21935594],12.064281633946004,3.653349440324821
38,[2.87274299],4.305842868100619,1.213598534964078
39,[0.90249493],5.503772301129432,2.8232143426763976
40,[3.17850832],7.192689848044549,0.547200954334365
41,[4.47071723],4.7350985474562,1.3410691095805758
42,[3.2777997],3.835130455391405,1.192917528743136
43,[1.27112435],8.77428022062629,3.3146579730957093
44,[2.9828951],7.220615889226842,0.7428141796324357
45,[4.59938588],7.060839802348468,0.513044347161749
46,[3.87270538],8.140110334261298,0.4385565003708245
47,[1.45497272],7.925377586727987,2.4177326522791716
48,[3.43414888],7.443270598435438,0.3488048293604802
49,[2.16660696],7.101356055361705,0.9874712590958503
50,[1.50799186],7.504169943196885,2.2749618413162964
51,[1.78236061],4.207056805734855,1.4778135417037357
52,[1.27059724],8.583097988289643,2.4551120320715016
53,[0.09038608],15.639448425509451,4.038478227002969
54,[4.85792393],7.130517566396419,1.8750288317338772
55,[2.91857027],3.681726751652844,0.8643834405677535
56,[0.31118075],8.214559304859318,3.561524622626073
57,[3.12964812],3.801384453752681,0.13052602530590818
58,[3.02963325],6.780918726969982,1.5561490770089317
59,[1.38447727],4.2547968995421135,1.893322429354328
60,[2.23216983],3.5467449952504824,0.8974782918388238
61,[2.03304886],8.893379625169915,2.4376683722772765
62,[4.68308437],6.305538150396979,1.4052846661115321
63,[2.11204411],6.925470131008699,1.6709095968383534
64,[4.98289503],7.536045258200422,1.9532617866706556
65,[3.26017415],4.156312739420764,0.9112129274606993
66,[2.46168083],3.828806381868554,1.264028444955506
67,[4.17138708],6.053315191948715,0.29933015681396835
68,[3.72570928],7.316012651175848,0.057244429747967285
69,[1.05236537],6.220252733068388,3.0339761569302834
