,0,1,2
0,[17.72735076],9.108235395279085,14.597702632182596
1,[15.85932658],6.345441785074952,11.77298504539952
2,[19.26465905],16.924683666818574,15.53894977095841
3,[15.90111705],5.912589213671643,11.81477552420592
4,[17.94350025],15.523879593574573,14.665700546796064
5,[15.6038745],12.76021130454318,12.24790021317152
6,[17.77349375],12.549255799463737,14.643845629318776
7,[15.41013089],7.82428035136063,10.93941365762528
8,[19.96352587],17.05586763885119,15.877184343974264
9,[16.26359631],6.233389253839473,11.677813982099774
10,[17.66480007],10.573172421632858,13.792094690245289
11,[19.46069549],11.248212881835034,15.677741781232239
12,[16.21046813],9.921765133054024,13.291897862812451
13,[17.0881037],12.73723433444996,13.26027415363564
14,[19.33972742],11.193034510803766,16.356832322356052
15,[16.43165121],8.623526694757533,12.260264129685709
16,[15.68849832],12.771191072904347,12.65886507054899
17,[15.25396801],10.957663502441054,11.381262634443488
18,[19.64145436],15.878933682590844,16.667352601289195
19,[18.89975071],16.10111294422045,15.465601834356574
20,[18.47237254],16.238381477695917,15.442739296488936
21,[4.76719334],4.7820953667988295,1.3330444601129936
22,[4.6597114],4.700903179616982,1.4812030738807551
23,[1.03699769],5.38916138146659,2.223176462053778
24,[1.11678491],8.297539224267329,3.4689974127475933
25,[4.98759182],7.150183972363453,1.204638118491523
26,[2.46031652],11.549561145228116,2.010400708629337
27,[1.12887437],4.465290492809876,2.6254571185048907
28,[4.93858081],8.07932927151559,0.7671937353171678
29,[3.78295371],9.97188272942828,0.5051540023936583
30,[2.91291495],6.257168590566228,0.8700387517071451
31,[2.83013576],12.13867976365918,1.7556465676629576
32,[1.85921687],1.2445639723454212,1.2704312545952723
33,[2.26481781],4.806046007885169,1.5181358926891577
34,[4.08634153],8.179986146262385,0.513044347161749
35,[0.51003263],8.66250410235833,2.75014151859278
36,[4.58578232],7.3856267885403994,0.49944079516285544
37,[0.21935594],12.064281633946004,4.016689690173257
38,[2.87274299],4.414897418192854,1.213598534964078
39,[0.90249493],5.503772301129432,2.8232143426763976
40,[3.17850832],7.192689848044549,0.547200954334365
41,[4.47071723],4.605384230292162,1.3410691095805758
42,[3.2777997],3.835130455391405,1.3079826211019814
43,[1.27112435],11.556711997927206,3.3146579730957093
44,[2.9828951],4.2269632527777095,0.7428141796324357
45,[4.59938588],6.85824342428937,0.513044347161749
46,[3.87270538],5.8221392989872545,0.1469961007583116
47,[1.45497272],11.213310724096,2.4177326522791716
48,[3.43414888],7.443270598435438,0.3488048293604802
49,[2.16660696],4.30569639589878,1.011901358670233
50,[1.50799186],4.128560625661061,2.217717411568329
51,[1.78236061],7.702026284656371,1.4369806286251647
52,[1.27059724],8.780762576898425,2.4551120320715016
53,[0.09038608],12.312461845972402,3.9959554540079476
54,[4.85792393],7.130517566396418,1.9393536629212278
55,[2.91857027],3.681726751652844,0.8643834405677535
56,[0.31118075],5.569044698534298,3.4717729516157285
57,[3.12964812],3.801384453752681,0.14815158083743984
58,[3.02963325],4.629297487875839,1.2488961332480817
59,[1.38447727],4.360189910849914,2.049671602387506
60,[2.23216983],3.5467449952504824,0.8974782918388238
61,[2.03304886],8.573784777616297,2.4376683722772765
62,[4.68308437],4.201927083118424,1.4549303569558694
63,[2.11204411],6.7228737529495985,1.64228738196437
64,[4.98289503],5.1830487532313345,1.9532617866706556
65,[3.26017415],4.289343497330391,1.0608780058676839
66,[2.46168083],3.828806381868554,1.264028444955506
67,[4.17138708],8.386206765642456,0.29933015681396835
68,[3.72570928],7.296552242173938,0.1469961007583116
69,[1.05236537],8.811434418250565,3.0339761569302834
