,0,1,2
0,[17.72735076],9.185110535839886,14.597702632182596
1,[15.85932658],6.345441785074952,11.77298504539952
2,[19.26465905],12.881355939168724,15.53894977095841
3,[15.90111705],8.648206487004037,12.028411676741044
4,[17.94350025],15.523879593574573,14.509351373762884
5,[15.6038745],12.76021130454318,12.16972562665493
6,[17.77349375],12.440789250837105,14.643845629318776
7,[15.41013089],7.989513827654763,10.93941365762528
8,[19.96352587],17.055867638851186,15.877184343974264
9,[16.26359631],6.233389253839473,12.177254777262629
10,[17.66480007],10.142620566167922,13.792094690245289
11,[19.46069549],11.244760170510176,15.677741781232239
12,[16.21046813],10.005694443842927,13.291897862812451
13,[17.0881037],12.737234334449962,12.916716619605303
14,[19.33972742],11.193034510803766,16.31009417127626
15,[16.43165121],8.444809220371699,12.260264129685709
16,[15.68849832],11.300354103343698,12.65886507054899
17,[15.25396801],10.957663502441054,11.381262634443488
18,[19.64145436],15.527976645825083,16.667352601289195
19,[18.89975071],16.10111294422045,15.174041434744062
20,[18.47237254],16.238381477695917,15.212198396113518
21,[4.76719334],4.712440883887131,1.3330444601129936
22,[4.6597114],4.700903179616982,1.4812030738807551
23,[1.03699769],5.38916138146659,2.223176462053778
24,[1.11678491],8.297539224267329,3.4689974127475933
25,[4.98759182],7.409632339068433,1.2618825482394902
26,[2.46031652],9.033562118642237,2.010400708629337
27,[1.12887437],4.465290492809876,2.596834903630907
28,[4.93858081],8.07932927151559,0.7671937353171678
29,[3.78295371],9.97188272942828,0.5051540023936583
30,[2.91291495],8.440812994442496,0.8700387517071451
31,[2.83013576],12.138679763659184,1.7556465676629576
32,[1.85921687],1.2445639723454212,1.2704312545952723
33,[2.26481781],4.774018742760559,1.5181358926891577
34,[4.08634153],8.179986146262385,0.5062425711623018
35,[0.51003263],8.66250410235833,2.7677670741243117
36,[4.58578232],7.385626788540398,0.49944079516285544
37,[0.21935594],5.618213074321783,4.380029940021693
38,[2.87274299],4.414897418192854,1.213598534964078
39,[0.90249493],5.503772301129432,2.5316539430638842
40,[3.17850832],7.192689848044549,0.40142075452810877
41,[4.47071723],5.015290003436436,1.4644530601899834
42,[3.2777997],3.835130455391405,1.192917528743136
43,[1.27112435],11.556711997927206,3.3146579730957093
44,[2.9828951],4.2269632527777095,0.19561322529807068
45,[4.59938588],6.858243424289368,0.513044347161749
46,[3.87270538],7.906433741332452,0.1469961007583116
47,[1.45497272],7.929079293387322,2.4177326522791716
48,[3.43414888],7.443270598435438,0.4385565003708245
49,[2.16660696],4.792104738748031,1.011901358670233
50,[1.50799186],4.128560625661061,2.217717411568329
51,[1.78236061],7.702026284656371,1.4778135417037357
52,[1.27059724],8.780762576898425,2.4551120320715016
53,[0.09038608],12.021595458170214,3.9959554540079476
54,[4.85792393],6.998794546683672,1.9393536629212278
55,[2.91857027],3.7836192374774393,0.8643834405677535
56,[0.31118075],5.569044698534298,3.4717729516157285
57,[3.12964812],3.801384453752681,0.3045007538706179
58,[3.02963325],4.629297487875839,1.0567082818460762
59,[1.38447727],4.360189910849914,2.049671602387506
60,[2.23216983],3.5467449952504824,0.8974782918388238
61,[2.03304886],6.309026905530439,2.4376683722772765
62,[4.68308437],4.2019270831184246,1.5045760478002062
63,[2.11204411],3.960812954642705,1.3221047674778732
64,[4.98289503],7.305433743793013,1.9766308622105528
65,[3.26017415],6.274699553299624,1.2105430842746676
66,[2.46168083],3.828806381868554,0.816118872309815
67,[4.17138708],8.386206765642456,0.35686270299339107
68,[3.72570928],7.296552242173938,0.1469961007583116
69,[1.05236537],6.106662249787815,2.7305883333848158
