,0,1,2
0,[17.72735076],11.723833722504645,14.597702632182596
1,[15.85932658],6.336456594453527,11.77298504539952
2,[19.26465905],12.881355939168724,15.53894977095841
3,[15.90111705],8.648206487004037,12.028411676741044
4,[17.94350025],15.523879593574572,14.509351373762884
5,[15.6038745],12.76021130454318,12.16972562665493
6,[17.77349375],12.440789250837105,14.643845629318776
7,[15.41013089],7.311618384736116,10.93941365762528
8,[19.96352587],17.055867638851186,15.877184343974264
9,[16.26359631],9.369741477252646,12.177254777262629
10,[17.66480007],12.951392799167376,13.865592740624445
11,[19.46069549],11.244760170510176,15.677741781232239
12,[16.21046813],10.005694443842927,13.291897862812451
13,[17.0881037],12.737234334449962,12.916716619605303
14,[19.33972742],14.110780376956658,15.614018142723616
15,[16.43165121],7.949156362945192,12.260264129685709
16,[15.68849832],11.300354103343698,12.65886507054899
17,[15.25396801],10.957663502441054,11.381262634443488
18,[19.64145436],15.527976645825083,16.611821110155624
19,[18.89975071],16.11589875843847,15.174041434744062
20,[18.47237254],14.114185583911038,15.203385618347752
21,[4.76719334],4.712168022371854,1.4893936331461717
22,[4.6597114],4.700903179616982,1.4812030738807551
23,[1.03699769],5.38916138146659,2.223176462053778
24,[1.11678491],7.442533713213058,3.4757991887470396
25,[4.98759182],8.805292094545138,1.2618825482394902
26,[2.46031652],9.033562118642237,2.010400708629337
27,[1.12887437],4.465290492809876,2.6254571185048907
28,[4.93858081],7.308423640068452,0.7671937353171678
29,[3.78295371],4.673248016975262,0.5051540023936583
30,[2.91291495],8.440812994442496,0.9149145872123174
31,[2.83013576],9.483654604190097,1.7556465676629576
32,[1.85921687],1.2445639723454212,1.2704312545952723
33,[2.26481781],4.774018742760559,1.5181358926891577
34,[4.08634153],8.179986146262385,0.5062425711623018
35,[0.51003263],5.011108685637729,3.6613544460534793
36,[4.58578232],6.863841915682139,0.49944079516285544
37,[0.21935594],5.618213074321783,4.380029940021693
38,[2.87274299],4.414897418192854,1.213598534964078
39,[0.90249493],5.503772301129432,2.5316539430638842
40,[3.17850832],7.192689848044549,0.547200954334365
41,[4.47071723],4.640150628671877,1.4878221357298806
42,[3.2777997],3.835130455391405,1.192917528743136
43,[1.27112435],12.016761094924712,3.3146579730957093
44,[2.9828951],4.2269632527777095,0.19561322529807068
45,[4.59938588],6.858243424289368,0.513044347161749
46,[3.87270538],7.906433741332454,0.1469961007583116
47,[1.45497272],7.929079293387322,2.4177326522791716
48,[3.43414888],7.443270598435438,0.4385565003708245
49,[2.16660696],1.8353986528477222,1.011901358670233
50,[1.50799186],4.128560625661061,1.6705164572339641
51,[1.78236061],7.70202628465637,1.4778135417037357
52,[1.27059724],8.77224112939122,2.512356461819469
53,[0.09038608],12.021595458170214,3.9959554540079476
54,[4.85792393],6.806480029333764,1.9393536629212278
55,[2.91857027],1.3838384768054313,0.8643834405677535
56,[0.31118075],5.569044698534298,3.4145285218677612
57,[3.12964812],3.801384453752681,0.3045007538706179
58,[3.02963325],6.808140674069395,1.0567082818460762
59,[1.38447727],4.453762626550554,2.224074017067746
60,[2.23216983],3.5467449952504824,0.9219083914132069
61,[2.03304886],6.309026905530439,2.4376683722772765
62,[4.68308437],4.2019270831184246,1.5045760478002062
63,[2.11204411],3.9395975830630574,1.3221047674778732
64,[4.98289503],5.17079585605388,1.9532617866706556
65,[3.26017415],4.289343497330391,0.9112129274606993
66,[2.46168083],3.4887685272488986,0.816118872309815
67,[4.17138708],7.6153011341953185,0.4143952491728138
68,[3.72570928],7.296552242173938,0.2538141770258733
69,[1.05236537],6.106662249787815,2.7305883333848158
