,0,1,2
0,[17.72735076],11.48172510564971,14.467176606876688
1,[15.85932658],6.336456594453527,11.77298504539952
2,[19.26465905],12.881355939168728,15.53894977095841
3,[15.90111705],8.482725641229967,12.028411676741044
4,[17.94350025],15.047522892769706,14.509351373762884
5,[15.6038745],12.76021130454318,12.16972562665493
6,[17.77349375],11.99922749574518,14.59498543017001
7,[15.41013089],7.311618384736116,11.238743814439248
8,[19.96352587],17.055867638851183,16.090820496509387
9,[16.26359631],9.369741477252646,12.177254777262629
10,[17.66480007],12.951392799167376,13.9390907910036
11,[19.46069549],11.244760170510176,15.587990110221895
12,[16.21046813],13.134144698902594,13.227573031625102
13,[17.0881037],12.73723433444996,13.215398318130468
14,[19.33972742],14.110780376956658,15.905578542336128
15,[16.43165121],8.444809220371699,12.260264129685709
16,[15.68849832],11.300354103343698,12.460344305486377
17,[15.25396801],10.957663502441054,11.381262634443488
18,[19.64145436],15.1385264405127,16.722884092422767
19,[18.89975071],13.326086748423785,15.174041434744062
20,[18.47237254],14.114185583911041,15.212198396113518
21,[4.76719334],4.712440883887131,1.4112190466295829
22,[4.6597114],4.700903179616982,1.4812030738807551
23,[1.03699769],5.38916138146659,2.223176462053778
24,[1.11678491],4.940535713946915,3.4689974127475933
25,[4.98759182],8.155244407795106,1.204638118491523
26,[2.46031652],9.600163687040084,2.1254658009881826
27,[1.12887437],4.578880976090449,2.596834903630907
28,[4.93858081],7.687088125939317,0.7671937353171678
29,[3.78295371],4.358261615282084,0.5051540023936583
30,[2.91291495],8.440812994442497,0.8700387517071451
31,[2.83013576],9.483654604190097,1.7556465676629576
32,[1.85921687],1.2445639723454212,1.2704312545952723
33,[2.26481781],4.774018742760559,1.5181358926891577
34,[4.08634153],8.179986146262385,0.513044347161749
35,[0.51003263],5.090685352061541,3.6613544460534793
36,[4.58578232],6.863841915682139,0.49944079516285544
37,[0.21935594],5.618213074321783,3.952031138849986
38,[2.87274299],4.414897418192854,1.213598534964078
39,[0.90249493],5.503772301129432,2.5316539430638842
40,[3.17850832],7.192689848044549,0.547200954334365
41,[4.47071723],4.640150628671877,1.4410839846500862
42,[3.2777997],3.835130455391405,1.2504500749225587
43,[1.27112435],12.016761094924712,3.3146579730957093
44,[2.9828951],4.2269632527777095,0.4512537800199228
45,[4.59938588],6.858243424289368,0.6647382589344826
46,[3.87270538],7.906433741332454,0.1469961007583116
47,[1.45497272],7.929079293387322,2.4177326522791716
48,[3.43414888],7.443270598435438,0.4385565003708245
49,[2.16660696],4.792104738748031,0.9874712590958503
50,[1.50799186],7.6843039085289435,1.9261570119558162
51,[1.78236061],10.438575204961088,1.4954390972352674
52,[1.27059724],8.77224112939122,2.4551120320715016
53,[0.09038608],12.021595458170214,3.6353232007145126
54,[4.85792393],6.306323431052399,1.8750288317338772
55,[2.91857027],1.3838384768054313,0.9541351115780978
56,[0.31118075],5.569044698534299,3.4145285218677612
57,[3.12964812],3.801384453752681,0.3045007538706179
58,[3.02963325],4.564534137262693,1.0567082818460762
59,[1.38447727],4.453762626550554,2.049671602387506
60,[2.23216983],3.5467449952504824,0.8974782918388238
61,[2.03304886],6.309026905530439,2.138338215463308
62,[4.68308437],4.2019270831184246,1.6534511220184824
63,[2.11204411],4.241869887865011,1.1657555944446951
64,[4.98289503],5.541881097826512,1.8788242495615175
65,[3.26017415],4.289343497330391,0.9112129274606993
66,[2.46168083],3.4887685272488986,0.8942934588264038
67,[4.17138708],7.6153011341953185,0.29933015681396835
68,[3.72570928],7.296552242173938,0.1469961007583116
69,[1.05236537],6.106662249787815,2.7305883333848158
