,0,1,2
0,[17.72735076],11.481725105649712,14.467176606876688
1,[15.85932658],11.404859027102328,11.77298504539952
2,[19.26465905],10.35866905709787,15.510327556084427
3,[15.90111705],7.796528395307904,11.81477552420592
4,[17.94350025],10.041751697680628,14.509351373762884
5,[15.6038745],13.35425339323012,12.16972562665493
6,[17.77349375],11.999227495745178,14.513319604012867
7,[15.41013089],9.648245485015753,11.238743814439248
8,[19.96352587],17.20120373879056,16.18057216751973
9,[16.26359631],7.136216180870974,12.177254777262629
10,[17.66480007],15.254744539391524,13.910468576129617
11,[19.46069549],7.7189294771470625,15.587990110221895
12,[16.21046813],9.97199850325982,13.180834880545307
13,[17.0881037],12.73723433444996,13.305149989140812
14,[19.33972742],13.494134544839909,15.905578542336128
15,[16.43165121],8.623526694757533,12.260264129685709
16,[15.68849832],12.771191072904347,12.41069861464204
17,[15.25396801],8.109941879037285,11.381262634443488
18,[19.64145436],15.1385264405127,16.72853940356216
19,[18.89975071],13.326086748423785,15.174041434744062
20,[18.47237254],16.66041188565365,15.212198396113518
21,[4.76719334],6.187901938698159,1.3330444601129936
22,[4.6597114],4.700903179616982,1.381911692192081
23,[1.03699769],7.908991866840625,2.223176462053778
24,[1.11678491],4.940535713946915,3.4689974127475933
25,[4.98759182],6.372225404782034,1.204638118491523
26,[2.46031652],9.97608551691697,2.1254658009881826
27,[1.12887437],4.426741199006502,2.148925330985216
28,[4.93858081],7.687088125939317,1.2128715346006445
29,[3.78295371],4.358261615282084,0.3488048293604802
30,[2.91291495],6.233272927223968,0.8700387517071451
31,[2.83013576],12.385669892407275,1.853153849684499
32,[1.85921687],1.2445639723454212,1.2704312545952723
33,[2.26481781],4.774018742760559,1.5181358926891577
34,[4.08634153],8.819405982347213,0.49944079516285544
35,[0.51003263],5.090685352061541,3.6613544460534793
36,[4.58578232],7.3856267885403994,0.4143952491728138
37,[0.21935594],5.618213074321783,3.653349440324821
38,[2.87274299],7.292103621121427,1.213598534964078
39,[0.90249493],5.503772301129432,2.8232143426763976
40,[3.17850832],4.6957380776460145,0.547200954334365
41,[4.47071723],4.6366255175655695,1.3410691095805758
42,[3.2777997],6.467952912906602,1.3079826211019814
43,[1.27112435],12.016761094924712,2.9002627239228955
44,[2.9828951],4.5799385987168435,0.4512537800199228
45,[4.59938588],6.858243424289368,0.8164321707072166
46,[3.87270538],7.022427693568356,0.4385565003708245
47,[1.45497272],7.929079293387322,2.631368804814295
48,[3.43414888],7.267919060475753,0.4385565003708245
49,[2.16660696],4.792104738748031,0.9630411595214672
50,[1.50799186],7.6843039085289435,2.217717411568329
51,[1.78236061],13.007860899059342,2.303980923174393
52,[1.27059724],9.046353218914595,2.4551120320715016
53,[0.09038608],9.716118706464849,3.6353232007145126
54,[4.85792393],6.438046450765145,1.7782832431193274
55,[2.91857027],1.5735344368931725,0.9541351115780978
56,[0.31118075],5.569044698534298,3.4717729516157285
57,[3.12964812],3.801384453752681,0.5960611534831308
58,[3.02963325],7.572947833492253,0.7533204583006086
59,[1.38447727],4.4484122089321705,1.893322429354328
60,[2.23216983],0.5740174226916297,0.8974782918388238
61,[2.03304886],6.30902690553044,2.138338215463308
62,[4.68308437],2.401461862242995,1.6534511220184824
63,[2.11204411],1.2590964873244084,1.1657555944446951
64,[4.98289503],5.154010365242266,1.722720886295237
65,[3.26017415],6.554475336449789,0.9112129274606993
66,[2.46168083],3.4887685272488986,1.264028444955506
67,[4.17138708],5.7987451255064375,0.29933015681396835
68,[3.72570928],10.247341261027403,0.1469961007583116
69,[1.05236537],6.2820137877475,3.0339761569302834
