,0,1,2
0,[17.72735076],11.481725105649712,14.467176606876688
1,[15.85932658],6.336456594453527,11.77298504539952
2,[19.26465905],10.35866905709787,15.53894977095841
3,[15.90111705],8.030082648130549,11.81477552420592
4,[17.94350025],9.80135588853874,14.509351373762884
5,[15.6038745],13.35425339323012,12.16972562665493
6,[17.77349375],11.999227495745178,14.513319604012867
7,[15.41013089],9.648245485015753,11.238743814439248
8,[19.96352587],17.18590193878937,16.18057216751973
9,[16.26359631],7.136216180870974,12.177254777262629
10,[17.66480007],14.716481146370317,13.881846361255633
11,[19.46069549],7.7189294771470625,15.587990110221895
12,[16.21046813],9.971998503259819,13.180834880545307
13,[17.0881037],12.73723433444996,13.305149989140812
14,[19.33972742],13.494134544839909,16.16121909705798
15,[16.43165121],8.623526694757532,12.260264129685709
16,[15.68849832],13.497334872324885,12.41069861464204
17,[15.25396801],8.109941879037285,11.471014305453831
18,[19.64145436],14.889071912247038,16.72853940356216
19,[18.89975071],13.326086748423785,15.174041434744062
20,[18.47237254],16.66041188565365,15.212198396113518
21,[4.76719334],6.868968433151251,1.4112190466295829
22,[4.6597114],4.63160894969114,1.381911692192081
23,[1.03699769],1.9087911938714057,2.223176462053778
24,[1.11678491],4.940535713946915,3.4689974127475933
25,[4.98759182],6.372225404782034,1.204638118491523
26,[2.46031652],9.97608551691697,2.1254658009881826
27,[1.12887437],4.426741199006502,2.148925330985216
28,[4.93858081],7.687088125939317,1.1842493197266606
29,[3.78295371],4.358261615282084,0.3488048293604802
30,[2.91291495],6.233272927223968,0.8700387517071451
31,[2.83013576],12.385669892407275,1.769250119661851
32,[1.85921687],1.2445639723454212,1.3192914537440381
33,[2.26481781],4.369687136035734,1.5181358926891577
34,[4.08634153],8.819405982347213,0.49944079516285544
35,[0.51003263],5.090685352061541,3.6613544460534793
36,[4.58578232],7.235661998883279,0.4143952491728138
37,[0.21935594],5.618213074321783,3.653349440324821
38,[2.87274299],7.292103621121427,1.213598534964078
39,[0.90249493],8.721002446187986,2.8232143426763976
40,[3.17850832],2.0703384096338886,0.547200954334365
41,[4.47071723],4.90646236530389,1.29220891043181
42,[3.2777997],6.374380197205963,1.3079826211019814
43,[1.27112435],12.016761094924712,2.9002627239228955
44,[2.9828951],4.5799385987168435,0.4512537800199228
45,[4.59938588],6.887873740456857,0.8164321707072166
46,[3.87270538],7.022427693568356,0.4385565003708245
47,[1.45497272],7.929079293387322,2.631368804814295
48,[3.43414888],7.267919060475753,0.4385565003708245
49,[2.16660696],4.792104738748031,0.9130337219867122
50,[1.50799186],7.684303908528944,2.217717411568329
51,[1.78236061],9.690507744140362,2.303980923174393
52,[1.27059724],9.046353218914595,2.4551120320715016
53,[0.09038608],6.850903059193295,3.6639454155884965
54,[4.85792393],8.329435265811622,1.7038457060101893
55,[2.91857027],1.5735344368931725,0.9541351115780978
56,[0.31118075],5.569044698534298,3.4145285218677612
57,[3.12964812],3.801384453752681,0.5960611534831308
58,[3.02963325],7.572947833492253,0.7533204583006086
59,[1.38447727],4.4484122089321705,1.893322429354328
60,[2.23216983],0.5740174226916297,0.8974782918388238
61,[2.03304886],3.856974079593298,2.138338215463308
62,[4.68308437],5.031067584843126,1.6534511220184824
63,[2.11204411],4.495210920828354,1.1657555944446951
64,[4.98289503],5.154010365242266,1.722720886295237
65,[3.26017415],6.554475336449789,0.9112129274606993
66,[2.46168083],3.8456281752754817,1.264028444955506
67,[4.17138708],3.4941399393484938,0.29933015681396835
68,[3.72570928],10.247341261027403,0.1469961007583116
69,[1.05236537],6.017696553127325,3.4183518597342935
