,0,1,2
0,[17.72735076],14.515105056087986,13.141568430243176
1,[15.85932658],13.263416605153944,11.68793949940948
2,[19.26465905],18.486694809650782,15.093271971674934
3,[15.90111705],12.688871354887876,11.315334729043066
4,[17.94350025],15.939732111175635,14.813852127633503
5,[15.6038745],13.600106364067681,12.474226380525549
6,[17.77349375],17.13195697103199,13.17410787538046
7,[15.41013089],12.814220920183711,10.93941365762528
8,[19.96352587],16.751280174656223,15.37774354881141
9,[16.26359631],13.051350607944585,11.677813982099774
10,[17.66480007],16.501496594856057,14.486291745337965
11,[19.46069549],18.297392014832663,16.28218716531457
12,[16.21046813],15.047164655845126,13.03195980632703
13,[17.0881037],14.492193725349768,12.916716619605303
14,[19.33972742],17.774904011473037,16.46698442439426
15,[16.43165121],13.835741235430174,12.260264129685709
16,[15.68849832],14.123674910745772,12.815755323666991
17,[15.25396801],14.203728127801162,11.819819134814312
18,[19.64145436],18.478150885455438,16.462946035937346
19,[18.89975071],16.895982571769327,15.770102588227193
20,[18.47237254],16.907549136685716,15.599629549606938
21,[4.76719334],8.308368318492255,0.5958062612170041
22,[4.6597114],9.005140453429053,1.530063273029521
23,[1.03699769],10.77997343856141,3.4337195463284456
24,[1.11678491],13.851851450743718,3.482600964746487
25,[4.98759182],10.755205920719083,0.4018094997831998
26,[2.46031652],9.356654600862303,2.010400708629337
27,[1.12887437],11.479446943275613,1.8540207239984712
28,[4.93858081],8.274090823672221,0.7671937353171678
29,[3.78295371],9.180491991388736,0.6533055832310981
30,[2.91291495],9.493119412807435,0.5212339223466649
31,[2.83013576],12.879324938782792,2.1527592773246815
32,[1.85921687],10.336691579326715,1.5749320084658902
33,[2.26481781],15.38145939709744,1.641207589587908
34,[4.08634153],11.295956097686716,0.513044347161749
35,[0.51003263],15.082029985509498,4.4728624048880175
36,[4.58578232],11.009175528458112,0.050730770179975515
37,[0.21935594],15.372706678306006,4.763539097684523
38,[2.87274299],9.735578321315352,0.11015210203820747
39,[0.90249493],11.293413513924708,2.5316539430638842
40,[3.17850832],12.670301399859412,1.8043867124523794
41,[4.47071723],8.367663539372863,0.29933015681396835
42,[3.2777997],8.689453097863929,1.192917528743136
43,[1.27112435],13.697512011091835,3.328261525094603
44,[2.9828951],9.656192509457183,0.11015210203820747
45,[4.59938588],10.988129489389667,0.013603551998893515
46,[3.87270538],9.162541657186669,0.7430572542414424
47,[1.45497272],11.15334859116557,1.5279223718884243
48,[3.43414888],9.250252957260834,0.3045007538706179
49,[2.16660696],13.425455651744093,2.8162880711226124
50,[1.50799186],11.100329451213037,1.4749032319358935
51,[1.78236061],10.03461051821137,2.688356625978403
52,[1.27059724],11.33772407171621,1.712297852439066
53,[0.09038608],15.501676539454005,4.8925089588325275
54,[4.85792393],9.248640547251444,1.9851809337720847
55,[2.91857027],9.489726226123798,0.5155786112072733
56,[0.31118075],17.127055533309928,3.6373674215094995
57,[3.12964812],9.363079511721805,0.3045007538706179
58,[3.02963325],11.942864974663472,1.5697526290078252
59,[1.38447727],15.85998921308909,2.224074017067746
60,[2.23216983],9.963738616570264,1.2019790457094417
61,[2.03304886],9.783922264510242,2.4376683722772765
62,[4.68308437],9.283608458978566,1.8103413751364843
63,[2.11204411],10.083864338338696,1.3221047674778732
64,[4.98289503],11.587669372387985,1.8043867124523794
65,[3.26017415],11.791656526569112,1.4231154586550545
66,[2.46168083],10.146640484600216,0.5212142653230702
67,[4.17138708],8.427529570735654,0.29933015681396835
68,[3.72570928],9.475083477671735,0.8529662816706431
69,[1.05236537],13.916270990089263,3.533416952093139
