,0,1,2
0,[17.72735076],9.973791999311594,13.127964878244281
1,[15.85932658],13.263416605153944,11.68793949940948
2,[19.26465905],18.10135557481087,16.004484899135633
3,[15.90111705],9.24329851883155,11.301731177044172
4,[17.94350025],15.735080246226307,14.813852127633503
5,[15.6038745],13.395454499118353,12.474226380525549
6,[17.77349375],10.001477797593303,13.17410787538046
7,[15.41013089],12.996463505675852,10.93941365762528
8,[19.96352587],12.055482983794864,15.364139996812515
9,[16.26359631],9.315794369442893,11.66421043010088
10,[17.66480007],16.501496594856057,14.635166819556241
11,[19.46069549],18.297392014832663,16.331047364463338
12,[16.21046813],15.047164655845126,13.180834880545307
13,[17.0881037],14.492193725349768,12.916716619605303
14,[19.33972742],17.774904011473037,16.46698442439426
15,[16.43165121],13.835741235430174,12.558945828210874
16,[15.68849832],14.123674910745772,12.815755323666991
17,[15.25396801],12.319767646556674,11.167626481908364
18,[19.64145436],18.478150885455438,16.611821110155624
19,[18.89975071],16.691330706819997,15.770102588227193
20,[18.47237254],16.907549136685716,15.599629549606938
21,[4.76719334],6.436852107404988,0.5958062612170041
22,[4.6597114],9.005140453429053,1.530063273029521
23,[1.03699769],8.387786643987061,3.4337195463284456
24,[1.11678491],13.851851450743718,3.870806912530793
25,[4.98759182],10.755205920719083,0.3882059477843063
26,[2.46031652],6.964467806287954,2.010400708629337
27,[1.12887437],11.479446943275613,2.596834903630907
28,[4.93858081],6.471129602225021,0.7671937353171678
29,[3.78295371],9.180491991388736,0.6533055832310981
30,[2.91291495],9.303934293532562,0.5212339223466649
31,[2.83013576],10.075368956817389,0.34837256487230217
32,[1.85921687],10.318741245124645,1.5749320084658902
33,[2.26481781],10.188432545564293,0.9136905086068254
34,[4.08634153],11.295956097686716,0.7715823988080066
35,[0.51003263],11.395040696981646,2.6684756924356376
36,[4.58578232],10.996291620589002,0.09750728202154146
37,[0.21935594],11.685717389778153,2.9591523852321444
38,[2.87274299],9.735578321315352,0.8529662816706431
39,[0.90249493],11.275463179722639,2.5316539430638842
40,[3.17850832],10.005694443842925,0.14887507421827628
41,[4.47071723],6.377556886524381,0.29933015681396835
42,[3.2777997],6.356561524170187,1.192917528743136
43,[1.27112435],13.697512011091835,3.716467472878909
44,[2.9828951],9.656192509457183,0.29900340308461404
45,[4.59938588],10.605559822241934,0.013603551998893515
46,[3.87270538],9.162541657186669,0.5908068773061332
47,[1.45497272],11.15334859116557,2.27073655152086
48,[3.43414888],9.250252957260834,0.3045007538706179
49,[2.16660696],10.208074715576974,1.011901358670233
50,[1.50799186],11.100329451213037,2.217717411568329
51,[1.78236061],16.23577306816555,2.688356625978403
52,[1.27059724],11.33772407171621,2.4551120320715016
53,[0.09038608],11.814687250926154,3.0881222463801477
54,[4.85792393],9.248640547251444,1.9851809337720847
55,[2.91857027],9.489726226123798,0.5155786112072733
56,[0.31118075],12.297140561512471,3.775160775161196
57,[3.12964812],9.363079511721805,0.3045007538706179
58,[3.02963325],11.861361925448195,1.5697526290078252
59,[1.38447727],8.040307055756081,2.224074017067746
60,[2.23216983],9.945788282368197,1.2019790457094417
61,[2.03304886],7.391735469935893,2.4376683722772765
62,[4.68308437],9.283608458978566,1.8103413751364843
63,[2.11204411],9.891906253795197,1.3221047674778732
64,[4.98289503],11.587669372387985,1.8788242495615175
65,[3.26017415],13.792970027726284,1.3392117286324066
66,[2.46168083],10.146640484600216,1.264028444955506
67,[4.17138708],6.317690855161588,0.29933015681396835
68,[3.72570928],9.475083477671735,0.8529662816706431
69,[1.05236537],13.916270990089263,3.533416952093139
