,0,1,2
0,[17.72735076],9.973791999311594,13.141568430243176
1,[15.85932658],13.263416605153944,11.68793949940948
2,[19.26465905],18.03168106183641,15.986859343604102
3,[15.90111705],9.24329851883155,11.308532953043619
4,[17.94350025],15.604419129580089,14.813852127633503
5,[15.6038745],13.395454499118353,12.474226380525549
6,[17.77349375],9.63623105735328,13.187711427379355
7,[15.41013089],10.659836405396216,10.93941365762528
8,[19.96352587],12.055482983794864,15.37774354881141
9,[16.26359631],11.458494435266738,11.66421043010088
10,[17.66480007],11.121122357934428,14.635166819556241
11,[19.46069549],18.297392014832667,16.28218716531457
12,[16.21046813],10.539389582330054,13.180834880545307
13,[17.0881037],14.373032473106367,12.916716619605303
14,[19.33972742],17.774904011473037,16.356832322356052
15,[16.43165121],11.498153335548277,12.34530967567575
16,[15.68849832],14.123674910745768,12.740593292792155
17,[15.25396801],7.06465914041826,11.167626481908364
18,[19.64145436],12.702445790413933,16.611821110155624
19,[18.89975071],16.282202329972638,15.770102588227193
20,[18.47237254],16.907549136685716,15.556629934325777
21,[4.76719334],6.273355471427748,0.5958062612170041
22,[4.6597114],8.690154051735874,1.530063273029521
23,[1.03699769],8.387786643987061,3.134389389514477
24,[1.11678491],10.925852910315964,3.566299457757144
25,[4.98759182],9.31579436944289,0.4018094997831998
26,[2.46031652],6.647841197291673,2.010400708629337
27,[1.12887437],11.035166235591344,2.596834903630907
28,[4.93858081],6.128915491861947,0.7671937353171678
29,[3.78295371],9.180491991388736,0.6533055832310981
30,[2.91291495],8.902981351616997,0.5212339223466649
31,[2.83013576],12.879324938782792,1.2562057725001021
32,[1.85921687],9.702571815504758,1.5749320084658902
33,[2.26481781],10.188432545564293,1.0041691125297336
34,[4.08634153],11.295956097686716,0.8965535048245794
35,[0.51003263],11.26233493822206,2.6684756924356376
36,[4.58578232],7.140955372936217,0.013603551998893515
37,[0.21935594],11.685717389778153,3.306250912778483
38,[2.87274299],9.735578321315352,0.8529662816706431
39,[0.90249493],11.205702213850545,2.5316539430638842
40,[3.17850832],10.005694443842927,0.547200954334365
41,[4.47071723],6.37755688652438,1.192917528743136
42,[3.2777997],6.356561524170187,1.192917528743136
43,[1.27112435],10.802381358594456,3.41196001810526
44,[2.9828951],9.307418785065131,0.5970339798261795
45,[4.59938588],10.605559822241934,0.513044347161749
46,[3.87270538],8.950670977734944,0.4385565003708245
47,[1.45497272],10.518330090158733,2.27073655152086
48,[3.43414888],9.180379059399435,0.3045007538706179
49,[2.16660696],10.149939377017672,1.011901358670233
50,[1.50799186],10.47591477819671,2.217717411568329
51,[1.78236061],4.589877526315558,2.3890264691644347
52,[1.27059724],11.33772407171621,1.7856743655137182
53,[0.09038608],11.814687250926156,3.6353232007145126
54,[4.85792393],9.248640547251444,1.9851809337720847
55,[2.91857027],9.489726226123798,0.5155786112072733
56,[0.31118075],10.981531819781177,3.817683548156217
57,[3.12964812],9.045218128564068,0.3045007538706179
58,[3.02963325],9.682518739254636,1.5697526290078252
59,[1.38447727],7.433259760902176,2.049671602387506
60,[2.23216983],9.404209445299596,1.2019790457094417
61,[2.03304886],6.989655328210025,2.4376683722772765
62,[4.68308437],8.792586052564264,1.7001892730982768
63,[2.11204411],9.716554715835514,1.3221047674778732
64,[4.98289503],11.561875400158383,1.8043867124523794
65,[3.26017415],13.792970027726284,1.325608176633513
66,[2.46168083],9.968921068651026,1.264028444955506
67,[4.17138708],6.128915491861947,0.29933015681396835
68,[3.72570928],9.1755360899506,0.7428141796324357
69,[1.05236537],13.916270990089263,3.533416952093139
