,0,1,2
0,[17.72735076],9.973791999311594,13.448821374004025
1,[15.85932658],13.263416605153944,11.68793949940948
2,[19.26465905],16.745015403104663,15.830510170570923
3,[15.90111705],9.24329851883155,11.308532953043619
4,[17.94350025],15.765724360834207,14.813852127633503
5,[15.6038745],13.246843048270065,12.474226380525549
6,[17.77349375],9.63623105735328,13.68715222254221
7,[15.41013089],5.73021556264144,10.93941365762528
8,[19.96352587],17.35807540604228,15.37774354881141
9,[16.26359631],11.458494435266738,11.677813982099774
10,[17.66480007],11.121122357934428,14.560729282447104
11,[19.46069549],18.297392014832667,16.28218716531457
12,[16.21046813],10.539389582330054,13.10639734343617
13,[17.0881037],14.373032473106367,13.305149989140812
14,[19.33972742],17.69269157881606,16.356832322356052
15,[16.43165121],11.498153335548277,12.34530967567575
16,[15.68849832],14.123674910745768,12.705603221628785
17,[15.25396801],7.714436778398043,11.167626481908364
18,[19.64145436],12.702445790413933,16.537383573046483
19,[18.89975071],16.282202329972638,15.465601834356574
20,[18.47237254],16.907549136685716,15.521639863162406
21,[4.76719334],5.133926193008823,0.5958062612170041
22,[4.6597114],8.690154051735874,1.225562519158903
23,[1.03699769],8.387786643987061,3.134389389514477
24,[1.11678491],8.590290113896007,3.542926483837693
25,[4.98759182],7.140955372936216,0.4018094997831998
26,[2.46031652],8.980732770985416,2.010400708629337
27,[1.12887437],11.035166235591344,2.596834903630907
28,[4.93858081],5.582086596525885,0.7671937353171678
29,[3.78295371],9.180491991388736,0.6533055832310981
30,[2.91291495],6.088822376938585,0.8127943219591778
31,[2.83013576],12.879324938782792,1.2562057725001021
32,[1.85921687],9.702571815504758,1.4009572799011805
33,[2.26481781],10.246253782918505,1.0129818902954995
34,[4.08634153],11.295956097686716,0.8965535048245794
35,[0.51003263],11.26233493822206,2.6684756924356376
36,[4.58578232],7.140955372936217,0.013603551998893515
37,[0.21935594],11.685717389778153,4.016689690173257
38,[2.87274299],9.31893343002145,0.8529662816706431
39,[0.90249493],11.205702213850545,2.8232143426763976
40,[3.17850832],10.005694443842927,0.9928787536178416
41,[4.47071723],6.37755688652438,1.192917528743136
42,[3.2777997],6.356561524170187,1.192917528743136
43,[1.27112435],8.4668185621745,3.388587044185809
44,[2.9828951],9.274872589206167,0.7428141796324357
45,[4.59938588],9.054617687651506,0.513044347161749
46,[3.87270538],8.950670977734944,0.4385565003708245
47,[1.45497272],10.518330090158733,2.27073655152086
48,[3.43414888],9.180379059399435,0.2915603996125129
49,[2.16660696],10.149939377017672,1.011901358670233
50,[1.50799186],10.47591477819671,2.217717411568329
51,[1.78236061],1.097635442442582,1.8997100102048303
52,[1.27059724],11.33772407171621,1.924313891241325
53,[0.09038608],11.814687250926156,4.08100099999799
54,[4.85792393],9.248640547251444,1.9851809337720847
55,[2.91857027],9.332325022366183,0.5155786112072733
56,[0.31118075],10.981531819781177,3.860206321151238
57,[3.12964812],9.045218128564068,0.13052602530590818
58,[3.02963325],7.188689214310605,1.5561490770089317
59,[1.38447727],1.3002645090890028,1.893322429354328
60,[2.23216983],9.404209445299596,1.028004317144732
61,[2.03304886],9.322546901903767,2.4376683722772765
62,[4.68308437],8.792586052564264,1.6023826604492415
63,[2.11204411],9.716554715835514,1.3221047674778732
64,[4.98289503],11.3642108115496,1.8043867124523794
65,[3.26017415],9.823513496532584,1.2105430842746676
66,[2.46168083],9.968921068651026,1.264028444955506
67,[4.17138708],5.820409101012687,0.29933015681396835
68,[3.72570928],9.1755360899506,0.6450075669834003
69,[1.05236537],11.264333039322002,3.533416952093139
