,0,1,2
0,[0.33030387],0.47434791442457325,[0.14404405]
1,[0.33756043],0.4524964319958569,[0.114936]
2,[0.93907435],0.3208258101592556,[0.61824854]
3,[0.33767169],0.3353904598319015,[0.00228123]
4,[0.44272325],0.43869700765844344,[0.00402624]
5,[0.45249643],0.43869700765844344,[0.01379942]
6,[0.96958072],0.29060263987730006,[0.67897808]
7,[0.90525951],0.32911294033718175,[0.57614657]
8,[0.43869701],0.38316403856632575,[0.05553297]
9,[0.18443756],0.4524964319958569,[0.26805888]
10,[0.18319341],0.4819828998809099,[0.29878949]
11,[0.10643562],0.4819828998809099,[0.37554728]
12,[0.01475047],0.4745731747394283,[0.45982271]
13,[0.47434791],0.43869700765844344,[0.03565091]
14,[0.85317747],0.3208258101592556,[0.53235166]
15,[0.5573826],0.33225170008454163,[0.2251309]
16,[0.04472147],0.4745731747394283,[0.4298517]
17,[0.03441704],0.4819828998809099,[0.44756586]
18,[0.63313741],0.3249693752482187,[0.30816804]
19,[0.91937662],0.33030386701178316,[0.58907275]
20,[0.60063756],0.33284716342184234,[0.2677904]
21,[0.98795249],0.3249693752482187,[0.66298311]
22,[0.04824147],0.462353075000178,[0.41411161]
23,[0.29060264],0.47434791442457325,[0.18374527]
24,[0.89507061],0.3353904598319015,[0.55968015]
25,[0.0090744],0.6006375590614127,[0.59156316]
26,[0.67985906],0.3376716945552063,[0.34218736]
27,[0.06804856],0.4819828998809099,[0.41393434]
28,[0.20171702],0.4745731747394283,[0.27285616]
29,[0.86480138],0.30571422501827783,[0.55908716]
30,[0.15152492],0.4819828998809099,[0.33045798]
31,[0.71416926],0.32970840367448245,[0.38446086]
32,[0.84666645],0.32970840367448245,[0.51695805]
33,[0.94201427],0.32911294033718175,[0.61290133]
34,[0.26105832],0.4819828998809099,[0.22092458]
35,[0.33539046],0.44272325011944613,[0.10733279]
36,[0.02959066],0.4745731747394283,[0.44498251]
37,[0.73642493],0.33030386701178316,[0.40612106]
38,[0.95997706],0.3339321483735663,[0.62604492]
39,[0.02434739],0.4819828998809099,[0.45763551]
40,[0.10428807],0.4819828998809099,[0.37769483]
41,[0.68911518],0.3249693752482187,[0.36414581]
42,[0.32082581],0.557382600258627,[0.23655679]
43,[0.15269482],0.4782780373101691,[0.32558321]
44,[0.23215427],0.4745731747394283,[0.2424189]
45,[0.4819829],0.33030386701178316,[0.15167903]
46,[0.38316404],0.44272325011944613,[0.05955921]
47,[0.47457317],0.3365310771935539,[0.1380421]
48,[0.32911294],0.4407101288889448,[0.11159719]
49,[0.71243987],0.3339321483735663,[0.37850773]
