,0,1,2
0,[17.72735076],16.318534906359012,14.405210984109358
1,[15.85932658],14.774394577571126,12.778624865676356
2,[19.26465905],18.17972704983658,16.183957337941813
3,[15.90111705],14.492301205158899,12.578977282909248
4,[17.94350025],16.85856825302854,14.862798541133772
5,[15.6038745],13.971757020900862,12.450158027641585
6,[17.77349375],16.44575323145137,14.643845629318776
7,[15.41013089],13.778013407581167,12.256414414321892
8,[19.96352587],18.7671646062832,16.918370920959646
9,[16.26359631],14.854780458215606,12.941456535965957
10,[17.66480007],16.337059546619322,14.535151944486731
11,[19.46069549],18.132954966595932,16.331047364463338
12,[16.21046813],14.882727607608393,13.080820005475797
13,[17.0881037],15.455986212747224,13.934387219487945
14,[4.33972742],9.459958557447438,1.259025709707016
15,[1.43165121],6.10332214384283,1.9155103071359487
16,[0.68849832],14.504977954386366,2.7838742259399467
17,[0.25396801],7.281005337610216,3.0931935009033342
18,[4.64145436],8.671219970784385,1.3193145870128737
19,[3.89975071],5.589157896727241,0.8545957584360062
20,[3.47237254],12.094596773113947,0.34272442141942605
21,[4.76719334],9.374465373892066,1.686491627483881
22,[4.6597114],8.459929248891779,1.5059949201455565
23,[1.03699769],14.156478586613716,2.435374858167296
24,[1.11678491],11.481946789619679,2.6423329584859285
25,[4.98759182],9.330385676344262,1.9068901152228905
26,[2.46031652],5.190721526632102,0.8868449886370247
27,[1.12887437],6.406098976442921,2.2182871397360393
28,[4.93858081],9.340187879072031,1.8578791015840448
29,[3.78295371],8.635280786851464,0.6292372303471336
30,[2.91291495],12.430271327051232,0.559457589895473
31,[2.83013576],5.09824386945691,0.5170257553117996
32,[1.85921687],9.967364001841013,1.939990458457559
33,[2.26481781],5.308020752877682,1.0823436990463229
34,[4.08634153],5.701112387856865,1.04118657698538
35,[0.51003263],11.316548240532612,3.2891746971491584
36,[4.58578232],8.474715063109798,1.4320658490554568
37,[0.21935594],14.974120335949223,3.2530166075028046
38,[2.87274299],8.817322929135184,0.6576337102217811
39,[0.90249493],6.632478415488412,2.44466657878153
40,[3.17850832],9.692202376859033,0.4828029358799548
41,[4.47071723],5.931737809539271,1.42556227978939
42,[3.2777997],8.736311587330196,0.12849377324335398
43,[1.27112435],11.327607349967796,2.4879935188340445
44,[2.9828951],9.75904233056126,0.7762227738270613
45,[4.59938588],8.679633667013944,1.277246105865077
46,[3.87270538],8.824969766953318,0.5505656061682047
47,[1.45497272],11.143758976849234,2.3041451457154856
48,[3.43414888],5.309796796113297,0.38899392407943223
49,[2.16660696],10.432124738332972,1.5925109071992236
50,[1.50799186],10.318589005330939,2.291215461947485
51,[1.78236061],10.04422026364357,2.016846720260114
52,[1.27059724],11.328134457399875,2.4885206262661272
53,[0.09038608],11.379134486245833,3.4399906292656506
54,[4.85792393],11.263265942614861,1.7282758055845724
55,[2.91857027],9.053555009517444,0.880637061198942
56,[0.31118075],12.287550947196134,3.447937116062387
57,[3.12964812],12.300231425965606,0.34272442141942605
58,[3.02963325],8.785944878511584,0.5007434571037792
59,[1.38447727],10.442103595762628,2.414730052379175
60,[2.23216983],12.961306441704668,1.2402027132582498
61,[2.03304886],9.436471701711152,1.4973278447309695
62,[4.68308437],11.368169677796221,1.553436246948972
63,[2.11204411],9.357476452621707,1.418332595641524
64,[4.98289503],6.239044490751613,1.9377400818099595
65,[3.26017415],5.20541195897447,0.1280318312323674
66,[2.46168083],12.731795441338218,1.0106917128918012
67,[4.17138708],5.75213971545089,1.1262321229754217
68,[3.72570928],8.85436898710498,0.3300714550307373
69,[1.05236537],10.41715518916817,2.4780113321879864
