,0,1,2
0,[17.72735076],16.318534906359012,14.597702632182596
1,[15.85932658],14.595298055244161,12.68081825302732
2,[19.26465905],18.000630527509614,16.086150725292775
3,[15.90111705],14.492301205158899,12.771468930982486
4,[17.94350025],16.67947173070157,14.764991928484736
5,[15.6038745],13.242121526516351,12.574241255595059
6,[17.77349375],16.00086990424247,14.752212213556799
7,[15.41013089],13.048377913196656,12.380497642275365
8,[19.96352587],18.7671646062832,16.918370920959646
9,[16.26359631],14.854780458215606,13.133948184039195
10,[17.66480007],15.89217621941043,14.643518528724755
11,[19.46069549],17.688071639387037,16.43941394870136
12,[16.21046813],14.437844280399498,13.18918658971382
13,[17.0881037],14.726350718362713,14.05847044744142
14,[4.33972742],9.459958557447438,1.1612190970579808
15,[1.43165121],6.10332214384283,1.9155103071359487
16,[0.68849832],16.95101390774383,2.939164806845783
17,[0.25396801],7.281005337610216,3.0931935009033342
18,[4.64145436],8.671219970784385,1.5118062350861114
19,[3.89975071],5.589157896727241,0.8545957584360062
20,[3.47237254],12.094596773113947,0.45109100565744953
21,[4.76719334],9.374465373892066,1.5886850148348457
22,[4.6597114],8.263792551400375,1.6300781480990314
23,[1.03699769],14.121510674886594,2.435374858167296
24,[1.11678491],11.481946789619679,2.6919786493302653
25,[4.98759182],9.330385676344262,1.8090835025738552
26,[2.46031652],5.190721526632102,0.8868449886370247
27,[1.12887437],6.406098976442921,2.2182871397360393
28,[4.93858081],9.340187879072031,1.7600724889350094
29,[3.78295371],8.43914408936006,0.7533204583006086
30,[2.91291495],12.430271327051232,0.559457589895473
31,[2.83013576],11.896968323051228,0.6040131195941543
32,[1.85921687],9.967364001841013,1.866492408078403
33,[2.26481781],5.308020752877682,1.0823436990463229
34,[4.08634153],5.701112387856865,1.04118657698538
35,[0.51003263],11.316548240532612,3.2156766467700026
36,[4.58578232],8.278578365618394,1.5561490770089317
37,[0.21935594],14.939152424222101,3.2530166075028046
38,[2.87274299],8.81064108498535,0.9102107114186104
39,[0.90249493],6.632478415488412,2.44466657878153
40,[3.17850832],9.692202376859033,0.6302552393733274
41,[4.47071723],5.931737809539271,1.42556227978939
42,[3.2777997],13.874093110592279,0.20293131035249212
43,[1.27112435],14.332596362501203,2.0760371607445514
44,[2.9828951],9.75904233056126,0.8258684646713981
45,[4.59938588],8.679633667013944,1.4697377539383147
46,[3.87270538],8.824969766953318,0.7430572542414424
47,[1.45497272],11.143758976849234,2.3537908365598224
48,[3.43414888],5.309796796113297,0.38899392407943223
49,[2.16660696],10.432124738332972,1.6421565980435604
50,[1.50799186],10.318589005330939,2.217717411568329
51,[1.78236061],10.04422026364357,1.9433486698809583
52,[1.27059724],11.328134457399875,2.538166317110464
53,[0.09038608],11.379134486245833,3.69256763046248
54,[4.85792393],13.563505792484204,1.6794156064358066
55,[2.91857027],14.501474417192517,0.880637061198942
56,[0.31118075],12.287550947196134,3.4975828069067236
57,[3.12964812],14.648339150898128,0.46939278745127844
58,[3.02963325],8.716506933114548,0.7533204583006086
59,[1.38447727],10.442103595762628,2.341232002000019
60,[2.23216983],12.926338529977548,1.2402027132582498
61,[2.03304886],9.436471701711152,1.7499048459277988
62,[4.68308437],11.368169677796221,1.6618028311869955
63,[2.11204411],14.404764353627604,1.613665167090386
64,[4.98289503],6.239044490751613,1.9377400818099595
65,[3.26017415],5.20541195897447,0.1280318312323674
66,[2.46168083],12.70101180084903,1.0106917128918012
67,[4.17138708],5.75213971545089,1.1262321229754217
68,[3.72570928],8.85436898710498,0.5960611534831308
69,[1.05236537],16.58714685337703,2.4200071715731437
