,0,1,2
0,[17.72735076],10.51895981037173,14.597702632182596
1,[15.85932658],12.635060247256645,12.68081825302732
2,[19.26465905],18.17972704983658,16.086150725292775
3,[15.90111705],13.944090136409628,12.72260873183372
4,[17.94350025],15.94939004574322,14.764991928484736
5,[15.6038745],13.121455300905492,12.574241255595059
6,[17.77349375],10.12625412456523,14.643845629318776
7,[15.41013089],12.57031800734239,12.380497642275365
8,[19.96352587],18.25565453279308,16.785017551602063
9,[16.26359631],12.031029168739545,13.233963059108705
10,[17.66480007],13.609712583349534,14.535151944486731
11,[19.46069549],15.046428919330822,16.331047364463338
12,[16.21046813],14.36567348905076,13.080820005475797
13,[17.0881037],15.042533428018453,13.95845557237191
14,[4.33972742],4.635259413084166,1.1612190970579808
15,[1.43165121],5.08930990196013,2.002497671418303
16,[0.68849832],10.951776823048677,3.094455387751619
17,[0.25396801],6.300024544234164,3.180180865185689
18,[4.64145436],6.535219823017424,1.611821110155622
19,[3.89975071],4.474346666322354,0.7212423890784261
20,[3.47237254],4.231825684719274,0.2938642222706602
21,[4.76719334],5.823247739209956,1.5886850148348457
22,[4.6597114],8.263792551400375,1.6300781480990314
23,[1.03699769],13.555821688014325,2.745956019978968
24,[1.11678491],10.135309525294382,2.3364757984531943
25,[4.98759182],5.790166114862118,1.8090835025738552
26,[2.46031652],4.966398746292103,0.9738323529193793
27,[1.12887437],5.381773611865859,2.305274504018394
28,[4.93858081],5.766135298155978,1.8345100260441476
29,[3.78295371],8.396459018836913,0.6533055832310981
30,[2.91291495],7.242925640386167,0.559457589895473
31,[2.83013576],8.836205427506965,0.6422367871429624
32,[1.85921687],9.227667468720663,1.866492408078403
33,[2.26481781],4.022046351670226,1.1693310633286775
34,[4.08634153],4.099995963471862,1.0567082818460762
35,[0.51003263],7.621668161077855,3.2156766467700026
36,[4.58578232],8.278578365618396,1.4072740027906554
37,[0.21935594],11.460177628093097,3.2530166075028046
38,[2.87274299],8.407322713860394,0.5614058820581302
39,[0.90249493],5.884911485948771,2.5316539430638842
40,[3.17850832],4.244918032197714,0.2938642222706602
41,[4.47071723],1.3826732743097547,1.4410839846500862
42,[3.2777997],3.9040103813230864,0.017625555531531667
43,[1.27112435],11.40165454865063,2.454584924639419
44,[2.9828951],4.038326707504709,0.6161458136005833
45,[4.59938588],4.157610052647882,1.4697377539383147
46,[3.87270538],4.002167888720399,0.7430572542414424
47,[1.45497272],11.109481482029203,2.017399819457155
48,[3.43414888],4.637153147685391,0.2556405547218521
49,[2.16660696],4.601111987983058,1.3057655809408932
50,[1.50799186],9.89990204996657,1.9643806795046244
51,[1.78236061],3.9508922735160317,1.6900119378172536
52,[1.27059724],7.335240670066949,2.201775300007797
53,[0.09038608],11.379134486245835,3.69256763046248
54,[4.85792393],2.4501112704461425,1.7282758055845724
55,[2.91857027],4.065484331888533,0.8071390108197862
56,[0.31118075],11.509874536313907,3.1229681222552483
57,[3.12964812],7.484515635746057,0.34272442141942605
58,[3.02963325],6.2160426590280515,0.4427392964889365
59,[1.38447727],9.902395796428484,2.369854216874003
60,[2.23216983],9.969488045819187,1.2402027132582498
61,[2.03304886],9.436471701711152,1.4393236841161268
62,[4.68308437],11.368169677796221,1.553436246948972
63,[2.11204411],4.002167888720399,1.3603284350266813
64,[4.98289503],6.271149861473333,1.9532617866706556
65,[3.26017415],5.20541195897447,0.17397472856470975
66,[2.46168083],7.264075210955528,1.0106917128918012
67,[4.17138708],4.474346666322354,0.9928787536178416
68,[3.72570928],3.9643549723391773,0.547200954334365
69,[1.05236537],4.062980365910344,2.7305883333848158
