,0,1,2
0,[17.72735076],15.769386740590102,14.597702632182596
1,[15.85932658],12.635060247256645,12.68081825302732
2,[19.26465905],18.17972704983658,16.086150725292775
3,[15.90111705],13.798754036470253,12.72260873183372
4,[17.94350025],15.94939004574322,14.764991928484736
5,[15.6038745],13.12145530090549,12.574241255595059
6,[17.77349375],10.12625412456523,14.643845629318776
7,[15.41013089],12.57031800734239,12.380497642275365
8,[19.96352587],18.25565453279308,16.744184638523492
9,[16.26359631],12.031029168739545,13.233963059108705
10,[17.66480007],10.505318621350272,14.535151944486731
11,[19.46069549],15.046428919330822,16.331047364463338
12,[16.21046813],12.351063125147581,13.080820005475797
13,[17.0881037],15.042533428018453,13.95845557237191
14,[4.33972742],6.8145364058128495,1.1612190970579808
15,[1.43165121],5.08930990196013,2.002497671418303
16,[0.68849832],10.951776823048677,3.094455387751619
17,[0.25396801],6.300024544234164,3.180180865185689
18,[4.64145436],7.4076353923339955,1.611821110155622
19,[3.89975071],4.474346666322354,0.7212423890784261
20,[3.47237254],3.894848365389334,0.2938642222706602
21,[4.76719334],5.823247739209956,1.5886850148348457
22,[4.6597114],8.263792551400375,1.6300781480990314
23,[1.03699769],13.555821688014328,2.745956019978968
24,[1.11678491],7.217669080627905,2.355587632227598
25,[4.98759182],5.790166114862118,1.8090835025738552
26,[2.46031652],4.966398746292103,0.9738323529193793
27,[1.12887437],5.381773611865859,2.343498171567202
28,[4.93858081],5.766135298155978,1.8345100260441476
29,[3.78295371],8.396459018836913,0.6533055832310981
30,[2.91291495],7.242925640386169,0.559457589895473
31,[2.83013576],8.836205427506965,0.6422367871429624
32,[1.85921687],9.028075621680326,1.866492408078403
33,[2.26481781],4.842886211385175,1.1693310633286775
34,[4.08634153],4.747122099055708,1.0567082818460762
35,[0.51003263],7.621668161077855,3.0890082807381503
36,[4.58578232],7.382219826184013,1.4072740027906554
37,[0.21935594],8.531408502229343,3.408307188408641
38,[2.87274299],5.9083665822889255,0.5614058820581302
39,[0.90249493],5.884911485948771,2.5316539430638842
40,[3.17850832],4.5369287451462625,0.2938642222706602
41,[4.47071723],1.3826732743097547,1.4410839846500862
42,[3.2777997],9.283966968442389,0.06936180875082343
43,[1.27112435],11.40165454865063,2.454584924639419
44,[2.9828951],3.770025202981107,0.6161458136005833
45,[4.59938588],4.157610052647882,1.4697377539383147
46,[3.87270538],4.002167888720399,0.7186271546670593
47,[1.45497272],11.109481482029203,1.9982879856827513
48,[3.43414888],3.8163132879704422,0.2556405547218521
49,[2.16660696],4.601111987983058,1.2866537471664894
50,[1.50799186],9.343454552030295,1.9643806795046244
51,[1.78236061],3.9508922735160317,1.6900119378172536
52,[1.27059724],7.335240670066949,2.182663466233393
53,[0.09038608],11.379134486245835,3.69256763046248
54,[4.85792393],2.1274801352432036,1.7282758055845724
55,[2.91857027],4.056621487185058,0.8071390108197862
56,[0.31118075],10.98975726161289,3.1229681222552483
57,[3.12964812],7.199579006690958,0.46939278745127844
58,[3.02963325],8.551605455448007,0.4427392964889365
59,[1.38447727],9.902395796428484,2.369854216874003
60,[2.23216983],9.969488045819187,1.2402027132582498
61,[2.03304886],9.424406597892911,1.4393236841161268
62,[4.68308437],8.558949034296509,1.553436246948972
63,[2.11204411],3.9937541924908393,1.3603284350266813
64,[4.98289503],5.959585543444432,1.9532617866706556
65,[3.26017415],7.385833045837769,0.09580014204812048
66,[2.46168083],7.3074218446507375,1.0106917128918012
67,[4.17138708],4.474346666322354,0.9928787536178416
68,[3.72570928],3.9643549723391773,0.547200954334365
69,[1.05236537],6.8717302737916075,2.7305883333848158
