,0,1,2
0,[17.72735076],16.70846433975401,14.597702632182596
1,[15.85932658],10.103386649751275,12.68081825302732
2,[19.26465905],18.33302193113314,16.086150725292775
3,[15.90111705],13.798754036470253,12.72260873183372
4,[17.94350025],15.94939004574322,14.764991928484736
5,[15.6038745],13.12145530090549,12.574241255595059
6,[17.77349375],15.309256856987133,14.643845629318776
7,[15.41013089],12.881547822744176,12.380497642275365
8,[19.96352587],18.25565453279308,16.785017551602063
9,[16.26359631],12.031029168739545,13.233963059108705
10,[17.66480007],13.609712583349534,14.535151944486731
11,[19.46069549],14.737694616794482,16.331047364463338
12,[16.21046813],12.710242209142905,13.15419651855045
13,[17.0881037],15.042533428018453,13.95845557237191
14,[4.33972742],4.041935623239752,1.1612190970579808
15,[1.43165121],5.08930990196013,2.002497671418303
16,[0.68849832],10.87808583789891,3.094455387751619
17,[0.25396801],6.419185796477565,3.180180865185689
18,[4.64145436],5.189850278255827,1.611821110155622
19,[3.89975071],4.534902032842373,0.7212423890784261
20,[3.47237254],3.8948483653893335,0.2938642222706602
21,[4.76719334],5.823247739209956,1.5886850148348457
22,[4.6597114],8.263792551400375,1.6300781480990314
23,[1.03699769],10.493459103856097,2.590665439073132
24,[1.11678491],7.217669080627905,2.3364757984531943
25,[4.98759182],5.790166114862118,1.8090835025738552
26,[2.46031652],8.041269537829457,0.9738323529193793
27,[1.12887437],6.0583514193496,2.343498171567202
28,[4.93858081],3.6999040097544005,1.7600724889350094
29,[3.78295371],6.11532454314599,0.6533055832310981
30,[2.91291495],7.242925640386167,0.559457589895473
31,[2.83013576],8.836205427506965,0.6231249533685586
32,[1.85921687],6.431566264016499,1.866492408078403
33,[2.26481781],1.837897198851764,1.1693310633286775
34,[4.08634153],6.72542369264044,1.0567082818460762
35,[0.51003263],7.621668161077855,2.962339914706298
36,[4.58578232],7.382219826184013,1.4072740027906554
37,[0.21935594],8.351912843861577,3.2530166075028046
38,[2.87274299],6.03297977917678,0.5805177158325345
39,[0.90249493],5.884911485948772,2.5316539430638842
40,[3.17850832],4.244918032197714,0.2747523884962564
41,[4.47071723],1.3826732743097547,1.496615475783659
42,[3.2777997],7.058723108378279,0.017625555531531667
43,[1.27112435],11.748323495106778,2.454584924639419
44,[2.9828951],8.376595115466982,0.6161458136005833
45,[4.59938588],4.157610052647882,1.4697377539383147
46,[3.87270538],4.002167888720399,0.6941970550926766
47,[1.45497272],8.573317831423736,1.979176151908347
48,[3.43414888],3.922433204229198,0.2556405547218521
49,[2.16660696],4.601111987983058,1.267541913392085
50,[1.50799186],9.343454552030295,2.217717411568329
51,[1.78236061],4.125627593607069,1.6900119378172536
52,[1.27059724],7.918304238582013,2.1635516324589887
53,[0.09038608],11.379134486245835,3.69256763046248
54,[4.85792393],2.196025019527089,1.7282758055845724
55,[2.91857027],4.065484331888532,0.8071390108197862
56,[0.31118075],8.090264119521304,3.1420799560296526
57,[3.12964812],7.199579006690958,0.6246833683571147
58,[3.02963325],8.551605455448007,0.4427392964889365
59,[1.38447727],7.190670691842543,2.369854216874003
60,[2.23216983],9.969488045819187,1.2402027132582498
61,[2.03304886],9.424406597892911,1.4393236841161268
62,[4.68308437],6.6223273138821295,1.553436246948972
63,[2.11204411],3.9937541924908393,1.3603284350266813
64,[4.98289503],5.2304290035359795,1.9532617866706556
65,[3.26017415],7.034876009072008,0.17397472856470975
66,[2.46168083],7.5284648889658925,1.0106917128918012
67,[4.17138708],1.924421447308387,0.9928787536178416
68,[3.72570928],3.9643549723391773,0.547200954334365
69,[1.05236537],6.871730273791606,2.7305883333848158
