,0,1,2
0,[17.72735076],12.730906737129867,14.597702632182596
1,[15.85932658],12.635060247256645,12.68081825302732
2,[19.26465905],17.978385428523506,16.086150725292775
3,[15.90111705],13.355210554156589,12.72260873183372
4,[17.94350025],16.05988560397433,14.764991928484736
5,[15.6038745],12.20759023685331,12.574241255595059
6,[17.77349375],16.143867205034304,14.643845629318776
7,[15.41013089],13.011262139908215,12.380497642275365
8,[19.96352587],17.996288517526942,16.744184638523492
9,[16.26359631],15.193175364382318,13.233963059108705
10,[17.66480007],13.609712583349534,14.535151944486731
11,[19.46069549],14.737694616794482,16.331047364463338
12,[16.21046813],12.710242209142901,13.227573031625102
13,[17.0881037],15.736332910567972,13.934025472797527
14,[4.33972742],4.635259413084166,1.1612190970579808
15,[1.43165121],5.08930990196013,2.002497671418303
16,[0.68849832],10.87808583789891,2.7838742259399467
17,[0.25396801],6.419185796477565,3.180180865185689
18,[4.64145436],3.3603913673867267,1.5118062350861114
19,[3.89975071],4.534902032842373,0.7212423890784261
20,[3.47237254],4.415195205371051,0.34272442141942605
21,[4.76719334],5.834690287796045,1.5886850148348457
22,[4.6597114],5.792899905749918,1.6300781480990314
23,[1.03699769],10.937739811540366,2.745956019978968
24,[1.11678491],13.12532797281134,2.355587632227598
25,[4.98759182],3.3485569821301895,1.8090835025738552
26,[2.46031652],8.294695184652504,0.9738323529193793
27,[1.12887437],5.745688128596474,2.343498171567202
28,[4.93858081],3.6999040097544005,1.8345100260441476
29,[3.78295371],5.9504230654794465,0.6533055832310981
30,[2.91291495],7.541680610599026,0.559457589895473
31,[2.83013576],8.836205427506965,0.6040131195941543
32,[1.85921687],6.431566264016499,1.866492408078403
33,[2.26481781],1.837897198851764,1.1693310633286775
34,[4.08634153],6.168952308831666,1.0067008443113208
35,[0.51003263],5.143489975118305,2.962339914706298
36,[4.58578232],5.232135927348747,1.431704102365038
37,[0.21935594],8.770442931211152,3.379684973534657
38,[2.87274299],6.1077606592677585,0.5805177158325345
39,[0.90249493],5.884911485948772,2.5316539430638842
40,[3.17850832],4.244918032197715,0.2747523884962564
41,[4.47071723],1.988549846842437,1.4410839846500862
42,[3.2777997],9.859051404118173,0.06936180875082343
43,[1.27112435],14.297214639223068,2.454584924639419
44,[2.9828951],8.376595115466982,0.4894774475687309
45,[4.59938588],4.157610052647882,1.4697377539383147
46,[3.87270538],4.002167888720399,0.6941970550926766
47,[1.45497272],5.048255663038011,1.979176151908347
48,[3.43414888],3.9322354069569663,0.2556405547218521
49,[2.16660696],4.601111987983058,1.2866537471664894
50,[1.50799186],9.551567519020303,2.217717411568329
51,[1.78236061],4.125627593607069,1.6900119378172536
52,[1.27059724],7.944502201256779,2.1635516324589887
53,[0.09038608],8.51315692159423,3.6639454155884965
54,[4.85792393],5.03053961902512,1.7282758055845724
55,[2.91857027],4.065484331888532,0.8071390108197862
56,[0.31118075],8.090264119521304,3.1420799560296526
57,[3.12964812],7.199579006690958,0.6533055832310981
58,[3.02963325],8.551605455448007,0.4427392964889365
59,[1.38447727],6.79444210727616,2.341232002000019
60,[2.23216983],12.838718401068897,1.2402027132582498
61,[2.03304886],7.274322699057644,1.4393236841161268
62,[4.68308437],4.7334627741475375,1.603443684483727
63,[2.11204411],3.9937541924908393,1.3603284350266813
64,[4.98289503],5.2304290035359795,1.9532617866706556
65,[3.26017415],7.385833045837769,0.17397472856470975
66,[2.46168083],7.3074218446507375,1.0106917128918012
67,[4.17138708],1.9244214473083872,1.141753827836118
68,[3.72570928],3.9643549723391773,0.547200954334365
69,[1.05236537],7.492461077056842,2.7305883333848158
