,0,1,2
0,[17.72735076],15.527543491469782,14.597702632182596
1,[15.85932658],12.807623627358023,12.68081825302732
2,[19.26465905],15.263349117253654,16.086150725292775
3,[15.90111705],13.325811334004925,12.72260873183372
4,[17.94350025],16.05988560397433,14.764991928484736
5,[15.6038745],13.12145530090549,12.574241255595059
6,[17.77349375],12.818306728787382,14.619415529744392
7,[15.41013089],10.376824500130333,12.380497642275365
8,[19.96352587],17.99628851752694,16.785017551602063
9,[16.26359631],14.88884708777918,13.233963059108705
10,[17.66480007],13.609712583349534,14.535151944486731
11,[19.46069549],14.737694616794482,16.331047364463338
12,[16.21046813],12.710242209142903,13.227573031625102
13,[17.0881037],13.340118809023219,13.934025472797527
14,[4.33972742],4.635259413084166,1.1856491966323635
15,[1.43165121],5.297075921931447,2.002497671418303
16,[0.68849832],14.238681481081693,2.7838742259399467
17,[0.25396801],6.419185796477565,3.180180865185689
18,[4.64145436],3.3603913673867263,1.5118062350861114
19,[3.89975071],4.534902032842373,0.7212423890784261
20,[3.47237254],1.1325196133232105,0.34272442141942605
21,[4.76719334],5.834690287796045,1.5886850148348457
22,[4.6597114],5.792899905749918,1.530063273029521
23,[1.03699769],10.937739811540366,2.745956019978968
24,[1.11678491],10.682100465076735,2.355587632227598
25,[4.98759182],5.790166114862118,1.8090835025738552
26,[2.46031652],8.294695184652504,0.9738323529193793
27,[1.12887437],5.549452039483704,2.343498171567202
28,[4.93858081],3.8665373313723252,1.7600724889350094
29,[3.78295371],8.436101525347924,0.6533055832310981
30,[2.91291495],7.566674831802341,0.559457589895473
31,[2.83013576],8.836205427506965,0.6231249533685586
32,[1.85921687],6.431566264016499,1.866492408078403
33,[2.26481781],1.837897198851764,1.1693310633286775
34,[4.08634153],4.229399437910874,1.0067008443113208
35,[0.51003263],5.114090754966642,3.0890082807381503
36,[4.58578232],5.232135927348747,1.5061416394741762
37,[0.21935594],8.531408502229343,3.379684973534657
38,[2.87274299],6.032979779176781,0.5805177158325345
39,[0.90249493],5.884911485948772,2.5316539430638842
40,[3.17850832],4.244918032197714,0.2747523884962564
41,[4.47071723],1.988549846842437,1.496615475783659
42,[3.2777997],7.241872124698875,0.15634917303317808
43,[1.27112435],14.297214639223068,2.454584924639419
44,[2.9828951],5.989043446309696,0.4894774475687309
45,[4.59938588],4.157610052647882,1.4697377539383147
46,[3.87270538],4.002167888720399,0.6941970550926766
47,[1.45497272],5.048255663038011,1.979176151908347
48,[3.43414888],4.127877605999343,0.2556405547218521
49,[2.16660696],4.7249962251319415,1.3057655809408932
50,[1.50799186],12.544634526427886,1.9643806795046244
51,[1.78236061],6.760449168683161,1.6900119378172536
52,[1.27059724],4.376452307094757,2.1635516324589887
53,[0.09038608],8.348255443927687,3.6353232007145126
54,[4.85792393],5.769053145117615,1.7282758055845724
55,[2.91857027],4.065484331888532,0.8071390108197862
56,[0.31118075],8.090264119521304,3.1611917898040565
57,[3.12964812],7.234546918418078,0.6246833683571147
58,[3.02963325],8.551605455448007,0.4427392964889365
59,[1.38447727],6.855307432006777,2.2145636359681666
60,[2.23216983],12.838718401068897,1.2402027132582498
61,[2.03304886],7.274322699057644,1.4393236841161268
62,[4.68308437],7.003971614125781,1.6534511220184824
63,[2.11204411],3.9937541924908393,1.3603284350266813
64,[4.98289503],5.4876660486569975,1.9532617866706556
65,[3.26017415],9.73846866292179,0.17397472856470975
66,[2.46168083],7.3074218446507375,1.0106917128918012
67,[4.17138708],1.9244214473083872,1.165122903376015
68,[3.72570928],3.9643549723391773,0.547200954334365
69,[1.05236537],7.2995868467383005,2.4200071715731437
