,0,1,2
0,[17.72735076],12.197513434138,14.597702632182596
1,[15.85932658],12.807623627358026,12.68081825302732
2,[19.26465905],11.853410424722872,16.086150725292775
3,[15.90111705],11.430711838836114,12.72260873183372
4,[17.94350025],13.233653302937551,14.764991928484736
5,[15.6038745],11.030218936306301,12.524233818060303
6,[17.77349375],12.185518034717344,14.643845629318776
7,[15.41013089],12.316572809087923,12.280482767205855
8,[19.96352587],12.257177603740178,16.785017551602063
9,[16.26359631],12.412747559324107,13.133948184039195
10,[17.66480007],10.236190970514494,14.535151944486731
11,[19.46069549],11.481796804459346,16.331047364463338
12,[16.21046813],11.326140667939484,13.227573031625102
13,[17.0881037],7.960911971528526,13.909595373223144
14,[4.33972742],2.5157792411676665,1.2100792962067466
15,[1.43165121],5.039032817177246,2.002497671418303
16,[0.68849832],11.013687082092272,2.7838742259399467
17,[0.25396801],5.598345936762617,3.180180865185689
18,[4.64145436],4.180267601725171,1.5118062350861114
19,[3.89975071],1.1894832502717656,0.7212423890784261
20,[3.47237254],3.9574926472787704,0.34272442141942605
21,[4.76719334],4.322932738512858,1.5886850148348457
22,[4.6597114],6.144029219282509,1.580070710564276
23,[1.03699769],10.278222348355527,2.435374858167296
24,[1.11678491],7.521108127993874,2.355587632227598
25,[4.98759182],5.790166114862118,1.8090835025738552
26,[2.46031652],8.255505623925108,0.9738323529193793
27,[1.12887437],2.4933637387233327,2.343498171567202
28,[4.93858081],3.8665373313723252,1.7600724889350094
29,[3.78295371],5.851948732810927,0.6533055832310981
30,[2.91291495],7.601642743529462,0.559457589895473
31,[2.83013576],8.836205427506965,0.7689051531748148
32,[1.85921687],3.542059187681173,1.6131556760146983
33,[2.26481781],4.022046351670227,1.1693310633286775
34,[4.08634153],9.204289471197503,0.9566934067765658
35,[0.51003263],7.446932840986818,3.2156766467700026
36,[4.58578232],3.4106230186022066,1.4561342019394212
37,[0.21935594],11.54354754976988,3.2530166075028046
38,[2.87274299],6.03297977917678,0.5996295496069384
39,[0.90249493],2.812928151597627,2.5316539430638842
40,[3.17850832],7.175747408849547,0.17746596820526284
41,[4.47071723],3.8756779722010726,1.4410839846500862
42,[3.2777997],10.130505202466336,0.017625555531531667
43,[1.27112435],14.297214639223068,2.201248192575714
44,[2.9828951],6.059271756969638,0.4894774475687309
45,[4.59938588],4.157610052647882,1.4697377539383147
46,[3.87270538],6.619347168139695,0.6941970550926766
47,[1.45497272],4.739774999466513,1.9982879856827513
48,[3.43414888],1.5932291029854853,0.2556405547218521
49,[2.16660696],7.002718093651043,1.559102313004598
50,[1.50799186],9.036621262373568,1.9643806795046244
51,[1.78236061],7.2663312184218345,1.6900119378172536
52,[1.27059724],7.185224540094209,2.1635516324589887
53,[0.09038608],8.753813078189307,3.6353232007145126
54,[4.85792393],6.079740394507411,1.7282758055845724
55,[2.91857027],4.065484331888533,0.8071390108197862
56,[0.31118075],7.880299709263963,3.1611917898040565
57,[3.12964812],7.411640709513398,0.5960611534831308
58,[3.02963325],8.729509949471673,0.4427392964889365
59,[1.38447727],9.962357929358918,2.0878952699363142
60,[2.23216983],7.398955263194584,1.4935394453219546
61,[2.03304886],4.431250558945759,1.4393236841161268
62,[4.68308437],6.622566078637037,1.6534511220184824
63,[2.11204411],3.819018872399803,1.1657555944446951
64,[4.98289503],7.294203056221801,1.9532617866706556
65,[3.26017415],4.702475645060663,0.017625555531531667
66,[2.46168083],10.236190970514494,1.0106917128918012
67,[4.17138708],2.102714174233707,1.165122903376015
68,[3.72570928],3.9643549723391773,0.547200954334365
69,[1.05236537],7.627693955954354,2.4200071715731437
