,0,1,2
0,[17.72735076],12.197513434137997,14.597702632182596
1,[15.85932658],12.807623627358026,12.68081825302732
2,[19.26465905],11.853410424722872,16.086150725292775
3,[15.90111705],11.641702782146021,12.72260873183372
4,[17.94350025],13.661955430116876,14.764991928484736
5,[15.6038745],11.030218936306301,12.574241255595059
6,[17.77349375],12.65896124387277,14.643845629318776
7,[15.41013089],12.316572809087923,12.280482767205855
8,[19.96352587],12.257177603740177,16.785017551602063
9,[16.26359631],12.412747559324107,13.133948184039195
10,[17.66480007],10.236190970514494,14.535151944486731
11,[19.46069549],11.481796804459346,16.331047364463338
12,[16.21046813],11.326140667939484,13.227573031625102
13,[17.0881037],7.960911971528526,13.934025472797527
14,[4.33972742],4.4308244745347425,1.2100792962067466
15,[1.43165121],5.477039241463656,2.002497671418303
16,[0.68849832],11.013687082092272,2.7838742259399467
17,[0.25396801],5.598345936762617,3.199292698960093
18,[4.64145436],1.7168381184748078,1.5118062350861114
19,[3.89975071],1.1894832502717656,0.7701025882271919
20,[3.47237254],3.9574926472787704,0.34272442141942605
21,[4.76719334],4.322932738512859,1.5886850148348457
22,[4.6597114],8.104375172005742,1.580070710564276
23,[1.03699769],10.278222348355527,2.435374858167296
24,[1.11678491],7.521108127993874,2.355587632227598
25,[4.98759182],5.790166114862118,1.8090835025738552
26,[2.46031652],10.778982916483375,0.9738323529193793
27,[1.12887437],2.4933637387233327,2.343498171567202
28,[4.93858081],3.8665373313723252,1.7600724889350094
29,[3.78295371],4.072630962692938,0.6533055832310981
30,[2.91291495],7.093215631676827,0.559457589895473
31,[2.83013576],6.335741153420467,0.7689051531748148
32,[1.85921687],3.6836848664349118,1.6131556760146983
33,[2.26481781],4.322932738512858,1.1693310633286775
34,[4.08634153],7.3773341566504245,0.9566934067765658
35,[0.51003263],7.446932840986818,3.2156766467700026
36,[4.58578232],3.4106230186022066,1.4561342019394212
37,[0.21935594],11.863519345760842,3.2530166075028046
38,[2.87274299],6.03297977917678,0.5996295496069384
39,[0.90249493],2.812928151597627,2.5316539430638842
40,[3.17850832],4.242692774748901,0.17746596820526284
41,[4.47071723],4.276633994658687,1.4410839846500862
42,[3.2777997],10.130505202466338,0.017625555531531667
43,[1.27112435],14.297214639223068,2.201248192575714
44,[2.9828951],3.5737688725206986,0.4894774475687309
45,[4.59938588],4.157610052647882,1.4697377539383147
46,[3.87270538],6.619347168139695,0.6941970550926766
47,[1.45497272],4.739774999466513,1.979176151908347
48,[3.43414888],1.6700514798901502,0.2556405547218521
49,[2.16660696],4.7249962251319415,1.559102313004598
50,[1.50799186],9.663758638700992,1.9643806795046244
51,[1.78236061],7.2663312184218345,1.6900119378172536
52,[1.27059724],7.185224540094209,2.182663466233393
53,[0.09038608],8.753813078189307,3.6353232007145126
54,[4.85792393],6.07974039450741,1.7282758055845724
55,[2.91857027],4.065484331888532,0.8071390108197862
56,[0.31118075],7.880299709263963,3.1420799560296526
57,[3.12964812],7.411640709513398,0.5960611534831308
58,[3.02963325],8.729509949471673,0.4427392964889365
59,[1.38447727],9.96235792935892,2.0878952699363142
60,[2.23216983],7.398955263194584,1.4935394453219546
61,[2.03304886],4.422729111438555,1.4393236841161268
62,[4.68308437],8.641977245130636,1.553436246948972
63,[2.11204411],3.5174520670276666,1.243930180961284
64,[4.98289503],5.01776044041547,1.9532617866706556
65,[3.26017415],4.702475645060663,0.017625555531531667
66,[2.46168083],10.236190970514494,1.0106917128918012
67,[4.17138708],2.102714174233707,1.165122903376015
68,[3.72570928],3.9643549723391773,0.547200954334365
69,[1.05236537],4.379753569841023,2.4200071715731437
