,0,1,2
0,[17.72735076],16.318534906359012,14.671079145257249
1,[15.85932658],14.595298055244161,12.68081825302732
2,[19.26465905],18.000630527509614,16.086150725292775
3,[15.90111705],14.492301205158899,12.844845444057139
4,[17.94350025],16.67947173070157,14.764991928484736
5,[15.6038745],13.081555802774687,12.574241255595059
6,[17.77349375],16.00086990424247,14.643845629318776
7,[15.41013089],12.88781218945499,12.380497642275365
8,[19.96352587],18.7671646062832,16.959203834038213
9,[16.26359631],14.854780458215606,13.207324697113847
10,[17.66480007],15.89217621941043,14.535151944486731
11,[19.46069549],17.688071639387037,16.331047364463338
12,[16.21046813],14.437844280399498,13.080820005475797
13,[17.0881037],14.56578499462105,14.05847044744142
14,[4.33972742],9.086736520515663,1.1612190970579808
15,[1.43165121],6.0660039801329555,1.9155103071359487
16,[0.68849832],10.781022243534972,3.094455387751619
17,[0.25396801],7.243687173900341,3.0931935009033342
18,[4.64145436],8.671219970784385,1.585182748160764
19,[3.89975071],5.589157896727241,0.8954286715145772
20,[3.47237254],12.094596773113947,0.34272442141942605
21,[4.76719334],9.374465373892066,1.5886850148348457
22,[4.6597114],8.263792551400375,1.6300781480990314
23,[1.03699769],14.121510674886594,2.435374858167296
24,[1.11678491],11.481946789619679,2.31736396467879
25,[4.98759182],9.330385676344262,1.8090835025738552
26,[2.46031652],5.008478941139963,0.8868449886370247
27,[1.12887437],6.368780812733046,2.2182871397360393
28,[4.93858081],9.340187879072031,1.7600724889350094
29,[3.78295371],8.43914408936006,0.7533204583006086
30,[2.91291495],12.430271327051232,0.559457589895473
31,[2.83013576],8.89861778751575,0.7784155342743944
32,[1.85921687],9.822027901901638,1.895114622952387
33,[2.26481781],5.308020752877682,1.0823436990463229
34,[4.08634153],5.701112387856865,1.0567082818460762
35,[0.51003263],11.171212140593237,3.2442988616439865
36,[4.58578232],8.278578365618394,1.5561490770089317
37,[0.21935594],14.939152424222101,3.2530166075028046
38,[2.87274299],8.81064108498535,0.9102107114186104
39,[0.90249493],6.5951602517785375,2.44466657878153
40,[3.17850832],9.692202376859033,0.3232461680115195
41,[4.47071723],5.931737809539271,1.466395192867961
42,[3.2777997],9.672344100521297,0.15634917303317808
43,[1.27112435],6.226530833741558,2.0760371607445514
44,[2.9828951],9.629469449458085,0.800058609380403
45,[4.59938588],8.679633667013944,1.5197451914730697
46,[3.87270538],8.824969766953318,0.8164337673160951
47,[1.45497272],11.143758976849234,1.979176151908347
48,[3.43414888],5.309796796113297,0.17397472856470975
49,[2.16660696],10.432124738332972,1.267541913392085
50,[1.50799186],10.173252905391564,2.246339626442313
51,[1.78236061],9.898884163704194,1.9719708847549422
52,[1.27059724],11.328134457399875,2.1635516324589887
53,[0.09038608],11.379134486245833,3.69256763046248
54,[4.85792393],11.263265942614861,1.6794156064358066
55,[2.91857027],9.79763722927367,0.8071390108197862
56,[0.31118075],12.287550947196134,3.1229681222552483
57,[3.12964812],12.300231425965606,0.34272442141942605
58,[3.02963325],8.716506933114548,0.7533204583006086
59,[1.38447727],10.296767495823254,2.369854216874003
60,[2.23216983],12.926338529977548,1.2402027132582498
61,[2.03304886],9.436471701711152,1.7499048459277988
62,[4.68308437],11.368169677796221,1.553436246948972
63,[2.11204411],9.569200660913621,1.64228738196437
64,[4.98289503],6.239044490751613,1.9785729948885304
65,[3.26017415],4.999678895274686,0.021724351629401006
66,[2.46168083],12.70101180084903,1.0106917128918012
67,[4.17138708],5.75213971545089,1.1670650360539927
68,[3.72570928],8.85436898710498,0.5960611534831308
69,[1.05236537],10.41715518916817,2.57529775247898
