,0,1,2
0,[17.72735076],12.359815025904906,14.597702632182596
1,[15.85932658],13.147726509439455,12.729678452176087
2,[19.26465905],8.277951644192317,16.086150725292775
3,[15.90111705],11.641702782146021,12.771468930982486
4,[17.94350025],13.723433449131639,14.764991928484736
5,[15.6038745],11.279794604504431,12.524233818060303
6,[17.77349375],9.92517179930851,14.643845629318776
7,[15.41013089],9.97126686586871,12.280482767205855
8,[19.96352587],14.67821933589433,16.785017551602063
9,[16.26359631],12.412747559324107,13.133948184039195
10,[17.66480007],7.20149688206976,14.535151944486731
11,[19.46069549],11.497754249647286,16.331047364463338
12,[16.21046813],8.792561228795938,13.080820005475797
13,[17.0881037],12.846254412986198,13.909595373223144
14,[4.33972742],4.479041501125042,1.2100792962067466
15,[1.43165121],4.308950199483865,2.002497671418303
16,[0.68849832],11.01368708209227,2.7838742259399467
17,[0.25396801],5.598345936762617,3.199292698960093
18,[4.64145436],3.003198702939494,1.5118062350861114
19,[3.89975071],1.737705961192941,0.7456724886528088
20,[3.47237254],1.3426267993915488,0.34272442141942605
21,[4.76719334],4.342574908525539,1.6375452139836115
22,[4.6597114],4.637028397126784,1.580070710564276
23,[1.03699769],10.889060532148678,2.435374858167296
24,[1.11678491],7.759219423930657,2.31736396467879
25,[4.98759182],4.854585366925603,1.8090835025738552
26,[2.46031652],8.02437936873665,0.9738323529193793
27,[1.12887437],2.8222369858456533,2.4701665375990545
28,[4.93858081],3.8665373313723252,1.7845025885093921
29,[3.78295371],6.700408826317843,0.6533055832310981
30,[2.91291495],4.360594460067089,0.559457589895473
31,[2.83013576],6.14402921928251,0.8955735192066672
32,[1.85921687],6.688670863428944,1.6131556760146983
33,[2.26481781],4.376463525604564,1.1693310633286775
34,[4.08634153],7.213805806783322,0.9566934067765658
35,[0.51003263],8.455874557016847,3.2156766467700026
36,[4.58578232],5.6002653623411724,1.4072740027906554
37,[0.21935594],10.968463114094096,3.2530166075028046
38,[2.87274299],6.243902290886204,0.5614058820581302
39,[0.90249493],2.11199457930066,2.5316539430638842
40,[3.17850832],7.258334566255,0.2556405547218521
41,[4.47071723],3.8415456697098262,1.4410839846500862
42,[3.2777997],7.2056424287830705,0.06936180875082343
43,[1.27112435],4.2855812611638004,2.201248192575714
44,[2.9828951],6.90640238564058,0.4894774475687309
45,[4.59938588],6.229026573656745,1.5197451914730697
46,[3.87270538],6.565268688081288,0.6941970550926766
47,[1.45497272],8.002522616709566,2.017399819457155
48,[3.43414888],1.6700514798901502,0.2556405547218521
49,[2.16660696],4.367456710921065,1.559102313004598
50,[1.50799186],9.439318964140911,1.9643806795046244
51,[1.78236061],7.07780232360214,1.6900119378172536
52,[1.27059724],7.79606272388736,2.1635516324589887
53,[0.09038608],8.753813078189307,3.6353232007145126
54,[4.85792393],6.07974039450741,1.7282758055845724
55,[2.91857027],3.506897043036706,0.8071390108197862
56,[0.31118075],8.605445901264854,3.1229681222552483
57,[3.12964812],9.285678825737893,0.5960611534831308
58,[3.02963325],8.551605455448007,0.4427392964889365
59,[1.38447727],9.53383240335187,2.0878952699363142
60,[2.23216983],4.193038458482272,1.3668710792901022
61,[2.03304886],6.572813010273822,1.4393236841161268
62,[4.68308437],8.194442695855884,1.6534511220184824
63,[2.11204411],6.462098536025896,1.3412166012522775
64,[4.98289503],5.15930792812095,1.8532469116011452
65,[3.26017415],4.702475645060663,0.17397472856470975
66,[2.46168083],10.685442105795644,1.0106917128918012
67,[4.17138708],4.759579637209022,1.141753827836118
68,[3.72570928],3.8244279391969527,0.547200954334365
69,[1.05236537],4.6192658860656355,2.4200071715731437
