,0,1,2
0,[17.72735076],15.329565362132147,14.597702632182596
1,[15.85932658],13.179831880161174,12.729678452176087
2,[19.26465905],14.892453320815179,16.086150725292775
3,[15.90111705],11.01282015175081,12.771468930982486
4,[17.94350025],13.295131321952312,14.764991928484736
5,[15.6038745],13.754682346775159,12.574241255595059
6,[17.77349375],7.245642650578818,14.643845629318776
7,[15.41013089],12.316572809087921,12.280482767205855
8,[19.96352587],14.67821933589433,16.785017551602063
9,[16.26359631],12.53480536558612,13.233963059108705
10,[17.66480007],10.356246037280261,14.535151944486731
11,[19.46069549],15.20370184883853,16.331047364463338
12,[16.21046813],8.389998449947027,13.080820005475797
13,[17.0881037],12.846254412986198,13.909595373223144
14,[4.33972742],5.004872194488155,1.2100792962067466
15,[1.43165121],4.308950199483865,2.002497671418303
16,[0.68849832],10.913121004834773,2.764762392165543
17,[0.25396801],5.3996072444229695,3.199292698960093
18,[4.64145436],3.003198702939494,1.4873761355117283
19,[3.89975071],1.2977239977886241,0.7456724886528088
20,[3.47237254],1.4325886443033493,0.34272442141942605
21,[4.76719334],4.342574908525539,1.5886850148348457
22,[4.6597114],6.55093580333629,1.530063273029521
23,[1.03699769],7.566573593220587,2.435374858167296
24,[1.11678491],7.759219423930657,2.3364757984531943
25,[4.98759182],5.31805815986136,1.8090835025738552
26,[2.46031652],8.024379368736652,0.9738323529193793
27,[1.12887437],2.8222369858456533,2.343498171567202
28,[4.93858081],3.224576700845566,1.7600724889350094
29,[3.78295371],6.715710626319032,0.6533055832310981
30,[2.91291495],7.19907996468055,0.559457589895473
31,[2.83013576],3.943131493965062,0.8955735192066672
32,[1.85921687],6.842987343190545,1.6131556760146983
33,[2.26481781],4.376463525604564,1.1693310633286775
34,[4.08634153],9.804044378041947,0.9566934067765658
35,[0.51003263],6.131446167226231,3.2156766467700026
36,[4.58578232],3.770075844743232,1.4072740027906554
37,[0.21935594],14.823468625148365,3.2530166075028046
38,[2.87274299],6.243902290886204,0.5614058820581302
39,[0.90249493],5.417869978676703,2.5316539430638842
40,[3.17850832],7.11744105781897,0.2556405547218521
41,[4.47071723],4.303345615293734,1.4410839846500862
42,[3.2777997],4.090735742872175,0.15634917303317808
43,[1.27112435],7.129495822222881,2.201248192575714
44,[2.9828951],6.952470475821807,0.4894774475687309
45,[4.59938588],3.9480550225130235,1.4697377539383147
46,[3.87270538],6.711267734832466,0.6941970550926766
47,[1.45497272],7.976589037481955,2.017399819457155
48,[3.43414888],1.5408251415310796,0.2556405547218521
49,[2.16660696],7.061023795471693,1.559102313004598
50,[1.50799186],9.439318964140913,1.9643806795046244
51,[1.78236061],9.836221261651197,1.6900119378172536
52,[1.27059724],7.8994376423157675,2.1635516324589887
53,[0.09038608],8.753813078189308,3.6353232007145126
54,[4.85792393],4.733282410460001,1.7282758055845724
55,[2.91857027],5.933363280310389,0.8071390108197862
56,[0.31118075],8.605445901264854,3.1420799560296526
57,[3.12964812],9.445746273391881,0.5960611534831308
58,[3.02963325],8.551605455448007,0.4427392964889365
59,[1.38447727],7.187886407708694,2.0878952699363142
60,[2.23216983],4.238185159917242,1.4935394453219546
61,[2.03304886],4.346181556084827,1.4393236841161268
62,[4.68308437],8.194442695855884,1.6534511220184824
63,[2.11204411],6.102679773758438,1.3412166012522775
64,[4.98289503],5.15930792812095,1.9032543491359002
65,[3.26017415],4.808530969833603,0.17397472856470975
66,[2.46168083],10.518466584351106,1.0106917128918012
67,[4.17138708],4.708459056882845,1.1884919789159123
68,[3.72570928],3.8244279391969527,0.5716310539087477
69,[1.05236537],4.058271422505434,2.4200071715731437
