,0,1,2
0,[17.72735076],15.746716156062224,14.697717507252106
1,[15.85932658],14.075180780543144,12.68081825302732
2,[19.26465905],17.4805132528086,16.086150725292775
3,[15.90111705],13.92048245486211,12.871483806051996
4,[17.94350025],16.15935445600056,14.764991928484736
5,[15.6038745],10.506159709781539,12.574241255595059
6,[17.77349375],15.510686996484916,14.643845629318776
7,[15.41013089],10.389913541789724,12.380497642275365
8,[19.96352587],18.44017802674615,16.785017551602063
9,[16.26359631],14.282961707918819,13.233963059108705
10,[17.66480007],15.40199331165287,14.535151944486731
11,[19.46069549],17.19788873162948,16.331047364463338
12,[16.21046813],13.947661372641937,13.080820005475797
13,[17.0881037],11.732291785922568,14.05847044744142
14,[4.33972742],9.089256114744334,1.235656634167119
15,[1.43165121],5.693727413460779,2.002497671418303
16,[0.68849832],10.781022243534972,2.939164806845783
17,[0.25396801],6.635873968474688,3.180180865185689
18,[4.64145436],8.671219970784385,1.611821110155622
19,[3.89975071],5.589157896727241,0.7212423890784261
20,[3.47237254],11.692033994265037,0.34272442141942605
21,[4.76719334],9.374465373892066,1.5886850148348457
22,[4.6597114],8.263792551400375,1.6300781480990314
23,[1.03699769],14.121510674886594,2.435374858167296
24,[1.11678491],11.481946789619679,2.7701532358468546
25,[4.98759182],9.330385676344262,1.8090835025738552
26,[2.46031652],4.948612909777169,0.9738323529193793
27,[1.12887437],5.875393513020835,2.305274504018394
28,[4.93858081],9.340187879072031,1.7600724889350094
29,[3.78295371],8.489281740100285,0.7533204583006086
30,[2.91291495],12.430271327051232,0.559457589895473
31,[2.83013576],8.89861778751575,0.6422367871429624
32,[1.85921687],9.689167047872616,1.866492408078403
33,[2.26481781],5.308020752877682,1.1693310633286775
34,[4.08634153],5.701112387856865,0.9414378316583667
35,[0.51003263],10.768514438825894,3.2156766467700026
36,[4.58578232],8.278578365618394,1.5561490770089317
37,[0.21935594],14.939152424222101,3.2530166075028046
38,[2.87274299],8.81064108498535,0.9102107114186104
39,[0.90249493],6.01122117644813,2.5316539430638842
40,[3.17850832],9.692202376859033,0.2938642222706602
41,[4.47071723],5.931737809539271,1.4410839846500862
42,[3.2777997],9.462379690263958,0.02852889567225203
43,[1.27112435],14.332596362501203,2.1630245250269056
44,[2.9828951],9.629469449458085,0.800058609380403
45,[4.59938588],11.917422586082031,1.4697377539383147
46,[3.87270538],8.745393100529508,0.7430572542414424
47,[1.45497272],11.143758976849234,2.4319654230764116
48,[3.43414888],5.309796796113297,0.17397472856470975
49,[2.16660696],10.432124738332972,1.1893673268754958
50,[1.50799186],9.899902049966572,2.217717411568329
51,[1.78236061],9.898884163704194,2.000593099628926
52,[1.27059724],11.328134457399875,2.6163409036270533
53,[0.09038608],11.379134486245833,3.69256763046248
54,[4.85792393],11.263265942614861,1.7038457060101893
55,[2.91857027],9.79763722927367,0.66135881101353
56,[0.31118075],12.287550947196134,3.575757393423313
57,[3.12964812],12.300231425965606,0.34272442141942605
58,[3.02963325],8.716506933114548,0.7533204583006086
59,[1.38447727],9.974010804225586,2.341232002000019
60,[2.23216983],12.684196164871636,1.2402027132582498
61,[2.03304886],9.436471701711152,1.7499048459277988
62,[4.68308437],11.368169677796221,1.553436246948972
63,[2.11204411],9.537470703279805,1.613665167090386
64,[4.98289503],6.239044490751613,1.8043867124523794
65,[3.26017415],4.999678895274686,0.17397472856470975
66,[2.46168083],12.70101180084903,1.0106917128918012
67,[4.17138708],5.75213971545089,0.9928787536178416
68,[3.72570928],11.684898829764158,0.5716310539087477
69,[1.05236537],10.41715518916817,2.4200071715731437
