,0,1,2
0,[17.72735076],10.51895981037173,14.697717507252106
1,[15.85932658],14.075180780543144,12.68081825302732
2,[19.26465905],17.4805132528086,16.086150725292775
3,[15.90111705],11.089650349573578,12.821476368517242
4,[17.94350025],16.15935445600056,14.764991928484736
5,[15.6038745],10.506159709781539,12.524233818060303
6,[17.77349375],10.12625412456523,14.643845629318776
7,[15.41013089],10.389913541789724,12.33049020474061
8,[19.96352587],18.385850753838266,16.744184638523492
9,[16.26359631],11.379633752018943,13.18395562157395
10,[17.66480007],10.061037913666002,14.535151944486731
11,[19.46069549],11.497754249647286,16.331047364463338
12,[16.21046813],9.501043875028037,13.080820005475797
13,[17.0881037],11.732291785922568,14.008463009906666
14,[4.33972742],6.463961864424394,1.1612190970579808
15,[1.43165121],4.656245367325173,2.002497671418303
16,[0.68849832],10.783742953934752,2.939164806845783
17,[0.25396801],5.265618680640812,3.180180865185689
18,[4.64145436],6.535219823017424,1.611821110155622
19,[3.89975071],5.589157896727241,0.7212423890784261
20,[3.47237254],4.036845268650916,0.3182943218450429
21,[4.76719334],9.306827811337977,1.5886850148348457
22,[4.6597114],8.263792551400375,1.580070710564276
23,[1.03699769],14.121510674886594,2.435374858167296
24,[1.11678491],10.135309525294382,2.31736396467879
25,[4.98759182],9.330385676344262,1.7274176764167128
26,[2.46031652],5.1138463860713,0.9738323529193793
27,[1.12887437],4.656245367325173,2.305274504018394
28,[4.93858081],4.075276494530061,1.7600724889350094
29,[3.78295371],8.107113454376568,0.6533055832310981
30,[2.91291495],11.981806348129032,0.559457589895473
31,[2.83013576],8.836205427506965,0.7689051531748148
32,[1.85921687],9.202964550634324,1.866492408078403
33,[2.26481781],4.82955621347089,1.1693310633286775
34,[4.08634153],5.583454535031629,1.0567082818460762
35,[0.51003263],10.69826943812791,3.2442988616439865
36,[4.58578232],8.278578365618394,1.5061416394741762
37,[0.21935594],14.939152424222101,3.2530166075028046
38,[2.87274299],8.81064108498535,0.7262979156387908
39,[0.90249493],4.74679714294337,2.5316539430638842
40,[3.17850832],9.692202376859033,0.2747523884962564
41,[4.47071723],7.975251308634023,1.4410839846500862
42,[3.2777997],1.180584624406765,0.06936180875082343
43,[1.27112435],5.3291812926531685,2.3088047248331627
44,[2.9828951],14.41086170533345,0.800058609380403
45,[4.59938588],8.88133785753856,1.5697526290078252
46,[3.87270538],6.12821382111021,0.7430572542414424
47,[1.45497272],10.631716056146512,1.979176151908347
48,[3.43414888],7.8111675365822135,0.17397472856470975
49,[2.16660696],10.39784724351294,1.267541913392085
50,[1.50799186],9.89990204996657,2.246339626442313
51,[1.78236061],6.9643517293659185,1.9433486698809583
52,[1.27059724],10.073784592406462,2.1635516324589887
53,[0.09038608],11.379134486245833,3.6639454155884965
54,[4.85792393],6.51351621206322,1.6794156064358066
55,[2.91857027],7.260399528052107,0.8071390108197862
56,[0.31118075],10.779792851355548,3.1229681222552483
57,[3.12964812],12.300231425965606,0.46939278745127844
58,[3.02963325],8.716506933114548,0.7533204583006086
59,[1.38447727],9.974010804225586,2.341232002000019
60,[2.23216983],12.926338529977548,1.2402027132582498
61,[2.03304886],9.436471701711152,1.7212826310538154
62,[4.68308437],11.368169677796221,1.553436246948972
63,[2.11204411],6.535219823017423,1.4869968010585337
64,[4.98289503],6.239044490751613,1.9343557406950902
65,[3.26017415],5.20541195897447,0.17397472856470975
66,[2.46168083],12.342793646526093,1.0106917128918012
67,[4.17138708],5.75213971545089,0.9520458405392702
68,[3.72570928],5.277358573298244,0.5716310539087477
69,[1.05236537],10.41715518916817,2.57529775247898
