,0,1,2
0,[17.72735076],10.51895981037173,14.597702632182596
1,[15.85932658],14.075180780543144,12.68081825302732
2,[19.26465905],17.4805132528086,16.086150725292775
3,[15.90111705],11.595532399312251,12.771468930982486
4,[17.94350025],16.15935445600056,14.764991928484736
5,[15.6038745],12.764061620662085,12.574241255595059
6,[17.77349375],10.12625412456523,14.643845629318776
7,[15.41013089],10.389913541789722,12.380497642275365
8,[19.96352587],18.385850753838266,16.70335172544492
9,[16.26359631],12.031029168739543,13.233963059108705
10,[17.66480007],10.061037913666002,14.535151944486731
11,[19.46069549],11.49775424964729,16.331047364463338
12,[16.21046813],11.984098409722368,13.080820005475797
13,[17.0881037],11.732291785922568,13.95845557237191
14,[4.33972742],8.658139694870906,1.1612190970579808
15,[1.43165121],4.656245367325173,2.002497671418303
16,[0.68849832],16.357022610331196,2.7838742259399467
17,[0.25396801],5.265618680640812,3.180180865185689
18,[4.64145436],6.535219823017424,1.611821110155622
19,[3.89975071],5.1498652684801485,0.7212423890784261
20,[3.47237254],3.699404921622004,0.2938642222706602
21,[4.76719334],9.306827811337977,1.5886850148348457
22,[4.6597114],8.263792551400375,1.6300781480990314
23,[1.03699769],14.121510674886594,2.590665439073132
24,[1.11678491],10.135309525294382,2.31736396467879
25,[4.98759182],7.674823980092225,1.7682505894952838
26,[2.46031652],4.977365339408012,0.9738323529193793
27,[1.12887437],5.381773611865859,2.305274504018394
28,[4.93858081],5.562704030124222,1.7600724889350094
29,[3.78295371],3.407914926709322,0.7033130207658531
30,[2.91291495],9.676329596423667,0.559457589895473
31,[2.83013576],8.836205427506965,0.6231249533685586
32,[1.85921687],9.227667468720663,1.866492408078403
33,[2.26481781],4.723724959141775,1.1693310633286775
34,[4.08634153],4.95101464456912,1.0567082818460762
35,[0.51003263],10.69826943812791,3.2156766467700026
36,[4.58578232],8.278578365618396,1.4561342019394212
37,[0.21935594],14.939152424222101,3.2530166075028046
38,[2.87274299],8.81064108498535,0.5805177158325345
39,[0.90249493],5.300972410618362,2.5316539430638842
40,[3.17850832],9.624564814304943,0.2938642222706602
41,[4.47071723],6.637592228142694,1.4410839846500862
42,[3.2777997],6.723324938873489,0.017625555531531667
43,[1.27112435],5.3291812926531685,2.1630245250269056
44,[2.9828951],12.175613264288028,0.800058609380403
45,[4.59938588],5.016643520363682,1.5697526290078252
46,[3.87270538],6.12821382111021,0.7430572542414424
47,[1.45497272],10.631716056146512,1.9982879856827513
48,[3.43414888],4.842886211385175,0.2556405547218521
49,[2.16660696],4.704486906411468,1.3057655809408932
50,[1.50799186],9.89990204996657,2.217717411568329
51,[1.78236061],4.134041289836628,1.816680303849106
52,[1.27059724],10.073784592406462,2.201775300007797
53,[0.09038608],11.379134486245835,3.69256763046248
54,[4.85792393],3.9987854885065195,1.6794156064358066
55,[2.91857027],1.660456440880545,0.8071390108197862
56,[0.31118075],10.77979285135555,3.1611917898040565
57,[3.12964812],12.300231425965602,0.34272442141942605
58,[3.02963325],8.848451293817279,0.7533204583006086
59,[1.38447727],9.89406979405591,2.369854216874003
60,[2.23216983],12.675190051201795,1.2402027132582498
61,[2.03304886],9.436471701711152,1.6926604161798315
62,[4.68308437],11.368169677796221,1.553436246948972
63,[2.11204411],6.535219823017423,1.3603284350266813
64,[4.98289503],6.2390444907516125,1.9532617866706556
65,[3.26017415],5.20541195897447,0.17397472856470975
66,[2.46168083],10.04150116605866,1.0106917128918012
67,[4.17138708],5.75213971545089,0.9520458405392702
68,[3.72570928],7.017100013512845,0.547200954334365
69,[1.05236537],12.256584036901774,2.7305883333848158
