,0,1,2
0,[17.72735076],10.51895981037173,14.597702632182596
1,[15.85932658],13.368656960591073,12.68081825302732
2,[19.26465905],17.4805132528086,16.086150725292775
3,[15.90111705],11.61090365167276,12.72260873183372
4,[17.94350025],16.15935445600056,14.764991928484736
5,[15.6038745],12.764061620662085,12.574241255595059
6,[17.77349375],10.12625412456523,14.643845629318776
7,[15.41013089],10.389913541789722,12.380497642275365
8,[19.96352587],18.965903298622845,16.744184638523492
9,[16.26359631],12.031029168739545,13.233963059108705
10,[17.66480007],13.12148262244543,14.535151944486731
11,[19.46069549],14.558198958426715,16.331047364463338
12,[16.21046813],11.984098409722368,13.080820005475797
13,[17.0881037],14.248290812508447,13.95845557237191
14,[4.33972742],4.635259413084166,1.1612190970579808
15,[1.43165121],5.08930990196013,2.002497671418303
16,[0.68849832],10.951776823048677,2.939164806845783
17,[0.25396801],5.265618680640812,3.180180865185689
18,[4.64145436],6.535219823017424,1.611821110155622
19,[3.89975071],5.08930990196013,0.7212423890784261
20,[3.47237254],3.9375897143219127,0.2938642222706602
21,[4.76719334],5.594489345140576,1.5886850148348457
22,[4.6597114],8.263792551400375,1.6300781480990314
23,[1.03699769],13.555821688014325,2.745956019978968
24,[1.11678491],10.135309525294382,2.31736396467879
25,[4.98759182],7.674823980092225,1.8090835025738552
26,[2.46031652],4.667616107861906,0.9738323529193793
27,[1.12887437],5.381773611865859,2.305274504018394
28,[4.93858081],5.766135298155978,1.8345100260441476
29,[3.78295371],6.050994590335416,0.6533055832310981
30,[2.91291495],9.676329596423667,0.559457589895473
31,[2.83013576],8.836205427506965,0.6422367871429624
32,[1.85921687],9.227667468720663,1.866492408078403
33,[2.26481781],4.842886211385175,1.1693310633286775
34,[4.08634153],4.660216037696799,1.0567082818460762
35,[0.51003263],10.192387388389237,3.2156766467700026
36,[4.58578232],8.278578365618396,1.4072740027906554
37,[0.21935594],14.209935087482734,3.2530166075028046
38,[2.87274299],8.407322713860394,0.5805177158325345
39,[0.90249493],5.300972410618362,2.5316539430638842
40,[3.17850832],9.109872145252398,0.2938642222706602
41,[4.47071723],4.594078729047942,1.4410839846500862
42,[3.2777997],4.045800271678319,0.017625555531531667
43,[1.27112435],5.997809545597259,2.3088047248331627
44,[2.9828951],12.105384953628086,0.800058609380403
45,[4.59938588],4.37638251027242,1.4697377539383147
46,[3.87270538],4.002167888720399,0.7430572542414424
47,[1.45497272],10.747664781514432,1.9982879856827513
48,[3.43414888],4.022046351670227,0.2556405547218521
49,[2.16660696],4.704486906411468,1.3057655809408932
50,[1.50799186],9.89990204996657,2.217717411568329
51,[1.78236061],4.134041289836628,1.6900119378172536
52,[1.27059724],10.073784592406462,2.201775300007797
53,[0.09038608],11.379134486245835,3.69256763046248
54,[4.85792393],3.9987854885065195,1.6794156064358066
55,[2.91857027],4.257615761520896,0.8071390108197862
56,[0.31118075],10.77979285135555,3.1611917898040565
57,[3.12964812],7.3074218446507375,0.46939278745127844
58,[3.02963325],8.716506933114548,0.7533204583006086
59,[1.38447727],9.89406979405591,2.3984764317479863
60,[2.23216983],12.675190051201795,1.2402027132582498
61,[2.03304886],9.436471701711152,1.4393236841161268
62,[4.68308437],11.368169677796221,1.603443684483727
63,[2.11204411],6.480346074679948,1.3603284350266813
64,[4.98289503],6.2390444907516125,1.9032543491359002
65,[3.26017415],5.20541195897447,0.17397472856470975
66,[2.46168083],7.3074218446507375,1.0106917128918012
67,[4.17138708],5.197964447775897,0.9520458405392702
68,[3.72570928],4.041056803871743,0.547200954334365
69,[1.05236537],12.256584036901774,2.7305883333848158
