,0,1,2
0,[0.03654815],0.5431193433015354,[0.5065712]
1,[0.6639209],0.3545531773458642,[0.30936772]
2,[0.74955169],0.353154690344254,[0.396397]
3,[0.70409161],0.44033276627229395,[0.26375884]
4,[0.0859596],0.5431193433015354,[0.45715975]
5,[0.10916051],0.5555437128151857,[0.44638321]
6,[0.34253281],0.5431193433015354,[0.20058653]
7,[0.16986801],0.5679190032464768,[0.39805099]
8,[0.82244724],0.3425328112408421,[0.47991443]
9,[0.35455318],0.4897704466709899,[0.13521727]
10,[0.08961232],0.4897704466709899,[0.40015813]
11,[0.21994561],0.4264168392866181,[0.20647123]
12,[0.58820296],0.3545531773458642,[0.23364979]
13,[0.06943615],0.4897704466709899,[0.4203343]
14,[0.73102867],0.5179458345081936,[0.21308284]
15,[0.18611628],0.5431193433015354,[0.35700306]
16,[0.21724166],0.5679190032464768,[0.35067735]
17,[0.1376427],0.4897704466709899,[0.35212775]
18,[0.3029807],0.4264168392866181,[0.12343614]
19,[0.95060013],0.3425328112408421,[0.60806732]
20,[0.20856324],0.5555437128151857,[0.34698047]
21,[0.69424335],0.3545531773458642,[0.33969018]
22,[0.50705217],0.5011996025830288,[0.00585256]
23,[0.27794061],0.5679190032464768,[0.28997839]
24,[0.63010642],0.44033276627229395,[0.18977365]
25,[0.22372113],0.5555437128151857,[0.33182258]
26,[0.19158082],0.4264168392866181,[0.23483602]
27,[0.77835854],0.5179458345081936,[0.2604127]
28,[0.48977045],0.3545531773458642,[0.13521727]
29,[0.72689674],0.3425328112408421,[0.38436392]
30,[0.89370008],0.3545531773458642,[0.5391469]
31,[0.54311934],0.3425328112408421,[0.20058653]
32,[0.88476601],0.353154690344254,[0.53161132]
33,[0.6352352],0.353154690344254,[0.28208051]
34,[0.879516],0.3425328112408421,[0.53698319]
35,[0.59828013],0.3545531773458642,[0.24372695]
36,[0.0290208],0.5555437128151857,[0.52652291]
37,[0.17806103],0.5679190032464768,[0.38985797]
38,[0.29446455],0.4897704466709899,[0.1953059]
39,[0.36750874],0.5679190032464768,[0.20041026]
40,[0.23962592],0.5431193433015354,[0.30349343]
41,[0.23232376],0.4264168392866181,[0.19409308]
42,[0.09106335],0.4264168392866181,[0.33535349]
43,[0.98933935],0.5179458345081936,[0.47139352]
44,[0.19218205],0.5431193433015354,[0.3509373]
45,[0.37361337],0.5679190032464768,[0.19430564]
46,[0.5945112],0.353154690344254,[0.24135651]
47,[0.11422427],0.4897704466709899,[0.37554618]
48,[0.16878565],0.5555437128151857,[0.38675806]
49,[0.03932153],0.5555437128151857,[0.51622218]
50,[0.66411591],0.3545531773458642,[0.30956273]
51,[0.88784317],0.3425328112408421,[0.54531036]
52,[0.82762262],0.3425328112408421,[0.4850898]
53,[0.51702458],0.5555437128151857,[0.03851913]
54,[0.449505],0.353154690344254,[0.09635031]
55,[0.27004558],0.4264168392866181,[0.15637126]
56,[0.72394249],0.5179458345081936,[0.20599665]
57,[0.58887614],0.3545531773458642,[0.23432297]
58,[0.62878584],0.44033276627229395,[0.18845307]
59,[0.69969884],0.5179458345081936,[0.181753]
60,[0.88234741],0.44033276627229395,[0.44201464]
61,[0.22811491],0.5431193433015354,[0.31500443]
62,[0.72971146],0.353154690344254,[0.37655677]
63,[0.362619],0.5679190032464768,[0.20530001]
64,[0.80556424],0.3425328112408421,[0.46303143]
65,[0.40332868],0.37624284946796055,[0.02708583]
66,[0.09279142],0.4897704466709899,[0.39697902]
67,[0.09411432],0.5431193433015354,[0.44900503]
68,[0.01239618],0.5431193433015354,[0.53072317]
69,[0.69494818],0.353154690344254,[0.34179349]
70,[0.59222034],0.5179458345081936,[0.0742745]
71,[0.70310538],0.44033276627229395,[0.26277261]
72,[0.35454605],0.5679190032464768,[0.21337295]
73,[0.24177928],0.5679190032464768,[0.32613972]
74,[0.45280853],0.353154690344254,[0.09965384]
75,[0.65415038],0.5179458345081936,[0.13620454]
76,[0.27208343],0.4897704466709899,[0.21768702]
77,[0.01750319],0.4264168392866181,[0.40891365]
78,[0.78364222],0.3425328112408421,[0.44110941]
79,[0.85995897],0.3545531773458642,[0.5054058]
80,[0.20251792],0.4264168392866181,[0.22389891]
81,[0.28785],0.5555437128151857,[0.26769371]
82,[0.78711542],0.44033276627229395,[0.34678265]
83,[0.75773429],0.44033276627229395,[0.31740153]
84,[0.28539804],0.5555437128151857,[0.27014567]
85,[0.5540058],0.3545531773458642,[0.19945262]
86,[0.91270008],0.3425328112408421,[0.57016727]
87,[0.51886709],0.5546224571592835,[0.03575537]
88,[0.7747141],0.5179458345081936,[0.25676826]
89,[0.79344537],0.44033276627229395,[0.3531126]
90,[0.10007475],0.4897704466709899,[0.3896957]
91,[0.93838526],0.5179458345081936,[0.42043942]
92,[0.17716239],0.4897704466709899,[0.31260806]
93,[0.04990503],0.4264168392866181,[0.37651181]
94,[0.98574065],0.44033276627229395,[0.54540789]
95,[0.22384869],0.5431193433015354,[0.31927065]
96,[0.64245786],0.353154690344254,[0.28930317]
