,0,1,2
0,[0.03654815],0.5431193433015354,[0.5065712]
1,[0.6639209],0.29872262289694396,[0.36519827]
2,[0.74955169],0.4264168392866181,[0.32313485]
3,[0.70409161],0.47993034871889045,[0.22416126]
4,[0.0859596],0.5431193433015354,[0.45715975]
5,[0.10916051],0.36750873951755736,[0.25834823]
6,[0.91440612],0.29446454526829147,[0.61994158]
7,[0.34253281],0.5431193433015354,[0.20058653]
8,[0.16986801],0.5679190032464768,[0.39805099]
9,[0.82244724],0.5431193433015354,[0.2793279]
10,[0.35455318],0.4897704466709899,[0.13521727]
11,[0.08961232],0.3585860865585884,[0.26897377]
12,[0.21994561],0.44950499841032465,[0.22955939]
13,[0.58820296],0.3545531773458642,[0.23364979]
14,[0.24174004],0.5933657700873344,[0.35162573]
15,[0.06943615],0.4897704466709899,[0.4203343]
16,[0.73102867],0.5170245788522915,[0.21400409]
17,[0.18611628],0.35257590350607737,[0.16645962]
18,[0.21724166],0.5679190032464768,[0.35067735]
19,[0.1376427],0.507052166935742,[0.36940947]
20,[0.3029807],0.3626189957713126,[0.0596383]
21,[0.95060013],0.3425328112408421,[0.60806732]
22,[0.20856324],0.5555437128151857,[0.34698047]
23,[0.69424335],0.3789409287543879,[0.31530243]
24,[0.50705217],0.5407971850296254,[0.03374502]
25,[0.27794061],0.5679190032464768,[0.28997839]
26,[0.63010642],0.47993034871889045,[0.15017607]
27,[0.22372113],0.5922203354662754,[0.3684992]
28,[0.19158082],0.45280853050203895,[0.26122771]
29,[0.77835854],0.5364364434967704,[0.24192209]
30,[0.48977045],0.29872262289694396,[0.19104782]
31,[0.72689674],0.3425328112408421,[0.38436392]
32,[0.89370008],0.3545531773458642,[0.5391469]
33,[0.54311934],0.3425328112408421,[0.20058653]
34,[0.88476601],0.40332868016291157,[0.48143733]
35,[0.6352352],0.40332868016291157,[0.23190652]
36,[0.879516],0.3425328112408421,[0.53698319]
37,[0.59828013],0.29872262289694396,[0.29955751]
38,[0.0290208],0.5922203354662754,[0.56319953]
39,[0.17806103],0.36750873951755736,[0.18944771]
40,[0.29446455],0.3585860865585884,[0.06412154]
41,[0.36750874],0.3626189957713126,[0.00488974]
42,[0.23962592],0.5300719610769135,[0.29044604]
43,[0.23232376],0.44950499841032465,[0.21718124]
44,[0.09106335],0.3626189957713126,[0.27155565]
45,[0.98933935],0.5170245788522915,[0.47231477]
46,[0.19218205],0.5431193433015354,[0.3509373]
47,[0.37361337],0.5679190032464768,[0.19430564]
48,[0.5945112],0.4511567644561818,[0.14335444]
49,[0.11422427],0.4897704466709899,[0.37554618]
50,[0.16878565],0.5188670901640958,[0.35008144]
51,[0.03932153],0.5309932167328156,[0.49167169]
52,[0.66411591],0.29872262289694396,[0.36539329]
53,[0.88784317],0.3425328112408421,[0.54531036]
54,[0.82762262],0.37293074570187684,[0.45469187]
55,[0.51702458],0.5188670901640958,[0.00184251]
56,[0.449505],0.5364364434967704,[0.08693145]
57,[0.27004558],0.44950499841032465,[0.17945942]
58,[0.72394249],0.5364364434967704,[0.18750604]
59,[0.58887614],0.3545531773458642,[0.23432297]
60,[0.62878584],0.47993034871889045,[0.14885549]
61,[0.69969884],0.5364364434967704,[0.16326239]
62,[0.88234741],0.47993034871889045,[0.40241706]
63,[0.22811491],0.5300719610769135,[0.30195705]
64,[0.72971146],0.40332868016291157,[0.32638278]
65,[0.362619],0.36750873951755736,[0.00488974]
66,[0.80556424],0.3425328112408421,[0.46303143]
67,[0.40332868],0.44950499841032465,[0.04617632]
68,[0.09279142],0.4897704466709899,[0.39697902]
69,[0.09411432],0.5431193433015354,[0.44900503]
70,[0.01239618],0.5431193433015354,[0.53072317]
71,[0.69494818],0.30298070052559645,[0.39196748]
72,[0.59222034],0.5364364434967704,[0.05578389]
73,[0.70310538],0.47993034871889045,[0.22317503]
74,[0.35454605],0.5679190032464768,[0.21337295]
75,[0.24177928],0.36750873951755736,[0.12572946]
76,[0.45280853],0.4264168392866181,[0.02639169]
77,[0.68029968],0.5731130661478603,[0.10718661]
78,[0.65415038],0.5364364434967704,[0.11771393]
79,[0.27208343],0.3585860865585884,[0.08650266]
80,[0.01750319],0.44950499841032465,[0.43200181]
81,[0.78364222],0.3425328112408421,[0.44110941]
82,[0.85995897],0.3545531773458642,[0.5054058]
83,[0.20251792],0.44950499841032465,[0.24698707]
84,[0.28785],0.5922203354662754,[0.30437033]
85,[0.78711542],0.47993034871889045,[0.30718507]
86,[0.75773429],0.47993034871889045,[0.27780394]
87,[0.28539804],0.5922203354662754,[0.3068223]
88,[0.5540058],0.5188670901640958,[0.03513871]
89,[0.91270008],0.3425328112408421,[0.57016727]
90,[0.51886709],0.5922203354662754,[0.07335325]
91,[0.7747141],0.5364364434967704,[0.23827765]
92,[0.79344537],0.47993034871889045,[0.31351502]
93,[0.10007475],0.3585860865585884,[0.25851134]
94,[0.93838526],0.5179458345081936,[0.42043942]
95,[0.17716239],0.4897704466709899,[0.31260806]
96,[0.04990503],0.45280853050203895,[0.4029035]
97,[0.98574065],0.40332868016291157,[0.58241197]
98,[0.22384869],0.5431193433015354,[0.31927065]
99,[0.64245786],0.4264168392866181,[0.21604102]
