,0,1,2
0,[0.03654815],0.40332868016291157,[0.36678053]
1,[0.6639209],0.37361336560884595,[0.29030753]
2,[0.74955169],0.45280853050203895,[0.29674316]
3,[0.70409161],0.507052166935742,[0.19703944]
4,[0.0859596],0.44950499841032465,[0.3635454]
5,[0.10916051],0.5170245788522915,[0.40786407]
6,[0.91440612],0.3227567558832193,[0.59164937]
7,[0.34253281],0.44950499841032465,[0.10697219]
8,[0.16986801],0.5120383728940168,[0.34217036]
9,[0.82244724],0.44950499841032465,[0.37294225]
10,[0.35455318],0.45280853050203895,[0.09825535]
11,[0.08961232],0.37361336560884595,[0.28400105]
12,[0.21994561],0.45280853050203895,[0.23286292]
13,[0.58820296],0.37361336560884595,[0.2145896]
14,[0.24174004],0.5188670901640958,[0.27712705]
15,[0.06943615],0.45280853050203895,[0.38337238]
16,[0.73102867],0.5188670901640958,[0.21216158]
17,[0.18611628],0.4897704466709899,[0.30365417]
18,[0.21724166],0.45280853050203895,[0.23556687]
19,[0.1376427],0.5170245788522915,[0.37938188]
20,[0.3029807],0.45280853050203895,[0.14982783]
21,[0.95060013],0.3585860865585884,[0.59201405]
22,[0.20856324],0.5188670901640958,[0.31030385]
23,[0.69424335],0.40332868016291157,[0.29091467]
24,[0.50705217],0.4849165546771652,[0.02213561]
25,[0.27794061],0.5905482398329256,[0.31260763]
26,[0.63010642],0.44950499841032465,[0.18060142]
27,[0.22372113],0.5885395541499171,[0.36481842]
28,[0.19158082],0.5188670901640958,[0.32728627]
29,[0.77835854],0.5179458345081936,[0.2604127]
30,[0.48977045],0.3545531773458642,[0.13521727]
31,[0.72689674],0.40332868016291157,[0.32356806]
32,[0.89370008],0.45280853050203895,[0.44089155]
33,[0.54311934],0.37361336560884595,[0.16950598]
34,[0.88476601],0.3545531773458642,[0.53021284]
35,[0.6352352],0.4264168392866181,[0.20881836]
36,[0.879516],0.37361336560884595,[0.50590264]
37,[0.59828013],0.3545531773458642,[0.24372695]
38,[0.0290208],0.5922203354662754,[0.56319953]
39,[0.17806103],0.4984113068033659,[0.32035028]
40,[0.29446455],0.4897704466709899,[0.1953059]
41,[0.36750874],0.5882029641002585,[0.22069422]
42,[0.23962592],0.4897704466709899,[0.25014453]
43,[0.23232376],0.4897704466709899,[0.25744668]
44,[0.09106335],0.4511567644561818,[0.36009342]
45,[0.98933935],0.37361336560884595,[0.61572599]
46,[0.19218205],0.45280853050203895,[0.26062648]
47,[0.37361337],0.45280853050203895,[0.07919516]
48,[0.5945112],0.5188670901640958,[0.07564411]
49,[0.11422427],0.42806860533247526,[0.31384433]
50,[0.16878565],0.5170245788522915,[0.34823893]
51,[0.03932153],0.5882029641002585,[0.54888143]
52,[0.66411591],0.36750873951755736,[0.29660717]
53,[0.88784317],0.3425328112408421,[0.54531036]
54,[0.82762262],0.37361336560884595,[0.45400925]
55,[0.51702458],0.40332868016291157,[0.1136959]
56,[0.449505],0.5188670901640958,[0.06936209]
57,[0.27004558],0.45280853050203895,[0.18276295]
58,[0.72394249],0.5431193433015354,[0.18082314]
59,[0.58887614],0.37361336560884595,[0.21526278]
60,[0.62878584],0.40332868016291157,[0.22545716]
61,[0.69969884],0.5431193433015354,[0.15657949]
62,[0.88234741],0.40332868016291157,[0.47901873]
63,[0.22811491],0.44950499841032465,[0.22139008]
64,[0.72971146],0.44950499841032465,[0.28020646]
65,[0.362619],0.507052166935742,[0.14443317]
66,[0.80556424],0.3545531773458642,[0.45101107]
67,[0.40332868],0.37361336560884595,[0.02971531]
68,[0.09279142],0.4897704466709899,[0.39697902]
69,[0.09411432],0.4897704466709899,[0.39565613]
70,[0.01239618],0.4897704466709899,[0.47737427]
71,[0.69494818],0.37056105256320165,[0.32438713]
72,[0.59222034],0.5170245788522915,[0.07519576]
73,[0.70310538],0.507052166935742,[0.19605321]
74,[0.35454605],0.5188670901640958,[0.16432104]
75,[0.24177928],0.5888761441995757,[0.34709686]
76,[0.45280853],0.40332868016291157,[0.04947985]
77,[0.68029968],0.4897704466709899,[0.19052923]
78,[0.65415038],0.4712894885865144,[0.18286089]
79,[0.27208343],0.44950499841032465,[0.17742157]
80,[0.01750319],0.4511567644561818,[0.43365357]
81,[0.78364222],0.36750873951755736,[0.41613349]
82,[0.85995897],0.40332868016291157,[0.45663029]
83,[0.20251792],0.5188670901640958,[0.31634917]
84,[0.28785],0.507052166935742,[0.21920217]
85,[0.78711542],0.507052166935742,[0.28006325]
86,[0.75773429],0.507052166935742,[0.25068212]
87,[0.28539804],0.5170245788522915,[0.23162654]
88,[0.5540058],0.44950499841032465,[0.1045008]
89,[0.91270008],0.45280853050203895,[0.45989155]
90,[0.51886709],0.5922203354662754,[0.07335325]
91,[0.7747141],0.507052166935742,[0.26766193]
92,[0.79344537],0.47993034871889045,[0.31351502]
93,[0.10007475],0.44950499841032465,[0.34943025]
94,[0.93838526],0.40332868016291157,[0.53505658]
95,[0.17716239],0.4511567644561818,[0.27399438]
96,[0.04990503],0.5120383728940168,[0.46213334]
97,[0.98574065],0.5188670901640958,[0.46687356]
98,[0.22384869],0.4712894885865144,[0.2474408]
99,[0.64245786],0.4511567644561818,[0.19130109]
