,0,1,2
0,[0.03654815],0.45280853050203895,[0.41626038]
1,[0.6639209],0.40332868016291157,[0.26059222]
2,[0.74955169],0.45280853050203895,[0.29674316]
3,[0.70409161],0.45280853050203895,[0.25128308]
4,[0.0859596],0.4712894885865144,[0.38532989]
5,[0.10916051],0.5170245788522915,[0.40786407]
6,[0.91440612],0.365063867644435,[0.54934225]
7,[0.34253281],0.507052166935742,[0.16451936]
8,[0.16986801],0.507052166935742,[0.33718415]
9,[0.82244724],0.44950499841032465,[0.37294225]
10,[0.35455318],0.4897704466709899,[0.13521727]
11,[0.08961232],0.45280853050203895,[0.36319621]
12,[0.21994561],0.45280853050203895,[0.23286292]
13,[0.58820296],0.37361336560884595,[0.2145896]
14,[0.24174004],0.5188670901640958,[0.27712705]
15,[0.06943615],0.44950499841032465,[0.38006885]
16,[0.73102867],0.5170245788522915,[0.21400409]
17,[0.18611628],0.4897704466709899,[0.30365417]
18,[0.21724166],0.45280853050203895,[0.23556687]
19,[0.1376427],0.507052166935742,[0.36940947]
20,[0.3029807],0.4897704466709899,[0.18678975]
21,[0.95060013],0.3626189957713126,[0.58798114]
22,[0.20856324],0.5188670901640958,[0.31030385]
23,[0.69424335],0.40332868016291157,[0.29091467]
24,[0.50705217],0.44950499841032465,[0.05754717]
25,[0.27794061],0.5540057968294451,[0.27606519]
26,[0.63010642],0.4897704466709899,[0.14033597]
27,[0.22372113],0.5309932167328156,[0.30727208]
28,[0.19158082],0.5188670901640958,[0.32728627]
29,[0.77835854],0.5188670901640958,[0.25949145]
30,[0.48977045],0.3545531773458642,[0.13521727]
31,[0.72689674],0.40332868016291157,[0.32356806]
32,[0.89370008],0.4897704466709899,[0.40392963]
33,[0.54311934],0.44950499841032465,[0.09361434]
34,[0.88476601],0.3626189957713126,[0.52214702]
35,[0.6352352],0.37361336560884595,[0.26162183]
36,[0.879516],0.40332868016291157,[0.47618732]
37,[0.59828013],0.37056105256320165,[0.22771908]
38,[0.0290208],0.5922203354662754,[0.56319953]
39,[0.17806103],0.507052166935742,[0.32899114]
40,[0.29446455],0.45280853050203895,[0.15834399]
41,[0.36750874],0.5188670901640958,[0.15135835]
42,[0.23962592],0.4897704466709899,[0.25014453]
43,[0.23232376],0.5431193433015354,[0.31079558]
44,[0.09106335],0.44950499841032465,[0.35844165]
45,[0.98933935],0.40332868016291157,[0.58601067]
46,[0.19218205],0.45280853050203895,[0.26062648]
47,[0.37361337],0.4897704466709899,[0.11615708]
48,[0.5945112],0.5188670901640958,[0.07564411]
49,[0.11422427],0.4897704466709899,[0.37554618]
50,[0.16878565],0.5309932167328156,[0.36220756]
51,[0.03932153],0.5188670901640958,[0.47954556]
52,[0.66411591],0.3626189957713126,[0.30149692]
53,[0.88784317],0.3545531773458642,[0.53328999]
54,[0.82762262],0.38847102288587876,[0.43915159]
55,[0.51702458],0.44950499841032465,[0.06751958]
56,[0.449505],0.5120383728940168,[0.06253337]
57,[0.27004558],0.4712894885865144,[0.20124391]
58,[0.72394249],0.5188670901640958,[0.2050754]
59,[0.58887614],0.37056105256320165,[0.21831509]
60,[0.62878584],0.40332868016291157,[0.22545716]
61,[0.69969884],0.5431193433015354,[0.15657949]
62,[0.88234741],0.37361336560884595,[0.50873404]
63,[0.22811491],0.4897704466709899,[0.26165553]
64,[0.72971146],0.40332868016291157,[0.32638278]
65,[0.362619],0.4897704466709899,[0.12715145]
66,[0.80556424],0.3626189957713126,[0.44294525]
67,[0.40332868],0.44950499841032465,[0.04617632]
68,[0.09279142],0.44950499841032465,[0.35671358]
69,[0.09411432],0.4897704466709899,[0.39565613]
70,[0.01239618],0.5170245788522915,[0.5046284]
71,[0.69494818],0.36750873951755736,[0.32743944]
72,[0.59222034],0.45280853050203895,[0.1394118]
73,[0.70310538],0.5188670901640958,[0.18423829]
74,[0.35454605],0.507052166935742,[0.15250612]
75,[0.24177928],0.5540057968294451,[0.31222652]
76,[0.45280853],0.40332868016291157,[0.04947985]
77,[0.68029968],0.4897704466709899,[0.19052923]
78,[0.65415038],0.507052166935742,[0.14709821]
79,[0.27208343],0.4897704466709899,[0.21768702]
80,[0.01750319],0.4897704466709899,[0.47226726]
81,[0.78364222],0.3626189957713126,[0.42102323]
82,[0.85995897],0.45280853050203895,[0.40715044]
83,[0.20251792],0.5170245788522915,[0.31450665]
84,[0.28785],0.507052166935742,[0.21920217]
85,[0.78711542],0.507052166935742,[0.28006325]
86,[0.75773429],0.5188670901640958,[0.2388672]
87,[0.28539804],0.5170245788522915,[0.23162654]
88,[0.5540058],0.45280853050203895,[0.10119727]
89,[0.91270008],0.5170245788522915,[0.3956755]
90,[0.51886709],0.5485625700654903,[0.02969548]
91,[0.7747141],0.507052166935742,[0.26766193]
92,[0.79344537],0.45280853050203895,[0.34063684]
93,[0.10007475],0.40332868016291157,[0.30325393]
94,[0.93838526],0.40332868016291157,[0.53505658]
95,[0.17716239],0.4897704466709899,[0.31260806]
96,[0.04990503],0.507052166935742,[0.45714713]
97,[0.98574065],0.5170245788522915,[0.46871607]
98,[0.22384869],0.45280853050203895,[0.22895984]
99,[0.64245786],0.44950499841032465,[0.19295286]
