,0,1,2
0,[0.03654815],0.45280853050203895,[0.41626038]
1,[0.6639209],0.45280853050203895,[0.21111236]
2,[0.74955169],0.45280853050203895,[0.29674316]
3,[0.70409161],0.44950499841032465,[0.25458661]
4,[0.0859596],0.44950499841032465,[0.3635454]
5,[0.10916051],0.5188670901640958,[0.40970658]
6,[0.91440612],0.3626189957713126,[0.55178713]
7,[0.34253281],0.5120383728940168,[0.16950556]
8,[0.16986801],0.5170245788522915,[0.34715657]
9,[0.82244724],0.38847102288587876,[0.43397622]
10,[0.35455318],0.4897704466709899,[0.13521727]
11,[0.08961232],0.4897704466709899,[0.40015813]
12,[0.21994561],0.45280853050203895,[0.23286292]
13,[0.58820296],0.36750873951755736,[0.22069422]
14,[0.24174004],0.507052166935742,[0.26531213]
15,[0.06943615],0.45280853050203895,[0.38337238]
16,[0.73102867],0.45280853050203895,[0.27822014]
17,[0.18611628],0.507052166935742,[0.32093589]
18,[0.21724166],0.4511567644561818,[0.23391511]
19,[0.1376427],0.507052166935742,[0.36940947]
20,[0.3029807],0.4712894885865144,[0.16830879]
21,[0.95060013],0.3626189957713126,[0.58798114]
22,[0.20856324],0.5188670901640958,[0.31030385]
23,[0.69424335],0.40332868016291157,[0.29091467]
24,[0.50705217],0.40332868016291157,[0.10372349]
25,[0.27794061],0.5431193433015354,[0.26517873]
26,[0.63010642],0.507052166935742,[0.12305425]
27,[0.22372113],0.5188670901640958,[0.29514596]
28,[0.19158082],0.507052166935742,[0.31547135]
29,[0.77835854],0.5120383728940168,[0.26632016]
30,[0.48977045],0.40332868016291157,[0.08644177]
31,[0.72689674],0.40332868016291157,[0.32356806]
32,[0.89370008],0.4897704466709899,[0.40392963]
33,[0.54311934],0.45280853050203895,[0.09031081]
34,[0.88476601],0.37361336560884595,[0.51115265]
35,[0.6352352],0.36750873951755736,[0.26772646]
36,[0.879516],0.40332868016291157,[0.47618732]
37,[0.59828013],0.40332868016291157,[0.19495145]
38,[0.0290208],0.5922203354662754,[0.56319953]
39,[0.17806103],0.4984113068033659,[0.32035028]
40,[0.29446455],0.4897704466709899,[0.1953059]
41,[0.36750874],0.507052166935742,[0.13954343]
42,[0.23962592],0.4897704466709899,[0.25014453]
43,[0.23232376],0.5431193433015354,[0.31079558]
44,[0.09106335],0.44950499841032465,[0.35844165]
45,[0.98933935],0.44950499841032465,[0.53983435]
46,[0.19218205],0.507052166935742,[0.31487012]
47,[0.37361337],0.44950499841032465,[0.07589163]
48,[0.5945112],0.4897704466709899,[0.10474076]
49,[0.11422427],0.5170245788522915,[0.40280031]
50,[0.16878565],0.5170245788522915,[0.34823893]
51,[0.03932153],0.5188670901640958,[0.47954556]
52,[0.66411591],0.36750873951755736,[0.29660717]
53,[0.88784317],0.3545531773458642,[0.53328999]
54,[0.82762262],0.40332868016291157,[0.42429394]
55,[0.51702458],0.4511567644561818,[0.06586781]
56,[0.449505],0.45280853050203895,[0.00330353]
57,[0.27004558],0.4897704466709899,[0.21972487]
58,[0.72394249],0.507052166935742,[0.21689032]
59,[0.58887614],0.36750873951755736,[0.2213674]
60,[0.62878584],0.44950499841032465,[0.17928084]
61,[0.69969884],0.5188670901640958,[0.18083175]
62,[0.88234741],0.37361336560884595,[0.50873404]
63,[0.22811491],0.4897704466709899,[0.26165553]
64,[0.72971146],0.45280853050203895,[0.27690293]
65,[0.362619],0.507052166935742,[0.14443317]
66,[0.80556424],0.37361336560884595,[0.43195088]
67,[0.40332868],0.4115591820095853,[0.0082305]
68,[0.09279142],0.4897704466709899,[0.39697902]
69,[0.09411432],0.45280853050203895,[0.35869422]
70,[0.01239618],0.5170245788522915,[0.5046284]
71,[0.69494818],0.36750873951755736,[0.32743944]
72,[0.59222034],0.45280853050203895,[0.1394118]
73,[0.70310538],0.507052166935742,[0.19605321]
74,[0.35454605],0.507052166935742,[0.15250612]
75,[0.24177928],0.5188670901640958,[0.27708781]
76,[0.45280853],0.4696377225406573,[0.01682919]
77,[0.68029968],0.5170245788522915,[0.1632751]
78,[0.65415038],0.4984113068033659,[0.15573907]
79,[0.27208343],0.4897704466709899,[0.21768702]
80,[0.01750319],0.507052166935742,[0.48954898]
81,[0.78364222],0.36750873951755736,[0.41613349]
82,[0.85995897],0.4897704466709899,[0.37018853]
83,[0.20251792],0.5170245788522915,[0.31450665]
84,[0.28785],0.45280853050203895,[0.16495853]
85,[0.78711542],0.507052166935742,[0.28006325]
86,[0.75773429],0.5179458345081936,[0.23978846]
87,[0.28539804],0.5170245788522915,[0.23162654]
88,[0.5540058],0.40332868016291157,[0.15067712]
89,[0.91270008],0.5170245788522915,[0.3956755]
90,[0.51886709],0.5170245788522915,[0.00184251]
91,[0.7747141],0.45280853050203895,[0.32190557]
92,[0.79344537],0.45280853050203895,[0.34063684]
93,[0.10007475],0.44950499841032465,[0.34943025]
94,[0.93838526],0.45280853050203895,[0.48557673]
95,[0.17716239],0.44950499841032465,[0.27234261]
96,[0.04990503],0.45280853050203895,[0.4029035]
97,[0.98574065],0.5170245788522915,[0.46871607]
98,[0.22384869],0.44950499841032465,[0.22565631]
99,[0.64245786],0.45280853050203895,[0.18964933]
