,0,1,2
0,[0.03654815],0.507052166935742,[0.47050402]
1,[0.6639209],0.45280853050203895,[0.21111236]
2,[0.74955169],0.45280853050203895,[0.29674316]
3,[0.70409161],0.45280853050203895,[0.25128308]
4,[0.0859596],0.45280853050203895,[0.36684893]
5,[0.10916051],0.5170245788522915,[0.40786407]
6,[0.91440612],0.38847102288587876,[0.5259351]
7,[0.34253281],0.5179458345081936,[0.17541302]
8,[0.16986801],0.5170245788522915,[0.34715657]
9,[0.82244724],0.37361336560884595,[0.44883388]
10,[0.35455318],0.4897704466709899,[0.13521727]
11,[0.08961232],0.4897704466709899,[0.40015813]
12,[0.21994561],0.45280853050203895,[0.23286292]
13,[0.58820296],0.36750873951755736,[0.22069422]
14,[0.24174004],0.5170245788522915,[0.27528454]
15,[0.06943615],0.4897704466709899,[0.4203343]
16,[0.73102867],0.44950499841032465,[0.28152367]
17,[0.18611628],0.507052166935742,[0.32093589]
18,[0.21724166],0.507052166935742,[0.28981051]
19,[0.1376427],0.5120383728940168,[0.37439567]
20,[0.3029807],0.4897704466709899,[0.18678975]
21,[0.95060013],0.36750873951755736,[0.58309139]
22,[0.20856324],0.5188670901640958,[0.31030385]
23,[0.69424335],0.40332868016291157,[0.29091467]
24,[0.50705217],0.4511567644561818,[0.0558954]
25,[0.27794061],0.5188670901640958,[0.24092648]
26,[0.63010642],0.4897704466709899,[0.14033597]
27,[0.22372113],0.5431193433015354,[0.31939821]
28,[0.19158082],0.5120383728940168,[0.32045756]
29,[0.77835854],0.4897704466709899,[0.28858809]
30,[0.48977045],0.40332868016291157,[0.08644177]
31,[0.72689674],0.44950499841032465,[0.27739174]
32,[0.89370008],0.4897704466709899,[0.40392963]
33,[0.54311934],0.45280853050203895,[0.09031081]
34,[0.88476601],0.37361336560884595,[0.51115265]
35,[0.6352352],0.36750873951755736,[0.26772646]
36,[0.879516],0.40332868016291157,[0.47618732]
37,[0.59828013],0.40332868016291157,[0.19495145]
38,[0.0290208],0.5922203354662754,[0.56319953]
39,[0.17806103],0.4897704466709899,[0.31170942]
40,[0.29446455],0.4897704466709899,[0.1953059]
41,[0.36750874],0.507052166935742,[0.13954343]
42,[0.23962592],0.507052166935742,[0.26742625]
43,[0.23232376],0.5188670901640958,[0.28654333]
44,[0.09106335],0.45280853050203895,[0.36174518]
45,[0.98933935],0.44950499841032465,[0.53983435]
46,[0.19218205],0.5170245788522915,[0.32484253]
47,[0.37361337],0.4897704466709899,[0.11615708]
48,[0.5945112],0.5120383728940168,[0.08247283]
49,[0.11422427],0.507052166935742,[0.3928279]
50,[0.16878565],0.5170245788522915,[0.34823893]
51,[0.03932153],0.5431193433015354,[0.50379781]
52,[0.66411591],0.36750873951755736,[0.29660717]
53,[0.88784317],0.36750873951755736,[0.52033443]
54,[0.82762262],0.40332868016291157,[0.42429394]
55,[0.51702458],0.4264168392866181,[0.09060774]
56,[0.449505],0.4712894885865144,[0.02178449]
57,[0.27004558],0.507052166935742,[0.23700659]
58,[0.72394249],0.507052166935742,[0.21689032]
59,[0.58887614],0.37361336560884595,[0.21526278]
60,[0.62878584],0.44950499841032465,[0.17928084]
61,[0.69969884],0.5188670901640958,[0.18083175]
62,[0.88234741],0.37361336560884595,[0.50873404]
63,[0.22811491],0.45280853050203895,[0.22469362]
64,[0.72971146],0.44950499841032465,[0.28020646]
65,[0.362619],0.507052166935742,[0.14443317]
66,[0.80556424],0.37361336560884595,[0.43195088]
67,[0.40332868],0.44950499841032465,[0.04617632]
68,[0.09279142],0.507052166935742,[0.41426075]
69,[0.09411432],0.4897704466709899,[0.39565613]
70,[0.01239618],0.5170245788522915,[0.5046284]
71,[0.69494818],0.36750873951755736,[0.32743944]
72,[0.59222034],0.45280853050203895,[0.1394118]
73,[0.70310538],0.4897704466709899,[0.21333493]
74,[0.35454605],0.507052166935742,[0.15250612]
75,[0.24177928],0.5188670901640958,[0.27708781]
76,[0.45280853],0.4897704466709899,[0.03696192]
77,[0.68029968],0.4897704466709899,[0.19052923]
78,[0.65415038],0.507052166935742,[0.14709821]
79,[0.27208343],0.4897704466709899,[0.21768702]
80,[0.01750319],0.507052166935742,[0.48954898]
81,[0.78364222],0.40332868016291157,[0.38031354]
82,[0.85995897],0.4712894885865144,[0.38866949]
83,[0.20251792],0.5170245788522915,[0.31450665]
84,[0.28785],0.5170245788522915,[0.22917458]
85,[0.78711542],0.507052166935742,[0.28006325]
86,[0.75773429],0.507052166935742,[0.25068212]
87,[0.28539804],0.5179458345081936,[0.2325478]
88,[0.5540058],0.44950499841032465,[0.1045008]
89,[0.91270008],0.4897704466709899,[0.42292964]
90,[0.51886709],0.5170245788522915,[0.00184251]
91,[0.7747141],0.45280853050203895,[0.32190557]
92,[0.79344537],0.45280853050203895,[0.34063684]
93,[0.10007475],0.4511567644561818,[0.35108202]
94,[0.93838526],0.45280853050203895,[0.48557673]
95,[0.17716239],0.44950499841032465,[0.27234261]
96,[0.04990503],0.4897704466709899,[0.43986541]
97,[0.98574065],0.507052166935742,[0.47868849]
98,[0.22384869],0.44950499841032465,[0.22565631]
99,[0.64245786],0.45280853050203895,[0.18964933]
