,0,1,2
0,[0.03654815],0.3640832714773551,[0.32753512]
1,[0.6639209],0.29446454526829147,[0.36945635]
2,[0.74955169],0.512959628549919,[0.23659206]
3,[0.70409161],0.5933657700873344,[0.11072584]
4,[0.0859596],0.4897704466709899,[0.40381085]
5,[0.10916051],0.5170245788522915,[0.40786407]
6,[0.91440612],0.29872262289694396,[0.6156835]
7,[0.34253281],0.37361336560884595,[0.03108055]
8,[0.16986801],0.507052166935742,[0.33718415]
9,[0.82244724],0.5188670901640958,[0.30358015]
10,[0.35455318],0.4897704466709899,[0.13521727]
11,[0.08961232],0.3545531773458642,[0.26494086]
12,[0.21994561],0.44950499841032465,[0.22955939]
13,[0.58820296],0.3545531773458642,[0.23364979]
14,[0.24174004],0.5485625700654903,[0.30682253]
15,[0.06943615],0.4897704466709899,[0.4203343]
16,[0.73102867],0.5922203354662754,[0.13880834]
17,[0.18611628],0.365063867644435,[0.17894759]
18,[0.21724166],0.507052166935742,[0.28981051]
19,[0.1376427],0.5170245788522915,[0.37938188]
20,[0.3029807],0.40332868016291157,[0.10034798]
21,[0.95060013],0.3545531773458642,[0.59604696]
22,[0.20856324],0.5922203354662754,[0.38365709]
23,[0.69424335],0.44950499841032465,[0.24473836]
24,[0.50705217],0.37361336560884595,[0.1334388]
25,[0.27794061],0.507052166935742,[0.22911156]
26,[0.63010642],0.37361336560884595,[0.25649305]
27,[0.22372113],0.5945112047083934,[0.37079007]
28,[0.19158082],0.507052166935742,[0.31547135]
29,[0.77835854],0.5922203354662754,[0.1861382]
30,[0.48977045],0.32876693893573034,[0.16100351]
31,[0.72689674],0.3425328112408421,[0.38436392]
32,[0.89370008],0.3545531773458642,[0.5391469]
33,[0.54311934],0.3425328112408421,[0.20058653]
34,[0.88476601],0.44950499841032465,[0.43526101]
35,[0.6352352],0.44950499841032465,[0.1857302]
36,[0.879516],0.3545531773458642,[0.52496283]
37,[0.59828013],0.30298070052559645,[0.29529943]
38,[0.0290208],0.6483041176976205,[0.61928332]
39,[0.17806103],0.36750873951755736,[0.18944771]
40,[0.29446455],0.3626189957713126,[0.06815445]
41,[0.36750874],0.4316919061399179,[0.06418317]
42,[0.23962592],0.5033975127616407,[0.2637716]
43,[0.23232376],0.44950499841032465,[0.21718124]
44,[0.09106335],0.365063867644435,[0.27400052]
45,[0.98933935],0.44950499841032465,[0.53983435]
46,[0.19218205],0.37361336560884595,[0.18143132]
47,[0.37361337],0.42806860533247526,[0.05445524]
48,[0.5945112],0.5188670901640958,[0.07564411]
49,[0.11422427],0.38847102288587876,[0.27424675]
50,[0.16878565],0.5188670901640958,[0.35008144]
51,[0.03932153],0.5933657700873344,[0.55404424]
52,[0.66411591],0.29446454526829147,[0.36965137]
53,[0.88784317],0.3425328112408421,[0.54531036]
54,[0.82762262],0.34854299429335317,[0.47907962]
55,[0.51702458],0.5188670901640958,[0.00184251]
56,[0.449505],0.5309932167328156,[0.08148822]
57,[0.27004558],0.5170245788522915,[0.246979]
58,[0.72394249],0.5922203354662754,[0.13172215]
59,[0.58887614],0.3425328112408421,[0.24634333]
60,[0.62878584],0.40332868016291157,[0.22545716]
61,[0.69969884],0.5485625700654903,[0.15113627]
62,[0.88234741],0.37361336560884595,[0.50873404]
63,[0.22811491],0.4849165546771652,[0.25680164]
64,[0.72971146],0.5170245788522915,[0.21268688]
65,[0.362619],0.4316919061399179,[0.06907291]
66,[0.80556424],0.44950499841032465,[0.35605925]
67,[0.40332868],0.3227567558832193,[0.08057192]
68,[0.09279142],0.45280853050203895,[0.36001711]
69,[0.09411432],0.3640832714773551,[0.26996896]
70,[0.01239618],0.4897704466709899,[0.47737427]
71,[0.69494818],0.30298070052559645,[0.39196748]
72,[0.59222034],0.5179458345081936,[0.0742745]
73,[0.70310538],0.37361336560884595,[0.32949201]
74,[0.35454605],0.507052166935742,[0.15250612]
75,[0.24177928],0.5945112047083934,[0.35273192]
76,[0.45280853],0.3545531773458642,[0.09825535]
77,[0.68029968],0.5933657700873344,[0.08693391]
78,[0.65415038],0.5731130661478603,[0.08103731]
79,[0.27208343],0.3626189957713126,[0.09053557]
80,[0.01750319],0.44950499841032465,[0.43200181]
81,[0.78364222],0.44950499841032465,[0.33413723]
82,[0.85995897],0.3545531773458642,[0.5054058]
83,[0.20251792],0.6352351986059549,[0.43271727]
84,[0.28785],0.5188670901640958,[0.23101709]
85,[0.78711542],0.507052166935742,[0.28006325]
86,[0.75773429],0.507052166935742,[0.25068212]
87,[0.28539804],0.5731130661478603,[0.28771503]
88,[0.5540058],0.45280853050203895,[0.10119727]
89,[0.91270008],0.44950499841032465,[0.46319508]
90,[0.51886709],0.6541503779588814,[0.13528329]
91,[0.7747141],0.5731130661478603,[0.20160103]
92,[0.79344537],0.45280853050203895,[0.34063684]
93,[0.10007475],0.38541870984023446,[0.28534396]
94,[0.93838526],0.507052166935742,[0.43133309]
95,[0.17716239],0.45280853050203895,[0.27564614]
96,[0.04990503],0.5945112047083934,[0.54460617]
97,[0.98574065],0.5945112047083934,[0.39122945]
98,[0.22384869],0.4897704466709899,[0.26592175]
99,[0.64245786],0.40332868016291157,[0.23912918]
