,0,1,2
0,[0.03654815],0.3545531773458642,[0.31800503]
1,[0.6639209],0.3545531773458642,[0.30936772]
2,[0.74955169],0.5120383728940168,[0.23751331]
3,[0.70409161],0.6287858395572117,[0.07530577]
4,[0.0859596],0.44950499841032465,[0.3635454]
5,[0.10916051],0.5170245788522915,[0.40786407]
6,[0.91440612],0.30298070052559645,[0.61142542]
7,[0.34253281],0.44950499841032465,[0.10697219]
8,[0.16986801],0.5120383728940168,[0.34217036]
9,[0.82244724],0.5188670901640958,[0.30358015]
10,[0.35455318],0.40332868016291157,[0.0487755]
11,[0.08961232],0.3545531773458642,[0.26494086]
12,[0.21994561],0.45280853050203895,[0.23286292]
13,[0.58820296],0.3545531773458642,[0.23364979]
14,[0.24174004],0.5540057968294451,[0.31226576]
15,[0.06943615],0.44950499841032465,[0.38006885]
16,[0.73102867],0.5179458345081936,[0.21308284]
17,[0.18611628],0.45280853050203895,[0.26669225]
18,[0.21724166],0.507052166935742,[0.28981051]
19,[0.1376427],0.4897704466709899,[0.35212775]
20,[0.3029807],0.38541870984023446,[0.08243801]
21,[0.95060013],0.3425328112408421,[0.60806732]
22,[0.20856324],0.5188670901640958,[0.31030385]
23,[0.69424335],0.40332868016291157,[0.29091467]
24,[0.50705217],0.42806860533247526,[0.07898356]
25,[0.27794061],0.6287858395572117,[0.35084523]
26,[0.63010642],0.37361336560884595,[0.25649305]
27,[0.22372113],0.5922203354662754,[0.3684992]
28,[0.19158082],0.5188670901640958,[0.32728627]
29,[0.77835854],0.5945112047083934,[0.18384733]
30,[0.48977045],0.30298070052559645,[0.18678975]
31,[0.72689674],0.40332868016291157,[0.32356806]
32,[0.89370008],0.40332868016291157,[0.4903714]
33,[0.54311934],0.3545531773458642,[0.18856617]
34,[0.88476601],0.3545531773458642,[0.53021284]
35,[0.6352352],0.44950499841032465,[0.1857302]
36,[0.879516],0.37361336560884595,[0.50590264]
37,[0.59828013],0.30298070052559645,[0.29529943]
38,[0.0290208],0.6424578574363596,[0.61343706]
39,[0.17806103],0.4712894885865144,[0.29322846]
40,[0.29446455],0.38847102288587876,[0.09400648]
41,[0.36750874],0.5922203354662754,[0.2247116]
42,[0.23962592],0.4712894885865144,[0.23166357]
43,[0.23232376],0.4511567644561818,[0.218833]
44,[0.09106335],0.40332868016291157,[0.31226533]
45,[0.98933935],0.44950499841032465,[0.53983435]
46,[0.19218205],0.3545531773458642,[0.16237113]
47,[0.37361337],0.45280853050203895,[0.07919516]
48,[0.5945112],0.5188670901640958,[0.07564411]
49,[0.11422427],0.3640832714773551,[0.249859]
50,[0.16878565],0.5170245788522915,[0.34823893]
51,[0.03932153],0.5882029641002585,[0.54888143]
52,[0.66411591],0.3425328112408421,[0.3215831]
53,[0.88784317],0.3227567558832193,[0.56508641]
54,[0.82762262],0.34854299429335317,[0.47907962]
55,[0.51702458],0.44950499841032465,[0.06751958]
56,[0.449505],0.5179458345081936,[0.06844084]
57,[0.27004558],0.4897704466709899,[0.21972487]
58,[0.72394249],0.5945112047083934,[0.12943128]
59,[0.58887614],0.3545531773458642,[0.23432297]
60,[0.62878584],0.44950499841032465,[0.17928084]
61,[0.69969884],0.5485625700654903,[0.15113627]
62,[0.88234741],0.40332868016291157,[0.47901873]
63,[0.22811491],0.4264168392866181,[0.19830192]
64,[0.72971146],0.507052166935742,[0.22265929]
65,[0.362619],0.4897704466709899,[0.12715145]
66,[0.80556424],0.3545531773458642,[0.45101107]
67,[0.40332868],0.3425328112408421,[0.06079587]
68,[0.09279142],0.5188670901640958,[0.42607567]
69,[0.09411432],0.3545531773458642,[0.26043886]
70,[0.01239618],0.42806860533247526,[0.41567243]
71,[0.69494818],0.3227567558832193,[0.37219142]
72,[0.59222034],0.5179458345081936,[0.0742745]
73,[0.70310538],0.507052166935742,[0.19605321]
74,[0.35454605],0.6287858395572117,[0.27423979]
75,[0.24177928],0.6294461289235577,[0.38766685]
76,[0.45280853],0.37361336560884595,[0.07919516]
77,[0.68029968],0.5188670901640958,[0.16143259]
78,[0.65415038],0.5188670901640958,[0.13528329]
79,[0.27208343],0.3545531773458642,[0.08246975]
80,[0.01750319],0.45280853050203895,[0.43530534]
81,[0.78364222],0.3545531773458642,[0.42908905]
82,[0.85995897],0.3545531773458642,[0.5054058]
83,[0.20251792],0.6352351986059549,[0.43271727]
84,[0.28785],0.5188670901640958,[0.23101709]
85,[0.78711542],0.5933657700873344,[0.19374965]
86,[0.75773429],0.5933657700873344,[0.16436852]
87,[0.28539804],0.5309932167328156,[0.24559518]
88,[0.5540058],0.44950499841032465,[0.1045008]
89,[0.91270008],0.44950499841032465,[0.46319508]
90,[0.51886709],0.5945112047083934,[0.07564411]
91,[0.7747141],0.5364364434967704,[0.23827765]
92,[0.79344537],0.512959628549919,[0.28048574]
93,[0.10007475],0.36750873951755736,[0.26743399]
94,[0.93838526],0.3626189957713126,[0.57576626]
95,[0.17716239],0.3545531773458642,[0.17739079]
96,[0.04990503],0.5309932167328156,[0.48108818]
97,[0.98574065],0.5188670901640958,[0.46687356]
98,[0.22384869],0.40332868016291157,[0.17947999]
99,[0.64245786],0.47993034871889045,[0.16252751]
