,0,1,2
0,[0.03654815],0.37361336560884595,[0.33706522]
1,[0.6639209],0.365063867644435,[0.29885703]
2,[0.74955169],0.47993034871889045,[0.26962134]
3,[0.70409161],0.5188670901640958,[0.18522452]
4,[0.0859596],0.4511567644561818,[0.36519717]
5,[0.10916051],0.5033975127616407,[0.39423701]
6,[0.91440612],0.30298070052559645,[0.61142542]
7,[0.34253281],0.45280853050203895,[0.11027572]
8,[0.16986801],0.5179458345081936,[0.34807782]
9,[0.82244724],0.4897704466709899,[0.3326768]
10,[0.35455318],0.40332868016291157,[0.0487755]
11,[0.08961232],0.3626189957713126,[0.27300668]
12,[0.21994561],0.45280853050203895,[0.23286292]
13,[0.58820296],0.3545531773458642,[0.23364979]
14,[0.24174004],0.5431193433015354,[0.3013793]
15,[0.06943615],0.45280853050203895,[0.38337238]
16,[0.73102867],0.5170245788522915,[0.21400409]
17,[0.18611628],0.4712894885865144,[0.28517321]
18,[0.21724166],0.507052166935742,[0.28981051]
19,[0.1376427],0.4897704466709899,[0.35212775]
20,[0.3029807],0.40332868016291157,[0.10034798]
21,[0.95060013],0.3425328112408421,[0.60806732]
22,[0.20856324],0.5188670901640958,[0.31030385]
23,[0.69424335],0.36750873951755736,[0.32673462]
24,[0.50705217],0.45280853050203895,[0.05424364]
25,[0.27794061],0.596395667165387,[0.31845506]
26,[0.63010642],0.40332868016291157,[0.22677774]
27,[0.22372113],0.5888761441995757,[0.36515501]
28,[0.19158082],0.5188670901640958,[0.32728627]
29,[0.77835854],0.5922203354662754,[0.1861382]
30,[0.48977045],0.30298070052559645,[0.18678975]
31,[0.72689674],0.37361336560884595,[0.35328337]
32,[0.89370008],0.38847102288587876,[0.50522905]
33,[0.54311934],0.3626189957713126,[0.18050035]
34,[0.88476601],0.3626189957713126,[0.52214702]
35,[0.6352352],0.40332868016291157,[0.23190652]
36,[0.879516],0.37361336560884595,[0.50590264]
37,[0.59828013],0.30298070052559645,[0.29529943]
38,[0.0290208],0.6301064182899037,[0.60108562]
39,[0.17806103],0.507052166935742,[0.32899114]
40,[0.29446455],0.40332868016291157,[0.10886413]
41,[0.36750874],0.5882029641002585,[0.22069422]
42,[0.23962592],0.507052166935742,[0.26742625]
43,[0.23232376],0.4511567644561818,[0.218833]
44,[0.09106335],0.44950499841032465,[0.35844165]
45,[0.98933935],0.44950499841032465,[0.53983435]
46,[0.19218205],0.37361336560884595,[0.18143132]
47,[0.37361337],0.45280853050203895,[0.07919516]
48,[0.5945112],0.5043187684175429,[0.09019244]
49,[0.11422427],0.40332868016291157,[0.28910441]
50,[0.16878565],0.5170245788522915,[0.34823893]
51,[0.03932153],0.5882029641002585,[0.54888143]
52,[0.66411591],0.3545531773458642,[0.30956273]
53,[0.88784317],0.3227567558832193,[0.56508641]
54,[0.82762262],0.34854299429335317,[0.47907962]
55,[0.51702458],0.40332868016291157,[0.1136959]
56,[0.449505],0.5188670901640958,[0.06936209]
57,[0.27004558],0.4897704466709899,[0.21972487]
58,[0.72394249],0.5922203354662754,[0.13172215]
59,[0.58887614],0.3545531773458642,[0.23432297]
60,[0.62878584],0.44950499841032465,[0.17928084]
61,[0.69969884],0.5188670901640958,[0.18083175]
62,[0.88234741],0.38847102288587876,[0.49387638]
63,[0.22811491],0.4511567644561818,[0.22304185]
64,[0.72971146],0.45280853050203895,[0.27690293]
65,[0.362619],0.4712894885865144,[0.10867049]
66,[0.80556424],0.3545531773458642,[0.45101107]
67,[0.40332868],0.3626189957713126,[0.04070968]
68,[0.09279142],0.512959628549919,[0.42016821]
69,[0.09411432],0.38847102288587876,[0.29435671]
70,[0.01239618],0.45280853050203895,[0.44041235]
71,[0.69494818],0.3626189957713126,[0.33232918]
72,[0.59222034],0.5170245788522915,[0.07519576]
73,[0.70310538],0.507052166935742,[0.19605321]
74,[0.35454605],0.5933657700873344,[0.23881972]
75,[0.24177928],0.6287858395572117,[0.38700656]
76,[0.45280853],0.37361336560884595,[0.07919516]
77,[0.68029968],0.5170245788522915,[0.1632751]
78,[0.65415038],0.5188670901640958,[0.13528329]
79,[0.27208343],0.365063867644435,[0.09298044]
80,[0.01750319],0.45280853050203895,[0.43530534]
81,[0.78364222],0.34854299429335317,[0.43509923]
82,[0.85995897],0.3545531773458642,[0.5054058]
83,[0.20251792],0.5945112047083934,[0.39199328]
84,[0.28785],0.5170245788522915,[0.22917458]
85,[0.78711542],0.5540057968294451,[0.23310962]
86,[0.75773429],0.5188670901640958,[0.2388672]
87,[0.28539804],0.5170245788522915,[0.23162654]
88,[0.5540058],0.40332868016291157,[0.15067712]
89,[0.91270008],0.44950499841032465,[0.46319508]
90,[0.51886709],0.5945112047083934,[0.07564411]
91,[0.7747141],0.5188670901640958,[0.25584701]
92,[0.79344537],0.507052166935742,[0.2863932]
93,[0.10007475],0.40332868016291157,[0.30325393]
94,[0.93838526],0.3626189957713126,[0.57576626]
95,[0.17716239],0.40332868016291157,[0.22616629]
96,[0.04990503],0.5179458345081936,[0.4680408]
97,[0.98574065],0.5188670901640958,[0.46687356]
98,[0.22384869],0.42806860533247526,[0.20421991]
99,[0.64245786],0.507052166935742,[0.13540569]
