,0,1,2
0,[0.03654815],0.3640832714773551,[0.32753512]
1,[0.6639209],0.36750873951755736,[0.29641216]
2,[0.74955169],0.507052166935742,[0.24249952]
3,[0.70409161],0.5188670901640958,[0.18522452]
4,[0.0859596],0.4264168392866181,[0.34045724]
5,[0.10916051],0.5170245788522915,[0.40786407]
6,[0.91440612],0.30298070052559645,[0.61142542]
7,[0.34253281],0.44950499841032465,[0.10697219]
8,[0.16986801],0.5120383728940168,[0.34217036]
9,[0.82244724],0.4897704466709899,[0.3326768]
10,[0.35455318],0.40332868016291157,[0.0487755]
11,[0.08961232],0.3545531773458642,[0.26494086]
12,[0.21994561],0.45280853050203895,[0.23286292]
13,[0.58820296],0.36750873951755736,[0.22069422]
14,[0.24174004],0.5431193433015354,[0.3013793]
15,[0.06943615],0.44950499841032465,[0.38006885]
16,[0.73102867],0.5188670901640958,[0.21216158]
17,[0.18611628],0.4511567644561818,[0.26504048]
18,[0.21724166],0.507052166935742,[0.28981051]
19,[0.1376427],0.4897704466709899,[0.35212775]
20,[0.3029807],0.40332868016291157,[0.10034798]
21,[0.95060013],0.3545531773458642,[0.59604696]
22,[0.20856324],0.5120383728940168,[0.30347513]
23,[0.69424335],0.40332868016291157,[0.29091467]
24,[0.50705217],0.45280853050203895,[0.05424364]
25,[0.27794061],0.5945112047083934,[0.3165706]
26,[0.63010642],0.47993034871889045,[0.15017607]
27,[0.22372113],0.5922203354662754,[0.3684992]
28,[0.19158082],0.5933657700873344,[0.40178495]
29,[0.77835854],0.5188670901640958,[0.25949145]
30,[0.48977045],0.30298070052559645,[0.18678975]
31,[0.72689674],0.3626189957713126,[0.36427774]
32,[0.89370008],0.44950499841032465,[0.44419508]
33,[0.54311934],0.3681161806900793,[0.17500316]
34,[0.88476601],0.3545531773458642,[0.53021284]
35,[0.6352352],0.44950499841032465,[0.1857302]
36,[0.879516],0.37361336560884595,[0.50590264]
37,[0.59828013],0.3545531773458642,[0.24372695]
38,[0.0290208],0.6287858395572117,[0.59976504]
39,[0.17806103],0.4984113068033659,[0.32035028]
40,[0.29446455],0.4897704466709899,[0.1953059]
41,[0.36750874],0.5882029641002585,[0.22069422]
42,[0.23962592],0.4984113068033659,[0.25878539]
43,[0.23232376],0.45280853050203895,[0.22048477]
44,[0.09106335],0.4511567644561818,[0.36009342]
45,[0.98933935],0.44950499841032465,[0.53983435]
46,[0.19218205],0.4264168392866181,[0.23423479]
47,[0.37361337],0.45280853050203895,[0.07919516]
48,[0.5945112],0.4897704466709899,[0.10474076]
49,[0.11422427],0.38847102288587876,[0.27424675]
50,[0.16878565],0.5170245788522915,[0.34823893]
51,[0.03932153],0.5905482398329256,[0.55122671]
52,[0.66411591],0.36750873951755736,[0.29660717]
53,[0.88784317],0.30298070052559645,[0.58486247]
54,[0.82762262],0.3545531773458642,[0.47306944]
55,[0.51702458],0.40332868016291157,[0.1136959]
56,[0.449505],0.5309932167328156,[0.08148822]
57,[0.27004558],0.45280853050203895,[0.18276295]
58,[0.72394249],0.5922203354662754,[0.13172215]
59,[0.58887614],0.354549613554435,[0.23432653]
60,[0.62878584],0.40332868016291157,[0.22545716]
61,[0.69969884],0.5188670901640958,[0.18083175]
62,[0.88234741],0.45280853050203895,[0.42953888]
63,[0.22811491],0.40332868016291157,[0.17521377]
64,[0.72971146],0.44950499841032465,[0.28020646]
65,[0.362619],0.42806860533247526,[0.06544961]
66,[0.80556424],0.3545531773458642,[0.45101107]
67,[0.40332868],0.3545531773458642,[0.0487755]
68,[0.09279142],0.4984113068033659,[0.40561988]
69,[0.09411432],0.40332868016291157,[0.30921436]
70,[0.01239618],0.40332868016291157,[0.3909325]
71,[0.69494818],0.37056105256320165,[0.32438713]
72,[0.59222034],0.5170245788522915,[0.07519576]
73,[0.70310538],0.507052166935742,[0.19605321]
74,[0.35454605],0.5364364434967704,[0.18189039]
75,[0.24177928],0.5888761441995757,[0.34709686]
76,[0.45280853],0.40332868016291157,[0.04947985]
77,[0.68029968],0.44950499841032465,[0.23079468]
78,[0.65415038],0.4897704466709899,[0.16437993]
79,[0.27208343],0.40332868016291157,[0.13124525]
80,[0.01750319],0.44950499841032465,[0.43200181]
81,[0.78364222],0.36750873951755736,[0.41613349]
82,[0.85995897],0.3545531773458642,[0.5054058]
83,[0.20251792],0.590211649783267,[0.38769373]
84,[0.28785],0.5170245788522915,[0.22917458]
85,[0.78711542],0.507052166935742,[0.28006325]
86,[0.75773429],0.5188670901640958,[0.2388672]
87,[0.28539804],0.5170245788522915,[0.23162654]
88,[0.5540058],0.37361336560884595,[0.18039243]
89,[0.91270008],0.45280853050203895,[0.45989155]
90,[0.51886709],0.5945112047083934,[0.07564411]
91,[0.7747141],0.5188670901640958,[0.25584701]
92,[0.79344537],0.507052166935742,[0.2863932]
93,[0.10007475],0.36750873951755736,[0.26743399]
94,[0.93838526],0.3545531773458642,[0.58383208]
95,[0.17716239],0.40332868016291157,[0.22616629]
96,[0.04990503],0.5188670901640958,[0.46896206]
97,[0.98574065],0.5188670901640958,[0.46687356]
98,[0.22384869],0.4897704466709899,[0.26592175]
99,[0.64245786],0.44950499841032465,[0.19295286]
