,0,1,2
0,[0.54547015],0.26135768975530793,0.1911625090031009
1,[0.17186532],0.715500248692548,0.4836946257322705
2,[0.85293181],0.5949414447184427,0.25635279011816925
3,[0.18022341],0.5884669784718876,0.3652467402400218
4,[0.58870005],0.39560476085660745,0.06685989064078757
5,[0.1207749],0.4842875752342374,0.3712884040851381
6,[0.55469875],0.2886025104538083,0.1828553767828094
7,[0.08202618],0.6223487086792338,0.4925224209213265
8,[0.99270517],0.8258166025646151,0.453490092483233
9,[0.25271926],0.6640258414365856,0.5038714798383808
10,[0.53296001],0.35757824709600045,0.16111663981640068
11,[0.8921391],0.6208787636035805,0.2564374330629139
12,[0.24209363],0.33156853510699713,0.23319675059070477
13,[0.41762074],0.26135768975530793,0.005643459829482278
14,[0.86794548],0.5505992998831319,0.4149819211329613
15,[0.28633024],0.6010353226373025,0.369229699677025
16,[0.13769966],0.4150837047064081,0.33759071258996853
17,[0.0507936],0.8659515005074387,0.7057971389092338
18,[0.92829087],0.6703005068473568,0.3317118522470832
19,[0.77995014],0.5086898083563519,0.14424847781568517
20,[0.69447451],0.40063669700579396,0.24151094617549707
21,[0.95343867],0.6821783335076358,0.31773700296696905
22,[0.93194228],0.6145960952476867,0.4789787164975161
23,[0.20739954],0.6799660264773394,0.4481604035170619
24,[0.22335698],0.693388120406059,0.5332337588078541
25,[0.99751836],0.7395280001746587,0.40093934557438515
26,[0.4920633],0.2760754213191069,0.12021993110930218
27,[0.22577487],0.3792876013689022,0.266288430219803
28,[0.98771616],0.7297257974468896,0.39113714284661605
29,[0.75659074],0.5119843511477292,0.1600117218760806
30,[0.58258299],0.4226335893058744,0.174007750341429
31,[0.56602715],0.26958048992281736,0.2117195094218744
32,[0.37184337],0.2886025104538083,0.12021993110930218
33,[0.45296356],0.3831002687596511,0.12158503625410944
34,[0.81726831],0.5592779411854476,0.22068928658517417
35,[0.10200653],0.7853590377851398,0.5535534148248623
36,[0.91715646],0.6458961310987977,0.281454800558131
37,[0.04387119],0.6605036993370806,0.5306774115791733
38,[0.5745486],0.3630435207779098,0.12158503625410944
39,[0.18049899],0.736246116083078,0.5760917544848729
40,[0.63570166],0.41858840827345,0.019858276337734737
41,[0.89414345],0.6228831126270288,0.25844178208636204
42,[0.65555994],0.43050337407609074,0.019858276337734737
43,[0.25422487],0.43044846643160817,0.23783843442150532
44,[0.59657902],0.425432794998944,0.1600117218760806
45,[0.91987718],0.5668461345455624,0.5480338017067174
46,[0.77454108],0.6373582623258789,0.34121968275258185
47,[0.29099454],0.4010327267326387,0.2010687597977936
48,[0.68682978],0.35398200955265724,0.31498640169317804
49,[0.43332139],0.38702870276218737,0.14122720626679097
