,0,1,2
0,[0.54547015],0.2620705072445354,0.053406846246271455
1,[0.17186532],0.6343312482853316,0.4638363493945358
2,[0.85293181],0.39041409639999447,0.25635279011816925
3,[0.18022341],0.2551310864317123,0.3589916714704353
4,[0.58870005],0.36816349630811834,0.0141514511642028
5,[0.1207749],0.3798456777054677,0.3712884040851381
6,[0.55469875],0.24258768105601866,0.12137735776804837
7,[0.08202618],0.5435601019368823,0.4634439729953481
8,[0.99270517],0.5817880002643818,0.4141393798165217
9,[0.25271926],0.5223595881987751,0.3733502186609746
10,[0.53296001],0.2287313788959441,0.040896708707098495
11,[0.8921391],0.3800068563022464,0.30955610658787647
12,[0.24209363],0.22464072234525104,0.24996967909508816
13,[0.41762074],0.32089333305662643,0.11533927442296377
14,[0.86794548],0.47279055706111334,0.4346240911456428
15,[0.28633024],0.516738294386429,0.3493714233392903
16,[0.13769966],0.44957893898307477,0.3952603498014504
17,[0.0507936],0.5290678389542258,0.5948372002616348
18,[0.92829087],0.14148476573476693,0.3317118522470832
19,[0.77995014],0.4145141074627968,0.191250092118738
20,[0.69447451],0.299278382394408,0.16151449538653895
21,[0.95343867],0.6123040488397777,0.3987399169329673
22,[0.93194228],0.589029940066493,0.4789787164975161
23,[0.20739954],0.5675898605868736,0.42830212717932714
24,[0.22335698],0.50790098049567,0.37322203693177347
25,[0.99751836],0.403434326714242,0.4088183148178238
26,[0.4920633],0.20086906159272216,0.053406846246271455
27,[0.22577487],0.3781339656614391,0.30718513892690147
28,[0.98771616],0.4194509049974401,0.40513317131196447
29,[0.75659074],0.18002119303160238,0.1600117218760806
30,[0.58258299],0.37866238985162864,0.01399602846534842
31,[0.56602715],0.25920187755627905,0.03306713795794647
32,[0.37184337],0.2827144980749766,0.12021993110930218
33,[0.45296356],0.2457627202442736,0.11306358874690459
34,[0.81726831],0.3732610606671644,0.2346853150505226
35,[0.10200653],0.6259472480809514,0.4945724934275134
36,[0.91715646],0.6144792429429143,0.3284564148611838
37,[0.04387119],0.47121978643685536,0.4953438948836084
38,[0.5745486],0.29553475442897703,0.12158503625410944
39,[0.18049899],0.5449865827303549,0.41608003260879234
40,[0.63570166],0.4000016102181746,0.04700161430305283
41,[0.89414345],0.36285962554141393,0.30850192600036974
42,[0.65555994],0.36205788593203475,0.06991842025174244
43,[0.25422487],0.3911398091299264,0.2787351431286038
44,[0.59657902],0.3039260072327493,0.09789548951374616
45,[0.91987718],0.5000045749327146,0.42781387059741527
46,[0.77454108],0.4636614676061888,0.3313985977462411
47,[0.29099454],0.3312712471328742,0.2419654685048921
48,[0.68682978],0.3499926662636702,0.21431634162480567
49,[0.43332139],0.277715798162267,0.07919026644809046
