,0,1,2
0,[0.54547015],0.24141754441178884,0.053406846246271455
1,[0.17186532],0.6343312482853316,0.4638363493945358
2,[0.85293181],0.47972309382146816,0.25635279011816925
3,[0.18022341],0.31580639149998413,0.3652467402400218
4,[0.58870005],0.34527051109706924,0.0141514511642028
5,[0.1207749],0.3611647960268555,0.3917367584386874
6,[0.55469875],0.3407832239723563,0.12137735776804837
7,[0.08202618],0.4809107552613633,0.4634439729953481
8,[0.99270517],0.5817880002643818,0.41012218384537513
9,[0.25271926],0.4741740634591142,0.34385975796230017
10,[0.53296001],0.2287313788959441,0.040896708707098495
11,[0.8921391],0.24806241775284157,0.30955610658787647
12,[0.24209363],0.18241347268979344,0.24996967909508816
13,[0.41762074],0.32089333305662643,0.12784941196213673
14,[0.86794548],0.47279055706111334,0.4346240911456428
15,[0.28633024],0.3789787431103887,0.3102487782796761
16,[0.13769966],0.3567403585271756,0.3952603498014504
17,[0.0507936],0.6217623975413774,0.5653467395629602
18,[0.92829087],0.20009201110169245,0.34570788071243164
19,[0.77995014],0.24374880456463305,0.19832581770083946
20,[0.69447451],0.299278382394408,0.18196284974008814
21,[0.95343867],0.6123040488397777,0.388814992683596
22,[0.93194228],0.6026044785809894,0.4789787164975161
23,[0.20739954],0.5675898605868736,0.42830212717932714
24,[0.22335698],0.50790098049567,0.3653430676883348
25,[0.99751836],0.4803838002272968,0.4088183148178238
26,[0.4920633],0.2631811527149871,0.053406846246271455
27,[0.22577487],0.42642618491005885,0.30718513892690147
28,[0.98771616],0.4735206687141436,0.40513317131196447
29,[0.75659074],0.3101630955755753,0.174007750341429
30,[0.58258299],0.3937162782146312,0.01399602846534842
31,[0.56602715],0.25920187755627905,0.03306713795794647
32,[0.37184337],0.3273099559742238,0.16111663981640068
33,[0.45296356],0.2106924126523367,0.10739938825113571
34,[0.81726831],0.3614113714160304,0.2346853150505226
35,[0.10200653],0.6259472480809514,0.48669352418407474
36,[0.91715646],0.37793093074769474,0.35112931353259147
37,[0.04387119],0.3460494148076173,0.48908882611402194
38,[0.5745486],0.26109501596346274,0.12158503625410944
39,[0.18049899],0.5449865827303549,0.41608003260879234
40,[0.63570166],0.3221122780838862,0.05311867352496258
41,[0.89414345],0.362859625541414,0.3115604556113246
42,[0.65555994],0.32519314290246726,0.07297694986269732
43,[0.25422487],0.3895329307414678,0.2912452806677768
44,[0.59657902],0.3058864477783031,0.007878969243438672
45,[0.91987718],0.5000045749327146,0.42781387059741527
46,[0.77454108],0.4636614676061888,0.34121968275258185
47,[0.29099454],0.2876384272724987,0.2419654685048921
48,[0.68682978],0.3499926662636702,0.19476647058387586
49,[0.43332139],0.277715798162267,0.07919026644809046
