,0,1,2
0,[0.54547015],0.23333152066823737,0.01251013753917296
1,[0.17186532],0.6343312482853316,0.4638363493945358
2,[0.85293181],0.47972309382146816,0.27034881858351767
3,[0.18022341],0.29549705384424946,0.3652467402400218
4,[0.58870005],0.32560979196646844,0.007878969243438672
5,[0.1207749],0.3513846121673965,0.42469525033140954
6,[0.55469875],0.3179860595801947,0.12137735776804837
7,[0.08202618],0.4281699141671032,0.45093383545617516
8,[0.99270517],0.6066764560431634,0.4181565757876682
9,[0.25271926],0.4140737733536185,0.34385975796230017
10,[0.53296001],0.2287313788959441,0.01251013753917296
11,[0.8921391],0.31793670242069966,0.31357330255902305
12,[0.24209363],0.2532284446778007,0.3033765253413596
13,[0.41762074],0.2812488453942594,0.13246371167575455
14,[0.86794548],0.40272478865778993,0.4149819211329613
15,[0.28633024],0.41514656712955367,0.3102487782796761
16,[0.13769966],0.3145663711245299,0.4077704873406234
17,[0.0507936],0.537201857085855,0.5849080620927674
18,[0.92829087],0.3469658999209294,0.34570788071243164
19,[0.77995014],0.25085564900767476,0.2054015432829408
20,[0.69447451],0.299278382394408,0.16151449538653895
21,[0.95343867],0.47671532557921503,0.3788900684342247
22,[0.93194228],0.5278545682427778,0.4398789744156565
23,[0.20739954],0.47612631064466804,0.42830212717932714
24,[0.22335698],0.4139735615439082,0.3653430676883348
25,[0.99751836],0.5445937544960888,0.4118768444287787
26,[0.4920633],0.26424816588464106,0.053406846246271455
27,[0.22577487],0.3595396723806864,0.30718513892690147
28,[0.98771616],0.5381745384242462,0.4131675632542575
29,[0.75659074],0.221812046080366,0.174007750341429
30,[0.58258299],0.3218703040378309,0.008034391942293051
31,[0.56602715],0.25920187755627905,0.03306713795794647
32,[0.37184337],0.28189123960854934,0.17362677735557364
33,[0.45296356],0.2776895067211373,0.10173518775536683
34,[0.81726831],0.47961893838072533,0.2346853150505226
35,[0.10200653],0.6209176889250514,0.48669352418407474
36,[0.91715646],0.38733125360830534,0.35112931353259147
37,[0.04387119],0.396043350626635,0.48908882611402194
38,[0.5745486],0.3023892839774425,0.08248529417224981
39,[0.18049899],0.5449865827303548,0.41608003260879234
40,[0.63570166],0.3221122780838862,0.06115306546725563
41,[0.89414345],0.431416609710466,0.348673295479596
42,[0.65555994],0.27898937570477794,0.0769941458338439
43,[0.25422487],0.3895329307414678,0.2912452806677768
44,[0.59657902],0.29985940762336494,0.007878969243438672
45,[0.91987718],0.5747255421329748,0.42781387059741527
46,[0.77454108],0.29689388255279947,0.3020276416989705
47,[0.29099454],0.2876384272724987,0.2419654685048921
48,[0.68682978],0.28578271199487826,0.19476647058387586
49,[0.43332139],0.3213960166963433,0.05874191209454116
