,0,1,2
0,[0.54547015],0.2521227895768794,0.09250658832813108
1,[0.17186532],0.6249309254247211,0.4836946257322705
2,[0.85293181],0.25064184914139753,0.09634106824208866
3,[0.18022341],0.47952554444024315,0.35273660270084883
4,[0.58870005],0.37521601639424634,0.04700161430305283
5,[0.1207749],0.43102988919027674,0.3712884040851381
6,[0.55469875],0.3246973304254537,0.12137735776804837
7,[0.08202618],0.595790725174518,0.4634439729953481
8,[0.99270517],0.09002086092530323,0.3961261553800267
9,[0.25271926],0.5915011643412614,0.5038714798383808
10,[0.53296001],0.28361793893920095,0.07999645078895812
11,[0.8921391],0.40204377754700255,0.2564374330629139
12,[0.24209363],0.24126429087754878,0.23041980805415835
13,[0.41762074],0.32888772116545584,0.11533927442296377
14,[0.86794548],0.5176693693127749,0.4346240911456428
15,[0.28633024],0.491860254090839,0.3493714233392903
16,[0.13769966],0.25729039579685675,0.3348137700534221
17,[0.0507936],0.753041691597944,0.7057971389092338
18,[0.92829087],0.25064184914139753,0.20275824655216979
19,[0.77995014],0.23148889058382202,0.191250092118738
20,[0.69447451],0.40063669700579396,0.24151094617549707
21,[0.95343867],0.6821783335076358,0.3647386172700219
22,[0.93194228],0.641230509643251,0.4789787164975161
23,[0.20739954],0.628277670060067,0.4481604035170619
24,[0.22335698],0.4286757494196647,0.5332337588078541
25,[0.99751836],0.09387141308078999,0.24092762369830456
26,[0.4920633],0.24938542738638034,0.0008984833126194358
27,[0.22577487],0.2869351340790061,0.266288430219803
28,[0.98771616],0.4194509049974401,0.23112542097053546
29,[0.75659074],0.289178276438233,0.000719333826620483
30,[0.58258299],0.37866238985162864,0.174007750341429
31,[0.56602715],0.2599299383217996,0.11306358874690459
32,[0.37184337],0.2886025104538083,0.08112018902744256
33,[0.45296356],0.3831002687596511,0.07999645078895812
34,[0.81726831],0.49050598959298763,0.22068928658517417
35,[0.10200653],0.639319226209109,0.5336951384871276
36,[0.91715646],0.5148788427961429,0.3245169302394645
37,[0.04387119],0.554835981652114,0.48908882611402194
38,[0.5745486],0.4049504517507291,0.14122720626679097
39,[0.18049899],0.46296214596127977,0.5760917544848729
40,[0.63570166],0.28563596831660526,0.019858276337734737
41,[0.89414345],0.5332510319236163,0.30544339638941487
42,[0.65555994],0.3885879945224039,0.06685989064078757
43,[0.25422487],0.3451532155089917,0.23783843442150532
44,[0.59657902],0.3003429860497807,0.1600117218760806
45,[0.91987718],0.626940910564565,0.48655578269195643
46,[0.77454108],0.4205160909301635,0.34121968275258185
47,[0.29099454],0.36445487548325073,0.2215171141513429
48,[0.68682978],0.39389351055102556,0.2613587094890791
49,[0.43332139],0.29591052016244074,0.05874191209454116
