,0,1,2
0,[0.44931475],0.37306870267900555,0.07624604730599566
1,[0.57085917],0.44164877819628817,0.12921039592023847
2,[0.01454963],0.47100972299504895,0.45646009187439507
3,[0.65270348],0.44164877819628817,0.21105470092386996
4,[0.31124963],0.48616713177060455,0.17491749815843594
5,[0.48531608],0.5441525356347374,0.058836453493525176
6,[0.9218087],0.368644150855312,0.5531645506693603
7,[0.35836837],0.577354457333764,0.21898608286715082
8,[0.55496147],0.368644150855312,0.18631732399655954
9,[0.39153797],0.3853605546117075,0.006177414050148711
10,[0.45589059],0.4779379936337354,0.02204740059504512
11,[0.42497078],0.368644150855312,0.05632662531933519
12,[0.09095304],0.577354457333764,0.4864014153428865
13,[0.74826035],0.368644150855312,0.3796161971010371
14,[0.40642474],0.5202591312399925,0.11383439422075736
15,[0.34575033],0.4082543724182517,0.0625040393694839
16,[0.29855378],0.577354457333764,0.2788006745174668
17,[0.38045449],0.48616713177060455,0.10571264565323235
18,[0.04449328],0.47100972299504895,0.4265164410306016
19,[0.10868582],0.47100972299504895,0.3623239003190063
20,[0.75611472],0.3513737296689578,0.40474098737516845
21,[0.76997967],0.368644150855312,0.40133551513247956
22,[0.27293556],0.4082543724182517,0.13531881353180863
23,[0.59714937],0.44766145490182113,0.1494879165480581
24,[0.51644367],0.44766145490182113,0.0687822156006977
25,[0.60317595],0.44164877819628817,0.16152717206484274
26,[0.38504829],0.577354457333764,0.1923061639292154
27,[0.24171968],0.5202591312399925,0.2785394510824626
28,[0.78135646],0.368644150855312,0.4127123105181246
29,[0.15465207],0.4082543724182517,0.25360229756472386
30,[0.75525237],0.4521141604421857,0.30313820486304716
31,[0.25343271],0.47100972299504895,0.21757701364213455
32,[0.33933145],0.4082543724182517,0.06892292408661438
33,[0.70504435],0.4521141604421857,0.2529301928403063
34,[0.06383344],0.4082543724182517,0.3444209324654146
35,[0.01131949],0.5202591312399925,0.5089396381800265
36,[0.68536408],0.368644150855312,0.3167199319926358
37,[0.24282129],0.4082543724182517,0.1654330801974726
38,[0.87046142],0.3513737296689578,0.5190876933003143
39,[0.04242695],0.5202591312399925,0.47783218491434143
40,[0.18397249],0.48616713177060455,0.30219464650885897
41,[0.62709301],0.3513737296689578,0.27571928141949814
42,[0.29107732],0.48616713177060455,0.19508981437245454
43,[0.75737401],0.4521141604421857,0.305259845730445
44,[0.8558892],0.44164877819628817,0.4142404180296421
45,[0.6994469],0.44164877819628817,0.25779812404408703
46,[0.15440487],0.4082543724182517,0.253849498918266
47,[0.41393177],0.48616713177060455,0.07223536371047734
48,[0.70119514],0.44766145490182113,0.25353368154893546
49,[0.57047641],0.44766145490182113,0.12281495780735935
50,[0.41891224],0.577354457333764,0.1584422185906048
51,[0.87724129],0.3513737296689578,0.5258675648248055
52,[0.12586601],0.5202591312399925,0.3943931199652485
53,[0.95513792],0.4521141604421857,0.5030237597919178
54,[0.66939283],0.4521141604421857,0.21727867208413004
55,[0.69036517],0.44164877819628817,0.24871639605361312
56,[0.76863307],0.44766145490182113,0.32097161208825026
57,[0.43943232],0.48616713177060455,0.046734815005652575
58,[0.41363847],0.5202591312399925,0.10662066321087427
59,[0.10182946],0.577354457333764,0.4755249963065312
60,[0.84303254],0.4521141604421857,0.3909183780406939
61,[0.72308523],0.3513737296689578,0.37171150302163997
62,[0.4927047],0.3513737296689578,0.1413309663361389
63,[0.0095294],0.47100972299504895,0.4614803248046354
64,[0.86008048],0.4521141604421857,0.4079663216295892
65,[0.5822757],0.44766145490182113,0.13461424988481624
66,[0.11636197],0.47100972299504895,0.35464775476843036
67,[0.46965909],0.4922488210728224,0.022589732709364263
68,[0.33189479],0.577354457333764,0.2454596653831146
