,0,1,2
0,[0.44931475],0.4811818921842774,0.03186714219927622
1,[0.08573153],0.4927046960050967,0.4069731652240993
2,[0.57085917],0.439432316764952,0.13142685735157467
3,[0.01454963],0.46965908836345815,0.45510945724280427
4,[0.65270348],0.4219415074589032,0.23076197166125495
5,[0.31124963],0.48531608214121225,0.17406644852904363
6,[0.48531608],0.4189122387431592,0.06640384339805305
7,[0.9218087],0.4249707761746472,0.49683792535002513
8,[0.35836837],0.48531608214121225,0.12694770767459906
9,[0.55496147],0.4249707761746472,0.12999069867722435
10,[0.39153797],0.4927046960050967,0.1011667273432405
11,[0.45589059],0.48531608214121225,0.029425489102521962
12,[0.42497078],0.4811818921842774,0.056211116009630246
13,[0.09095304],0.4927046960050967,0.4017516540142192
14,[0.74826035],0.4136384680291182,0.3346218799272309
15,[0.40642474],0.439432316764952,0.033007579745716886
16,[0.34575033],0.4927046960050967,0.1469543629563289
17,[0.29855378],0.4493147499850012,0.15076096716870402
18,[0.38045449],0.46965908836345815,0.08920460224608595
19,[0.04449328],0.4558905930386903,0.41139731107424293
20,[0.10868582],0.48531608214121225,0.3766302594651696
21,[0.75611472],0.4136384680291182,0.34247624901500806
22,[0.76997967],0.4137851180446227,0.35619454794316885
23,[0.27293556],0.439432316764952,0.16649675787850893
24,[0.59714937],0.4249707761746472,0.17217859527523205
25,[0.51644367],0.4493147499850012,0.06712892051751762
26,[0.60317595],0.4136384680291182,0.18953748223201272
27,[0.38504829],0.48531608214121225,0.10026778873666364
28,[0.24171968],0.4558905930386903,0.2141709128811604
29,[0.78135646],0.4189122387431592,0.3624442226302774
30,[0.15465207],0.48901038907315447,0.33435831421962664
31,[0.75525237],0.4189122387431592,0.3363401265620737
32,[0.25343271],0.4558905930386903,0.20245788368577589
33,[0.33933145],0.4558905930386903,0.11655914470705298
34,[0.70504435],0.4164220034016432,0.28862234988084884
35,[0.06383344],0.4558905930386903,0.3920571530858532
36,[0.01131949],0.46965908836345815,0.4583395953034922
37,[0.68536408],0.4139317680601272,0.2714323147878206
38,[0.24282129],0.46965908836345815,0.22683779614267907
39,[0.87046142],0.439432316764952,0.4310291062043201
40,[0.04242695],0.46965908836345815,0.4272321420378071
41,[0.18397249],0.46965908836345815,0.28568660310171257
42,[0.62709301],0.4493147499850012,0.17777826110345474
43,[0.29107732],0.48531608214121225,0.19423876474306223
44,[0.75737401],0.4249707761746472,0.33240322999798355
45,[0.8558892],0.4249707761746472,0.4309184200512831
46,[0.6994469],0.439432316764952,0.2600145854754232
47,[0.15440487],0.4927046960050967,0.33829982250511104
48,[0.41393177],0.48901038907315447,0.07507862101302726
49,[0.70119514],0.439432316764952,0.2617628196858046
50,[0.57047641],0.4443735333749766,0.1261028793342039
51,[0.41891224],0.48531608214121225,0.06640384339805305
52,[0.87724129],0.4189122387431592,0.458329055750604
53,[0.12586601],0.4443735333749766,0.31850752210023264
54,[0.95513792],0.4219415074589032,0.5331964127752005
55,[0.66939283],0.4291722777540556,0.24022055477226018
56,[0.69036517],0.4249707761746472,0.2653943980752541
57,[0.76863307],0.439432316764952,0.3292007502251194
58,[0.43943232],0.4558905930386903,0.016458276273738304
59,[0.41363847],0.4493147499850012,0.035676281955883016
60,[0.10182946],0.48531608214121225,0.38348662111397946
61,[0.84303254],0.4189122387431592,0.42412029973972043
62,[0.72308523],0.4136384680291182,0.3094467646614796
63,[0.4927047],0.4558905930386903,0.036814102966406415
64,[0.0095294],0.4558905930386903,0.44636119484827674
65,[0.86008048],0.4189122387431592,0.4411682433286157
66,[0.5822757],0.439432316764952,0.1428433880216854
67,[0.11636197],0.46965908836345815,0.35329712013683956
68,[0.46965909],0.4189122387431592,0.05074684962029896
69,[0.33189479],0.48901038907315447,0.15711559712250506
