,0,1,2
0,[0.44931475],0.43476453053390424,0.014550219451096968
1,[0.08573153],0.5260318936315516,0.4403003628505542
2,[0.57085917],0.41003160252417664,0.16082757159235
3,[0.01454963],0.439432316764952,0.4248826856442981
4,[0.65270348],0.41003160252417664,0.2426718765959815
5,[0.31124963],0.46965908836345815,0.15840945475128954
6,[0.48531608],0.4189122387431592,0.06640384339805305
7,[0.9218087],0.39898135284054564,0.5228273486841266
8,[0.35836837],0.6693928325263158,0.3110244580597026
9,[0.55496147],0.4558905930386903,0.09907088181318124
10,[0.39153797],0.4673154160631067,0.07577744740125053
11,[0.45589059],0.5164436705025188,0.06055307746382854
12,[0.42497078],0.368644150855312,0.05632662531933519
13,[0.09095304],0.6693928325263158,0.5784397905354383
14,[0.74826035],0.4164220034016432,0.3318383445547059
15,[0.40642474],0.44731493226905267,0.040890195249817574
16,[0.34575033],0.4493147499850012,0.10356441693623342
17,[0.29855378],0.4443735333749766,0.1458197505586794
18,[0.38045449],0.439432316764952,0.058977830647579776
19,[0.04449328],0.4927046960050967,0.44821141404064935
20,[0.10868582],0.48901038907315447,0.3803245663971118
21,[0.75611472],0.4314766090070597,0.32463810803706655
22,[0.76997967],0.4025882183454872,0.36739144764230436
23,[0.27293556],0.4249707761746472,0.15203521728820413
24,[0.59714937],0.4558905930386903,0.14125877841118895
25,[0.51644367],0.4742976445218935,0.042146025980625335
26,[0.60317595],0.4136384680291182,0.18953748223201272
27,[0.38504829],0.48531608214121225,0.10026778873666364
28,[0.24171968],0.4627748407010742,0.22105516054354435
29,[0.78135646],0.3882931310332024,0.3930633303402342
30,[0.15465207],0.4249707761746472,0.27031870132111935
31,[0.75525237],0.4189122387431592,0.3363401265620737
32,[0.25343271],0.4443735333749766,0.1909408240220622
33,[0.33933145],0.41569775659694114,0.07636630826530383
34,[0.70504435],0.4189122387431592,0.28613211453933285
35,[0.06383344],0.4193046221018827,0.3554711821490456
36,[0.01131949],0.439432316764952,0.42811282370498605
37,[0.68536408],0.3850482934045486,0.3003157894433992
38,[0.24282129],0.439432316764952,0.1966110245441729
39,[0.87046142],0.4154851427134041,0.454976280255868
40,[0.04242695],0.4594869191742297,0.41705997284857865
41,[0.18397249],0.46965908836345815,0.28568660310171257
42,[0.62709301],0.39898135284054564,0.2281116582479103
43,[0.29107732],0.5045741832538078,0.21349686585565775
44,[0.75737401],0.4189122387431592,0.33846176742947154
45,[0.8558892],0.4136384680291182,0.4422507281968121
46,[0.6994469],0.4136384680291182,0.285808434211257
47,[0.15440487],0.4927046960050967,0.33829982250511104
48,[0.41393177],0.5164436705025188,0.10251190244239161
49,[0.70119514],0.48531608214121225,0.21587905430954435
50,[0.57047641],0.48531608214121225,0.08516033056796823
51,[0.41891224],0.6693928325263158,0.25048059378315657
52,[0.87724129],0.4316232590225642,0.445618035471199
53,[0.12586601],0.439432316764952,0.31356630549020803
54,[0.95513792],0.4291722777540556,0.5259656424800481
55,[0.66939283],0.4189122387431592,0.25048059378315657
56,[0.69036517],0.4064247370192351,0.2839404372306662
57,[0.76863307],0.4558905930386903,0.3127424739513811
58,[0.43943232],0.4137851180446227,0.02564719872032928
59,[0.41363847],0.4443735333749766,0.030735065345858403
60,[0.10182946],0.5315905543571386,0.42976109332990586
61,[0.84303254],0.4189122387431592,0.42412029973972043
62,[0.72308523],0.4314766090070597,0.29160862368353807
63,[0.4927047],0.48531608214121225,0.007388613863884452
64,[0.0095294],0.4493147499850012,0.43978535179458766
65,[0.86008048],0.4189122387431592,0.4411682433286157
66,[0.5822757],0.4558905930386903,0.1263851117479471
67,[0.11636197],0.4927046960050967,0.3763427277784781
68,[0.46965909],0.41003160252417664,0.05962748583928151
69,[0.33189479],0.5315905543571386,0.19969576240648923
