,0,1,2
0,[0.44931475],0.4742976445218935,0.024982894536892286
1,[0.08573153],0.5260318936315516,0.4403003628505542
2,[0.57085917],0.41003160252417664,0.16082757159235
3,[0.01454963],0.439432316764952,0.4248826856442981
4,[0.65270348],0.41003160252417664,0.2426718765959815
5,[0.31124963],0.46965908836345815,0.15840945475128954
6,[0.48531608],0.4189122387431592,0.06640384339805305
7,[0.9218087],0.3915379686618562,0.5302707328628161
8,[0.35836837],0.5164436705025188,0.15807529603590564
9,[0.55496147],0.4558905930386903,0.09907088181318124
10,[0.39153797],0.4673154160631067,0.07577744740125053
11,[0.45589059],0.5164436705025188,0.06055307746382854
12,[0.42497078],0.45260267151184574,0.027631895337198564
13,[0.09095304],0.5164436705025188,0.4254906285116413
14,[0.74826035],0.4027348683609917,0.3455254795953574
15,[0.40642474],0.44731493226905267,0.040890195249817574
16,[0.34575033],0.4558905930386903,0.1101402599899225
17,[0.29855378],0.4443735333749766,0.1458197505586794
18,[0.38045449],0.439432316764952,0.058977830647579776
19,[0.04449328],0.4927046960050967,0.44821141404064935
20,[0.10868582],0.4774875852523352,0.36880176257629255
21,[0.75611472],0.4025882183454872,0.35352649869863906
22,[0.76997967],0.3915379686618562,0.37844169732593536
23,[0.27293556],0.4249707761746472,0.15203521728820413
24,[0.59714937],0.4558905930386903,0.14125877841118895
25,[0.51644367],0.4558905930386903,0.06055307746382854
26,[0.60317595],0.4136384680291182,0.18953748223201272
27,[0.38504829],0.48531608214121225,0.10026778873666364
28,[0.24171968],0.4627748407010742,0.22105516054354435
29,[0.78135646],0.3882931310332024,0.3930633303402342
30,[0.15465207],0.4249707761746472,0.27031870132111935
31,[0.75525237],0.4189122387431592,0.3363401265620737
32,[0.25343271],0.4443735333749766,0.1909408240220622
33,[0.33933145],0.4219415074589032,0.08261005912726588
34,[0.70504435],0.3850482934045486,0.31999605987794344
35,[0.06383344],0.4193046221018827,0.3554711821490456
36,[0.01131949],0.439432316764952,0.42811282370498605
37,[0.68536408],0.3850482934045486,0.3003157894433992
38,[0.24282129],0.439432316764952,0.1966110245441729
39,[0.87046142],0.4154851427134041,0.454976280255868
40,[0.04242695],0.4594869191742297,0.41705997284857865
41,[0.18397249],0.46965908836345815,0.28568660310171257
42,[0.62709301],0.4371427630798242,0.18995024800863175
43,[0.29107732],0.48901038907315447,0.19793307167500446
44,[0.75737401],0.4371427630798242,0.32023124309280654
45,[0.8558892],0.4493147499850012,0.4065744462409291
46,[0.6994469],0.4322015464697996,0.2672453557705756
47,[0.15440487],0.4927046960050967,0.33829982250511104
48,[0.41393177],0.5164436705025188,0.10251190244239161
49,[0.70119514],0.4558905930386903,0.2453045434120663
50,[0.57047641],0.4558905930386903,0.1145858196704902
51,[0.41891224],0.5164436705025188,0.09753143175935963
52,[0.87724129],0.4493147499850012,0.427926544508762
53,[0.12586601],0.439432316764952,0.31356630549020803
54,[0.95513792],0.4189122387431592,0.5362256814909444
55,[0.66939283],0.4189122387431592,0.25048059378315657
56,[0.69036517],0.4064247370192351,0.2839404372306662
57,[0.76863307],0.4558905930386903,0.3127424739513811
58,[0.43943232],0.4137851180446227,0.02564719872032928
59,[0.41363847],0.4443735333749766,0.030735065345858403
60,[0.10182946],0.5045741832538078,0.402744722226575
61,[0.84303254],0.4189122387431592,0.42412029973972043
62,[0.72308523],0.4025882183454872,0.3204970143451106
63,[0.4927047],0.48531608214121225,0.007388613863884452
64,[0.0095294],0.4742976445218935,0.46476824633147995
65,[0.86008048],0.4189122387431592,0.4411682433286157
66,[0.5822757],0.4558905930386903,0.1263851117479471
67,[0.11636197],0.46965908836345815,0.35329712013683956
68,[0.46965909],0.41003160252417664,0.05962748583928151
69,[0.33189479],0.5045741832538078,0.17267939130315835
