,0,1,2
0,[0.44931475],0.439432316764952,0.009882433220049225
1,[0.08573153],0.46965908836345815,0.3839275575824608
2,[0.57085917],0.439432316764952,0.13142685735157467
3,[0.01454963],0.46965908836345815,0.45510945724280427
4,[0.65270348],0.4219415074589032,0.23076197166125495
5,[0.31124963],0.46965908836345815,0.15840945475128954
6,[0.48531608],0.4249707761746472,0.060345305966565066
7,[0.9218087],0.4249707761746472,0.49683792535002513
8,[0.35836837],0.46965908836345815,0.11129071389684497
9,[0.55496147],0.4249707761746472,0.12999069867722435
10,[0.39153797],0.48531608214121225,0.09377811347935605
11,[0.45589059],0.46965908836345815,0.013768495324767871
12,[0.42497078],0.4558905930386903,0.030919816864043104
13,[0.09095304],0.46965908836345815,0.37870604637258065
14,[0.74826035],0.4139317680601272,0.3343285798962219
15,[0.40642474],0.4493147499850012,0.04289001296576611
16,[0.34575033],0.4558905930386903,0.1101402599899225
17,[0.29855378],0.46965908836345815,0.17110530554716097
18,[0.38045449],0.48531608214121225,0.10486159602384004
19,[0.04449328],0.4558905930386903,0.41139731107424293
20,[0.10868582],0.46965908836345815,0.3609732656874155
21,[0.75611472],0.4189122387431592,0.33720247830096706
22,[0.76997967],0.4189122387431592,0.35106742724463236
23,[0.27293556],0.4558905930386903,0.18295503415224723
24,[0.59714937],0.4189122387431592,0.17823713270672004
25,[0.51644367],0.4189122387431592,0.09753143175935963
26,[0.60317595],0.4249707761746472,0.17820517408648373
27,[0.38504829],0.48531608214121225,0.10026778873666364
28,[0.24171968],0.4558905930386903,0.2141709128811604
29,[0.78135646],0.4249707761746472,0.35638568519878944
30,[0.15465207],0.4558905930386903,0.30123851818516245
31,[0.75525237],0.4249707761746472,0.3302815891305857
32,[0.25343271],0.46965908836345815,0.21622637901054376
33,[0.33933145],0.4558905930386903,0.11655914470705298
34,[0.70504435],0.4139317680601272,0.29111258522236483
35,[0.06383344],0.46965908836345815,0.4058256484106211
36,[0.01131949],0.46965908836345815,0.4583395953034922
37,[0.68536408],0.4139317680601272,0.2714323147878206
38,[0.24282129],0.46965908836345815,0.22683779614267907
39,[0.87046142],0.4189122387431592,0.4515491842261129
40,[0.04242695],0.46965908836345815,0.4272321420378071
41,[0.18397249],0.46965908836345815,0.28568660310171257
42,[0.62709301],0.4189122387431592,0.20818077234529675
43,[0.29107732],0.46965908836345815,0.17858177096530814
44,[0.75737401],0.4189122387431592,0.33846176742947154
45,[0.8558892],0.439432316764952,0.4164568794609783
46,[0.6994469],0.4249707761746472,0.274476126065728
47,[0.15440487],0.46965908836345815,0.3152542148634725
48,[0.41393177],0.46965908836345815,0.05572732030333094
49,[0.70119514],0.4249707761746472,0.2762243602761094
50,[0.57047641],0.4249707761746472,0.1455056365345333
51,[0.41891224],0.46965908836345815,0.05074684962029896
52,[0.87724129],0.4249707761746472,0.452270518319116
53,[0.12586601],0.45260267151184574,0.3267366602371018
54,[0.95513792],0.4249707761746472,0.5301671440594564
55,[0.66939283],0.4189122387431592,0.25048059378315657
56,[0.69036517],0.4249707761746472,0.2653943980752541
57,[0.76863307],0.439432316764952,0.3292007502251194
58,[0.43943232],0.4558905930386903,0.016458276273738304
59,[0.41363847],0.4558905930386903,0.042252125009572095
60,[0.10182946],0.48531608214121225,0.38348662111397946
61,[0.84303254],0.4189122387431592,0.42412029973972043
62,[0.72308523],0.4136384680291182,0.3094467646614796
63,[0.4927047],0.4493147499850012,0.04338994602009549
64,[0.0095294],0.46965908836345815,0.4601296901730446
65,[0.86008048],0.4189122387431592,0.4411682433286157
66,[0.5822757],0.439432316764952,0.1428433880216854
67,[0.11636197],0.46965908836345815,0.35329712013683956
68,[0.46965909],0.4189122387431592,0.05074684962029896
69,[0.33189479],0.46965908836345815,0.13776429641280874
