,0,1,2
0,[0.44931475],0.4927046960050967,0.04338994602009549
1,[0.08573153],0.48531608214121225,0.39958455136021487
2,[0.57085917],0.439432316764952,0.13142685735157467
3,[0.01454963],0.4493147499850012,0.4347651188643473
4,[0.65270348],0.4164220034016432,0.23628147571851493
5,[0.31124963],0.4774875852523352,0.16623795164016658
6,[0.48531608],0.4139317680601272,0.07138431408108503
7,[0.9218087],0.39898135284054564,0.5228273486841266
8,[0.35836837],0.5045741832538078,0.14620580878719458
9,[0.55496147],0.4493147499850012,0.10564672486687032
10,[0.39153797],0.48531608214121225,0.09377811347935605
11,[0.45589059],0.4927046960050967,0.036814102966406415
12,[0.42497078],0.4558905930386903,0.030919816864043104
13,[0.09095304],0.48531608214121225,0.39436304015033474
14,[0.74826035],0.4136384680291182,0.3346218799272309
15,[0.40642474],0.4627748407010742,0.056350103681839125
16,[0.34575033],0.48531608214121225,0.13956574909244446
17,[0.29855378],0.4493147499850012,0.15076096716870402
18,[0.38045449],0.4558905930386903,0.07543610692131808
19,[0.04449328],0.4927046960050967,0.44821141404064935
20,[0.10868582],0.48531608214121225,0.3766302594651696
21,[0.75611472],0.4136384680291182,0.34247624901500806
22,[0.76997967],0.3915379686618562,0.37844169732593536
23,[0.27293556],0.4249707761746472,0.15203521728820413
24,[0.59714937],0.4558905930386903,0.14125877841118895
25,[0.51644367],0.4189122387431592,0.09753143175935963
26,[0.60317595],0.4136384680291182,0.18953748223201272
27,[0.38504829],0.4558905930386903,0.07084229963414168
28,[0.24171968],0.4558905930386903,0.2141709128811604
29,[0.78135646],0.4139317680601272,0.3674246933133094
30,[0.15465207],0.4594869191742297,0.30483484432070185
31,[0.75525237],0.4189122387431592,0.3363401265620737
32,[0.25343271],0.45260267151184574,0.19916996215893135
33,[0.33933145],0.4249707761746472,0.08563932784300987
34,[0.70504435],0.41017825253968115,0.2948661007428109
35,[0.06383344],0.439432316764952,0.3755988768121149
36,[0.01131949],0.46965908836345815,0.4583395953034922
37,[0.68536408],0.39898135284054564,0.28638273000740216
38,[0.24282129],0.45454570256420507,0.21172441034342598
39,[0.87046142],0.4322015464697996,0.4382598764994725
40,[0.04242695],0.4558905930386903,0.41346364671303926
41,[0.18397249],0.4627748407010742,0.27880235543932863
42,[0.62709301],0.4322015464697996,0.19489146461865636
43,[0.29107732],0.4774875852523352,0.18641026785418519
44,[0.75737401],0.4189122387431592,0.33846176742947154
45,[0.8558892],0.4249707761746472,0.4309184200512831
46,[0.6994469],0.439432316764952,0.2600145854754232
47,[0.15440487],0.4927046960050967,0.33829982250511104
48,[0.41393177],0.4927046960050967,0.07877292794496948
49,[0.70119514],0.439432316764952,0.2617628196858046
50,[0.57047641],0.45260267151184574,0.11787374119733474
51,[0.41891224],0.4927046960050967,0.0737924572619375
52,[0.87724129],0.4249707761746472,0.452270518319116
53,[0.12586601],0.4627748407010742,0.33690882942633027
54,[0.95513792],0.4249707761746472,0.5301671440594564
55,[0.66939283],0.439432316764952,0.22996051576136378
56,[0.69036517],0.4189122387431592,0.2714529355067421
57,[0.76863307],0.439432316764952,0.3292007502251194
58,[0.43943232],0.4558905930386903,0.016458276273738304
59,[0.41363847],0.4493147499850012,0.035676281955883016
60,[0.10182946],0.48531608214121225,0.38348662111397946
61,[0.84303254],0.4189122387431592,0.42412029973972043
62,[0.72308523],0.4064247370192351,0.3166604956713627
63,[0.4927047],0.4558905930386903,0.036814102966406415
64,[0.0095294],0.48531608214121225,0.4757866839507987
65,[0.86008048],0.4189122387431592,0.4411682433286157
66,[0.5822757],0.439432316764952,0.1428433880216854
67,[0.11636197],0.4493147499850012,0.3329527817583826
68,[0.46965909],0.4139317680601272,0.05572732030333094
69,[0.33189479],0.48901038907315447,0.15711559712250506
