,0,1,2
0,[0.44931475],0.4742976445218935,0.024982894536892286
1,[0.08573153],0.5045741832538078,0.4188426524728104
2,[0.57085917],0.439432316764952,0.13142685735157467
3,[0.01454963],0.46965908836345815,0.45510945724280427
4,[0.65270348],0.4219415074589032,0.23076197166125495
5,[0.31124963],0.4774875852523352,0.16623795164016658
6,[0.48531608],0.4139317680601272,0.07138431408108503
7,[0.9218087],0.4136384680291182,0.5081702334955541
8,[0.35836837],0.4927046960050967,0.13433632153848352
9,[0.55496147],0.4249707761746472,0.12999069867722435
10,[0.39153797],0.4927046960050967,0.1011667273432405
11,[0.45589059],0.48531608214121225,0.029425489102521962
12,[0.42497078],0.46965908836345815,0.044688312188810975
13,[0.09095304],0.5164436705025188,0.4254906285116413
14,[0.74826035],0.4136384680291182,0.3346218799272309
15,[0.40642474],0.4249707761746472,0.018546039155412086
16,[0.34575033],0.4927046960050967,0.1469543629563289
17,[0.29855378],0.4493147499850012,0.15076096716870402
18,[0.38045449],0.4627748407010742,0.08232035458370202
19,[0.04449328],0.4558905930386903,0.41139731107424293
20,[0.10868582],0.48531608214121225,0.3766302594651696
21,[0.75611472],0.4064247370192351,0.34968998002489116
22,[0.76997967],0.3915379686618562,0.37844169732593536
23,[0.27293556],0.4249707761746472,0.15203521728820413
24,[0.59714937],0.4493147499850012,0.14783462146487802
25,[0.51644367],0.44766145490182113,0.0687822156006977
26,[0.60317595],0.4136384680291182,0.18953748223201272
27,[0.38504829],0.48531608214121225,0.10026778873666364
28,[0.24171968],0.4493147499850012,0.20759506982747133
29,[0.78135646],0.4189122387431592,0.3624442226302774
30,[0.15465207],0.48531608214121225,0.3306640072876844
31,[0.75525237],0.4189122387431592,0.3363401265620737
32,[0.25343271],0.4493147499850012,0.1958820406320868
33,[0.33933145],0.4371427630798242,0.09781131474818688
34,[0.70504435],0.4164220034016432,0.28862234988084884
35,[0.06383344],0.439432316764952,0.3755988768121149
36,[0.01131949],0.4774875852523352,0.46616809219236927
37,[0.68536408],0.4064247370192351,0.2789393458287127
38,[0.24282129],0.46965908836345815,0.22683779614267907
39,[0.87046142],0.439432316764952,0.4310291062043201
40,[0.04242695],0.46965908836345815,0.4272321420378071
41,[0.18397249],0.46965908836345815,0.28568660310171257
42,[0.62709301],0.4493147499850012,0.17777826110345474
43,[0.29107732],0.48531608214121225,0.19423876474306223
44,[0.75737401],0.4249707761746472,0.33240322999798355
45,[0.8558892],0.4322015464697996,0.4236876497561307
46,[0.6994469],0.4493147499850012,0.250132152255374
47,[0.15440487],0.4927046960050967,0.33829982250511104
48,[0.41393177],0.4927046960050967,0.07877292794496948
49,[0.70119514],0.439432316764952,0.2617628196858046
50,[0.57047641],0.439432316764952,0.1310440959442285
51,[0.41891224],0.4927046960050967,0.0737924572619375
52,[0.87724129],0.4322015464697996,0.4450397480239636
53,[0.12586601],0.4443735333749766,0.31850752210023264
54,[0.95513792],0.4322015464697996,0.522936373764304
55,[0.66939283],0.4291722777540556,0.24022055477226018
56,[0.69036517],0.4249707761746472,0.2653943980752541
57,[0.76863307],0.4493147499850012,0.3193183170050702
58,[0.43943232],0.46965908836345815,0.030226771598506175
59,[0.41363847],0.4493147499850012,0.035676281955883016
60,[0.10182946],0.48531608214121225,0.38348662111397946
61,[0.84303254],0.4189122387431592,0.42412029973972043
62,[0.72308523],0.41003160252417664,0.3130536301664211
63,[0.4927047],0.47060333758995126,0.022101358415145433
64,[0.0095294],0.4558905930386903,0.44636119484827674
65,[0.86008048],0.4189122387431592,0.4411682433286157
66,[0.5822757],0.4493147499850012,0.13296095480163617
67,[0.11636197],0.46965908836345815,0.35329712013683956
68,[0.46965909],0.4219415074589032,0.04771758090455497
69,[0.33189479],0.4927046960050967,0.16080990405444728
