,0,1,2
0,[0.25827518],0.5937236620557258,0.1707874551522014
1,[0.16869154],0.608236038507342,0.25886749397970577
2,[0.1352604],0.39649423909844966,0.3554639392234138
3,[0.85768843],0.5362390646186259,0.4919528464012727
4,[0.36573558],0.30601429529178625,0.0942736431083292
5,[0.09545659],0.6371138217258027,0.5085627137607169
6,[0.97218242],0.6967893426350351,0.6395350531018642
7,[0.78917669],0.5239425830569518,0.45652932167340626
8,[0.49994185],0.4082486485500628,0.16729448540618358
9,[0.15772958],0.5872954271160765,0.4462897204985592
10,[0.17668987],0.5288365218591136,0.3523715946338767
11,[0.83755283],0.48277145029175356,0.48492476377626337
12,[0.34848475],0.4908793618924947,0.19888707040141984
13,[0.72613739],0.4861190053470235,0.39349002549019235
14,[0.29674499],0.41659694108583156,0.2323164756117636
15,[0.60923841],0.4004813349694839,0.2889494743272243
16,[0.96452016],0.7007421251283801,0.6442312259207533
17,[0.35818341],0.4300176094043214,0.10182581569696358
18,[0.07147562],0.6574052124616487,0.4284662308341388
19,[0.65696582],0.44461605975100094,0.32431844949682137
20,[0.67206825],0.46813378552655555,0.3215118441857971
21,[0.83181028],0.5680322516686587,0.5115213524610319
22,[0.53330455],0.3720332641578622,0.18067647664012387
23,[0.08717649],0.4174379335217434,0.3728327386832223
24,[0.49072434],0.3095471699488862,0.0844056870871166
25,[0.14612101],0.6035952698948983,0.38718353111157644
26,[0.91270207],0.8125013670860077,0.550742566962112
27,[0.48938248],0.30601429529178625,0.12364689533608964
28,[0.02318994],0.7056908998429405,0.4767519182154306
29,[0.52906146],0.36646163770574675,0.20877252990685946
30,[0.29104303],0.4200181154342381,0.23801843285910784
31,[0.93494486],0.5606850722069405,0.582316791170247
32,[0.95477748],0.6943011670322186,0.6042210710678759
33,[0.25280839],0.5398066037371863,0.23791594123354276
34,[0.34383288],0.5671636173538293,0.166060021124677
35,[0.6654605],0.5708117186964576,0.31697574925320604
36,[0.12539216],0.6034886713653514,0.3745496897378414
37,[0.01451982],0.4755632690596846,0.44548940810564874
38,[0.30711133],0.47087527827877107,0.15289790179002571
39,[0.6040193],0.42199201341456744,0.2618815839856755
40,[0.46000923],0.45938843856714595,0.03245019544028438
41,[0.67111841],0.3817048005779362,0.26479976365974167
42,[0.11237277],0.4148043390728494,0.37835156419141347
43,[0.02535082],0.6801755696929197,0.5037106424676828
44,[0.65043246],0.37043428681709295,0.2846968741493563
45,[0.34213772],0.4467819081217887,0.19116682889518943
46,[0.98615434],0.633733542045815,0.5798356904945902
47,[0.59300163],0.3907392721999169,0.2727127030446126
48,[0.0739992],0.8078668989419533,0.43589369492364094
49,[0.35262807],0.3095471699488862,0.13809626634950511
