,0,1,2
0,[0.25827518],0.4906104185540493,0.24166667633202765
1,[0.16869154],0.5623639574019489,0.3312503160826791
2,[0.1352604],0.19573739568523663,0.3554639392234138
3,[0.85768843],0.5753204584642071,0.49950501898990707
4,[0.36573558],0.3986930964699617,0.12364689533608964
5,[0.09545659],0.5075616451186382,0.3952677483796121
6,[0.97218242],0.6865527406785278,0.6195543528831465
7,[0.78917669],0.514989805996698,0.44069194281605095
8,[0.49994185],0.34086859257866015,0.14731378518746596
9,[0.15772958],0.5575815995746038,0.3713318812720111
10,[0.17668987],0.4886300124990994,0.3523715946338767
11,[0.83755283],0.45090550514488204,0.48492476377626337
12,[0.34848475],0.2815073369791732,0.14223958771086742
13,[0.72613739],0.5082934743531228,0.37350932527147473
14,[0.29674499],0.23411325374958625,0.2177566719534656
15,[0.60923841],0.38249702658981966,0.2566103369244267
16,[0.96452016],0.684899560406839,0.6677751716256575
17,[0.35818341],0.39597902413791924,0.13119906792472402
18,[0.07147562],0.4262438238678793,0.4284662308341388
19,[0.65696582],0.5181190611185812,0.30848107063946606
20,[0.67206825],0.400954947731356,0.32358350486647824
21,[0.83181028],0.3707836493498062,0.48332553641959664
22,[0.53330455],0.3733989578684261,0.18067647664012387
23,[0.08717649],0.30541142266802723,0.40220599091098275
24,[0.49072434],0.18305800583369858,0.13809626634950511
25,[0.14612101],0.5111626790963003,0.34393239302247386
26,[0.91270207],0.5796224039240764,0.564217317445605
27,[0.48938248],0.33659653659079103,0.12364689533608964
28,[0.02318994],0.708485283217707,0.4721431587964502
29,[0.52906146],0.36646163770574675,0.18290264903368975
30,[0.29104303],0.49237328438331407,0.1996813067045511
31,[0.93494486],0.6037295482245486,0.5767614483424336
32,[0.95477748],0.5691752069774505,0.599371738973288
33,[0.25280839],0.2837319780554773,0.23791594123354276
34,[0.34383288],0.48609612433016014,0.14689145804739856
35,[0.6654605],0.4361920455530551,0.31697574925320604
36,[0.12539216],0.5201824055821094,0.3639903153029129
37,[0.01451982],0.7846504158866884,0.4762045159303768
38,[0.30711133],0.42377241452722425,0.15289790179002571
39,[0.6040193],0.3311628232664487,0.25139123173060995
40,[0.46000923],0.25954723792727386,0.10460348711087031
41,[0.67111841],0.40286449792415147,0.31571267150822346
42,[0.11237277],0.2296458501372612,0.3476364563666854
43,[0.02535082],0.48875976505593766,0.4745910351510869
44,[0.65043246],0.4475905470906153,0.2922490467379907
45,[0.34213772],0.26002564718215854,0.14858661860457067
46,[0.98615434],0.5697867099294542,0.6335262697569787
47,[0.59300163],0.36951999543994474,0.2445168870031773
48,[0.0739992],0.41842495204126884,0.41538327624939486
49,[0.35262807],0.39114522053527356,0.13809626634950511
