,0,1,2
0,[0.25827518],0.4738010454487491,0.24166667633202765
1,[0.16869154],0.4470116677334621,0.345810119740977
2,[0.1352604],0.34933710943901974,0.3554639392234138
3,[0.85768843],0.5753204584642071,0.49950501898990707
4,[0.36573558],0.3986930964699617,0.12364689533608964
5,[0.09545659],0.6548233872313552,0.3998765077985925
6,[0.97218242],0.6908798994663902,0.6195543528831465
7,[0.78917669],0.5485064737018113,0.44069194281605095
8,[0.49994185],0.34086859257866015,0.14731378518746596
9,[0.15772958],0.4238378939799102,0.37345342334004217
10,[0.17668987],0.5010060136986402,0.3523715946338767
11,[0.83755283],0.45090550514488204,0.48492476377626337
12,[0.34848475],0.33513503962753155,0.14223958771086742
13,[0.72613739],0.4796515221905383,0.37350932527147473
14,[0.29674499],0.3328572448444176,0.19397934945720685
15,[0.60923841],0.38272667863280674,0.2566103369244267
16,[0.96452016],0.745291281606211,0.6677751716256575
17,[0.35818341],0.3918418334666541,0.13119906792472402
18,[0.07147562],0.4262438238678793,0.4284662308341388
19,[0.65696582],0.5363463213551438,0.30848107063946606
20,[0.67206825],0.400954947731356,0.32358350486647824
21,[0.83181028],0.5844179803627713,0.4812538757389155
22,[0.53330455],0.32920619029042625,0.18067647664012387
23,[0.08717649],0.30541142266802723,0.40220599091098275
24,[0.49072434],0.254971132443223,0.13809626634950511
25,[0.14612101],0.41679922942433717,0.34326146522399004
26,[0.91270207],0.7720286204639899,0.564217317445605
27,[0.48938248],0.3161141805490247,0.12364689533608964
28,[0.02318994],0.5363328483562363,0.46753439937746977
29,[0.52906146],0.36646163770574675,0.18522858420195532
30,[0.29104303],0.4072300808066875,0.2042900661235315
31,[0.93494486],0.7021201175048031,0.5767614483424336
32,[0.95477748],0.5691752069774505,0.5965940675593813
33,[0.25280839],0.2146241633629237,0.23791594123354276
34,[0.34383288],0.48609612433016014,0.14689145804739856
35,[0.6654605],0.5380099123526264,0.3149040885725249
36,[0.12539216],0.5201824055821094,0.3639903153029129
37,[0.01451982],0.7846504158866884,0.4762045159303768
38,[0.30711133],0.31242149623318854,0.15289790179002571
39,[0.6040193],0.3311628232664487,0.25139123173060995
40,[0.46000923],0.2973579245809354,0.10738115852477703
41,[0.67111841],0.4415374049423372,0.3184903429221302
42,[0.11237277],0.2296458501372612,0.3476364563666854
43,[0.02535082],0.5865138910602694,0.4745910351510869
44,[0.65043246],0.4475905470906153,0.2922490467379907
45,[0.34213772],0.3200484810577646,0.1531953780235511
46,[0.98615434],0.5502161195816616,0.6335262697569787
47,[0.59300163],0.3789363273380736,0.2445168870031773
48,[0.0739992],0.46106982234377814,0.41538327624939486
49,[0.35262807],0.44743444119572856,0.13809626634950511
