,0,1,2
0,[0.25827518],0.3534504293085857,0.24166667633202765
1,[0.16869154],0.4470116677334621,0.3312503160826791
2,[0.1352604],0.45758661853086247,0.3554639392234138
3,[0.85768843],0.5171105541216757,0.49950501898990707
4,[0.36573558],0.3602475096847864,0.12364689533608964
5,[0.09545659],0.6548233872313551,0.3952677483796121
6,[0.97218242],0.6865527406785278,0.6195543528831465
7,[0.78917669],0.6272916522583402,0.4386202821353698
8,[0.49994185],0.39513690963030595,0.14938544586814712
9,[0.15772958],0.5202686654120503,0.3713318812720111
10,[0.17668987],0.4886300124990994,0.3523715946338767
11,[0.83755283],0.45090550514488204,0.48492476377626337
12,[0.34848475],0.33513503962753155,0.14223958771086742
13,[0.72613739],0.4910426829773781,0.37350932527147473
14,[0.29674499],0.28799598975519547,0.19397934945720685
15,[0.60923841],0.38249702658981966,0.25868199760510785
16,[0.96452016],0.6371378305235552,0.6677751716256575
17,[0.35818341],0.39597902413791924,0.13119906792472402
18,[0.07147562],0.4262438238678792,0.4284662308341388
19,[0.65696582],0.5363463213551438,0.30848107063946606
20,[0.67206825],0.400954947731356,0.32358350486647824
21,[0.83181028],0.4867711150879865,0.48332553641959664
22,[0.53330455],0.3659934964694689,0.17789880522621715
23,[0.08717649],0.30541142266802723,0.40220599091098275
24,[0.49072434],0.25067965574987294,0.13809626634950511
25,[0.14612101],0.41679922942433717,0.34393239302247386
26,[0.91270207],0.7864819506635613,0.564217317445605
27,[0.48938248],0.3161141805490247,0.12364689533608964
28,[0.02318994],0.5363328483562363,0.46753439937746977
29,[0.52906146],0.36646163770574675,0.18522858420195532
30,[0.29104303],0.4072300808066875,0.1996813067045511
31,[0.93494486],0.6237111950190235,0.5767614483424336
32,[0.95477748],0.5691752069774505,0.599371738973288
33,[0.25280839],0.2146241633629237,0.23791594123354276
34,[0.34383288],0.3772913060384937,0.14689145804739856
35,[0.6654605],0.38657266598145074,0.31283242789184373
36,[0.12539216],0.5201824055821094,0.3639903153029129
37,[0.01451982],0.7846504158866884,0.4762045159303768
38,[0.30711133],0.31242149623318854,0.15289790179002571
39,[0.6040193],0.3171416696797459,0.25139123173060995
40,[0.46000923],0.2705499647805783,0.10460348711087031
41,[0.67111841],0.47832471112137975,0.31571267150822346
42,[0.11237277],0.2296458501372612,0.3623230824805656
43,[0.02535082],0.5865138910602694,0.4745910351510869
44,[0.65043246],0.4876813134097679,0.2922490467379907
45,[0.34213772],0.38476518203106036,0.14858661860457067
46,[0.98615434],0.6298249494844681,0.6335262697569787
47,[0.59300163],0.3789363273380736,0.2445168870031773
48,[0.0739992],0.46106982234377814,0.41538327624939486
49,[0.35262807],0.44743444119572856,0.13809626634950511
