,0,1,2
0,[0.25827518],0.3534504293085857,0.24166667633202765
1,[0.16869154],0.4470116677334621,0.345810119740977
2,[0.1352604],0.45758661853086247,0.3554639392234138
3,[0.85768843],0.45579063786893625,0.5022826904038138
4,[0.36573558],0.3602475096847864,0.12364689533608964
5,[0.09545659],0.6548233872313551,0.3952677483796121
6,[0.97218242],0.6897618796951035,0.6195543528831465
7,[0.78917669],0.62729165225834,0.43654862145468865
8,[0.49994185],0.39513690963030595,0.14731378518746596
9,[0.15772958],0.552217071722674,0.3713318812720111
10,[0.17668987],0.4886300124990994,0.3523715946338767
11,[0.83755283],0.49821741709444717,0.48492476377626337
12,[0.34848475],0.33513503962753155,0.1415686599123836
13,[0.72613739],0.4910426829773781,0.37350932527147473
14,[0.29674499],0.3328572448444176,0.19397934945720685
15,[0.60923841],0.3824970265898197,0.260753658285789
16,[0.96452016],0.5300899900392982,0.6677751716256575
17,[0.35818341],0.3207175007885851,0.13119906792472402
18,[0.07147562],0.4262438238678792,0.4284662308341388
19,[0.65696582],0.38124540655573147,0.30848107063946606
20,[0.67206825],0.400954947731356,0.32358350486647824
21,[0.83181028],0.48896350666253374,0.4812538757389155
22,[0.53330455],0.3659934964694689,0.18067647664012387
23,[0.08717649],0.45170272464368066,0.40220599091098275
24,[0.49072434],0.22480445204914917,0.13809626634950511
25,[0.14612101],0.5346076084184865,0.3446033208209577
26,[0.91270207],0.6404720613513042,0.564217317445605
27,[0.48938248],0.33659653659079103,0.12364689533608964
28,[0.02318994],0.5363328483562363,0.46753439937746977
29,[0.52906146],0.3424506139013242,0.18522858420195532
30,[0.29104303],0.30672355662982975,0.1996813067045511
31,[0.93494486],0.6237111950190235,0.5767614483424336
32,[0.95477748],0.660754864217863,0.6021494103871947
33,[0.25280839],0.18882967601714748,0.23791594123354276
34,[0.34383288],0.43373633933312766,0.14689145804739856
35,[0.6654605],0.36613222028593295,0.3149040885725249
36,[0.12539216],0.5201824055821094,0.3639903153029129
37,[0.01451982],0.7846504158866884,0.4762045159303768
38,[0.30711133],0.42377241452722425,0.16758452790390593
39,[0.6040193],0.31714166967974594,0.25139123173060995
40,[0.46000923],0.20881341190985178,0.10182581569696358
41,[0.67111841],0.44202600212985416,0.31293500009431674
42,[0.11237277],0.16798833405603678,0.3770097085944458
43,[0.02535082],0.5865138910602694,0.4699822757321065
44,[0.65043246],0.4305919321934004,0.2922490467379907
45,[0.34213772],0.38476518203106025,0.14858661860457067
46,[0.98615434],0.5697867099294542,0.6335262697569787
47,[0.59300163],0.4052540469373172,0.2445168870031773
48,[0.0739992],0.46106982234377814,0.4160542040478787
49,[0.35262807],0.44743444119572856,0.14270502576848554
