,0,1,2
0,[0.25827518],0.3702598024138858,0.24166667633202765
1,[0.16869154],0.4442130003707286,0.360369923399275
2,[0.1352604],0.33311013037625825,0.3554639392234138
3,[0.85768843],0.45579063786893625,0.49950501898990707
4,[0.36573558],0.41471516498746086,0.12364689533608964
5,[0.09545659],0.596959990732285,0.3952677483796121
6,[0.97218242],0.6897618796951035,0.6195543528831465
7,[0.78917669],0.62729165225834,0.4386202821353698
8,[0.49994185],0.3438056319381956,0.14938544586814712
9,[0.15772958],0.552217071722674,0.3713318812720111
10,[0.17668987],0.5572479119427272,0.3523715946338767
11,[0.83755283],0.49821741709444717,0.48492476377626337
12,[0.34848475],0.40149647715014397,0.14223958771086742
13,[0.72613739],0.5727660316386732,0.37350932527147473
14,[0.29674499],0.2808199601587169,0.19397934945720685
15,[0.60923841],0.414931036080031,0.26307959345405457
16,[0.96452016],0.47695154811758333,0.6206872802158492
17,[0.35818341],0.3207175007885851,0.13119906792472402
18,[0.07147562],0.5399253866757641,0.4284662308341388
19,[0.65696582],0.38124540655573147,0.30848107063946606
20,[0.67206825],0.400954947731356,0.32358350486647824
21,[0.83181028],0.41469713040813155,0.48332553641959664
22,[0.53330455],0.40397866669068916,0.18067647664012387
23,[0.08717649],0.38771100060373326,0.40220599091098275
24,[0.49072434],0.22480445204914917,0.13254092352169167
25,[0.14612101],0.4883861480390667,0.34393239302247386
26,[0.91270207],0.6828030091042759,0.564217317445605
27,[0.48938248],0.32790308568642323,0.12364689533608964
28,[0.02318994],0.5255495401369766,0.4721431587964502
29,[0.52906146],0.3424506139013242,0.18522858420195532
30,[0.29104303],0.30672355662982975,0.1996813067045511
31,[0.93494486],0.6237111950190235,0.5767614483424336
32,[0.95477748],0.660754864217863,0.5965940675593813
33,[0.25280839],0.18882967601714748,0.23791594123354276
34,[0.34383288],0.34038280691196654,0.14689145804739856
35,[0.6654605],0.5072535723004085,0.31697574925320604
36,[0.12539216],0.5201824055821094,0.3639903153029129
37,[0.01451982],0.7092672293201779,0.4762045159303768
38,[0.30711133],0.42377241452722425,0.18227115401778615
39,[0.6040193],0.31714166967974594,0.25139123173060995
40,[0.46000923],0.2572134020730121,0.10460348711087031
41,[0.67111841],0.47832471112137975,0.31571267150822346
42,[0.11237277],0.16798833405603678,0.3770097085944458
43,[0.02535082],0.6197838484935474,0.4745910351510869
44,[0.65043246],0.4305919321934004,0.2922490467379907
45,[0.34213772],0.30361269362637683,0.14858661860457067
46,[0.98615434],0.5697867099294542,0.6335262697569787
47,[0.59300163],0.4052540469373172,0.2445168870031773
48,[0.0739992],0.4833747183210059,0.41538327624939486
49,[0.35262807],0.4439534526965382,0.13809626634950511
