,0,1,2
0,[0.25827518],0.3702598024138858,0.24166667633202765
1,[0.16869154],0.3840001983785254,0.360369923399275
2,[0.1352604],0.186440941448055,0.3554639392234138
3,[0.85768843],0.5387299212786855,0.49950501898990707
4,[0.36573558],0.39869309646996176,0.12364689533608964
5,[0.09545659],0.596959990732285,0.40448526721757294
6,[0.97218242],0.6897618796951035,0.6195543528831465
7,[0.78917669],0.5544935891977575,0.44069194281605095
8,[0.49994185],0.40750204359134107,0.14731378518746596
9,[0.15772958],0.5541568045605091,0.3422122739554152
10,[0.17668987],0.5572479119427272,0.3523715946338767
11,[0.83755283],0.49821741709444717,0.48492476377626337
12,[0.34848475],0.40149647715014397,0.14223958771086742
13,[0.72613739],0.5727660316386732,0.37350932527147473
14,[0.29674499],0.2808199601587169,0.19858810887618727
15,[0.60923841],0.414931036080031,0.26540552862232014
16,[0.96452016],0.5937290654951928,0.616035409879318
17,[0.35818341],0.3207175007885851,0.13119906792472402
18,[0.07147562],0.5399253866757641,0.4284662308341388
19,[0.65696582],0.38124540655573147,0.30848107063946606
20,[0.67206825],0.400954947731356,0.32358350486647824
21,[0.83181028],0.5154392589016681,0.47918221505823433
22,[0.53330455],0.40397866669068916,0.18067647664012387
23,[0.08717649],0.38321716378254134,0.40220599091098275
24,[0.49072434],0.18568716371413702,0.13254092352169167
25,[0.14612101],0.4883861480390667,0.3446033208209577
26,[0.91270207],0.5812568257723173,0.564217317445605
27,[0.48938248],0.32790308568642323,0.12364689533608964
28,[0.02318994],0.5255495401369767,0.4721431587964502
29,[0.52906146],0.3424506139013242,0.18522858420195532
30,[0.29104303],0.43182351987247963,0.1996813067045511
31,[0.93494486],0.5567659036617483,0.5767614483424336
32,[0.95477748],0.6560352906835603,0.5965940675593813
33,[0.25280839],0.18882967601714748,0.23791594123354276
34,[0.34383288],0.34038280691196654,0.14689145804739856
35,[0.6654605],0.4486882194504444,0.31697574925320604
36,[0.12539216],0.5201824055821094,0.3639903153029129
37,[0.01451982],0.6713728956525745,0.4762045159303768
38,[0.30711133],0.42597594774498326,0.18227115401778615
39,[0.6040193],0.31714166967974594,0.25139123173060995
40,[0.46000923],0.2572134020730121,0.10182581569696358
41,[0.67111841],0.47832471112137975,0.31571267150822346
42,[0.11237277],0.16798833405603678,0.3770097085944458
43,[0.02535082],0.6197838484935474,0.4699822757321065
44,[0.65043246],0.4305919321934004,0.2922490467379907
45,[0.34213772],0.30361269362637683,0.14858661860457067
46,[0.98615434],0.5697867099294542,0.6335262697569787
47,[0.59300163],0.3775169193462589,0.2445168870031773
48,[0.0739992],0.6481660727892645,0.4160542040478787
49,[0.35262807],0.4439534526965382,0.13809626634950511
