,0,1,2
0,[0.25827518],0.3777073147564657,0.24166667633202765
1,[0.16869154],0.4454556153913313,0.360369923399275
2,[0.1352604],0.27010294500928855,0.3554639392234138
3,[0.85768843],0.5431104627015537,0.49950501898990707
4,[0.36573558],0.39869309646996176,0.12364689533608964
5,[0.09545659],0.6663256902176367,0.40448526721757294
6,[0.97218242],0.6281029313309295,0.6195543528831465
7,[0.78917669],0.5544935891977575,0.43654862145468865
8,[0.49994185],0.40750204359134107,0.14731378518746596
9,[0.15772958],0.4896300717038106,0.3422122739554152
10,[0.17668987],0.47233786988495857,0.3523715946338767
11,[0.83755283],0.49821741709444717,0.48492476377626337
12,[0.34848475],0.40149647715014397,0.14223958771086742
13,[0.72613739],0.5727660316386732,0.37350932527147473
14,[0.29674499],0.28081996015871696,0.19397934945720685
15,[0.60923841],0.414931036080031,0.260753658285789
16,[0.96452016],0.5937290654951929,0.6183613450475836
17,[0.35818341],0.3528558752158059,0.13119906792472402
18,[0.07147562],0.4922409664571251,0.4284662308341388
19,[0.65696582],0.3686375473190887,0.30848107063946606
20,[0.67206825],0.45458265037971446,0.32358350486647824
21,[0.83181028],0.49818846752592344,0.47918221505823433
22,[0.53330455],0.4234570721694859,0.18067647664012387
23,[0.08717649],0.38321716378254134,0.40220599091098275
24,[0.49072434],0.2628891685184639,0.13254092352169167
25,[0.14612101],0.37057776904491735,0.3446033208209577
26,[0.91270207],0.5812568257723173,0.564217317445605
27,[0.48938248],0.33186960952981276,0.12364689533608964
28,[0.02318994],0.5255495401369767,0.46753439937746977
29,[0.52906146],0.3424506139013242,0.18522858420195532
30,[0.29104303],0.43182351987247963,0.1996813067045511
31,[0.93494486],0.6216426806972676,0.5767614483424336
32,[0.95477748],0.6560352906835603,0.5965940675593813
33,[0.25280839],0.19943739130606314,0.23791594123354276
34,[0.34383288],0.40525958394748585,0.14689145804739856
35,[0.6654605],0.4486882194504444,0.31697574925320604
36,[0.12539216],0.47184907031570383,0.36533217089988057
37,[0.01451982],0.6713728956525745,0.4762045159303768
38,[0.30711133],0.3739386630592826,0.18227115401778615
39,[0.6040193],0.25927827318067576,0.2534628924112911
40,[0.46000923],0.21262879893266762,0.10182581569696358
41,[0.67111841],0.47832471112137975,0.31571267150822346
42,[0.11237277],0.16798833405603678,0.3770097085944458
43,[0.02535082],0.6197838484935475,0.46537351631312607
44,[0.65043246],0.43008721616343737,0.2922490467379907
45,[0.34213772],0.30361269362637683,0.1531953780235511
46,[0.98615434],0.5578908331126514,0.6335262697569787
47,[0.59300163],0.37311567251009625,0.24244522632249615
48,[0.0739992],0.5916242274128488,0.4167251318463625
49,[0.35262807],0.4439534526965382,0.13809626634950511
