,0,1,2
0,[0.25827518],0.4333031231348944,0.24166667633202765
1,[0.16869154],0.44545561539133144,0.360369923399275
2,[0.1352604],0.44289616379631536,0.3554639392234138
3,[0.85768843],0.5431104627015537,0.49950501898990707
4,[0.36573558],0.3329199253125666,0.12364689533608964
5,[0.09545659],0.6663256902176367,0.40448526721757294
6,[0.97218242],0.6281029313309295,0.6195543528831465
7,[0.78917669],0.5544935891977575,0.43654862145468865
8,[0.49994185],0.34352136517854914,0.14731378518746596
9,[0.15772958],0.4896300717038106,0.3422122739554152
10,[0.17668987],0.47233786988495857,0.3523715946338767
11,[0.83755283],0.41450327246121166,0.48492476377626337
12,[0.34848475],0.40149647715014397,0.14223958771086742
13,[0.72613739],0.5727660316386732,0.3679539824436613
14,[0.29674499],0.2812521367715857,0.19397934945720685
15,[0.60923841],0.414931036080031,0.2566103369244267
16,[0.96452016],0.6345023734558728,0.6183613450475836
17,[0.35818341],0.33172129725845395,0.13119906792472402
18,[0.07147562],0.4922409664571251,0.4284662308341388
19,[0.65696582],0.3686375473190887,0.30848107063946606
20,[0.67206825],0.41770102307713763,0.32358350486647824
21,[0.83181028],0.49818846752592344,0.47918221505823433
22,[0.53330455],0.40547262441948284,0.18067647664012387
23,[0.08717649],0.2846765881157906,0.40220599091098275
24,[0.49072434],0.36276110544592394,0.13254092352169167
25,[0.14612101],0.37057776904491735,0.34393239302247386
26,[0.91270207],0.6264471884982399,0.564217317445605
27,[0.48938248],0.3074429026476794,0.12742298163040683
28,[0.02318994],0.43648077750646025,0.46753439937746977
29,[0.52906146],0.3424506139013242,0.18522858420195532
30,[0.29104303],0.43182351987247963,0.1996813067045511
31,[0.93494486],0.6216426806972676,0.5767614483424336
32,[0.95477748],0.6263557372715762,0.5965940675593813
33,[0.25280839],0.19943739130606314,0.23791594123354276
34,[0.34383288],0.37064418111866876,0.14689145804739856
35,[0.6654605],0.4639044618413465,0.31697574925320604
36,[0.12539216],0.5112445999761619,0.36533217089988057
37,[0.01451982],0.6713728956525745,0.4762045159303768
38,[0.30711133],0.3620358616564977,0.18227115401778615
39,[0.6040193],0.3063716289476007,0.25553455309197226
40,[0.46000923],0.2003765604080779,0.10460348711087031
41,[0.67111841],0.47832471112137975,0.3184903429221302
42,[0.11237277],0.22984091179838403,0.3770097085944458
43,[0.02535082],0.6197838484935475,0.4699822757321065
44,[0.65043246],0.43008721616343737,0.2922490467379907
45,[0.34213772],0.3269017855319901,0.15780413744253152
46,[0.98615434],0.6394733093507512,0.6335262697569787
47,[0.59300163],0.36720061304055457,0.2445168870031773
48,[0.0739992],0.5916242274128488,0.4167251318463625
49,[0.35262807],0.4558692169368951,0.13809626634950511
