,0,1,2
0,[0.25827518],0.4390448304710313,0.1707874551522014
1,[0.16869154],0.46349252244633715,0.3206909416477506
2,[0.1352604],0.3964942390984497,0.3554639392234138
3,[0.85768843],0.5726932954221832,0.4957289326955899
4,[0.36573558],0.30601429529178625,0.12364689533608964
5,[0.09545659],0.6695484642313609,0.5085627137607169
6,[0.97218242],0.5187933294172206,0.6216260135638276
7,[0.78917669],0.37238874427445434,0.4386202821353698
8,[0.49994185],0.40824864855006276,0.19283052845271464
9,[0.15772958],0.5872954271160765,0.4694962994161562
10,[0.17668987],0.5288365218591136,0.3523715946338767
11,[0.83755283],0.4693355732219233,0.47181724835981553
12,[0.34848475],0.23867894990776906,0.19888707040141984
13,[0.72613739],0.34717302580116877,0.3755809859521559
14,[0.29674499],0.41659694108583156,0.2323164756117636
15,[0.60923841],0.3824970265898197,0.31249342003212843
16,[0.96452016],0.6414907953784768,0.6677751716256575
17,[0.35818341],0.2863586527181837,0.13119906792472402
18,[0.07147562],0.4298152649885818,0.41924871199617797
19,[0.65696582],0.3471730258011687,0.3064094099587849
20,[0.67206825],0.3664550233098155,0.3215118441857971
21,[0.83181028],0.5087809219187553,0.5350652981659361
22,[0.53330455],0.3821069866860062,0.16756896122367604
23,[0.08717649],0.5680117148857958,0.38751936479710253
24,[0.49072434],0.3295111049256937,0.13809626634950511
25,[0.14612101],0.6267987892123403,0.38718353111157644
26,[0.91270207],0.5391199950310417,0.5545186532564292
27,[0.48938248],0.3379424878586831,0.12364689533608964
28,[0.02318994],0.46844381489361525,0.46753439937746977
29,[0.52906146],0.36646163770574675,0.2323164756117636
30,[0.29104303],0.4200181154342381,0.23801843285910784
31,[0.93494486],0.5472491951371102,0.5692092757537992
32,[0.95477748],0.5219627117486239,0.592817981265064
33,[0.25280839],0.42730078081738754,0.22255838732117872
34,[0.34383288],0.5074624696702073,0.166060021124677
35,[0.6654605],0.5122463658464935,0.32014926470005767
36,[0.12539216],0.4082486485500628,0.36533217089988057
37,[0.01451982],0.4755632690596846,0.46017603421952896
38,[0.30711133],0.3540991800499544,0.16758452790390593
39,[0.6040193],0.43687276378764855,0.2618815839856755
40,[0.46000923],0.33833790453413604,0.0942736431083292
41,[0.67111841],0.3817048005779362,0.3184903429221302
42,[0.11237277],0.4148043390728494,0.37835156419141347
43,[0.02535082],0.6801755696929197,0.5037106424676828
44,[0.65043246],0.40688851762065015,0.2884729604436735
45,[0.34213772],0.22367449812535628,0.19116682889518943
46,[0.98615434],0.6991906489698198,0.5732819327863663
47,[0.59300163],0.37924967233329737,0.29625664874951674
48,[0.0739992],0.6315271852261561,0.45506225800091926
49,[0.35262807],0.34581595338000837,0.13809626634950511
