,0,1,2
0,[0.25827518],0.475159132683544,0.24166667633202765
1,[0.16869154],0.44545561539133144,0.3312503160826791
2,[0.1352604],0.3917489144350875,0.3554639392234138
3,[0.85768843],0.5602220025908873,0.49950501898990707
4,[0.36573558],0.3329199253125666,0.12364689533608964
5,[0.09545659],0.579260137692472,0.40448526721757294
6,[0.97218242],0.6718451517449732,0.6236976742445088
7,[0.78917669],0.5544935891977576,0.43654862145468865
8,[0.49994185],0.3311562312175139,0.14938544586814712
9,[0.15772958],0.6005338023550963,0.3422122739554152
10,[0.17668987],0.6055646425751496,0.3523715946338767
11,[0.83755283],0.3757074025697703,0.48492476377626337
12,[0.34848475],0.40149647715014397,0.14223958771086742
13,[0.72613739],0.4629682554123956,0.37350932527147473
14,[0.29674499],0.28125213677158567,0.19397934945720685
15,[0.60923841],0.4303843935721736,0.260753658285789
16,[0.96452016],0.6345023734558727,0.616035409879318
17,[0.35818341],0.35640992253271203,0.13119906792472402
18,[0.07147562],0.3931246322200205,0.41924871199617797
19,[0.65696582],0.3932405036649582,0.30848107063946606
20,[0.67206825],0.418910774686578,0.32358350486647824
21,[0.83181028],0.3845069047180386,0.47918221505823433
22,[0.53330455],0.33994904495432154,0.18067647664012387
23,[0.08717649],0.3862227714477492,0.40220599091098275
24,[0.49072434],0.4176737895236329,0.13254092352169167
25,[0.14612101],0.5711447629690023,0.3446033208209577
26,[0.91270207],0.7541259448582636,0.564217317445605
27,[0.48938248],0.3074429026476794,0.13119906792472402
28,[0.02318994],0.3958414038474268,0.46686347157898594
29,[0.52906146],0.3734180170206366,0.18522858420195532
30,[0.29104303],0.24823317562726183,0.1996813067045511
31,[0.93494486],0.6216426806972676,0.582316791170247
32,[0.95477748],0.7343912880203903,0.5965940675593813
33,[0.25280839],0.19943739130606314,0.23791594123354276
34,[0.34383288],0.3706441811186688,0.14689145804739856
35,[0.6654605],0.49013703946382786,0.31697574925320604
36,[0.12539216],0.4484273827257893,0.36533217089988057
37,[0.01451982],0.6713728956525745,0.4762045159303768
38,[0.30711133],0.31220211018855604,0.18227115401778615
39,[0.6040193],0.31360659181821565,0.25139123173060995
40,[0.46000923],0.295135724841768,0.10182581569696358
41,[0.67111841],0.3995561943882457,0.3184903429221302
42,[0.11237277],0.33074309779701977,0.3770097085944458
43,[0.02535082],0.6197838484935475,0.4745910351510869
44,[0.65043246],0.4322796077379846,0.2922490467379907
45,[0.34213772],0.3255946090443193,0.14858661860457067
46,[0.98615434],0.47454580674337893,0.6279709269291652
47,[0.59300163],0.3314665615431821,0.240373565641815
48,[0.0739992],0.4905896911052019,0.4167251318463625
49,[0.35262807],0.45129169194329516,0.13809626634950511
