,0,1,2
0,[0.25827518],0.5043127666266557,0.24166667633202765
1,[0.16869154],0.44545561539133144,0.3312503160826791
2,[0.1352604],0.3917489144350875,0.3554639392234138
3,[0.85768843],0.5030439408094747,0.49950501898990707
4,[0.36573558],0.36652251272745484,0.12364689533608964
5,[0.09545659],0.5117379419747126,0.40448526721757294
6,[0.97218242],0.5934136956029,0.6236976742445088
7,[0.78917669],0.5836740705372269,0.43654862145468865
8,[0.49994185],0.33714334671346025,0.15145710654882827
9,[0.15772958],0.6005338023550963,0.3422122739554152
10,[0.17668987],0.5239019547739033,0.3523715946338767
11,[0.83755283],0.3757074025697703,0.48492476377626337
12,[0.34848475],0.32746032609654174,0.14223958771086742
13,[0.72613739],0.4315634625942681,0.37350932527147473
14,[0.29674499],0.234545430362455,0.19397934945720685
15,[0.60923841],0.38278070700035205,0.260753658285789
16,[0.96452016],0.6345023734558727,0.6183613450475836
17,[0.35818341],0.12712230495455662,0.13119906792472402
18,[0.07147562],0.3931246322200205,0.41924871199617797
19,[0.65696582],0.38617957202279385,0.30848107063946606
20,[0.67206825],0.44789517750985935,0.32358350486647824
21,[0.83181028],0.3845069047180386,0.47918221505823433
22,[0.53330455],0.3399490449543216,0.18067647664012387
23,[0.08717649],0.3862227714477492,0.40220599091098275
24,[0.49072434],0.33304080424978083,0.13254092352169167
25,[0.14612101],0.5711447629690023,0.3446033208209577
26,[0.91270207],0.7541259448582638,0.564217317445605
27,[0.48938248],0.26677117469367867,0.13119906792472402
28,[0.02318994],0.3958414038474268,0.46753439937746977
29,[0.52906146],0.2979362382745626,0.18522858420195532
30,[0.29104303],0.2449858213707395,0.1996813067045511
31,[0.93494486],0.6885879720545429,0.582316791170247
32,[0.95477748],0.7343912880203902,0.5965940675593813
33,[0.25280839],0.19943739130606314,0.23791594123354276
34,[0.34383288],0.3706441811186688,0.14689145804739856
35,[0.6654605],0.49013703946382786,0.31283242789184373
36,[0.12539216],0.4484273827257893,0.36533217089988057
37,[0.01451982],0.6713728956525745,0.4762045159303768
38,[0.30711133],0.3765276341065035,0.18227115401778615
39,[0.6040193],0.3233738213940782,0.2534628924112911
40,[0.46000923],0.2356737055248952,0.10182581569696358
41,[0.67111841],0.3950623575670538,0.3184903429221302
42,[0.11237277],0.33074309779701977,0.3770097085944458
43,[0.02535082],0.6197838484935475,0.4745910351510869
44,[0.65043246],0.43874709089446984,0.2922490467379907
45,[0.34213772],0.31145165802622204,0.1531953780235511
46,[0.98615434],0.5852403463441237,0.6279709269291652
47,[0.59300163],0.31601527567267673,0.240373565641815
48,[0.0739992],0.4905896911052019,0.4167251318463625
49,[0.35262807],0.45129169194329516,0.13809626634950511
