,0,1,2
0,[0.25827518],0.5247532123221734,0.2324491574940668
1,[0.16869154],0.4135842819754455,0.3312503160826791
2,[0.1352604],0.4398756769509129,0.3554639392234138
3,[0.85768843],0.43612052819444413,0.49950501898990707
4,[0.36573558],0.4456731798090847,0.12364689533608964
5,[0.09545659],0.5459732535216455,0.40448526721757294
6,[0.97218242],0.6718451517449732,0.6195543528831465
7,[0.78917669],0.44563764957500734,0.4337709500407819
8,[0.49994185],0.3541666481666799,0.14938544586814712
9,[0.15772958],0.4574916972765897,0.3422122739554152
10,[0.17668987],0.5869526864842799,0.3232519873172808
11,[0.83755283],0.5026241940268461,0.4793694209484499
12,[0.34848475],0.29059274649885813,0.14089773211389978
13,[0.72613739],0.3896629824951293,0.37350932527147473
14,[0.29674499],0.33002539938933373,0.19397934945720685
15,[0.60923841],0.454854691680207,0.260753658285789
16,[0.96452016],0.7348293411016875,0.6118920885179557
17,[0.35818341],0.21422966126715828,0.13119906792472402
18,[0.07147562],0.3931246322200205,0.41924871199617797
19,[0.65696582],0.38617957202279385,0.30848107063946606
20,[0.67206825],0.39580604543172954,0.32358350486647824
21,[0.83181028],0.4959960759513762,0.47918221505823433
22,[0.53330455],0.40463563133086644,0.18067647664012387
23,[0.08717649],0.39835815092367544,0.40220599091098275
24,[0.49072434],0.3806861706581818,0.13254092352169167
25,[0.14612101],0.5711447629690023,0.3446033208209577
26,[0.91270207],0.6299718209147988,0.564217317445605
27,[0.48938248],0.2983100898034963,0.13119906792472402
28,[0.02318994],0.5199788598905967,0.46753439937746977
29,[0.52906146],0.3863640949596495,0.18522858420195532
30,[0.29104303],0.2324198520546016,0.1996813067045511
31,[0.93494486],0.6071509082472618,0.582316791170247
32,[0.95477748],0.6912940797555338,0.6021494103871947
33,[0.25280839],0.28074250859175304,0.23791594123354276
34,[0.34383288],0.24952419914116541,0.14689145804739856
35,[0.6654605],0.44285323050261916,0.3072770850640303
36,[0.12539216],0.5462766485817573,0.36533217089988057
37,[0.01451982],0.5808343281406814,0.4762045159303768
38,[0.30711133],0.31220211018855604,0.18227115401778615
39,[0.6040193],0.3891544662176814,0.2601864234285034
40,[0.46000923],0.2933399698495137,0.10182581569696358
41,[0.67111841],0.3470112979986721,0.3184903429221302
42,[0.11237277],0.3937502831639895,0.3770097085944458
43,[0.02535082],0.49530736033894324,0.4745910351510869
44,[0.65043246],0.3818644301165093,0.29780438956580413
45,[0.34213772],0.3255946090443193,0.1531953780235511
46,[0.98615434],0.5997988011269922,0.6279709269291652
47,[0.59300163],0.31601527567267673,0.240373565641815
48,[0.0739992],0.6301500348973681,0.4167251318463625
49,[0.35262807],0.4825200224228084,0.13809626634950511
