,0,1,2
0,[0.25827518],0.4955995783790619,0.2324491574940668
1,[0.16869154],0.4775939898185523,0.3312503160826791
2,[0.1352604],0.40256274278835924,0.35412208362644615
3,[0.85768843],0.41900898830511046,0.49950501898990707
4,[0.36573558],0.37178771479251543,0.12364689533608964
5,[0.09545659],0.5433602427537136,0.40448526721757294
6,[0.97218242],0.6718451517449732,0.6195543528831465
7,[0.78917669],0.48598445950887503,0.4309932786268752
8,[0.49994185],0.3541666481666799,0.14731378518746596
9,[0.15772958],0.5906785156288333,0.3422122739554152
10,[0.17668987],0.5837053322277576,0.3232519873172808
11,[0.83755283],0.40070515275638174,0.4793694209484499
12,[0.34848475],0.40149647715014397,0.14089773211389978
13,[0.72613739],0.47947273304104654,0.37350932527147473
14,[0.29674499],0.3511599773466857,0.19397934945720685
15,[0.60923841],0.38278070700035205,0.260753658285789
16,[0.96452016],0.6336550359952822,0.6139637491986369
17,[0.35818341],0.282092763716643,0.13119906792472402
18,[0.07147562],0.39425080296302156,0.41924871199617797
19,[0.65696582],0.38617957202279385,0.30848107063946606
20,[0.67206825],0.3958060454317295,0.32358350486647824
21,[0.83181028],0.5608382095073982,0.47918221505823433
22,[0.53330455],0.4136231137161376,0.18067647664012387
23,[0.08717649],0.40047002581066116,0.4035478465079504
24,[0.49072434],0.3130768692729733,0.13254092352169167
25,[0.14612101],0.5711447629690023,0.3492120802399381
26,[0.91270207],0.6563123278307386,0.564217317445605
27,[0.48938248],0.2749506042546316,0.13119906792472402
28,[0.02318994],0.6056721060574244,0.46753439937746977
29,[0.52906146],0.31088231621357554,0.18522858420195532
30,[0.29104303],0.2938602415162439,0.1996813067045511
31,[0.93494486],0.5307893691846266,0.582316791170247
32,[0.95477748],0.5950302442178164,0.6021494103871947
33,[0.25280839],0.3491311536974394,0.23791594123354276
34,[0.34383288],0.22908375344564752,0.14689145804739856
35,[0.6654605],0.40764526345172863,0.31283242789184373
36,[0.12539216],0.3911828938135028,0.36533217089988057
37,[0.01451982],0.7421974785885852,0.4762045159303768
38,[0.30711133],0.31206314565949483,0.18227115401778615
39,[0.6040193],0.44386547620173394,0.25553455309197226
40,[0.46000923],0.40401296583142843,0.10460348711087031
41,[0.67111841],0.3984455944046935,0.3184903429221302
42,[0.11237277],0.3937502831639895,0.3770097085944458
43,[0.02535082],0.49530736033894324,0.4745910351510869
44,[0.65043246],0.35697599476219877,0.29780438956580413
45,[0.34213772],0.3255946090443193,0.15780413744253152
46,[0.98615434],0.6117232047643864,0.6279709269291652
47,[0.59300163],0.31601527567267673,0.240373565641815
48,[0.0739992],0.5848141236051424,0.4167251318463625
49,[0.35262807],0.4354374106384144,0.13809626634950511
