,0,1,2
0,[0.25827518],0.49559957837906177,0.23110730189709916
1,[0.16869154],0.47759398981855217,0.3312503160826791
2,[0.1352604],0.40256274278835924,0.35412208362644615
3,[0.85768843],0.41900898830511046,0.49950501898990707
4,[0.36573558],0.3470444760799465,0.12364689533608964
5,[0.09545659],0.5970511491407577,0.40448526721757294
6,[0.97218242],0.6219871558499581,0.6195543528831465
7,[0.78917669],0.4050874060653604,0.43654862145468865
8,[0.49994185],0.34563992944597083,0.14731378518746596
9,[0.15772958],0.4288603824691572,0.3422122739554152
10,[0.17668987],0.5869526864842799,0.3232519873172808
11,[0.83755283],0.4396848505099715,0.4793694209484499
12,[0.34848475],0.3641835429875903,0.14089773211389978
13,[0.72613739],0.47947273304104654,0.37350932527147473
14,[0.29674499],0.3823274490384684,0.19397934945720685
15,[0.60923841],0.3274760651551868,0.260753658285789
16,[0.96452016],0.6474893511939563,0.616035409879318
17,[0.35818341],0.36480179940855706,0.13119906792472402
18,[0.07147562],0.39425080296302156,0.41924871199617797
19,[0.65696582],0.4889385797791118,0.30848107063946606
20,[0.67206825],0.4384509157342388,0.32358350486647824
21,[0.83181028],0.5608382095073982,0.47918221505823433
22,[0.53330455],0.4157145201368291,0.18067647664012387
23,[0.08717649],0.40047002581066116,0.4035478465079504
24,[0.49072434],0.29129435803433024,0.13254092352169167
25,[0.14612101],0.4573029078182424,0.35382083965891853
26,[0.91270207],0.6608061646519305,0.5600739960842427
27,[0.48938248],0.23759069335420935,0.13119906792472402
28,[0.02318994],0.5606182335496301,0.46753439937746977
29,[0.52906146],0.31088231621357554,0.18290264903368975
30,[0.29104303],0.20776947065268034,0.1996813067045511
31,[0.93494486],0.5307893691846266,0.582316791170247
32,[0.95477748],0.4754164344174218,0.599371738973288
33,[0.25280839],0.27976545421208776,0.23791594123354276
34,[0.34383288],0.32048343422700787,0.14689145804739856
35,[0.6654605],0.3850598253916315,0.31283242789184373
36,[0.12539216],0.3911828938135028,0.36533217089988057
37,[0.01451982],0.6925074736099265,0.475533588131893
38,[0.30711133],0.3487058027246631,0.18227115401778615
39,[0.6040193],0.44386547620173394,0.2534628924112911
40,[0.46000923],0.40401296583142843,0.10182581569696358
41,[0.67111841],0.4032417871280066,0.3184903429221302
42,[0.11237277],0.3937502831639895,0.3770097085944458
43,[0.02535082],0.49530736033894324,0.4745910351510869
44,[0.65043246],0.3970667610813513,0.29780438956580413
45,[0.34213772],0.3255946090443193,0.15780413744253152
46,[0.98615434],0.6117232047643864,0.6279709269291652
47,[0.59300163],0.31601527567267673,0.240373565641815
48,[0.0739992],0.5976069603324,0.4167251318463625
49,[0.35262807],0.42519551492106816,0.13809626634950511
