,0,1,2
0,[0.25827518],0.5048409695064705,0.2324491574940668
1,[0.16869154],0.5371537126593736,0.3206909416477506
2,[0.1352604],0.4893048679059876,0.3554639392234138
3,[0.85768843],0.5756478738809582,0.49950501898990707
4,[0.36573558],0.34661376576002845,0.12364689533608964
5,[0.09545659],0.6572602249991142,0.3952677483796121
6,[0.97218242],0.4669800883172268,0.6195543528831465
7,[0.78917669],0.3802679413908338,0.4386202821353698
8,[0.49994185],0.3590396430277284,0.15171138103641268
9,[0.15772958],0.5529690280693562,0.3942509972269872
10,[0.17668987],0.47584197787154886,0.3523715946338767
11,[0.83755283],0.34707871884654223,0.4793694209484499
12,[0.34848475],0.38419213958955467,0.12688203379850338
13,[0.72613739],0.4861190053470235,0.37350932527147473
14,[0.29674499],0.36532124625627793,0.21314791253448528
15,[0.60923841],0.3824970265898197,0.26540552862232014
16,[0.96452016],0.6414907953784768,0.6677751716256575
17,[0.35818341],0.46523562330686985,0.13119906792472402
18,[0.07147562],0.41720740575193904,0.41924871199617797
19,[0.65696582],0.30981311490074653,0.30848107063946606
20,[0.67206825],0.4020514842257656,0.32358350486647824
21,[0.83181028],0.5087809219187553,0.4879774067561278
22,[0.53330455],0.34256461413129435,0.16756896122367604
23,[0.08717649],0.5562868631494565,0.40220599091098275
24,[0.49072434],0.19158608390708734,0.13254092352169167
25,[0.14612101],0.7894689191931804,0.38294044697551444
26,[0.91270207],0.7101270823632255,0.564217317445605
27,[0.48938248],0.3379424878586831,0.12364689533608964
28,[0.02318994],0.45063960218940835,0.4721431587964502
29,[0.52906146],0.36646163770574675,0.2323164756117636
30,[0.29104303],0.4200181154342381,0.23801843285910784
31,[0.93494486],0.5876615193054219,0.5692092757537992
32,[0.95477748],0.514105996063567,0.6042210710678759
33,[0.25280839],0.5145540250948255,0.23724501343505894
34,[0.34383288],0.4809204949782629,0.1561089768853594
35,[0.6654605],0.5139023854721612,0.31697574925320604
36,[0.12539216],0.39564078931342006,0.36533217089988057
37,[0.01451982],0.5297646536569364,0.4748626603334092
38,[0.30711133],0.3669433944940887,0.15289790179002571
39,[0.6040193],0.41818535580043054,0.2534628924112911
40,[0.46000923],0.3489112770988115,0.10182581569696358
41,[0.67111841],0.4023596187722001,0.31571267150822346
42,[0.11237277],0.5568125498468633,0.37835156419141347
43,[0.02535082],0.5969132161385937,0.5037106424676828
44,[0.65043246],0.45072989989134876,0.2922490467379907
45,[0.34213772],0.40297935873335644,0.13783782411118706
46,[0.98615434],0.5456385945880616,0.6241948406348481
47,[0.59300163],0.3792496723332973,0.24916875733970845
48,[0.0739992],0.6530313133468881,0.42594265068432335
49,[0.35262807],0.3854069809571339,0.13809626634950511
