,0,1,2
0,[0.25827518],0.4548360408702411,0.23705791691304723
1,[0.16869154],0.4412798284696836,0.3206909416477506
2,[0.1352604],0.4327630225295719,0.3554639392234138
3,[0.85768843],0.4588660347338355,0.49950501898990707
4,[0.36573558],0.34431271444374023,0.12364689533608964
5,[0.09545659],0.48628179911867664,0.3998765077985925
6,[0.97218242],0.6530259916518124,0.6195543528831465
7,[0.78917669],0.3802679413908338,0.44069194281605095
8,[0.49994185],0.3590396430277284,0.14731378518746596
9,[0.15772958],0.677708562918258,0.43527205440976424
10,[0.17668987],0.4725946236150264,0.3523715946338767
11,[0.83755283],0.4245852661229982,0.4793694209484499
12,[0.34848475],0.36178433111876196,0.12688203379850338
13,[0.72613739],0.48611900534702357,0.37350932527147473
14,[0.29674499],0.3704968756081751,0.19397934945720685
15,[0.60923841],0.3824970265898197,0.2889494743272243
16,[0.96452016],0.6382434411219544,0.6677751716256575
17,[0.35818341],0.4344012795697382,0.13119906792472402
18,[0.07147562],0.2418622387692883,0.41924871199617797
19,[0.65696582],0.3589444200087062,0.30848107063946606
20,[0.67206825],0.4434269483495342,0.32358350486647824
21,[0.83181028],0.3882634242890168,0.4879774067561278
22,[0.53330455],0.34256461413129435,0.17134504751799323
23,[0.08717649],0.5562868631494565,0.40220599091098275
24,[0.49072434],0.16588187455061537,0.13254092352169167
25,[0.14612101],0.6558581891632742,0.38294044697551444
26,[0.91270207],0.7101270823632255,0.564217317445605
27,[0.48938248],0.3731586713300212,0.12364689533608964
28,[0.02318994],0.45063960218940835,0.46753439937746977
29,[0.52906146],0.36646163770574675,0.20358935998563293
30,[0.29104303],0.4200181154342381,0.23801843285910784
31,[0.93494486],0.5411032698297842,0.5729853620481165
32,[0.95477748],0.514105996063567,0.606292731748557
33,[0.25280839],0.4918950320186045,0.23724501343505894
34,[0.34383288],0.4860961243301601,0.15150021746637898
35,[0.6654605],0.5062592503505472,0.31697574925320604
36,[0.12539216],0.33429640431515945,0.36533217089988057
37,[0.01451982],0.7682181279577,0.4748626603334092
38,[0.30711133],0.3447478275384685,0.15289790179002571
39,[0.6040193],0.3758481588967024,0.25553455309197226
40,[0.46000923],0.21458774849604315,0.10182581569696358
41,[0.67111841],0.43548599982708164,0.31293500009431674
42,[0.11237277],0.48401113260938755,0.36299401027904943
43,[0.02535082],0.5969132161385937,0.5037106424676828
44,[0.65043246],0.39667410040203777,0.2922490467379907
45,[0.34213772],0.36686195583372455,0.13322906469220663
46,[0.98615434],0.6230753008103769,0.6241948406348481
47,[0.59300163],0.37924967233329737,0.24916875733970845
48,[0.0739992],0.5317727669971768,0.4167251318463625
49,[0.35262807],0.3584810631357572,0.13809626634950511
