,0,1,2
0,[0.25827518],0.5576062591560939,0.23705791691304723
1,[0.16869154],0.37289006461674085,0.3220327972447182
2,[0.1352604],0.39890626941169743,0.3554639392234138
3,[0.85768843],0.5638740935570714,0.504354351084495
4,[0.36573558],0.339354388373177,0.12364689533608964
5,[0.09545659],0.53277163061749,0.3998765077985925
6,[0.97218242],0.586067365915059,0.6195543528831465
7,[0.78917669],0.5485064737018113,0.4386202821353698
8,[0.49994185],0.34584565506223425,0.14731378518746596
9,[0.15772958],0.6788401459243152,0.4033019678408877
10,[0.17668987],0.4886300124990994,0.3523715946338767
11,[0.83755283],0.4245852661229982,0.48492476377626337
12,[0.34848475],0.4009382149353363,0.12688203379850338
13,[0.72613739],0.3911954353681675,0.37350932527147473
14,[0.29674499],0.435479347679175,0.2177566719534656
15,[0.60923841],0.38249702658981966,0.2610079327733734
16,[0.96452016],0.5937290654951929,0.6677751716256575
17,[0.35818341],0.39597902413791924,0.13119906792472402
18,[0.07147562],0.2849601999461573,0.41924871199617797
19,[0.65696582],0.3633631171347302,0.30848107063946606
20,[0.67206825],0.400954947731356,0.32358350486647824
21,[0.83181028],0.4715257778433427,0.4879774067561278
22,[0.53330455],0.3733989578684261,0.17512113381231043
23,[0.08717649],0.36185081844249434,0.40220599091098275
24,[0.49072434],0.2545247532452922,0.1353185949355984
25,[0.14612101],0.6105170508971886,0.3446033208209577
26,[0.91270207],0.7296976727110182,0.564217317445605
27,[0.48938248],0.32790308568642323,0.12364689533608964
28,[0.02318994],0.5363328483562361,0.4767519182154306
29,[0.52906146],0.3219472620789852,0.18522858420195532
30,[0.29104303],0.4200181154342381,0.20889882554251193
31,[0.93494486],0.6686063252600679,0.5767614483424336
32,[0.95477748],0.6329236536917229,0.599371738973288
33,[0.25280839],0.22655809279149616,0.23791594123354276
34,[0.34383288],0.3403828069119666,0.14689145804739856
35,[0.6654605],0.44898935612695895,0.31697574925320604
36,[0.12539216],0.5268199437855843,0.3639903153029129
37,[0.01451982],0.7122166321011061,0.4762045159303768
38,[0.30711133],0.37486903712658876,0.15289790179002571
39,[0.6040193],0.2757920485895956,0.2534628924112911
40,[0.46000923],0.2745467356499311,0.10182581569696358
41,[0.67111841],0.44550936822666065,0.3184903429221302
42,[0.11237277],0.23247636886606643,0.3476364563666854
43,[0.02535082],0.5332741406826992,0.4745910351510869
44,[0.65043246],0.4806675128047143,0.2922490467379907
45,[0.34213772],0.26002564718215854,0.14858661860457067
46,[0.98615434],0.5697867099294542,0.630748598343072
47,[0.59300163],0.4087464539858037,0.2445168870031773
48,[0.0739992],0.34711195645646836,0.4160542040478787
49,[0.35262807],0.48600101092199866,0.13809626634950511
