,0,1,2
0,[0.25827518],0.3702598024138859,0.24166667633202765
1,[0.16869154],0.5039141480543508,0.32664155666369865
2,[0.1352604],0.33306856531592244,0.3554639392234138
3,[0.85768843],0.5666928940158872,0.5092036831790828
4,[0.36573558],0.4228471355683954,0.12364689533608964
5,[0.09545659],0.3736138171449923,0.3998765077985925
6,[0.97218242],0.586067365915059,0.6195543528831465
7,[0.78917669],0.5022499796339874,0.44069194281605095
8,[0.49994185],0.30645012540177624,0.14731378518746596
9,[0.15772958],0.4238378939799102,0.3713318812720111
10,[0.17668987],0.4886300124990994,0.3523715946338767
11,[0.83755283],0.45090550514488204,0.48492476377626337
12,[0.34848475],0.3501352218319669,0.14223958771086742
13,[0.72613739],0.4774591306159911,0.37350932527147473
14,[0.29674499],0.23411325374958625,0.2031968682951677
15,[0.60923841],0.38249702658981966,0.2566103369244267
16,[0.96452016],0.6371378305235552,0.6677751716256575
17,[0.35818341],0.39597902413791924,0.13119906792472402
18,[0.07147562],0.28496019994615723,0.4238574714151584
19,[0.65696582],0.5705660591579206,0.30848107063946606
20,[0.67206825],0.400954947731356,0.32358350486647824
21,[0.83181028],0.4715257778433427,0.48332553641959664
22,[0.53330455],0.3733989578684261,0.18067647664012387
23,[0.08717649],0.3468626171184105,0.40220599091098275
24,[0.49072434],0.2545247532452922,0.1353185949355984
25,[0.14612101],0.4649412187168805,0.3492120802399381
26,[0.91270207],0.742494983284922,0.564217317445605
27,[0.48938248],0.33186960952981276,0.12364689533608964
28,[0.02318994],0.5363328483562361,0.4767519182154306
29,[0.52906146],0.36646163770574675,0.18057671386542418
30,[0.29104303],0.4200181154342381,0.2042900661235315
31,[0.93494486],0.723612198817005,0.5767614483424336
32,[0.95477748],0.6444119974904595,0.5965940675593813
33,[0.25280839],0.2837319780554773,0.23791594123354276
34,[0.34383288],0.43373633933312766,0.14689145804739856
35,[0.6654605],0.332823483175244,0.3149040885725249
36,[0.12539216],0.5268199437855843,0.36466124310139675
37,[0.01451982],0.7099485508323935,0.4762045159303768
38,[0.30711133],0.40293818500283685,0.15289790179002571
39,[0.6040193],0.35593753957118734,0.25139123173060995
40,[0.46000923],0.2489579344177751,0.10182581569696358
41,[0.67111841],0.44550936822666076,0.31571267150822346
42,[0.11237277],0.12576649717656613,0.3476364563666854
43,[0.02535082],0.48875976505593766,0.4745910351510869
44,[0.65043246],0.37325037449850323,0.2922490467379907
45,[0.34213772],0.26002564718215854,0.1531953780235511
46,[0.98615434],0.5697867099294542,0.6335262697569787
47,[0.59300163],0.36951999543994474,0.2445168870031773
48,[0.0739992],0.40880817058436153,0.4160542040478787
49,[0.35262807],0.4789207957838781,0.13809626634950511
