,0,1,2
0,[17.72735076],15.181251007497778,15.639247059810684
1,[15.85932658],10.60402919180687,13.277653066042895
2,[19.26465905],8.402259663328309,8.832337583574883
3,[15.90111705],6.9007947665595255,4.44760399179032
4,[17.94350025],7.41139056572228,7.511178786766845
5,[15.6038745],10.412440138068966,13.022200994392357
6,[2.77349375],1.519017326928086,2.0849954338392953
7,[0.41013089],1.6321331558891397,2.254669177280876
8,[4.96352587],9.63519256161744,11.958782778557165
9,[1.26359631],8.145447791041377,8.488216300337175
10,[2.66480007],1.4465548703733904,1.9763017490072523
11,[1.21046813],6.841259161444621,3.129259290730949
12,[2.0881037],6.2561687835138775,2.2516237238348342
13,[4.33972742],6.256168783513878,2.2516237238348342
14,[0.68849832],1.4465548703733904,1.9763017490072523
15,[0.25396801],8.902669012557077,9.49784459569144
16,[4.64145436],9.876746198365979,12.280854294221882
17,[3.89975071],7.4864091899943785,4.533984694055179
