,0,1,2
0,[17.72735076],15.53667928212054,16.5168826267068
1,[15.85932658],11.462719321188015,13.085832822857313
2,[19.26465905],10.041779526653608,14.301133173690712
3,[15.90111705],10.159695839767625,11.259662695896374
4,[17.94350025],13.002949329121686,15.22435334073075
5,[15.6038745],11.16439677006982,14.172223298073234
6,[2.77349375],6.282657185012773,0.10869368483204322
7,[0.41013089],5.587822256324332,3.929596529000891
8,[4.96352587],7.920909081798679,0.32207151566471737
9,[1.26359631],9.852339021551964,14.340278196486354
10,[2.66480007],9.504459128138695,2.2987258062640974
11,[4.46069549],7.025544034436382,1.7958954199766044
12,[1.21046813],7.857927939864673,2.1261541032971856
13,[2.0881037],9.000531683503862,0.6853900569468623
14,[4.33972742],4.84373526493831,1.908928695361403
15,[1.43165121],7.7656466216384725,3.0290442820110215
16,[0.68849832],5.071187062421037,3.6512291007272673
17,[0.25396801],9.974561280195651,4.387486346401182
18,[4.64145436],6.909076257384868,0.32207151566471737
19,[3.89975071],6.751097365686535,1.063775162523637
