,0,1,2
0,[17.72735076],15.696746729774526,16.5168826267068
1,[15.85932658],11.798313882221226,13.428527851330744
2,[19.26465905],10.04177952665361,14.46216893152307
3,[15.90111705],10.159695839767627,11.259662695896374
4,[17.94350025],13.002949329121686,15.278700183146771
5,[15.6038745],11.05220781482259,14.172223298073234
6,[2.77349375],6.282657185012773,0.39704187088945275
7,[0.41013089],7.867548473866881,3.929596529000891
8,[4.96352587],7.920909081798679,5.28686459288027
9,[1.26359631],9.852339021551964,8.488216300337175
10,[2.66480007],9.403893050881196,1.97665429059938
11,[4.46069549],6.574610198980205,0.9584317441165968
12,[1.21046813],7.857927939864673,2.689282582751394
13,[2.0881037],6.688253756548714,0.6853900569468623
14,[4.33972742],4.843735264938308,2.2516237238348342
15,[1.43165121],7.7656466216384725,3.0290442820110215
16,[0.68849832],5.071187062421037,3.6512291007272673
17,[0.25396801],10.729000713992423,4.387486346401182
18,[4.64145436],6.909076257384868,5.7908671057805465
19,[3.89975071],6.751097365686533,1.063775162523637
