,0,1,2
0,[17.72735076],15.696746729774526,15.172241335331101
1,[15.85932658],11.798313882221226,13.085832822857313
2,[19.26465905],10.288409299060493,14.623204689355429
3,[15.90111705],10.159695839767627,11.259662695896374
4,[17.94350025],13.002949329121686,15.278700183146771
5,[15.6038745],11.16439677006982,13.555648867056025
6,[2.77349375],6.282657185012773,0.10869368483204322
7,[0.41013089],8.746747598572469,3.929596529000891
8,[4.96352587],6.235593203131139,0.32207151566471737
9,[1.26359631],6.549969212515725,2.6361544041879976
10,[2.66480007],9.628784086321671,1.97665429059938
11,[4.46069549],4.688162165797668,0.9584317441165968
12,[1.21046813],10.842914265511633,2.689282582751394
13,[2.0881037],6.688253756548716,0.6853900569468623
14,[4.33972742],4.668208151559085,2.2516237238348342
15,[1.43165121],7.193448744918892,3.0290442820110215
16,[0.68849832],5.071187062421037,2.0849954338392953
17,[0.25396801],10.729000713992423,4.387486346401182
18,[4.64145436],6.909076257384868,11.259662695896374
19,[3.89975071],6.751097365686533,1.063775162523637
