,0,1,2
0,[17.72735076],15.648868237367768,15.172241335331101
1,[15.85932658],11.798313882221226,13.085832822857313
2,[19.26465905],10.157118801076573,14.623204689355429
3,[15.90111705],10.159695839767625,11.259662695896374
4,[17.94350025],13.002949329121686,15.170006498314727
5,[15.6038745],11.05220781482259,12.939074436038817
6,[2.77349375],6.574165181423959,0.7287699910279644
7,[0.41013089],11.606974233310611,4.05056459725748
8,[4.96352587],5.784659367674964,0.32207151566471737
9,[1.26359631],9.605348892803871,2.6361544041879976
10,[2.66480007],9.762961143261794,2.0473106131203505
11,[4.46069549],7.1392341277656755,1.7958954199766044
12,[1.21046813],7.336470043717748,2.689282582751394
13,[2.0881037],9.948037713583417,2.2516237238348342
14,[4.33972742],8.745691618197437,0.12096806825658923
15,[1.43165121],10.353461508846237,3.0290442820110215
16,[0.68849832],5.14802107511861,2.0849954338392953
17,[0.25396801],10.729000713992423,4.387486346401182
18,[4.64145436],6.179919717476414,0.32207151566471737
19,[3.89975071],6.064745555768929,1.063775162523637
