,0,1,2
0,[17.72735076],14.807522742212083,16.5168826267068
1,[15.85932658],11.798313882221226,13.771222879804174
2,[19.26465905],13.663792673162101,14.623204689355429
3,[15.90111705],9.895464080406018,11.259662695896374
4,[17.94350025],16.07469835847894,15.170006498314727
5,[15.6038745],11.05220781482259,14.172223298073234
6,[2.77349375],6.698924872332775,1.566233666887972
7,[0.41013089],9.054209257024258,4.05056459725748
8,[4.96352587],5.7456790000950395,0.32207151566471737
9,[1.26359631],9.358719120396987,3.6999295667116345
10,[2.66480007],6.8021684312661534,2.2987258062640974
11,[4.46069549],7.1392341277656755,3.0290442820110215
12,[1.21046813],7.336470043717746,2.689282582751394
13,[2.0881037],7.28762853507394,2.2516237238348342
14,[4.33972742],6.892096531770536,0.12096806825658923
15,[1.43165121],6.820470920131015,3.0290442820110215
16,[0.68849832],5.088674963061392,3.2112523927477126
17,[0.25396801],10.729000713992423,4.206727475778407
18,[4.64145436],8.648758267523927,0.32207151566471737
19,[3.89975071],6.379221404101801,0.7417036468589195
