,0,1,2
0,[17.72735076],15.648868237367765,13.827600043955403
1,[15.85932658],11.798313882221226,13.085832822857313
2,[19.26465905],13.255316033831898,14.623204689355429
3,[15.90111705],10.389083981560994,11.259662695896374
4,[17.94350025],16.07469835847894,15.278700183146771
5,[15.6038745],10.558587913667617,12.939074436038817
6,[2.77349375],6.875093594320998,2.190032121432054
7,[0.41013089],8.579690898605973,4.05056459725748
8,[4.96352587],5.7456790000950395,0.32207151566471737
9,[1.26359631],9.852339021551963,3.6999295667116345
10,[2.66480007],6.917188028978096,2.2987258062640974
11,[4.46069549],7.1392341277656755,1.7958954199766044
12,[1.21046813],7.336470043717748,2.689282582751394
13,[2.0881037],7.11255296356431,2.2516237238348342
14,[4.33972742],8.47412863858023,11.51959915596934
15,[1.43165121],6.820470920131015,3.0290442820110215
16,[0.68849832],5.119907538765577,1.9763017490072523
17,[0.25396801],10.729000713992423,4.206727475778407
18,[4.64145436],8.006507788974385,0.32207151566471737
19,[3.89975071],6.3197728940104145,0.7417036468589195
