,0,1,2
0,[17.72735076],15.648868237367765,13.827600043955403
1,[15.85932658],11.798313882221226,13.085832822857313
2,[19.26465905],13.9616909674916,17.176555352069627
3,[15.90111705],12.024516759812645,11.259662695896374
4,[17.94350025],15.334712445136613,15.278700183146771
5,[15.6038745],10.558587913667617,14.172223298073234
6,[2.77349375],6.539499033287787,2.190032121432054
7,[0.41013089],8.479124821348474,4.3019797904012265
8,[4.96352587],7.8386988151285735,0.32207151566471737
9,[1.26359631],6.966803947607209,3.1970991804241415
10,[2.66480007],6.917188028978096,1.7958954199766044
11,[4.46069549],7.139234127765677,1.7958954199766044
12,[1.21046813],7.336470043717746,2.689282582751394
13,[2.0881037],7.11255296356431,2.2516237238348342
14,[4.33972742],8.057293903488747,11.51959915596934
15,[1.43165121],6.820470920131015,3.0290442820110215
16,[0.68849832],4.784922068421574,1.9763017490072523
17,[0.25396801],7.3212302266517995,15.349906491840619
18,[4.64145436],8.006507788974385,0.32207151566471737
19,[3.89975071],6.3197728940104145,0.7417036468589195
