,0,1,2
0,[17.72735076],15.505446706416354,13.38762333597585
1,[15.85932658],10.60402919180687,14.595730268136892
2,[19.26465905],9.794789397905518,14.301133173690712
3,[15.90111705],7.920909081798679,10.937591180231657
4,[17.94350025],14.648515199214549,13.482804763170167
5,[15.6038745],10.412440138068966,14.340278196486354
6,[2.77349375],4.504646592995275,1.4524340853547184
7,[0.41013089],7.658531350812176,2.254669177280876
8,[4.96352587],7.920909081798681,10.937591180231657
9,[1.26359631],8.145447791041377,14.340278196486354
10,[2.66480007],9.504459128138695,1.7958954199766044
11,[4.46069549],6.7343339100281785,0.9040849017005752
12,[1.21046813],7.298182635574707,0.8776355668961144
13,[2.0881037],4.000331042515211,0.03987805890238949
14,[4.33972742],4.843735264938308,0.12096806825658923
15,[1.43165121],4.627481010267909,1.34184254686646
16,[0.68849832],5.365128313705432,2.0849954338392953
17,[0.25396801],8.902669012557077,15.349906491840619
18,[4.64145436],8.049737688064567,11.259662695896374
19,[3.89975071],10.935151406951832,6.383949477410996
