,0,1,2
0,[17.72735076],15.505446706416354,13.827600043955403
1,[15.85932658],11.573062490439543,13.895128387913124
2,[19.26465905],13.301463269991046,14.46216893152307
3,[15.90111705],10.27503511419059,11.098626938064015
4,[17.94350025],14.684666973339105,13.482804763170167
5,[15.6038745],11.16439677006982,14.340278196486354
6,[2.77349375],4.28285204284871,0.10869368483204322
7,[0.41013089],4.91025297263461,2.3633628621129192
8,[4.96352587],7.920909081798681,10.937591180231657
9,[1.26359631],7.191929843042485,14.340278196486354
10,[2.66480007],7.20756348903822,1.7958954199766044
11,[4.46069549],6.6523202936043235,0.12096806825658923
12,[1.21046813],4.577428069289356,1.5630256238429767
13,[2.0881037],6.707939827590233,0.03987805890238949
14,[4.33972742],4.843735264938308,0.4399767079795547
15,[1.43165121],7.142282332410301,1.34184254686646
16,[0.68849832],4.715082841907924,2.0849954338392953
17,[0.25396801],7.999632479325896,9.8686964191209
18,[4.64145436],8.77889422797302,11.217872217089976
19,[3.89975071],10.418749899548107,1.063775162523637
