,0,1,2
0,[17.72735076],15.536679282120536,13.827600043955403
1,[15.85932658],9.164289847898587,13.140179665273333
2,[19.26465905],13.301463269991046,14.301133173690712
3,[15.90111705],10.768655015345567,11.259662695896374
4,[17.94350025],14.728903588734408,13.482804763170167
5,[15.6038745],11.16439677006982,14.256250747279793
6,[2.77349375],4.258016820588392,0.7252681158492518
7,[0.41013089],5.907854650437708,2.3633628621129192
8,[4.96352587],7.920909081798679,0.32207151566471737
9,[1.26359631],7.256344146175428,3.6999295667116345
10,[2.66480007],9.403893050881198,1.7958954199766044
11,[4.46069549],6.652320293604322,0.9040849017005752
12,[1.21046813],7.7639670460669095,1.5630256238429767
13,[2.0881037],6.647594439814361,0.6564524899195978
14,[4.33972742],4.874967840642494,0.4399767079795547
15,[1.43165121],7.3170701169246515,2.1854434144387405
16,[0.68849832],5.401280087829987,3.6512291007272673
17,[0.25396801],7.999632479325896,4.387486346401182
18,[4.64145436],8.778894227973018,10.962420145439438
19,[3.89975071],8.605156021926035,1.063775162523637
