,0,1,2
0,[17.72735076],14.6591820128403,13.827600043955403
1,[15.85932658],11.100389918016958,13.085832822857313
2,[19.26465905],9.794789397905518,14.301133173690712
3,[15.90111705],10.159695839767627,11.259662695896374
4,[17.94350025],15.43527852239411,14.326405630742448
5,[15.6038745],11.16439677006982,13.515770808153636
6,[2.77349375],6.458184298391996,0.39704187088945275
7,[0.41013089],5.995849992033618,2.3633628621129192
8,[4.96352587],7.920909081798679,0.32207151566471737
9,[1.26359631],6.549969212515725,9.020103881598994
10,[2.66480007],9.403893050881198,1.7958954199766044
11,[4.46069549],6.339073560226727,0.12096806825658923
12,[1.21046813],7.7639670460669095,1.5630256238429767
13,[2.0881037],6.334347706436766,0.6853900569468623
14,[4.33972742],4.874967840642494,1.3458002159071945
15,[1.43165121],7.3170701169246515,1.34184254686646
16,[0.68849832],5.401280087829987,3.6512291007272673
17,[0.25396801],8.087627820921808,4.387486346401182
18,[4.64145436],6.909076257384866,10.962420145439438
19,[3.89975071],8.605156021926035,1.063775162523637
