,0,1,2
0,[17.72735076],15.53667928212054,14.952252981341324
1,[15.85932658],11.462719321188015,13.085832822857313
2,[19.26465905],10.04177952665361,14.623204689355429
3,[15.90111705],10.159695839767625,11.259662695896374
4,[17.94350025],13.002949329121686,15.170006498314727
5,[15.6038745],10.412440138068966,14.340278196486354
6,[2.77349375],6.458184298391996,0.6853900569468623
7,[0.41013089],5.995849992033618,2.926491341567128
8,[4.96352587],7.920909081798679,5.3077598322834705
9,[1.26359631],6.549969212515725,8.488216300337175
10,[2.66480007],9.403893050881198,2.0473106131203505
11,[4.46069549],6.339073560226728,1.6872017351445612
12,[1.21046813],7.7639670460669095,1.5630256238429767
13,[2.0881037],5.960742870435465,0.6853900569468623
14,[4.33972742],4.843735264938308,3.129259290730949
15,[1.43165121],7.7656466216384725,1.34184254686646
16,[0.68849832],5.071187062421037,3.6512291007272673
17,[0.25396801],7.357382000776354,4.387486346401182
18,[4.64145436],6.909076257384866,11.259662695896374
19,[3.89975071],6.361581578508039,1.063775162523637
