,0,1,2
0,[17.72735076],15.53667928212054,16.5168826267068
1,[15.85932658],11.462719321188015,13.085832822857313
2,[19.26465905],10.288409299060493,14.301133173690712
3,[15.90111705],10.159695839767625,11.259662695896374
4,[17.94350025],13.002949329121686,15.170006498314727
5,[15.6038745],11.16439677006982,14.172223298073234
6,[2.77349375],6.282657185012773,0.6853900569468623
7,[0.41013089],5.587822256324332,3.146479695556905
8,[4.96352587],7.920909081798679,0.32207151566471737
9,[1.26359631],9.852339021551964,2.6361544041879976
10,[2.66480007],9.504459128138695,2.1376900484317387
11,[4.46069549],6.7900073956829035,1.7958954199766044
12,[1.21046813],7.7639670460669095,1.5630256238429767
13,[2.0881037],6.279777117218511,0.6853900569468623
14,[4.33972742],4.843735264938308,2.2516237238348342
15,[1.43165121],7.7656466216384725,3.0290442820110215
16,[0.68849832],5.071187062421037,3.6512291007272673
17,[0.25396801],9.974561280195651,4.387486346401182
18,[4.64145436],6.909076257384866,0.32207151566471737
19,[3.89975071],6.361581578508039,1.063775162523637
