,0,1,2
0,[17.72735076],16.556314901654176,16.556314901654176
1,[15.85932658],6.695078805286587,2.084173675457416
2,[19.26465905],7.575851336491947,3.4053324722654548
3,[15.90111705],14.630469281612509,14.951633830504848
4,[17.94350025],6.695078805286588,2.084173675457416
5,[15.6038745],11.123248748606818,11.143179016062213
6,[2.77349375],4.784751805364725,1.8240105288411361
7,[0.41013089],4.733263423108279,1.5818500501914308
8,[4.96352587],2.298125212362083,2.2987258062640974
9,[1.26359631],16.42556565071118,16.679903943594308
10,[2.66480007],1.5889417706796582,1.2349506437404605
11,[4.46069549],3.814968651647192,0.18075887062277562
12,[1.21046813],4.393995399403981,0.5205279069233291
13,[2.0881037],8.736691371748833,6.902555688061851
14,[4.33972742],3.8956140304849183,0.30172693887936486
15,[1.43165121],2.4110410120359362,2.4680995057748776
16,[0.68849832],4.524487851903061,1.303482621917807
17,[0.25396801],9.653759213592325,9.653759213592323
18,[4.64145436],3.814968651647193,0.18075887062277562
19,[3.89975071],1.5889417706796582,1.2349506437404605
