,0,1,2
0,[17.72735076],12.06182731275853,15.639247059810684
1,[15.85932658],9.417845213412734,4.76530345385312
2,[19.26465905],14.087804839214908,15.928036815668559
3,[15.90111705],14.016653352245154,13.12762330166371
4,[17.94350025],10.826090964293718,16.511849045181187
5,[15.6038745],8.861467485210422,11.052799580750825
6,[2.77349375],7.126034503316333,0.6853900569468623
7,[0.41013089],7.441915187966721,1.692441588679689
8,[4.96352587],5.694463089418525,0.8437868085338591
9,[1.26359631],10.8111517527256,3.377858051046917
10,[2.66480007],1.82144350906584,1.2331488620344169
11,[4.46069549],8.039190343579081,5.661968943342494
12,[1.21046813],4.332192505593445,0.7537300587871649
13,[2.0881037],7.429395033673887,1.8116470158552795
14,[4.33972742],4.774406036154916,5.943972769431442
15,[1.43165121],4.95329847930709,2.4680995057748776
16,[0.68849832],4.749768353590501,1.2756998687834837
17,[0.25396801],9.779901116613553,15.605358563491157
18,[4.64145436],4.740174951260537,1.97665429059938
19,[3.89975071],4.401172492098676,1.1806038013244389
