,0,1,2
0,[17.72735076],16.00327492715948,16.29569954973028
1,[15.85932658],14.265931405098476,13.771222879804174
2,[19.26465905],11.176735941774602,3.363541993459055
3,[15.90111705],11.612886635412856,12.001366342755293
4,[17.94350025],9.531386608879297,13.23138957002642
5,[15.6038745],9.665274982660502,10.962420145439438
6,[2.77349375],3.9122847445245696,1.34184254686646
7,[0.41013089],4.690257828668305,2.254669177280876
8,[4.96352587],6.645741375707746,1.063775162523637
9,[1.26359631],10.437961349482716,3.0761311121675523
10,[2.66480007],4.140384006125092,1.9763017490072523
11,[4.46069549],8.369119017311654,11.143179016062213
12,[1.21046813],4.29589339233354,0.4653818727297554
13,[2.0881037],4.279061170964013,1.8116470158552795
14,[4.33972742],5.755418001928201,0.6237984545440822
15,[1.43165121],10.183949124711239,3.209803152633797
16,[0.68849832],2.4773778670750755,2.030648591423274
17,[0.25396801],8.634815222210635,4.387486346401182
18,[4.64145436],6.409509597834038,0.30172693887936486
19,[3.89975071],10.985159005305917,1.063775162523637
