,0,1,2
0,[17.72735076],12.971208286145355,16.29569954973028
1,[15.85932658],14.297163980802662,13.771222879804174
2,[19.26465905],8.41121593298352,3.4053324722654548
3,[15.90111705],12.238738493559044,12.001366342755293
4,[17.94350025],10.081521979626775,12.979974376882673
5,[15.6038745],9.77746393790773,11.143179016062213
6,[2.77349375],3.957162968528872,1.0136163019066613
7,[0.41013089],4.281781189338102,1.0215203152464591
8,[4.96352587],6.645741375707745,2.2987258062640974
9,[1.26359631],8.04604617669294,3.0761311121675523
10,[2.66480007],4.289085091838084,1.7958954199766044
11,[4.46069549],8.369119017311654,0.8075682746769144
12,[1.21046813],7.476185708627719,0.4653818727297554
13,[2.0881037],4.279061170964013,1.8116470158552795
14,[4.33972742],5.755418001928202,0.47121760617194486
15,[1.43165121],13.217950424374186,14.427675369723772
16,[0.68849832],2.4773778670750755,2.0849954338392953
17,[0.25396801],11.564586911550693,4.548522104233541
18,[4.64145436],4.612356426866027,1.97665429059938
19,[3.89975071],8.703639978262256,1.8116470158552795
