,0,1,2
0,[17.72735076],9.850136573447122,16.29569954973028
1,[15.85932658],11.751622763176584,13.771222879804174
2,[19.26465905],8.41121593298352,8.853232822978084
3,[15.90111705],11.612886635412856,12.001366342755293
4,[17.94350025],10.081521979626775,12.979974376882673
5,[15.6038745],10.057704689997237,11.264147084318802
6,[2.77349375],3.957162968528872,0.6853900569468623
7,[0.41013089],6.920686490875973,2.254669177280876
8,[4.96352587],8.564056438032708,0.6237984545440822
9,[1.26359631],8.046046176692938,3.0761311121675523
10,[2.66480007],4.289085091838084,1.7958954199766044
11,[4.46069549],8.369119017311654,1.6872017351445612
12,[1.21046813],10.549167375870589,2.689282582751394
13,[2.0881037],4.279061170964013,2.0316353698450573
14,[4.33972742],5.755418001928201,0.47121760617194486
15,[1.43165121],9.94919159502057,14.427675369723772
16,[0.68849832],2.4773778670750755,2.0849954338392953
17,[0.25396801],11.564586911550693,4.387486346401182
18,[4.64145436],6.877434747255629,0.18075887062277562
19,[3.89975071],8.703639978262256,1.8116470158552795
