,0,1,2
0,[17.72735076],12.779908262787181,16.29569954973028
1,[15.85932658],11.751622763176584,13.482874693746766
2,[19.26465905],8.455452548378826,8.853232822978084
3,[15.90111705],11.612886635412854,12.001366342755293
4,[17.94350025],9.47571312322457,12.979974376882673
5,[15.6038745],10.057704689997237,11.264147084318802
6,[2.77349375],4.157525304168412,0.44042180497055483
7,[0.41013089],6.920686490875973,1.677972805166057
8,[4.96352587],6.278914238970349,0.6237984545440822
9,[1.26359631],10.298875593556698,3.226994581607235
10,[2.66480007],6.53265953525608,1.7958954199766044
11,[4.46069549],6.477923561128124,1.6872017351445612
12,[1.21046813],7.715431552768516,2.689282582751394
13,[2.0881037],4.279061170964013,1.8116470158552795
14,[4.33972742],5.755418001928201,0.47121760617194486
15,[1.43165121],9.94919159502057,14.427675369723772
16,[0.68849832],2.5260983434196147,2.0849954338392953
17,[0.25396801],11.564586911550693,4.387486346401182
18,[4.64145436],6.877434747255629,0.18075887062277562
19,[3.89975071],8.703639978262256,11.704123792298358
