,0,1,2
0,[17.72735076],12.779908262787181,15.062550687695865
1,[15.85932658],11.720390187472399,13.085832822857313
2,[19.26465905],8.421841568696202,14.301133173690712
3,[15.90111705],12.238738493559044,13.12762330166371
4,[17.94350025],9.531386608879297,13.30204589254739
5,[15.6038745],11.782263569663534,11.143179016062213
6,[2.77349375],4.157525304168412,1.1262569589084173
7,[0.41013089],4.166441914915138,2.254669177280876
8,[4.96352587],6.278914238970349,0.6237984545440822
9,[1.26359631],8.04604617669294,3.0761311121675523
10,[2.66480007],9.093782607303712,1.6749273517200152
11,[4.46069549],6.477923561128124,0.18075887062277562
12,[1.21046813],10.549167375870589,3.4309862296103137
13,[2.0881037],4.477577720607853,2.2516237238348342
14,[4.33972742],5.755418001928201,1.566233666887972
15,[1.43165121],10.183949124711239,3.5318746682985145
16,[0.68849832],2.5260983434196147,1.9763017490072523
17,[0.25396801],7.955336824535587,4.387486346401182
18,[4.64145436],6.409509597834038,0.18075887062277562
19,[3.89975071],8.703639978262256,1.1262569589084173
