,0,1,2
0,[17.72735076],12.779908262787183,15.062550687695865
1,[15.85932658],10.93447088167222,13.085832822857313
2,[19.26465905],8.421841568696202,15.364908336214349
3,[15.90111705],12.463989885340727,13.12762330166371
4,[17.94350025],9.47571312322457,12.979974376882673
5,[15.6038745],10.158270767254736,11.143179016062213
6,[2.77349375],6.400731393467939,1.1262569589084173
7,[0.41013089],4.166441914915138,1.677972805166057
8,[4.96352587],6.278914238970349,0.6237984545440822
9,[1.26359631],7.621350926361529,3.0761311121675523
10,[2.66480007],6.725901703012265,1.6749273517200152
11,[4.46069549],6.053228310796714,0.18075887062277562
12,[1.21046813],9.96736409194779,3.5920219874426724
13,[2.0881037],4.477577720607853,1.8116470158552795
14,[4.33972742],5.755418001928201,1.566233666887972
15,[1.43165121],10.183949124711239,14.427675369723772
16,[0.68849832],2.5260983434196143,1.9763017490072523
17,[0.25396801],8.685582644681041,4.387486346401182
18,[4.64145436],6.409509597834038,0.18075887062277562
19,[3.89975071],8.703639978262256,1.1262569589084173
