,0,1,2
0,[17.72735076],12.981833921858035,16.29569954973028
1,[15.85932658],8.681641464808461,13.085832822857313
2,[19.26465905],7.88398505214592,15.364908336214349
3,[15.90111705],12.463989885340727,13.12762330166371
4,[17.94350025],9.47571312322457,12.979974376882673
5,[15.6038745],10.158270767254736,11.143179016062213
6,[2.77349375],6.3211726537289925,1.566233666887972
7,[0.41013089],4.80869239346468,1.677972805166057
8,[4.96352587],6.278914238970349,2.8754221783789164
9,[1.26359631],7.621350926361529,3.0761311121675523
10,[2.66480007],4.596549739185672,1.6749273517200152
11,[4.46069549],6.3762556206674805,0.7532214322608928
12,[1.21046813],9.96736409194779,3.753057745275031
13,[2.0881037],4.477577720607852,2.0316353698450573
14,[4.33972742],5.755418001928202,1.566233666887972
15,[1.43165121],10.183949124711239,2.4680995057748776
16,[0.68849832],2.5260983434196143,1.9763017490072523
17,[0.25396801],8.530421260211371,4.7095578620659
18,[4.64145436],6.409509597834038,0.18075887062277562
19,[3.89975071],8.703639978262256,1.8116470158552795
