,0,1,2
0,[17.72735076],12.779908262787183,16.29569954973028
1,[15.85932658],10.78818881309794,13.771222879804174
2,[19.26465905],11.230591476577464,15.364908336214349
3,[15.90111705],12.463989885340728,13.12762330166371
4,[17.94350025],6.43318937612397,2.339625747107954
5,[15.6038745],10.158270767254736,11.143179016062213
6,[2.77349375],6.3211726537289925,1.566233666887972
7,[0.41013089],4.80869239346468,1.677972805166057
8,[4.96352587],4.901456062070411,2.2987258062640974
9,[1.26359631],7.336874611879685,3.0761311121675523
10,[2.66480007],4.869141861384556,1.6749273517200152
11,[4.46069549],6.3762556206674805,1.6872017351445612
12,[1.21046813],7.779845855901459,3.753057745275031
13,[2.0881037],4.477577720607853,2.2516237238348342
14,[4.33972742],5.755418001928202,1.566233666887972
15,[1.43165121],10.183949124711239,2.4680995057748776
16,[0.68849832],2.5260983434196143,2.030648591423274
17,[0.25396801],10.554393998565576,15.647149042297556
18,[4.64145436],6.409509597834038,0.18075887062277562
19,[3.89975071],8.703639978262256,1.8116470158552795
