,0,1,2
0,[17.72735076],16.477793285577768,16.29569954973028
1,[15.85932658],14.803127856196848,13.194526507689355
2,[19.26465905],17.511196429709944,16.8338603235962
3,[15.90111705],14.83380523374952,13.12762330166371
4,[17.94350025],13.309510571896254,13.482804763170167
5,[15.6038745],9.269944124540626,11.052799580750825
6,[2.77349375],7.317334526674509,0.2204334509807775
7,[0.41013089],10.22305629991221,2.254669177280876
8,[4.96352587],5.359477619074522,1.063775162523637
9,[1.26359631],13.15871591576807,3.377858051046917
10,[2.66480007],4.340175506168192,1.317176311240977
11,[4.46069549],10.699599522088558,11.143179016062213
12,[1.21046813],9.96736409194779,0.22118307697651662
13,[2.0881037],7.950899065989868,2.0316353698450573
14,[4.33972742],5.228187121090602,0.6237984545440822
15,[1.43165121],11.328106122194816,2.4680995057748776
16,[0.68849832],6.632017195895362,1.9763017490072523
17,[0.25396801],11.464020834293194,9.996422454946169
18,[4.64145436],6.7880766556781085,1.8679606057673368
19,[3.89975071],4.38867613282172,1.1262569589084173
