,0,1,2
0,[17.72735076],15.484956741874566,16.29569954973028
1,[15.85932658],11.429108341505392,13.771222879804174
2,[19.26465905],14.114865726875939,16.59985897995481
3,[15.90111705],14.191554755199977,13.12762330166371
4,[17.94350025],9.56261918458348,12.979974376882673
5,[15.6038745],10.122118993130181,11.143179016062213
6,[2.77349375],6.469803231123561,0.6853900569468623
7,[0.41013089],4.80869239346468,2.254669177280876
8,[4.96352587],4.901456062070411,2.8754221783789164
9,[1.26359631],10.409856279122554,3.0761311121675523
10,[2.66480007],7.5378552027830805,1.7958954199766044
11,[4.46069549],4.1837715915795926,0.5609447762361439
12,[1.21046813],8.455417466110841,3.4309862296103137
13,[2.0881037],4.477577720607853,2.2516237238348342
14,[4.33972742],4.260291956477418,0.9749483924777347
15,[1.43165121],9.94919159502057,3.5318746682985145
16,[0.68849832],2.5260983434196147,2.0849954338392953
17,[0.25396801],11.607816810640873,15.477632527665888
18,[4.64145436],6.40950959783404,0.30172693887936486
19,[3.89975071],8.874333061628922,0.5609447762361439
