,0,1,2
0,[17.72735076],15.484956741874566,16.29569954973028
1,[15.85932658],11.751622763176586,13.085832822857313
2,[19.26465905],14.114865726875943,16.59985897995481
3,[15.90111705],14.718785636037575,13.12762330166371
4,[17.94350025],9.56261918458348,12.979974376882673
5,[15.6038745],10.057704689997237,10.962420145439438
6,[2.77349375],6.309735783469572,0.6853900569468623
7,[0.41013089],4.391693306696821,2.3090160196968976
8,[4.96352587],6.454441352349572,2.8754221783789164
9,[1.26359631],10.409856279122554,14.340278196486354
10,[2.66480007],7.482252225446781,1.7958954199766044
11,[4.46069549],4.1837715915795926,1.6872017351445612
12,[1.21046813],8.663628628880172,3.753057745275031
13,[2.0881037],4.477577720607853,2.2516237238348342
14,[4.33972742],4.260291956477418,2.2516237238348342
15,[1.43165121],9.94919159502057,3.5318746682985145
16,[0.68849832],2.5260983434196147,2.0849954338392953
17,[0.25396801],11.547471422865002,15.605358563491157
18,[4.64145436],6.40950959783404,0.30172693887936486
19,[3.89975071],9.282809700959126,0.5609447762361439
