,0,1,2
0,[17.72735076],15.484956741874566,16.29569954973028
1,[15.85932658],9.49300827138702,13.085832822857313
2,[19.26465905],11.195719673248565,15.364908336214349
3,[15.90111705],14.191554755199977,13.12762330166371
4,[17.94350025],9.56261918458348,12.979974376882673
5,[15.6038745],10.057704689997237,11.143179016062213
6,[2.77349375],3.829647230287481,0.6853900569468623
7,[0.41013089],4.391693306696821,2.254669177280876
8,[4.96352587],6.454441352349571,2.8754221783789164
9,[1.26359631],6.820269366754765,3.0761311121675523
10,[2.66480007],9.834750841883555,1.97665429059938
11,[4.46069549],6.785385219579913,0.18075887062277562
12,[1.21046813],10.851146864926504,3.4309862296103137
13,[2.0881037],4.279061170964013,2.2516237238348342
14,[4.33972742],4.260291956477418,1.6749273517200152
15,[1.43165121],10.911271387103334,3.5318746682985145
16,[0.68849832],2.4773778670750755,1.9763017490072523
17,[0.25396801],14.100236399151353,15.605358563491157
18,[4.64145436],6.409509597834038,1.1391906147393724
19,[3.89975071],6.96767969423284,1.8116470158552795
