,0,1,2
0,[17.72735076],10.738259478440039,15.639247059810684
1,[15.85932658],10.299747831485993,1.8680241800065094
2,[19.26465905],11.59065333979712,10.290943912167542
3,[15.90111705],14.20795337560333,13.12762330166371
4,[17.94350025],13.309510571896254,13.482804763170167
5,[15.6038745],9.482699157045351,11.143179016062213
6,[2.77349375],4.156179479039326,2.0849954338392953
7,[0.41013089],7.584150998374339,2.254669177280876
8,[4.96352587],5.595014257828,0.8437868085338591
9,[1.26359631],10.404471339807236,0.8245073883327181
10,[2.66480007],2.1765655775174086,1.9763017490072523
11,[4.46069549],10.699599522088558,11.143179016062213
12,[1.21046813],3.7539906840865145,0.053128178563396355
13,[2.0881037],7.950899065989868,1.8116470158552795
14,[4.33972742],5.5673643040079615,0.46276269671172354
15,[1.43165121],11.038790284089133,16.29569954973028
16,[0.68849832],4.0148506313239,1.9763017490072523
17,[0.25396801],11.564586911550693,4.387486346401182
18,[4.64145436],3.985332197198267,0.30172693887936486
19,[3.89975071],5.836848057263945,0.81235996937989
