,0,1,2
0,[17.72735076],15.967123153034924,16.29569954973028
1,[15.85932658],11.297282256773043,11.51959915596934
2,[19.26465905],13.364254177820934,3.4053324722654548
3,[15.90111705],13.345290061623922,12.001366342755293
4,[17.94350025],9.539837578334732,7.91121525513906
5,[15.6038745],9.269944124540626,10.962420145439438
6,[2.77349375],4.025866452066024,1.3851927453930788
7,[0.41013089],1.4794799457284695,1.6380947462636675
8,[4.96352587],6.909973135069353,0.6237984545440822
9,[1.26359631],9.85634610673183,1.9503192502501352
10,[2.66480007],4.340175506168192,1.9763017490072523
11,[4.46069549],7.225252833625932,5.8230047011748525
12,[1.21046813],7.476185708627719,2.689282582751394
13,[2.0881037],3.9073273149446246,1.8116470158552795
14,[4.33972742],5.747059906166922,0.46276269671172354
15,[1.43165121],10.366026330112055,16.29569954973028
16,[0.68849832],2.477377867075076,1.9763017490072523
17,[0.25396801],10.554393998565576,10.178353452181728
18,[4.64145436],8.625290362888759,1.0848437723233508
19,[3.89975071],9.182190763396525,1.063775162523637
