,0,1,2
0,[17.72735076],16.00327492715948,16.29569954973028
1,[15.85932658],14.050534208395778,13.085832822857313
2,[19.26465905],11.176735941774604,8.853232822978084
3,[15.90111705],11.76606592113646,12.001366342755293
4,[17.94350025],9.539837578334732,12.979974376882673
5,[15.6038745],9.269944124540626,10.962420145439438
6,[2.77349375],6.636268032221418,1.5630256238429767
7,[0.41013089],1.4794799457284695,1.0215203152464591
8,[4.96352587],8.650962499391618,0.6237984545440822
9,[1.26359631],9.85634610673183,3.0761311121675523
10,[2.66480007],4.340175506168192,0.09020316451532384
11,[4.46069549],8.692146327182419,0.502830386287493
12,[1.21046813],7.476185708627719,1.5630256238429767
13,[2.0881037],4.3175102729538635,1.8116470158552795
14,[4.33972742],5.747059906166922,0.6237984545440822
15,[1.43165121],10.366026330112053,9.75275135118204
16,[0.68849832],2.477377867075076,1.9763017490072523
17,[0.25396801],11.564586911550693,4.7095578620659
18,[4.64145436],8.625290362888759,1.8679606057673368
19,[3.89975071],9.182190763396525,12.001366342755293
