,0,1,2
0,[17.72735076],13.657405532067418,16.29569954973028
1,[15.85932658],14.632758541835873,13.771222879804174
2,[19.26465905],11.176735941774604,14.301133173690712
3,[15.90111705],12.238738493559044,12.001366342755293
4,[17.94350025],10.237761542539,13.482804763170167
5,[15.6038745],9.665274982660502,11.052799580750825
6,[2.77349375],4.147821383278047,1.5630256238429767
7,[0.41013089],4.690257828668305,2.254669177280876
8,[4.96352587],4.509491661584031,1.063775162523637
9,[1.26359631],10.437961349482718,3.0761311121675523
10,[2.66480007],6.957354785587489,1.7958954199766044
11,[4.46069549],11.29375995518274,0.502830386287493
12,[1.21046813],7.129629215435614,1.5630256238429767
13,[2.0881037],4.279061170964013,1.8116470158552795
14,[4.33972742],6.1638946412584055,0.6237984545440822
15,[1.43165121],10.366026330112053,3.209803152633797
16,[0.68849832],2.477377867075075,2.030648591423274
17,[0.25396801],8.634815222210635,4.387486346401182
18,[4.64145436],4.793470032936822,2.5932287216165886
19,[3.89975071],10.985159005305917,1.063775162523637
