,0,1,2
0,[15.90111705 17.94350025 15.6038745 ],12.488440823513766,4.128611140273035
1,[17.77349375 15.41013089 19.96352587],26.46435376091465,24.06193070291535
2,[16.26359631 17.66480007 19.46069549],27.922314461007193,3.8738822080660484
3,[16.21046813 17.0881037  19.33972742],12.905722601341191,2.5543797061977958
4,[16.43165121 15.68849832 15.25396801],24.64233967040751,20.48771232176371
5,[19.64145436 18.89975071 18.47237254],14.025202031099898,2.7360629030337096
6,[19.76719334 19.6597114  16.03699769],29.460481894201223,26.856400702818497
7,[16.11678491 19.98759182 17.46031652],26.510509240778894,24.246335605858384
8,[16.12887437 19.93858081 18.78295371],13.802718134543088,2.8245168831350247
9,[17.91291495 17.83013576 16.85921687],27.738742957065178,0.8338136783137275
10,[17.26481781 19.08634153 15.51003263],27.183571566227293,2.996340981214067
11,[19.58578232 15.21935594 17.87274299],13.79805237650587,3.1816755401508
12,[15.90249493 18.17850832 19.47071723],13.280007356451236,2.559945938284634
13,[18.2777997  16.27112435 17.9828951 ],12.77845747184741,1.7059159490355584
14,[19.59938588 18.87270538 16.45497272],28.90672319087045,4.798076154860871
15,[3.43414888 2.16660696 1.50799186],27.347161641322565,27.010323488966588
16,[1.78236061 1.27059724 0.09038608],19.18741509733735,28.461592507922195
17,[4.85792393 2.91857027 0.31118075],8.37688613138454,22.36154887086478
18,[3.12964812 3.02963325 1.38447727],8.05800527707592,2.628703547694758
19,[2.23216983 2.03304886 4.68308437],17.2912149810146,25.17031975177877
20,[2.11204411 4.98289503 3.26017415],25.01634267453619,24.18082348961248
21,[2.46168083 4.17138708 3.72570928],12.149073022578879,20.748431986439634
22,[1.05236537 3.52368336 1.35874953],8.572433271419651,3.692097333471371
23,[3.57216068 2.70602475 4.03625234],8.331555821120496,0.966251836833919
24,[4.12303702 2.60165702 0.40223735],8.746942701831063,3.309498844026344
25,[0.34957584 2.23384141 4.08983999],13.451630535232898,22.990952763536924
26,[0.77866105 0.96438192 3.1575269 ],18.13708884051812,27.82995925485475
27,[0.72968806 1.79072567 2.69186079],17.942333425357234,27.62196892146517
28,[2.09391472 3.4083133  3.37405755],17.086772440212105,25.493630718905113
29,[4.31601311 3.69292532 0.18758797],13.390919623956469,22.183285798185647
30,[0.74281346 4.48184835 2.59340122],26.98345697761537,26.696539814972716
31,[2.59418847 0.05490405 1.21004971],18.880172602557103,28.425175127820868
32,[3.69973079 3.34562586 0.96331909],7.676490731372811,22.272812836000405
33,[1.13935691 0.09525207 1.96493515],9.171940103767692,4.457448798396133
34,[4.24583976 4.22624356 0.97942563],8.098348426156518,21.50515598376408
35,[0.74972798 4.435753   2.71787443],17.93087569221885,12.666571221828006
36,[1.51108025 2.60472064 2.41224888],7.567231215745645,23.0427881257991
37,[3.5502443 3.7224448 3.3121648],12.060836869064712,21.193944491718643
38,[3.29605343 4.03527681 0.05399235],8.105590830261285,22.7311991229974
39,[2.90072873 1.49686332 2.06526025],7.657541122247662,2.573532582106214
40,[2.59490613 1.04320864 3.90300228],27.046616709974312,26.002057854060915
41,[0.63358274 0.31730821 0.05234894],9.604373817019091,26.220970665591594
42,[0.53912347 0.31195111 0.17772994],9.62765549779493,26.20425487174336
43,[2.69586621 3.88108859 4.82434583],8.670815010307404,20.27061079594475
44,[2.82406135 4.66537818 3.79888283],12.159474188223104,20.826579489515094
45,[0.80726711 1.39373176 1.87028755],8.510901197187945,3.8274441588809434
46,[3.6863014  4.63510629 2.12418615],21.191067464213297,22.37630178636424
47,[1.58444942 0.28628807 2.64996816],8.840222087561873,3.568912124568131
48,[3.00392571 4.34988355 2.78206815],12.113106318455626,21.484688056285062
49,[1.57657998 1.50391427 1.11001945],13.798729888546656,24.88624817480433
