,0,1,2
0,[15.90111705 17.94350025 15.6038745 ],12.007024711022504,3.0066725246624024
1,[17.77349375 15.41013089 19.96352587],22.48348014413138,5.343438224447925
2,[16.26359631 17.66480007 19.46069549],18.722965904648813,5.005956065464952
3,[16.21046813 17.0881037  19.33972742],17.82995290996911,2.384230255123422
4,[16.43165121 15.68849832 15.25396801],19.12463875494887,3.01089120499287
5,[19.64145436 18.89975071 18.47237254],24.2239732877201,2.802425809822492
6,[19.76719334 19.6597114  16.03699769],28.739340444699728,26.09226038848908
7,[16.11678491 19.98759182 17.46031652],22.85049488817658,4.379142800150628
8,[16.12887437 19.93858081 18.78295371],12.99929848732051,2.8245168831350247
9,[17.91291495 17.83013576 16.85921687],21.681597596850203,1.1328346629925328
10,[17.26481781 19.08634153 15.51003263],17.87772277400443,4.384288403361377
11,[19.58578232 15.21935594 17.87274299],21.928816574325648,3.146471280281347
12,[15.90249493 18.17850832 19.47071723],12.553846839359858,2.5551695681242963
13,[18.2777997  16.27112435 17.9828951 ],12.778457471847409,1.9199575314485047
14,[19.59938588 18.87270538 16.45497272],18.978029496027098,2.749247216294413
15,[3.43414888 2.16660696 1.50799186],26.83981436324388,26.95741797829045
16,[1.78236061 1.27059724 0.09038608],19.270307786606985,28.807669058517803
17,[4.85792393 2.91857027 0.31118075],7.187921706913879,26.553421816781945
18,[3.12964812 3.02963325 1.38447727],7.708116438233267,23.462471242318166
19,[2.23216983 2.03304886 4.68308437],16.589317117982606,23.427705085151523
20,[2.11204411 4.98289503 3.26017415],2.3683008853248344,22.614837547140095
21,[2.46168083 4.17138708 3.72570928],12.580374468049408,21.9702788406087
22,[1.05236537 3.52368336 1.35874953],12.583450234863156,27.718144108711193
23,[3.57216068 2.70602475 4.03625234],7.223651357566013,20.93091107513253
24,[4.12303702 2.60165702 0.40223735],8.154979695529217,23.946934574456392
25,[0.34957584 2.23384141 4.08983999],17.55349730063897,24.749368782845707
26,[0.77866105 0.96438192 3.1575269 ],18.04551276491746,27.82995925485475
27,[0.72968806 1.79072567 2.69186079],17.872742301350883,25.529355053347526
28,[2.09391472 3.4083133  3.37405755],16.192703381282087,23.082017096860564
29,[4.31601311 3.69292532 0.18758797],12.918360429438929,23.647506370203544
30,[0.74281346 4.48184835 2.59340122],26.573186474918238,25.22266017780874
31,[2.59418847 0.05490405 1.21004971],18.20405233373732,28.071717408804968
32,[3.69973079 3.34562586 0.96331909],11.785779855232654,22.647471179469964
33,[1.13935691 0.09525207 1.96493515],14.411126121491872,24.54922729613607
34,[4.24583976 4.22624356 0.97942563],16.111687833334166,23.156797091601334
35,[0.74972798 4.435753   2.71787443],17.43491638863272,25.169981886827152
36,[1.51108025 2.60472064 2.41224888],11.6345662070498,23.41886463226066
37,[3.5502443 3.7224448 3.3121648],6.541003720891132,2.5362496854791323
38,[3.29605343 4.03527681 0.05399235],12.1160116304149,25.813942871399238
39,[2.90072873 1.49686332 2.06526025],7.53600378223606,24.066294198163362
40,[2.59490613 1.04320864 3.90300228],21.700193392283257,26.320449902237616
41,[0.63358274 0.31730821 0.05234894],8.660358806135303,7.543353075036767
42,[0.53912347 0.31195111 0.17772994],9.617651526286098,26.580551126021245
43,[2.69586621 3.88108859 4.82434583],9.235076879722605,23.06429068533543
44,[2.82406135 4.66537818 3.79888283],6.902245602633999,24.30222157388955
45,[0.80726711 1.39373176 1.87028755],7.557792420953899,25.59655005837245
46,[3.6863014  4.63510629 2.12418615],8.295439516222519,23.940017718110628
47,[1.58444942 0.28628807 2.64996816],8.022740085571908,6.249007713671329
48,[3.00392571 4.34988355 2.78206815],11.582845762497907,24.961496196577187
49,[1.57657998 1.50391427 1.11001945],13.855799928513397,26.78397893392846
