,0,1,2
0,[15.90111705 17.94350025 15.6038745 ],8.118345763587609,2.0841249596699445
1,[17.77349375 15.41013089 19.96352587],22.48348014413138,4.500003036935023
2,[16.26359631 17.66480007 19.46069549],18.722965904648813,2.446284747812656
3,[16.21046813 17.0881037  19.33972742],18.589724525136653,2.3431750459909595
4,[16.43165121 15.68849832 15.25396801],19.12463875494887,3.630290651500766
5,[19.64145436 18.89975071 18.47237254],24.2239732877201,3.4231366848672193
6,[19.76719334 19.6597114  16.03699769],28.739340444699728,26.00885488528276
7,[16.11678491 19.98759182 17.46031652],18.3215610878894,4.669579652925609
8,[16.12887437 19.93858081 18.78295371],8.011111449477252,2.8525860535617995
9,[17.91291495 17.83013576 16.85921687],21.5560608519372,1.5763301206497695
10,[17.26481781 19.08634153 15.51003263],17.596675420400803,4.384288403361377
11,[19.58578232 15.21935594 17.87274299],22.06395061952306,3.146471280281347
12,[15.90249493 18.17850832 19.47071723],12.978742854496655,2.5551695681242963
13,[18.2777997  16.27112435 17.9828951 ],12.778457471847409,1.7059159490355584
14,[19.59938588 18.87270538 16.45497272],18.978029496027098,2.749247216294413
15,[3.43414888 2.16660696 1.50799186],12.759088391181994,26.95741797829045
16,[1.78236061 1.27059724 0.09038608],13.878136548779906,28.995762268566022
17,[4.85792393 2.91857027 0.31118075],11.684752978976125,26.553421816781945
18,[3.12964812 3.02963325 1.38447727],7.708116438233267,2.9777716896781317
19,[2.23216983 2.03304886 4.68308437],7.568848982317348,23.110554046984404
20,[2.11204411 4.98289503 3.26017415],2.3683008853248344,22.614837547140095
21,[2.46168083 4.17138708 3.72570928],16.67006422964049,21.832310119965463
22,[1.05236537 3.52368336 1.35874953],7.77849383226948,27.23658297402288
23,[3.57216068 2.70602475 4.03625234],11.386209576161141,20.93091107513253
24,[4.12303702 2.60165702 0.40223735],8.154979695529217,23.946934574456392
25,[0.34957584 2.23384141 4.08983999],17.55349730063897,24.749368782845707
26,[0.77866105 0.96438192 3.1575269 ],17.961279250019906,28.379693483490932
27,[0.72968806 1.79072567 2.69186079],22.78789385580955,25.529355053347526
28,[2.09391472 3.4083133  3.37405755],6.651872661534402,23.082017096860564
29,[4.31601311 3.69292532 0.18758797],12.757165629175313,23.647506370203544
30,[0.74281346 4.48184835 2.59340122],26.844715720751747,25.22266017780874
31,[2.59418847 0.05490405 1.21004971],18.20405233373732,28.071717408804968
32,[3.69973079 3.34562586 0.96331909],11.487023745391022,25.704652045263522
33,[1.13935691 0.09525207 1.96493515],14.411126121491872,26.11350753896572
34,[4.24583976 4.22624356 0.97942563],16.899735012703246,25.759830389447057
35,[0.74972798 4.435753   2.71787443],17.444620436095914,24.41414660418269
36,[1.51108025 2.60472064 2.41224888],11.6345662070498,22.937024157633005
37,[3.5502443 3.7224448 3.3121648],6.987143613085664,0.3338754232178529
38,[3.29605343 4.03527681 0.05399235],16.562470033923795,26.689241518750467
39,[2.90072873 1.49686332 2.06526025],12.468775144539904,24.066294198163362
40,[2.59490613 1.04320864 3.90300228],11.370445846957029,25.629768379399952
41,[0.63358274 0.31730821 0.05234894],8.660358806135303,7.845750481477278
42,[0.53912347 0.31195111 0.17772994],20.00945548040179,26.580551126021245
43,[2.69586621 3.88108859 4.82434583],12.362468107222384,24.061108618648262
44,[2.82406135 4.66537818 3.79888283],2.564212511031079,24.30222157388955
45,[0.80726711 1.39373176 1.87028755],13.013997241886676,28.806573184898646
46,[3.6863014  4.63510629 2.12418615],8.295439516222519,22.5415095726459
47,[1.58444942 0.28628807 2.64996816],8.395356615159836,14.979470960825884
48,[3.00392571 4.34988355 2.78206815],11.582845762497907,25.13320357703927
49,[1.57657998 1.50391427 1.11001945],13.855799928513397,28.367421598810154
