,0,1,2
0,[15.90111705 17.94350025 15.6038745 ],8.197904511919335,2.0841249596699445
1,[17.77349375 15.41013089 19.96352587],22.48348014413138,4.247523997940398
2,[16.26359631 17.66480007 19.46069549],18.722965904648813,2.3399719645338872
3,[16.21046813 17.0881037  19.33972742],18.589724525136653,2.3517780216033612
4,[16.43165121 15.68849832 15.25396801],19.12463875494887,3.582593688706111
5,[19.64145436 18.89975071 18.47237254],19.254498465394693,3.4231366848672193
6,[19.76719334 19.6597114  16.03699769],23.52686572993652,5.0707609186924
7,[16.11678491 19.98759182 17.46031652],22.929922589705576,2.7797399278798958
8,[16.12887437 19.93858081 18.78295371],8.011111449477252,2.853112745986239
9,[17.91291495 17.83013576 16.85921687],26.271727396011606,0.9265790893439948
10,[17.26481781 19.08634153 15.51003263],17.596675420400803,3.0883965602486123
11,[19.58578232 15.21935594 17.87274299],22.016052307092174,3.1333464957859727
12,[15.90249493 18.17850832 19.47071723],12.978742854496655,2.557161792719679
13,[18.2777997  16.27112435 17.9828951 ],12.778457471847409,1.6557133509803883
14,[19.59938588 18.87270538 16.45497272],27.979110512705454,2.581731916792458
15,[3.43414888 2.16660696 1.50799186],17.833756245808946,26.95741797829045
16,[1.78236061 1.27059724 0.09038608],13.878136548779906,28.901715387192827
17,[4.85792393 2.91857027 0.31118075],11.684752978976125,24.048861750767262
18,[3.12964812 3.02963325 1.38447727],7.708116438233267,2.2305945360904063
19,[2.23216983 2.03304886 4.68308437],2.990896067734556,26.909849789945923
20,[2.11204411 4.98289503 3.26017415],2.7666722625842106,24.987872669047174
21,[2.46168083 4.17138708 3.72570928],11.993015594235448,20.748431986439634
22,[1.05236537 3.52368336 1.35874953],7.77849383226948,25.146660064651666
23,[3.57216068 2.70602475 4.03625234],7.223651357566015,22.234842592293646
24,[4.12303702 2.60165702 0.40223735],8.334361508593586,26.261013916259014
25,[0.34957584 2.23384141 4.08983999],17.55349730063897,24.749368782845707
26,[0.77866105 0.96438192 3.1575269 ],18.09947294305109,28.717777001798737
27,[0.72968806 1.79072567 2.69186079],22.78789385580955,26.930078348495474
28,[2.09391472 3.4083133  3.37405755],7.096080594940456,23.082017096860564
29,[4.31601311 3.69292532 0.18758797],12.675399333121664,25.367293675325776
30,[0.74281346 4.48184835 2.59340122],26.46051110224053,24.092209957491075
31,[2.59418847 0.05490405 1.21004971],13.414160419914804,29.567235036935198
32,[3.69973079 3.34562586 0.96331909],11.487023745391022,23.01679897259034
33,[1.13935691 0.09525207 1.96493515],14.411126121491872,26.64616435871356
34,[4.24583976 4.22624356 0.97942563],16.899735012703246,25.564534268708012
35,[0.74972798 4.435753   2.71787443],16.999190991841218,23.497313619087823
36,[1.51108025 2.60472064 2.41224888],7.564205410450116,25.84168645423864
37,[3.5502443 3.7224448 3.3121648],6.987143613085664,2.02128065776627
38,[3.29605343 4.03527681 0.05399235],16.562470033923795,26.929214577282416
39,[2.90072873 1.49686332 2.06526025],12.393170538178158,23.154381081064155
40,[2.59490613 1.04320864 3.90300228],11.810837413573271,25.629768379399952
41,[0.63358274 0.31730821 0.05234894],10.007295013988834,5.888295216633513
42,[0.53912347 0.31195111 0.17772994],19.612520085536314,27.867671693496913
43,[2.69586621 3.88108859 4.82434583],12.362468107222384,23.06429068533543
44,[2.82406135 4.66537818 3.79888283],2.807631731120557,1.421676214882858
45,[0.80726711 1.39373176 1.87028755],13.466116747709203,29.145270799577112
46,[3.6863014  4.63510629 2.12418615],8.295439516222519,2.1543851230664246
47,[1.58444942 0.28628807 2.64996816],8.395356615159836,23.80959262217391
48,[3.00392571 4.34988355 2.78206815],2.184597900903986,25.25561968274749
49,[1.57657998 1.50391427 1.11001945],13.855799928513397,25.124656789135834
