,0,1,2
0,[15.90111705 17.94350025 15.6038745 ],8.118345763587607,2.870878679895064
1,[17.77349375 15.41013089 19.96352587],18.070196056390053,3.545770267987631
2,[16.26359631 17.66480007 19.46069549],18.85085803285063,2.3399719645338872
3,[16.21046813 17.0881037  19.33972742],12.727374792100578,2.351271551663347
4,[16.43165121 15.68849832 15.25396801],19.11201402645874,3.630290651500766
5,[19.64145436 18.89975071 18.47237254],18.69930996126697,3.1115624369602846
6,[19.76719334 19.6597114  16.03699769],23.890896078497175,4.884683897740538
7,[16.11678491 19.98759182 17.46031652],17.820311401953212,2.7797399278798958
8,[16.12887437 19.93858081 18.78295371],8.011111449477252,2.8718796783479132
9,[17.91291495 17.83013576 16.85921687],26.271727396011613,0.9265790893439948
10,[17.26481781 19.08634153 15.51003263],17.38747310039937,3.0883965602486123
11,[19.58578232 15.21935594 17.87274299],22.016052307092174,3.152834213515982
12,[15.90249493 18.17850832 19.47071723],17.926265281515548,2.5551695681242963
13,[18.2777997  16.27112435 17.9828951 ],12.729930643963698,1.7059159490355584
14,[19.59938588 18.87270538 16.45497272],27.979110512705454,2.5061216943105604
15,[3.43414888 2.16660696 1.50799186],17.833756245808946,27.078467892273473
16,[1.78236061 1.27059724 0.09038608],8.807575766035118,28.807669058517803
17,[4.85792393 2.91857027 0.31118075],11.358150226000898,26.411112235655377
18,[3.12964812 3.02963325 1.38447727],7.712980623555275,3.1867990350161253
19,[2.23216983 2.03304886 4.68308437],2.990896067734556,25.9438688728339
20,[2.11204411 4.98289503 3.26017415],2.7666722625842106,23.312230429268183
21,[2.46168083 4.17138708 3.72570928],3.441884156661888,20.8347918624149
22,[1.05236537 3.52368336 1.35874953],8.033985133819014,27.595880048527302
23,[3.57216068 2.70602475 4.03625234],11.807988003720164,20.93091107513253
24,[4.12303702 2.60165702 0.40223735],8.334361508593586,25.619684362914587
25,[0.34957584 2.23384141 4.08983999],17.56492447501299,24.207197408956233
26,[0.77866105 0.96438192 3.1575269 ],12.769208426225095,28.717777001798737
27,[0.72968806 1.79072567 2.69186079],22.78789385580955,26.930078348495474
28,[2.09391472 3.4083133  3.37405755],7.26398264893424,23.400120748752055
29,[4.31601311 3.69292532 0.18758797],8.180554696799758,23.660429378974055
30,[0.74281346 4.48184835 2.59340122],26.556382640570053,25.22266017780874
31,[2.59418847 0.05490405 1.21004971],13.414160419914802,29.313216213726133
32,[3.69973079 3.34562586 0.96331909],16.199536484648643,24.66715999295552
33,[1.13935691 0.09525207 1.96493515],14.411126121491872,27.78182422576841
34,[4.24583976 4.22624356 0.97942563],3.7429789265094215,25.564534268708012
35,[0.74972798 4.435753   2.71787443],7.9113778400325945,22.2813320413008
36,[1.51108025 2.60472064 2.41224888],7.427614033694901,26.486056835618857
37,[3.5502443 3.7224448 3.3121648],2.320808345272789,0.7494140191126554
38,[3.29605343 4.03527681 0.05399235],16.562470033923795,26.50217599520744
39,[2.90072873 1.49686332 2.06526025],7.353194230543001,23.154381081064155
40,[2.59490613 1.04320864 3.90300228],16.764824987755247,25.629768379399952
41,[0.63358274 0.31730821 0.05234894],10.149489211763486,5.888295216633513
42,[0.53912347 0.31195111 0.17772994],4.904647992560373,27.484588058284096
43,[2.69586621 3.88108859 4.82434583],15.533397995680371,24.24900421506247
44,[2.82406135 4.66537818 3.79888283],6.913311607613228,1.958371786142041
45,[0.80726711 1.39373176 1.87028755],13.316558177013258,28.738362681315497
46,[3.6863014  4.63510629 2.12418615],8.893534173679328,22.119382765407938
47,[1.58444942 0.28628807 2.64996816],8.395356615159836,24.311839182212687
48,[3.00392571 4.34988355 2.78206815],1.903863920735736,25.662213276937845
49,[1.57657998 1.50391427 1.11001945],13.855799928513397,26.063675543345212
