,0,1,2
0,[15.90111705 17.94350025 15.6038745 ],4.0820259806269785,2.870878679895064
1,[17.77349375 15.41013089 19.96352587],18.885567387150495,3.891032942177759
2,[16.26359631 17.66480007 19.46069549],13.724434279297501,2.446284747812656
3,[16.21046813 17.0881037  19.33972742],11.905633441006815,2.3517780216033612
4,[16.43165121 15.68849832 15.25396801],19.88764032220961,3.630290651500766
5,[19.64145436 18.89975071 18.47237254],18.4309995753297,4.534191772783741
6,[19.76719334 19.6597114  16.03699769],23.890896078497175,3.859470341417373
7,[16.11678491 19.98759182 17.46031652],17.820311401953216,2.7797399278798958
8,[16.12887437 19.93858081 18.78295371],3.05411829184102,2.8718796783479132
9,[17.91291495 17.83013576 16.85921687],21.689249720922128,0.8384106395986849
10,[17.26481781 19.08634153 15.51003263],13.127586332603803,2.7728073683178507
11,[19.58578232 15.21935594 17.87274299],22.386794215539318,3.1333464957859727
12,[15.90249493 18.17850832 19.47071723],17.926265281515548,2.5551695681242963
13,[18.2777997  16.27112435 17.9828951 ],16.908218899826405,1.7059159490355584
14,[19.59938588 18.87270538 16.45497272],23.406271076311818,2.5424657481660744
15,[3.43414888 2.16660696 1.50799186],17.83375624580895,27.010323488966588
16,[1.78236061 1.27059724 0.09038608],13.320011684311073,28.807669058517803
17,[4.85792393 2.91857027 0.31118075],7.805336639295968,24.742880979246912
18,[3.12964812 3.02963325 1.38447727],7.712980623555275,4.288871148918349
19,[2.23216983 2.03304886 4.68308437],2.990896067734556,24.82513458679825
20,[2.11204411 4.98289503 3.26017415],3.526408025967084,23.312230429268183
21,[2.46168083 4.17138708 3.72570928],7.210863209465207,2.9318223437729323
22,[1.05236537 3.52368336 1.35874953],7.707867479338347,24.424848202396802
23,[3.57216068 2.70602475 4.03625234],11.38620957616114,20.427981315751698
24,[4.12303702 2.60165702 0.40223735],8.334361508593584,26.898378451563225
25,[0.34957584 2.23384141 4.08983999],13.177251528519736,24.207197408956233
26,[0.77866105 0.96438192 3.1575269 ],12.769208426225095,27.82995925485475
27,[0.72968806 1.79072567 2.69186079],22.763314113583323,26.930078348495474
28,[2.09391472 3.4083133  3.37405755],2.212640780473179,21.76524113585779
29,[4.31601311 3.69292532 0.18758797],8.175010883876533,22.183285798185647
30,[0.74281346 4.48184835 2.59340122],21.070607754798704,25.22266017780874
31,[2.59418847 0.05490405 1.21004971],13.414160419914802,28.71097720835326
32,[3.69973079 3.34562586 0.96331909],11.756479070925938,26.34309921300451
33,[1.13935691 0.09525207 1.96493515],9.576263552788486,26.686508514506176
34,[4.24583976 4.22624356 0.97942563],4.351473733894308,23.156797091601334
35,[0.74972798 4.435753   2.71787443],7.991983757279142,23.35997725963601
36,[1.51108025 2.60472064 2.41224888],11.776542667683831,26.486056835618857
37,[3.5502443 3.7224448 3.3121648],6.878925038607669,0.3338754232178529
38,[3.29605343 4.03527681 0.05399235],17.470493041940735,26.50217599520744
39,[2.90072873 1.49686332 2.06526025],7.765627889592108,3.633651078114413
40,[2.59490613 1.04320864 3.90300228],16.506434725513422,26.320449902237616
41,[0.63358274 0.31730821 0.05234894],4.974312362211676,6.273377724482218
42,[0.53912347 0.31195111 0.17772994],9.854985112326823,27.184141859104397
43,[2.69586621 3.88108859 4.82434583],15.762891034686692,21.970140106674933
44,[2.82406135 4.66537818 3.79888283],2.4216475473523262,1.8192488077229996
45,[0.80726711 1.39373176 1.87028755],13.55297360140986,28.738362681315497
46,[3.6863014  4.63510629 2.12418615],8.893534173679328,1.9668330440392543
47,[1.58444942 0.28628807 2.64996816],8.690817462344715,23.80959262217391
48,[3.00392571 4.34988355 2.78206815],2.4978710933636457,24.250597330917884
49,[1.57657998 1.50391427 1.11001945],8.846526988049893,25.124656789135834
