,0,1,2
0,[15.90111705 17.94350025 15.6038745 ],8.2413270711043,2.870878679895064
1,[17.77349375 15.41013089 19.96352587],18.148145174482405,3.913845148649986
2,[16.26359631 17.66480007 19.46069549],13.59654215109568,2.5078925613914533
3,[16.21046813 17.0881037  19.33972742],17.125395240505952,2.531915133921527
4,[16.43165121 15.68849832 15.25396801],19.864091007870506,3.630290651500766
5,[19.64145436 18.89975071 18.47237254],13.7267640402371,3.4231366848672193
6,[19.76719334 19.6597114  16.03699769],24.236530341225382,5.079201354595135
7,[16.11678491 19.98759182 17.46031652],22.46111265901439,2.7797399278798958
8,[16.12887437 19.93858081 18.78295371],8.146760343288964,2.963007622202226
9,[17.91291495 17.83013576 16.85921687],21.689249720922128,0.8384106395986849
10,[17.26481781 19.08634153 15.51003263],13.127586332603803,2.7113269331917573
11,[19.58578232 15.21935594 17.87274299],18.099201153812885,3.2165626919984787
12,[15.90249493 18.17850832 19.47071723],17.926265281515548,2.557161792719679
13,[18.2777997  16.27112435 17.9828951 ],16.72120929321384,1.6692034784209062
14,[19.59938588 18.87270538 16.45497272],18.07484045010688,2.581731916792458
15,[3.43414888 2.16660696 1.50799186],22.41024232427646,26.887930167287326
16,[1.78236061 1.27059724 0.09038608],9.335435692082337,28.807669058517803
17,[4.85792393 2.91857027 0.31118075],8.200273921464515,24.048861750767262
18,[3.12964812 3.02963325 1.38447727],7.712980623555277,23.621330338024645
19,[2.23216983 2.03304886 4.68308437],2.697003665820584,24.82513458679825
20,[2.11204411 4.98289503 3.26017415],3.5264080259670836,23.312230429268183
21,[2.46168083 4.17138708 3.72570928],11.082705809968294,20.748431986439634
22,[1.05236537 3.52368336 1.35874953],2.8372124967779166,24.72440357249024
23,[3.57216068 2.70602475 4.03625234],11.38620957616114,22.001714892470883
24,[4.12303702 2.60165702 0.40223735],8.334361508593584,26.613411965823516
25,[0.34957584 2.23384141 4.08983999],9.094102646763332,26.791431508964983
26,[0.77866105 0.96438192 3.1575269 ],12.769208426225095,25.422022368422343
27,[0.72968806 1.79072567 2.69186079],22.76331411358332,27.62196892146517
28,[2.09391472 3.4083133  3.37405755],2.212640780473179,23.082017096860564
29,[4.31601311 3.69292532 0.18758797],4.184342949696431,23.02777566865812
30,[0.74281346 4.48184835 2.59340122],21.58651856849399,25.863888249301137
31,[2.59418847 0.05490405 1.21004971],19.25380760950852,28.071717408804968
32,[3.69973079 3.34562586 0.96331909],6.998032401127524,25.704652045263522
33,[1.13935691 0.09525207 1.96493515],9.576263552788486,27.78182422576841
34,[4.24583976 4.22624356 0.97942563],4.351473733894308,22.880617835538697
35,[0.74972798 4.435753   2.71787443],7.600634834290654,4.403920454788953
36,[1.51108025 2.60472064 2.41224888],16.457547617551796,24.705284619868692
37,[3.5502443 3.7224448 3.3121648],11.486873640599157,0.7494140191126554
38,[3.29605343 4.03527681 0.05399235],17.470493041940735,26.644448628289922
39,[2.90072873 1.49686332 2.06526025],7.782839466884968,22.65139318436175
40,[2.59490613 1.04320864 3.90300228],16.63427401807695,26.508159039691215
41,[0.63358274 0.31730821 0.05234894],9.951893583071268,27.200787212938234
42,[0.53912347 0.31195111 0.17772994],4.761900805284428,27.867671693496913
43,[2.69586621 3.88108859 4.82434583],13.013386245523847,24.061108618648262
44,[2.82406135 4.66537818 3.79888283],7.026692778253837,1.421676214882858
45,[0.80726711 1.39373176 1.87028755],8.01444474592483,27.257308714406168
46,[3.6863014  4.63510629 2.12418615],8.629053212345756,1.8421270962994785
47,[1.58444942 0.28628807 2.64996816],8.649499304058772,3.694402293930403
48,[3.00392571 4.34988355 2.78206815],6.944239823173122,22.640318880990105
49,[1.57657998 1.50391427 1.11001945],13.855799928513397,24.7564276500576
