,0,1,2
0,[15.90111705 17.94350025 15.6038745 ],12.295508343054724,3.0049841347357673
1,[17.77349375 15.41013089 19.96352587],26.02823887156277,23.679491472193824
2,[16.26359631 17.66480007 19.46069549],27.21531308129215,13.527664146668819
3,[16.21046813 17.0881037  19.33972742],12.69168456399445,2.3351235073221566
4,[16.43165121 15.68849832 15.25396801],23.512973575055238,22.31224902406619
5,[19.64145436 18.89975071 18.47237254],14.025202031099898,2.1994134022765617
6,[19.76719334 19.6597114  16.03699769],29.2984831961683,26.09226038848908
7,[16.11678491 19.98759182 17.46031652],26.051044751377752,23.862952625570035
8,[16.12887437 19.93858081 18.78295371],13.802718134543088,2.8718796783479132
9,[17.91291495 17.83013576 16.85921687],26.51171929905782,1.3901198584309402
10,[17.26481781 19.08634153 15.51003263],26.537824182829677,12.069640634730646
11,[19.58578232 15.21935594 17.87274299],13.79805237650587,3.7646044137015777
12,[15.90249493 18.17850832 19.47071723],13.170740563718004,3.022485009086329
13,[18.2777997  16.27112435 17.9828951 ],12.77845747184741,2.684131339957156
14,[19.59938588 18.87270538 16.45497272],28.277392650763545,14.413671067126883
15,[3.43414888 2.16660696 1.50799186],26.83981436324388,28.462485755536488
16,[1.78236061 1.27059724 0.09038608],19.18741509733735,30.742720751494886
17,[4.85792393 2.91857027 0.31118075],6.556147834453458,21.989239667172686
18,[3.12964812 3.02963325 1.38447727],7.854976481691269,13.102058003838314
19,[2.23216983 2.03304886 4.68308437],16.857011927414,24.82513458679825
20,[2.11204411 4.98289503 3.26017415],12.03021560016596,22.614837547140095
21,[2.46168083 4.17138708 3.72570928],11.820829384873482,20.748431986439634
22,[1.05236537 3.52368336 1.35874953],18.030528287076798,25.146660064651666
23,[3.57216068 2.70602475 4.03625234],8.263164918748828,25.08921098729182
24,[4.12303702 2.60165702 0.40223735],8.479738916584099,13.095319735624097
25,[0.34957584 2.23384141 4.08983999],13.41861485630125,22.990952763536924
26,[0.77866105 0.96438192 3.1575269 ],18.045512764917465,27.484358148230832
27,[0.72968806 1.79072567 2.69186079],17.872742301350883,27.276017930127615
28,[2.09391472 3.4083133  3.37405755],16.857419379229917,25.14753931606509
29,[4.31601311 3.69292532 0.18758797],12.965636523786992,22.183285798185647
30,[0.74281346 4.48184835 2.59340122],26.476209308062163,27.608219116048186
31,[2.59418847 0.05490405 1.21004971],18.880172602557103,28.079482530260197
32,[3.69973079 3.34562586 0.96331909],6.173629080284908,21.898211281092586
33,[1.13935691 0.09525207 1.96493515],8.369539836560586,15.150844776786768
34,[4.24583976 4.22624356 0.97942563],6.281808848925876,21.13178067106715
35,[0.74972798 4.435753   2.71787443],12.760305138892518,4.832120240966751
36,[1.51108025 2.60472064 2.41224888],7.543980728399362,22.937024157633005
37,[3.5502443 3.7224448 3.3121648],11.595092215077152,20.582023706197134
38,[3.29605343 4.03527681 0.05399235],6.469325486963678,22.358220265080817
39,[2.90072873 1.49686332 2.06526025],7.406759264365542,13.246415239774507
40,[2.59490613 1.04320864 3.90300228],26.513859271917262,24.75801546982799
41,[0.63358274 0.31730821 0.05234894],9.604373817019091,27.200787212938234
42,[0.53912347 0.31195111 0.17772994],9.26911842776617,25.82795914285188
43,[2.69586621 3.88108859 4.82434583],8.242236320019718,21.78464866197458
44,[2.82406135 4.66537818 3.79888283],11.72036140019089,20.215833863142755
45,[0.80726711 1.39373176 1.87028755],8.053493731846935,14.608907934555994
46,[3.6863014  4.63510629 2.12418615],8.736298611845779,23.940017718110628
47,[1.58444942 0.28628807 2.64996816],8.138746618928874,14.427469395838154
48,[3.00392571 4.34988355 2.78206815],11.606125886829938,20.873690775018726
49,[1.57657998 1.50391427 1.11001945],13.798729888546656,24.27433168448051
