,0,1,2
0,[15.90111705 17.94350025 15.6038745 ],12.007024711022504,3.062667800677716
1,[17.77349375 15.41013089 19.96352587],22.12531437287185,5.343438224447925
2,[16.26359631 17.66480007 19.46069549],22.942008879223728,5.005956065464952
3,[16.21046813 17.0881037  19.33972742],12.69168456399445,2.610924531217924
4,[16.43165121 15.68849832 15.25396801],23.86560535006132,18.95600794661486
5,[19.64145436 18.89975071 18.47237254],14.025202031099898,3.4231366848672193
6,[19.76719334 19.6597114  16.03699769],28.771690723550584,26.09226038848908
7,[16.11678491 19.98759182 17.46031652],22.144815946998996,5.065152480096924
8,[16.12887437 19.93858081 18.78295371],12.99929848732051,2.8360342714706337
9,[17.91291495 17.83013576 16.85921687],22.310661903743263,1.0152164163116317
10,[17.26481781 19.08634153 15.51003263],17.87772277400443,2.724847647014001
11,[19.58578232 15.21935594 17.87274299],18.0342834612438,3.152834213515982
12,[15.90249493 18.17850832 19.47071723],12.553846839359858,2.7489536593189823
13,[18.2777997  16.27112435 17.9828951 ],12.778457471847409,1.7059159490355584
14,[19.59938588 18.87270538 16.45497272],23.42866461450059,2.9481111796583304
15,[3.43414888 2.16660696 1.50799186],26.83981436324388,26.98387069940458
16,[1.78236061 1.27059724 0.09038608],18.769573531027046,28.453818651831934
17,[4.85792393 2.91857027 0.31118075],6.9615409148591265,26.606005328554758
18,[3.12964812 3.02963325 1.38447727],7.887087476538573,2.5141953033537936
19,[2.23216983 2.03304886 4.68308437],16.736504813946055,23.427705085151523
20,[2.11204411 4.98289503 3.26017415],2.3683008853248344,24.34952887887137
21,[2.46168083 4.17138708 3.72570928],11.972045920096061,21.9702788406087
22,[1.05236537 3.52368336 1.35874953],12.535293678782656,24.81615170917583
23,[3.57216068 2.70602475 4.03625234],7.223651357566014,24.65978014625236
24,[4.12303702 2.60165702 0.40223735],8.43611296186359,24.489034910961166
25,[0.34957584 2.23384141 4.08983999],17.55349730063897,24.749368782845707
26,[0.77866105 0.96438192 3.1575269 ],18.04551276491746,28.311608434522928
27,[0.72968806 1.79072567 2.69186079],17.872742301350883,25.529355053347526
28,[2.09391472 3.4083133  3.37405755],16.68139516286899,24.10076882834149
29,[4.31601311 3.69292532 0.18758797],13.047402819840642,25.70332516768846
30,[0.74281346 4.48184835 2.59340122],26.98345697761537,24.092209957491075
31,[2.59418847 0.05490405 1.21004971],18.64023109902199,26.293922767089278
32,[3.69973079 3.34562586 0.96331909],11.785779855232654,23.38617675409727
33,[1.13935691 0.09525207 1.96493515],9.142404125596789,26.122401350142194
34,[4.24583976 4.22624356 0.97942563],6.845839085491102,24.59089682430087
35,[0.74972798 4.435753   2.71787443],12.571043733623476,23.658581676006392
36,[1.51108025 2.60472064 2.41224888],12.06238040711528,24.160231735605848
37,[3.5502443 3.7224448 3.3121648],11.595092215077152,2.5362496854791323
38,[3.29605343 4.03527681 0.05399235],12.1160116304149,26.15029945194871
39,[2.90072873 1.49686332 2.06526025],7.39297660029936,24.066294198163362
40,[2.59490613 1.04320864 3.90300228],26.513859271917262,25.629768379399952
41,[0.63358274 0.31730821 0.05234894],8.660358806135303,7.543353075036767
42,[0.53912347 0.31195111 0.17772994],9.590907280807045,26.580551126021245
43,[2.69586621 3.88108859 4.82434583],12.362468107222384,23.36972190543245
44,[2.82406135 4.66537818 3.79888283],11.104578067464848,24.40018790668904
45,[0.80726711 1.39373176 1.87028755],7.557792420953899,26.161129788917773
46,[3.6863014  4.63510629 2.12418615],8.727140661772161,22.5415095726459
47,[1.58444942 0.28628807 2.64996816],8.022740085571908,5.750384144138068
48,[3.00392571 4.34988355 2.78206815],11.582845762497907,24.41969826234879
49,[1.57657998 1.50391427 1.11001945],13.855799928513397,5.703006661801252
