,0,1,2
0,[0.54547015],0.3266140895111141,0.029078447925978357
1,[0.17186532],0.5180165702265805,0.3941618364200753
2,[0.85293181],0.46219893820484337,0.2783832105258107
3,[0.18022341],0.5120096628504374,0.4023595801082932
4,[0.58870005],0.2988092761406527,0.018412174917805224
5,[0.1207749],0.5286617581690949,0.3917367584386874
6,[0.55469875],0.2591826938955155,0.0010499007821510586
7,[0.08202618],0.7059112534323602,0.4925224209213265
8,[0.99270517],0.606854186975039,0.5397416120417776
9,[0.25271926],0.16582433482416437,0.21979417234147908
10,[0.53296001],0.3683136806761157,0.03306713795794647
11,[0.8921391],0.3258252633067968,0.3466689464561479
12,[0.24209363],0.2853851285079414,0.33245497326733797
13,[0.41762074],0.29388080984479975,0.168020781441363
14,[0.86794548],0.35937971132270546,0.37588217905110166
15,[0.28633024],0.31792899136701724,0.26836850937329204
16,[0.13769966],0.44710763622679595,0.3952603498014504
17,[0.0507936],0.7924229243797589,0.5317893885678048
18,[0.92829087],0.3374740245801009,0.2727309308497343
19,[0.77995014],0.1075494679369485,0.19832581770083946
20,[0.69447451],0.30958682976664426,0.11992590992138763
21,[0.95343867],0.5424774315417259,0.40796851636020304
22,[0.93194228],0.4246388848588971,0.3772435287421493
23,[0.20739954],0.38959057917771733,0.2846637675398217
24,[0.22335698],0.3838287742529438,0.351191616524132
25,[0.99751836],0.6095316991743565,0.452048213908005
26,[0.4920633],0.2982115037911363,0.0626354456735072
27,[0.22577487],0.5353402235844902,0.32430957617969225
28,[0.98771616],0.8157851254038775,0.534752599508367
29,[0.75659074],0.36098255863322226,0.22363072774887338
30,[0.58258299],0.35639701358113685,0.03711283986827141
31,[0.56602715],0.302556905278082,0.011328400991537757
32,[0.37184337],0.3673108170343419,0.20672242125269846
33,[0.45296356],0.29236643494415315,0.11306358874690459
34,[0.81726831],0.25765577197872047,0.2512411545000205
35,[0.10200653],0.5455710189212316,0.4434636250938936
36,[0.91715646],0.4465981564393978,0.3426078660253866
37,[0.04387119],0.8811231585614454,0.5487683473650954
38,[0.5745486],0.30358194738251243,0.029078447925978357
39,[0.18049899],0.5599622515150653,0.39806680817229734
40,[0.63570166],0.2959851690308991,0.09023151339323399
41,[0.89414345],0.4026744896480838,0.3155776515824712
42,[0.65555994],0.25556156634083455,0.08101134180499037
43,[0.25422487],0.18956274153006952,0.2912452806677768
44,[0.59657902],0.41178925319283766,0.10451571457989128
45,[0.91987718],0.5490299300276231,0.48655578269195643
46,[0.77454108],0.25282700197448377,0.20851392399299573
47,[0.29099454],0.283398824091481,0.2215171141513429
48,[0.68682978],0.23612650474888,0.09025075600398458
49,[0.43332139],0.31227101185179534,0.13270575875958612
