,0,1,2
0,[0.54547015],0.30048785167698555,0.029078447925978357
1,[0.17186532],0.3767914206670736,0.3782191357149196
2,[0.85293181],0.4698539949217665,0.28264393427941314
3,[0.18022341],0.5120096628504375,0.39432518816600015
4,[0.58870005],0.3651516465900694,0.006117059221909749
5,[0.1207749],0.3958079750701597,0.3712884040851381
6,[0.55469875],0.20535402323739257,0.011328400991537757
7,[0.08202618],0.7059112534323602,0.48826169716772405
8,[0.99270517],0.606854186975039,0.5593837820544592
9,[0.25271926],0.21755715760855465,0.29275088962868034
10,[0.53296001],0.3842600852687988,0.03306713795794647
11,[0.8921391],0.5614833276631985,0.3466689464561479
12,[0.24209363],0.4287874628389897,0.33245497326733797
13,[0.41762074],0.2717974234165775,0.16496225183040814
14,[0.86794548],0.4619705400195736,0.31324673337759446
15,[0.28633024],0.14837066048703712,0.26836850937329204
16,[0.13769966],0.440627291182831,0.3952603498014504
17,[0.0507936],0.7924229243797589,0.5317893885678048
18,[0.92829087],0.1590546890527502,0.3317118522470832
19,[0.77995014],0.2180089275873228,0.2054015432829408
20,[0.69447451],0.2713839161176149,0.11285018433928629
21,[0.95343867],0.4079357518033637,0.3987399169329673
22,[0.93194228],0.41104086060177025,0.3659151277506115
23,[0.20739954],0.3538110607880306,0.2846637675398217
24,[0.22335698],0.3838287742529438,0.34267016901692715
25,[0.99751836],0.5862266578397872,0.44176971369861817
26,[0.4920633],0.36380594105066055,0.0626354456735072
27,[0.22577487],0.5226218739808586,0.31969527646607443
28,[0.98771616],0.6441820287368073,0.45475614871940884
29,[0.75659074],0.29026255758512887,0.22363072774887338
30,[0.58258299],0.40502382883900995,0.04962297740744437
31,[0.56602715],0.26670986751820414,0.0165558394494979
32,[0.37184337],0.3309300795969178,0.19844450152794957
33,[0.45296356],0.2771784389555794,0.09250658832813108
34,[0.81726831],0.2980341701352134,0.2512411545000205
35,[0.10200653],0.3062339299258302,0.4434636250938936
36,[0.91715646],0.438773627427475,0.33457347408309357
37,[0.04387119],0.8503731993276584,0.5487683473650954
38,[0.5745486],0.2369228436961306,0.029078447925978357
39,[0.18049899],0.507056764223871,0.39806680817229734
40,[0.63570166],0.35772477442886075,0.09023151339323399
41,[0.89414345],0.3076071836538857,0.3115604556113246
42,[0.65555994],0.2389394648765845,0.08101134180499037
43,[0.25422487],0.4660215388134068,0.2912452806677768
44,[0.59657902],0.3685769069852668,0.06361900587279279
45,[0.91987718],0.47477224921059547,0.42781387059741527
46,[0.77454108],0.3190507407738936,0.20851392399299573
47,[0.29099454],0.37570988161113134,0.25447560604406505
48,[0.68682978],0.34753095967225117,0.104246784469333
49,[0.43332139],0.22544947634603768,0.13270575875958612
