,0,1,2
0,[0.54547015],0.30048785167698555,0.03711283986827141
1,[0.17186532],0.3767914206670736,0.3736048360013018
2,[0.85293181],0.46219893820484337,0.28690465803301557
3,[0.18022341],0.5120096628504375,0.39432518816600015
4,[0.58870005],0.37018120574596936,0.006117059221909749
5,[0.1207749],0.38241890189028876,0.3712884040851381
6,[0.55469875],0.20535402323739257,0.011328400991537757
7,[0.08202618],0.7059112534323602,0.48826169716772405
8,[0.99270517],0.606854186975039,0.5397416120417776
9,[0.25271926],0.11227624012928798,0.29275088962868034
10,[0.53296001],0.3842600852687988,0.04560578143629779
11,[0.8921391],0.5230034218441693,0.3466689464561479
12,[0.24209363],0.40496264038436836,0.33245497326733797
13,[0.41762074],0.270487714958899,0.16496225183040814
14,[0.86794548],0.4619705400195736,0.31324673337759446
15,[0.28633024],0.2685995709870797,0.26836850937329204
16,[0.13769966],0.440627291182831,0.3952603498014504
17,[0.0507936],0.8397387557247947,0.5237549966255117
18,[0.92829087],0.1590546890527502,0.3395908214905219
19,[0.77995014],0.2699621354258646,0.2054015432829408
20,[0.69447451],0.2713839161176149,0.10577445875718483
21,[0.95343867],0.4079357518033637,0.3987399169329673
22,[0.93194228],0.5038449857043037,0.3659151277506115
23,[0.20739954],0.2971506149569736,0.2846637675398217
24,[0.22335698],0.3838287742529438,0.34267016901692715
25,[0.99751836],0.5862266578397872,0.43715541398500035
26,[0.4920633],0.36380594105066055,0.0626354456735072
27,[0.22577487],0.5226218739808586,0.31969527646607443
28,[0.98771616],0.6441820287368073,0.534752599508367
29,[0.75659074],0.29026255758512887,0.21112059020970042
30,[0.58258299],0.4381348969160806,0.04962297740744437
31,[0.56602715],0.26670986751820414,0.0165558394494979
32,[0.37184337],0.3866014837126591,0.21073961722384504
33,[0.45296356],0.32866423072907647,0.09250658832813108
34,[0.81726831],0.3245362453012122,0.2512411545000205
35,[0.10200653],0.3062339299258302,0.4434636250938936
36,[0.91715646],0.438773627427475,0.33457347408309357
37,[0.04387119],0.8043078614049065,0.544828862743376
38,[0.5745486],0.28423867504116646,0.03533351669556484
39,[0.18049899],0.507056764223871,0.39806680817229734
40,[0.63570166],0.35772477442886075,0.08100291396599824
41,[0.89414345],0.3076071836538857,0.3115604556113246
42,[0.65555994],0.2389394648765845,0.08101134180499037
43,[0.25422487],0.4660215388134069,0.3004738800950125
44,[0.59657902],0.3685769069852668,0.06361900587279279
45,[0.91987718],0.47477224921059547,0.42781387059741527
46,[0.77454108],0.3190507407738936,0.20851392399299573
47,[0.29099454],0.30187042978652856,0.2637042054713008
48,[0.68682978],0.3475309596722512,0.11228117641162605
49,[0.43332139],0.3166129424383848,0.13270575875958612
