,0,1,2
0,[0.54547015],0.30048785167698555,0.03711283986827141
1,[0.17186532],0.3767914206670736,0.3736048360013018
2,[0.85293181],0.4698539949217665,0.28690465803301557
3,[0.18022341],0.40165087934019955,0.39432518816600015
4,[0.58870005],0.27050162227635166,0.02267289867140765
5,[0.1207749],0.2672322432980482,0.41844018156182305
6,[0.55469875],0.29527751386716083,0.019849848498742606
7,[0.08202618],0.7059112534323602,0.48826169716772405
8,[0.99270517],0.6068541869750389,0.500641869959918
9,[0.25271926],0.21296008881456568,0.3019794890559161
10,[0.53296001],0.3842600852687988,0.03732786171154889
11,[0.8921391],0.6018684594773692,0.40007579270241933
12,[0.24209363],0.40496264038436836,0.33245497326733797
13,[0.41762074],0.270487714958899,0.16496225183040814
14,[0.86794548],0.45219493015552725,0.3019183323860567
15,[0.28633024],0.3211279250134204,0.26836850937329204
16,[0.13769966],0.2741348688118065,0.4077704873406234
17,[0.0507936],0.7288598018205851,0.5237549966255117
18,[0.92829087],0.3044268990404884,0.3395908214905219
19,[0.77995014],0.24978989736511797,0.20138434731179433
20,[0.69447451],0.2595248719414935,0.10577445875718483
21,[0.95343867],0.42909064355480064,0.38741151594142953
22,[0.93194228],0.45933307985038996,0.3659151277506115
23,[0.20739954],0.4164726387975214,0.2846637675398217
24,[0.22335698],0.3838287742529438,0.34267016901692715
25,[0.99751836],0.5164719129613766,0.44281961448076923
26,[0.4920633],0.2862827376427156,0.0626354456735072
27,[0.22577487],0.4366907365120861,0.3388488001426815
28,[0.98771616],0.7706279323111455,0.534752599508367
29,[0.75659074],0.2561729863328405,0.2065062904960826
30,[0.58258299],0.4299266099823716,0.04962297740744437
31,[0.56602715],0.2756995032392968,0.0165558394494979
32,[0.37184337],0.31333101127773555,0.2168566764457548
33,[0.45296356],0.3204270847142425,0.10173518775536683
34,[0.81726831],0.24969629256073053,0.2512411545000205
35,[0.10200653],0.3062339299258302,0.4434636250938936
36,[0.91715646],0.5295283670789526,0.33457347408309357
37,[0.04387119],0.8089104650992602,0.5417703331324212
38,[0.5745486],0.30093555559082696,0.029078447925978357
39,[0.18049899],0.46980029929370604,0.385528164693946
40,[0.63570166],0.36734679229776823,0.06115306546725563
41,[0.89414345],0.14438221684754887,0.3115604556113246
42,[0.65555994],0.2529112226951028,0.08101134180499037
43,[0.25422487],0.5460151881693909,0.2912452806677768
44,[0.59657902],0.3310172531578557,0.05110886833361983
45,[0.91987718],0.5644106726919802,0.3869171618903168
46,[0.77454108],0.3190507407738936,0.20851392399299573
47,[0.29099454],0.27040948702374007,0.2637042054713008
48,[0.68682978],0.34753095967225117,0.104246784469333
49,[0.43332139],0.27661444714122657,0.13270575875958612
