,0,1,2
0,[0.54547015],0.3305831712042613,0.03711283986827141
1,[0.17186532],0.3146410103211014,0.2810982476731707
2,[0.85293181],0.6234237919372019,0.3074616584517891
3,[0.18022341],0.47373835300723355,0.3940816603835443
4,[0.58870005],0.4120383844479155,0.043229899090181156
5,[0.1207749],0.4418845769848083,0.42469525033140954
6,[0.55469875],0.29291638351137433,0.13213102491036866
7,[0.08202618],0.6930227258309679,0.5005568128636195
8,[0.99270517],0.6081805063006954,0.4389508685202438
9,[0.25271926],0.44474001276269703,0.32158580977220286
10,[0.53296001],0.38207348940948616,0.11533927442296377
11,[0.8921391],0.8088596660126666,0.6386670316043764
12,[0.24209363],0.284513969480025,0.1931985251962257
13,[0.41762074],0.403272093223037,0.11533927442296377
14,[0.86794548],0.5016482081238802,0.37588217905110166
15,[0.28633024],0.4483208293286391,0.26836850937329204
16,[0.13769966],0.7343437750176208,0.45493987105252387
17,[0.0507936],0.7102793892058443,0.5317893885678048
18,[0.92829087],0.3536726120704395,0.36226372016192954
19,[0.77995014],0.2450198827455377,0.21958719128591453
20,[0.69447451],0.3416630490801433,0.20241120409363744
21,[0.95343867],0.707501957821801,0.40796851636020304
22,[0.93194228],0.4653375725449055,0.3715793282463804
23,[0.20739954],0.493722316859772,0.33807061378609315
24,[0.22335698],0.2937893994901143,0.351191616524132
25,[0.99751836],0.6453977379069066,0.5159729198890733
26,[0.4920633],0.30171383776000044,0.0626354456735072
27,[0.22577487],0.5847924575604783,0.35680811633434584
28,[0.98771616],0.5015798788985201,0.4131675632542575
29,[0.75659074],0.5509688830156821,0.32326934855051304
30,[0.58258299],0.34542830715156986,0.03711283986827141
31,[0.56602715],0.30796833468583956,0.1208026239188309
32,[0.37184337],0.3334602460000661,0.31880876844805883
33,[0.45296356],0.23835519583884968,0.12158503625410944
34,[0.81726831],0.5406994961214988,0.34475487220599527
35,[0.10200653],0.32937385964975946,0.3509570367657625
36,[0.91715646],0.5302594510162613,0.3426078660253866
37,[0.04387119],0.582820131737772,0.5304338837967174
38,[0.5745486],0.3753236112766552,0.018090935785922135
39,[0.18049899],0.5170248077776722,0.385528164693946
40,[0.63570166],0.42245661367418885,0.18273810172136506
41,[0.89414345],0.6273763353090337,0.3394446960523603
42,[0.65555994],0.5211679403445041,0.4013350703987455
43,[0.25422487],0.284513969480025,0.18106728052264287
44,[0.59657902],0.43628992927416166,0.1436154566617509
45,[0.91987718],0.5324360193360844,0.34532857642516546
46,[0.77454108],0.2663593165762882,0.2198423249845335
47,[0.29099454],0.5237405068846044,0.27503260646283856
48,[0.68682978],0.26924756947948103,0.12646682441459978
49,[0.43332139],0.2842778307882572,0.2573307494332978
