,0,1,2
0,[0.54547015],0.30048785167698555,0.03711283986827141
1,[0.17186532],0.4757686785104648,0.3736048360013018
2,[0.85293181],0.5293950959486157,0.3074616584517891
3,[0.18022341],0.40165087934019955,0.3858037406587953
4,[0.58870005],0.2952749775330827,0.01013425519305633
5,[0.1207749],0.6681315608163378,0.42469525033140954
6,[0.55469875],0.29527751386716083,0.019849848498742606
7,[0.08202618],0.7059112534323602,0.4925224209213265
8,[0.99270517],0.5319727821048101,0.4597451612528195
9,[0.25271926],0.38177259249693674,0.3019794890559161
10,[0.53296001],0.3733727886576444,0.03306713795794647
11,[0.8921391],0.6215079060284345,0.40007579270241933
12,[0.24209363],0.3683915650278065,0.33245497326733797
13,[0.41762074],0.270487714958899,0.16496225183040814
14,[0.86794548],0.45219493015552725,0.3019183323860567
15,[0.28633024],0.2926625554727699,0.26836850937329204
16,[0.13769966],0.4379973434720064,0.4077704873406234
17,[0.0507936],0.5865317796743209,0.5237549966255117
18,[0.92829087],0.23043875632753136,0.3395908214905219
19,[0.77995014],0.24978989736511797,0.19736715134064775
20,[0.69447451],0.2595248719414935,0.10577445875718483
21,[0.95343867],0.42909064355480064,0.38741151594142953
22,[0.93194228],0.30407139735684074,0.3659151277506115
23,[0.20739954],0.3083424155018839,0.2846637675398217
24,[0.22335698],0.3045513268922543,0.34267016901692715
25,[0.99751836],0.5164719129613766,0.44743391419438716
26,[0.4920633],0.35335538960986873,0.0626354456735072
27,[0.22577487],0.4498059536598101,0.34451300063845036
28,[0.98771616],0.6441820287368073,0.534752599508367
29,[0.75659074],0.25767192497717295,0.1905635897909269
30,[0.58258299],0.42992660998237164,0.04962297740744437
31,[0.56602715],0.2756995032392968,0.0165558394494979
32,[0.37184337],0.37320229791050896,0.2168566764457548
33,[0.45296356],0.30754350035230965,0.11306358874690459
34,[0.81726831],0.2334957097675309,0.2512411545000205
35,[0.10200653],0.22643747678411863,0.4434636250938936
36,[0.91715646],0.438773627427475,0.3426078660253866
37,[0.04387119],0.8039069916002168,0.544828862743376
38,[0.5745486],0.26503839657981876,0.029078447925978357
39,[0.18049899],0.34679992644072477,0.385528164693946
40,[0.63570166],0.3538192797869505,0.06967451297446048
41,[0.89414345],0.14511249836528525,0.3115604556113246
42,[0.65555994],0.2529112226951028,0.07297694986269732
43,[0.25422487],0.5553192577520967,0.3061380805907814
44,[0.59657902],0.3635053191699804,0.05110886833361983
45,[0.91987718],0.5644106726919802,0.3869171618903168
46,[0.77454108],0.4071643144704651,0.2141781244887646
47,[0.29099454],0.305306982053731,0.25447560604406505
48,[0.68682978],0.34753095967225117,0.11228117641162605
49,[0.43332139],0.2354153873687065,0.13270575875958612
