,0,1,2
0,[0.54547015],0.3004878516769855,0.03711283986827141
1,[0.17186532],0.401044020509502,0.38283343542853754
2,[0.85293181],0.4784999747398027,0.3074616584517891
3,[0.18022341],0.3215509724834675,0.3652467402400218
4,[0.58870005],0.18770830928524818,0.006117059221909749
5,[0.1207749],0.4201873979786662,0.42930955004502735
6,[0.55469875],0.2369781807631337,0.019849848498742606
7,[0.08202618],0.5934131179516876,0.4840009734141216
8,[0.99270517],0.5319727821048101,0.44723502371364654
9,[0.25271926],0.35137307988789884,0.3019794890559161
10,[0.53296001],0.3610650060264634,0.03306713795794647
11,[0.8921391],0.5802059618712206,0.43917553478427895
12,[0.24209363],0.4310400064354719,0.3239335257601331
13,[0.41762074],0.3182044161086245,0.15692785988811508
14,[0.86794548],0.49900418825804566,0.3019183323860567
15,[0.28633024],0.33726688421954903,0.24662977240688333
16,[0.13769966],0.530909013761442,0.4077704873406234
17,[0.0507936],0.5142084558591155,0.5152335491183069
18,[0.92829087],0.3108547846727049,0.3537422726547247
19,[0.77995014],0.16925035701164942,0.19736715134064775
20,[0.69447451],0.2595248719414935,0.12844735742859248
21,[0.95343867],0.4864715751614037,0.38741151594142953
22,[0.93194228],0.29724191233661934,0.3659151277506115
23,[0.20739954],0.3687448425044302,0.33807061378609315
24,[0.22335698],0.436906746501281,0.34267016901692715
25,[0.99751836],0.4990907006895946,0.44281961448076923
26,[0.4920633],0.37828803936948335,0.07396384666504496
27,[0.22577487],0.4023883878268338,0.31969527646607443
28,[0.98771616],0.6094947937130244,0.534752599508367
29,[0.75659074],0.25767192497717295,0.21112059020970042
30,[0.58258299],0.4299266099823716,0.04962297740744437
31,[0.56602715],0.3327972598011177,0.0165558394494979
32,[0.37184337],0.36853041771066525,0.21073961722384504
33,[0.45296356],0.3079334956933833,0.11306358874690459
34,[0.81726831],0.24969629256073053,0.2512411545000205
35,[0.10200653],0.3950608086186695,0.4434636250938936
36,[0.91715646],0.4842948232702714,0.3426078660253866
37,[0.04387119],0.8499723295229689,0.544828862743376
38,[0.5745486],0.26959694441638626,0.029078447925978357
39,[0.18049899],0.3554753237887366,0.39404961220115087
40,[0.63570166],0.28123424467569935,0.06541378922085805
41,[0.89414345],0.32823046745313367,0.3281162950608225
42,[0.65555994],0.3020623075029359,0.08101134180499037
43,[0.25422487],0.5484637587880901,0.3004738800950125
44,[0.59657902],0.3835579420341812,0.04188026890638408
45,[0.91987718],0.5442935138111913,0.36517842492390806
46,[0.77454108],0.2893825948995367,0.20851392399299573
47,[0.29099454],0.30298969145087556,0.2419654685048921
48,[0.68682978],0.2709567159694724,0.11228117641162605
49,[0.43332139],0.20403732307201877,0.13270575875958612
