,0,1,2
0,[0.54547015],0.3197875555950481,0.029078447925978357
1,[0.17186532],0.42823394237339957,0.4067004798984266
2,[0.85293181],0.5231039992065629,0.3074616584517891
3,[0.18022341],0.47373835300723355,0.3698610399536396
4,[0.58870005],0.45407063355923577,0.0141514511642028
5,[0.1207749],0.47084466580103257,0.46180809019968094
6,[0.55469875],0.29794594266727437,0.019849848498742606
7,[0.08202618],0.6930227258309679,0.5036153424745744
8,[0.99270517],0.6883498241375318,0.5574130238587804
9,[0.25271926],0.44474001276269703,0.29736518934229816
10,[0.53296001],0.4259353563905888,0.040896708707098495
11,[0.8921391],0.6930740733910529,0.6379142271239246
12,[0.24209363],0.4025192328223276,0.3033765253413596
13,[0.41762074],0.28546813806427523,0.11533927442296377
14,[0.86794548],0.39905737942701214,0.37588217905110166
15,[0.28633024],0.24815086999159316,0.2591399099460563
16,[0.13769966],0.5960674569341329,0.4588793556742432
17,[0.0507936],0.8665940596781454,0.5039051481267691
18,[0.92829087],0.23947071739792367,0.36226372016192954
19,[0.77995014],0.23171658202575518,0.21392299079014565
20,[0.69447451],0.3467413044743769,0.15064512690333454
21,[0.95343867],0.6660117502739868,0.4346719394833388
22,[0.93194228],0.404383019591808,0.3659151277506115
23,[0.20739954],0.46746421726298804,0.342684913499711
24,[0.22335698],0.3272321322017725,0.35520881249527847
25,[0.99751836],0.8154010376110785,0.46455835144717794
26,[0.4920633],0.34847711030666784,0.08923978062246818
27,[0.22577487],0.6024465785326013,0.3629251755562556
28,[0.98771616],0.6767613656077922,0.4884993053443014
29,[0.75659074],0.4341900697408921,0.3036271785378315
30,[0.58258299],0.3782979129185204,0.03711283986827141
31,[0.56602715],0.3306065027503705,0.1208026239188309
32,[0.37184337],0.3253130345291805,0.31498640169317804
33,[0.45296356],0.29301980754384677,0.09250658832813108
34,[0.81726831],0.4698716009053598,0.28430829245796696
35,[0.10200653],0.48786830229883177,0.48669352418407474
36,[0.91715646],0.5656190569703143,0.3426078660253866
37,[0.04387119],0.35961461592426786,0.5387118035214663
38,[0.5745486],0.37419787201750937,0.0753317420900439
39,[0.18049899],0.6723487830738971,0.47506095400614123
40,[0.63570166],0.31463765013783795,0.18273810172136506
41,[0.89414345],0.6314877353927886,0.348673295479596
42,[0.65555994],0.5211679403445041,0.2557124300648571
43,[0.25422487],0.47737370409300056,0.1987386923396457
44,[0.59657902],0.40149091971220796,0.08406736022634198
45,[0.91987718],0.47543400725020124,0.3495893001787679
46,[0.77454108],0.2979008327769501,0.2198423249845335
47,[0.29099454],0.46966684637243494,0.27503260646283856
48,[0.68682978],0.1813182924880877,0.1208026239188309
49,[0.43332139],0.3142433372755571,0.14524440223793744
