,0,1,2
0,[0.54547015],0.2700441827917622,0.03597479395467884
1,[0.17186532],0.43440751995947496,0.3838833362106886
2,[0.85293181],0.5739991204153758,0.3074616584517891
3,[0.18022341],0.5253329459577991,0.3652467402400218
4,[0.58870005],0.2858775844382274,0.01013425519305633
5,[0.1207749],0.33202420563758894,0.45779089422853436
6,[0.55469875],0.31899066502330936,0.034001299662945406
7,[0.08202618],0.6917993139865859,0.5066738720855293
8,[0.99270517],0.5973985943936501,0.5574130238587804
9,[0.25271926],0.4615205758835302,0.29275088962868034
10,[0.53296001],0.4155365673769049,0.040896708707098495
11,[0.8921391],0.6685540879370245,0.4588177047969605
12,[0.24209363],0.38631865002912785,0.31260512476859537
13,[0.41762074],0.2972005287411962,0.13812791217152354
14,[0.86794548],0.5237473197701018,0.37588217905110166
15,[0.28633024],0.24815086999159316,0.26836850937329204
16,[0.13769966],0.7343437750176208,0.5040047336762354
17,[0.0507936],0.8665940596781454,0.5237549966255117
18,[0.92829087],0.38829881285136236,0.36226372016192954
19,[0.77995014],0.23171658202575518,0.2252513917816834
20,[0.69447451],0.270452918959342,0.13977575842013024
21,[0.95343867],0.6660117502739868,0.40796851636020304
22,[0.93194228],0.4613157730997724,0.3772435287421493
23,[0.20739954],0.6113793942190855,0.33807061378609315
24,[0.22335698],0.25816641691673947,0.351191616524132
25,[0.99751836],0.7839177539833676,0.46455835144717794
26,[0.4920633],0.3543920384085347,0.10451571457989128
27,[0.22577487],0.3241555076865835,0.35680811633434584
28,[0.98771616],0.5006172408596484,0.4884993053443014
29,[0.75659074],0.4737144078960836,0.3036271785378315
30,[0.58258299],0.3850102113203322,0.03711283986827141
31,[0.56602715],0.2979008327769501,0.011328400991537757
32,[0.37184337],0.41536484688074865,0.31498640169317804
33,[0.45296356],0.1833403593520534,0.09250658832813108
34,[0.81726831],0.34441288881104565,0.25690535499578937
35,[0.10200653],0.3411700439292293,0.45269222452112934
36,[0.91715646],0.562234104372157,0.3426078660253866
37,[0.04387119],0.648584874864192,0.5387118035214663
38,[0.5745486],0.38512293362482214,0.12158503625410944
39,[0.18049899],0.5795095082562569,0.4455704933074668
40,[0.63570166],0.3502591501376262,0.13648480755729953
41,[0.89414345],0.47329232774235164,0.348673295479596
42,[0.65555994],0.44214995143241625,0.21241746306544057
43,[0.25422487],0.2313398865969199,0.1987386923396457
44,[0.59657902],0.44791699698602194,0.06361900587279279
45,[0.91987718],0.5672098783850499,0.3495893001787679
46,[0.77454108],0.33060650275037046,0.2141781244887646
47,[0.29099454],0.47169367065772666,0.2875712499411899
48,[0.68682978],0.1952930720603672,0.1208026239188309
49,[0.43332139],0.2725405524769579,0.13270575875958612
