,0,1,2
0,[0.54547015],0.40113031418457085,0.029078447925978357
1,[0.17186532],0.4470455871781146,0.40268328392728014
2,[0.85293181],0.47408864022312097,0.3074616584517891
3,[0.18022341],0.48955342756811226,0.3801395401630264
4,[0.58870005],0.31043634385251295,0.018412174917805224
5,[0.1207749],0.5286617581690949,0.42469525033140954
6,[0.55469875],0.2772222835278586,0.011328400991537757
7,[0.08202618],0.6261080310143492,0.5005568128636195
8,[0.99270517],0.7745405216484759,0.7040427817087072
9,[0.25271926],0.29964688989010585,0.20024430130054927
10,[0.53296001],0.40330993512280744,0.03732786171154889
11,[0.8921391],0.44473058677283184,0.3466689464561479
12,[0.24209363],0.4105201267606571,0.31260512476859537
13,[0.41762074],0.22696611502818106,0.19152158859288937
14,[0.86794548],0.435628454783574,0.37588217905110166
15,[0.28633024],0.3704244291431663,0.26836850937329204
16,[0.13769966],0.44710763622679595,0.3952603498014504
17,[0.0507936],0.9139098910231811,0.5237549966255117
18,[0.92829087],0.41562437272696684,0.3317118522470832
19,[0.77995014],0.20374855617149096,0.2054015432829408
20,[0.69447451],0.24301837707434562,0.10577445875718483
21,[0.95343867],0.4859075248223739,0.4033542166465852
22,[0.93194228],0.40709662484406417,0.3715793282463804
23,[0.20739954],0.38099403793986986,0.2846637675398217
24,[0.22335698],0.4379567652926474,0.351191616524132
25,[0.99751836],0.5935626141851186,0.46455835144717794
26,[0.4920633],0.33137448378857126,0.0626354456735072
27,[0.22577487],0.5518988867748706,0.3487737243920528
28,[0.98771616],0.6065699582546398,0.534752599508367
29,[0.75659074],0.32516325416782943,0.2645274364559719
30,[0.58258299],0.21888391722698267,0.03711283986827141
31,[0.56602715],0.3146924182199006,0.002613719228980016
32,[0.37184337],0.38034995675298944,0.2168566764457548
33,[0.45296356],0.2879603508626249,0.10739938825113571
34,[0.81726831],0.31056125926991485,0.2512411545000205
35,[0.10200653],0.46927439579403674,0.4434636250938936
36,[0.91715646],0.4465981564393978,0.33457347408309357
37,[0.04387119],0.8744108601596334,0.544828862743376
38,[0.5745486],0.3325330951462813,0.008034391942293051
39,[0.18049899],0.6342360651157118,0.39404961220115087
40,[0.63570166],0.3791764612288694,0.07569228943024486
41,[0.89414345],0.3532498181262578,0.3281162950608225
42,[0.65555994],0.2744049702920669,0.08527206555859279
43,[0.25422487],0.22893232676017003,0.1987386923396457
44,[0.59657902],0.3748483834483549,0.10451571457989128
45,[0.91987718],0.5490299300276231,0.4669136126792749
46,[0.77454108],0.16544370979564874,0.20851392399299573
47,[0.29099454],0.25832415224962996,0.2010687597977936
48,[0.68682978],0.11241370432174169,0.1052054508295247
49,[0.43332139],0.3526494100082883,0.13270575875958612
