,0,1,2
0,[17.41095701 19.36237268 16.0616634 ],26.961019682861053,2.455331227263654
1,[15.20354812 16.98597231 16.16566099],19.25199300609143,3.127235421507931
2,[19.20870362 16.03541172 18.71234767],24.197839344896607,2.841741170275667
3,[16.96077064 15.9112826  18.71769707],26.60540787782393,2.1145116967053776
4,[15.3479104  19.42668602 19.763222  ],24.456667859004472,3.522902296059457
5,[19.65571717 17.07715477 15.1449083 ],27.331725546223787,3.203613811788403
6,[19.91013742 16.69818842 18.53343597],28.38894522625,3.0635916683630438
7,[16.80938534 15.17552949 19.27529127],26.69448123927536,3.558718234879669
8,[18.28626754 18.82841497 17.77043619],22.271163955045417,2.679791118412191
9,[19.42546468 19.52098808 15.0521085 ],27.90490841322825,3.702583490475985
10,[15.37278368 16.22314605 15.66652376],23.92434741935073,2.8281572522042064
11,[18.4896255  16.99102442 19.41561096],27.987439676080907,4.367749221366803
12,[15.90503755 17.16249586 15.09071601],24.42209031738222,3.274537205252872
13,[18.45718931 17.34845326 15.64111095],26.85985455668962,2.024762020412997
14,[19.45668526 19.59101812 15.36560497],28.566007097466564,5.871269489545644
15,[0.22723972 2.19286448 3.00860465],27.289860091261925,26.52074070079068
16,[1.55113517 3.40954121 1.04506575],27.767977756727316,28.996826552457286
17,[2.59802149 2.82994415 2.20583696],22.1545097726352,25.38515722684134
18,[0.68778079 1.06771596 0.66685946],29.510684487446575,27.980188123335253
19,[1.61148351 1.16943558 2.63749078],16.53576040380755,23.5222483004733
20,[2.82985581 2.19112642 1.60936312],25.523592203564355,24.187127227846073
21,[2.79820405 4.32672791 4.23641439],15.510984356347382,23.260779428875445
22,[0.53908583 1.58159742 2.04739329],18.790938601039635,26.292579106575204
23,[3.43544507 3.51117644 2.23098972],16.783803129556787,26.689429626326643
24,[2.10161039 4.01315296 2.69308783],16.50251636755467,23.44449693930484
25,[4.61750245 0.30953769 1.83791727],17.440615727354935,22.917355963807342
26,[4.85199386 3.49551974 4.4548779 ],11.62455086705858,3.802469859011484
27,[1.26776359 3.62763553 1.01747217],22.011802194364282,23.7648378251773
28,[2.68755912 1.18471502 2.1824608 ],16.4319206482841,23.156010715941395
29,[3.99012257 1.54204582 3.10758314],25.945540380399866,27.131463558089145
30,[2.19824059 4.56661853 3.29342952],24.299557297024183,23.367754532134743
31,[3.26815724 1.79228892 2.61470784],17.117565041038638,23.140727774895566
32,[0.22543656 0.47154831 4.60806097],18.9102335887504,28.14798070464608
33,[0.36522251 4.64708677 3.58507569],17.15975999804472,27.188563007318074
34,[3.11155273 3.77494857 0.70834954],12.750300007058621,2.376919411318194
35,[3.96911099 3.62701575 2.7071964 ],25.36230823278139,23.446462812796494
36,[2.41292247 2.38238805 2.23016415],17.01633616176165,23.50339796646587
37,[4.08035031 1.37175747 0.30981004],18.91380019102486,27.80426497944322
38,[4.80148171 2.29059065 3.78946032],15.907194517845141,24.696951359585317
39,[3.40579301 2.70888963 0.66416245],22.62352431826239,25.953202597878914
40,[1.26602817 2.21927797 2.79374953],17.673721156540346,26.553880949180346
41,[4.06932177 1.58914168 1.98522547],12.324281574606495,1.8982589651923003
42,[4.45084124 4.12708104 0.53343542],13.525432832406647,3.406195943985338
43,[0.79887938 3.25609654 2.84532107],17.29025255414645,23.637849268319716
44,[4.92041837 3.74579506 4.01199815],24.0672167861728,23.786998845771823
45,[1.1415494  2.59356723 3.15054202],17.23269281219519,25.85481941464697
46,[0.01092681 2.56607383 2.24595084],28.555404858469842,27.4650114810901
47,[1.74678175 1.3684063  4.51041433],17.15176598063008,23.283215688148132
48,[0.1548723  1.62084545 1.43296374],17.578877913041474,25.26386508989138
49,[4.78568039 0.08266533 2.28661837],27.51243507999422,26.54645756884622
