,0,1,2
0,[17.41095701 19.36237268 16.0616634 ],21.864868013304385,2.3629201192972786
1,[15.20354812 16.98597231 16.16566099],24.38928143259972,2.2050661114518437
2,[19.20870362 16.03541172 18.71234767],27.825944875914907,3.2861523119475446
3,[16.96077064 15.9112826  18.71769707],17.47878154944799,3.3036368172368284
4,[15.3479104  19.42668602 19.763222  ],28.22191694305236,4.066422311956317
5,[19.65571717 17.07715477 15.1449083 ],22.038797751186276,3.201164241837179
6,[19.91013742 16.69818842 18.53343597],22.684205217847968,2.350222792953099
7,[16.80938534 15.17552949 19.27529127],26.40710377142255,2.924015637653253
8,[18.28626754 18.82841497 17.77043619],23.270403203209646,2.8652357230808607
9,[19.42546468 19.52098808 15.0521085 ],18.362944138916383,4.01081169445565
10,[15.37278368 16.22314605 15.66652376],15.102550472293013,2.2276988705880107
11,[18.4896255  16.99102442 19.41561096],18.87868118413394,2.314844824262227
12,[15.90503755 17.16249586 15.09071601],15.319977663486545,2.308046961949536
13,[18.45718931 17.34845326 15.64111095],25.140483769338317,14.124596899937012
14,[19.45668526 19.59101812 15.36560497],22.405980044806824,3.861486377551544
15,[0.22723972 2.19286448 3.00860465],17.837358783622122,26.989981154317608
16,[1.55113517 3.40954121 1.04506575],17.76062977585486,28.611781870206126
17,[2.59802149 2.82994415 2.20583696],16.4585402999543,25.64490539164566
18,[0.68778079 1.06771596 0.66685946],8.941295069366374,28.39185985307999
19,[1.61148351 1.16943558 2.63749078],12.446213495208735,23.986537300931868
20,[2.82985581 2.19112642 1.60936312],20.91270066912363,25.607092943891274
21,[2.79820405 4.32672791 4.23641439],15.039577644807782,22.395499828152392
22,[0.53908583 1.58159742 2.04739329],13.257255984224438,27.19400212240816
23,[3.43544507 3.51117644 2.23098972],7.821335419292072,24.14761936750143
24,[2.10161039 4.01315296 2.69308783],7.099766735061446,22.049462242839805
25,[4.61750245 0.30953769 1.83791727],21.766980904909918,25.65775755269804
26,[4.85199386 3.49551974 4.4548779 ],11.278376734655826,2.9905072382874436
27,[1.26776359 3.62763553 1.01747217],12.38104976890594,23.808692462045116
28,[2.68755912 1.18471502 2.1824608 ],12.031400432318431,22.761757182982166
29,[3.99012257 1.54204582 3.10758314],12.582141476882702,24.19017439402581
30,[2.19824059 4.56661853 3.29342952],15.313940855933492,22.255807368179507
31,[3.26815724 1.79228892 2.61470784],7.735217471414984,12.650791045301172
32,[0.22543656 0.47154831 4.60806097],14.19683384221224,24.955430355041887
33,[0.36522251 4.64708677 3.58507569],16.371087753446382,26.00746461923952
34,[3.11155273 3.77494857 0.70834954],17.80464380683714,24.643087158721578
35,[3.96911099 3.62701575 2.7071964 ],11.839336168639989,21.845027525404177
36,[2.41292247 2.38238805 2.23016415],2.756965682560079,22.55827366954293
37,[4.08035031 1.37175747 0.30981004],18.304773144180622,26.1949813592292
38,[4.80148171 2.29059065 3.78946032],10.885757951203352,22.902043494004555
39,[3.40579301 2.70888963 0.66416245],13.293293573874772,27.83202854002979
40,[1.26602817 2.21927797 2.79374953],8.068309022556907,25.81842544681287
41,[4.06932177 1.58914168 1.98522547],3.753818526209051,2.4037138295112226
42,[4.45084124 4.12708104 0.53343542],8.658971548628108,3.151851521558637
43,[0.79887938 3.25609654 2.84532107],13.53167157602672,23.18216250649843
44,[4.92041837 3.74579506 4.01199815],11.439384547284078,24.720550396893646
45,[1.1415494  2.59356723 3.15054202],22.852037271913456,25.487373197093603
46,[0.01092681 2.56607383 2.24595084],17.25762798219125,27.442831841341363
47,[1.74678175 1.3684063  4.51041433],12.319278966281692,28.112944344637732
48,[0.1548723  1.62084545 1.43296374],17.633356122205278,25.99157710488488
49,[4.78568039 0.08266533 2.28661837],13.887012445468013,26.130242350978858
