,0,1,2
0,[17.41095701 19.36237268 16.0616634 ],22.797208985403167,2.3629201192972786
1,[15.20354812 16.98597231 16.16566099],23.207121580087446,2.2050661114518437
2,[19.20870362 16.03541172 18.71234767],27.825944875914907,2.9962499738991726
3,[16.96077064 15.9112826  18.71769707],26.475635074965886,3.3036368172368284
4,[15.3479104  19.42668602 19.763222  ],28.22191694305236,4.319997768594939
5,[19.65571717 17.07715477 15.1449083 ],21.606898552668074,3.871025249208103
6,[19.91013742 16.69818842 18.53343597],22.690872808359174,2.5120122041890895
7,[16.80938534 15.17552949 19.27529127],26.407103771422555,2.9188496417875394
8,[18.28626754 18.82841497 17.77043619],22.6703403235402,2.387623556971654
9,[19.42546468 19.52098808 15.0521085 ],18.124104666225485,4.808798098851695
10,[15.37278368 16.22314605 15.66652376],18.78423746341397,2.2276988705880107
11,[18.4896255  16.99102442 19.41561096],18.82752194102239,1.9573747703100701
12,[15.90503755 17.16249586 15.09071601],15.319977663486549,2.1889670910783012
13,[18.45718931 17.34845326 15.64111095],25.701579841506724,4.009118728030037
14,[19.45668526 19.59101812 15.36560497],18.117592362280103,3.5411502340801735
15,[0.22723972 2.19286448 3.00860465],13.167266848105019,26.66880950946937
16,[1.55113517 3.40954121 1.04506575],17.76062977585486,28.43600456227757
17,[2.59802149 2.82994415 2.20583696],16.4585402999543,25.64490539164566
18,[0.68778079 1.06771596 0.66685946],14.362104513789003,27.291648876489404
19,[1.61148351 1.16943558 2.63749078],6.735759211120438,24.350392548696774
20,[2.82985581 2.19112642 1.60936312],20.91270066912363,25.61583848371198
21,[2.79820405 4.32672791 4.23641439],15.039577644807782,22.49165847059593
22,[0.53908583 1.58159742 2.04739329],13.257255984224438,26.99258277214029
23,[3.43544507 3.51117644 2.23098972],7.051413795823758,24.14761936750143
24,[2.10161039 4.01315296 2.69308783],7.099766735061448,21.244701936816522
25,[4.61750245 0.30953769 1.83791727],21.766980904909918,25.65775755269804
26,[4.85199386 3.49551974 4.4548779 ],11.111684244868536,3.6625643360870384
27,[1.26776359 3.62763553 1.01747217],12.38104976890594,24.22032188532946
28,[2.68755912 1.18471502 2.1824608 ],12.031400432318431,5.025944553278173
29,[3.99012257 1.54204582 3.10758314],16.868281383422577,24.19017439402581
30,[2.19824059 4.56661853 3.29342952],14.87885384215964,21.371890686820347
31,[3.26815724 1.79228892 2.61470784],7.735217471414986,23.366313937473354
32,[0.22543656 0.47154831 4.60806097],14.19683384221224,4.523700549844011
33,[0.36522251 4.64708677 3.58507569],11.630001116582763,24.962575893138222
34,[3.11155273 3.77494857 0.70834954],17.690981612141282,23.50029623096726
35,[3.96911099 3.62701575 2.7071964 ],11.867427171823916,21.16270804905749
36,[2.41292247 2.38238805 2.23016415],2.7282513692589205,22.082161194419
37,[4.08035031 1.37175747 0.30981004],18.019248840453386,25.934237448858113
38,[4.80148171 2.29059065 3.78946032],10.885757951203352,21.88988481020152
39,[3.40579301 2.70888963 0.66416245],17.48867802573939,26.94100517300477
40,[1.26602817 2.21927797 2.79374953],12.188006583970022,24.17357772193115
41,[4.06932177 1.58914168 1.98522547],12.392025975593969,22.800125072071097
42,[4.45084124 4.12708104 0.53343542],8.658971548628108,3.406195943985338
43,[0.79887938 3.25609654 2.84532107],13.53167157602672,2.6753401347132097
44,[4.92041837 3.74579506 4.01199815],19.52030522131019,24.720550396893646
45,[1.1415494  2.59356723 3.15054202],22.04626341847953,25.487373197093603
46,[0.01092681 2.56607383 2.24595084],18.104345035111656,26.71741209488922
47,[1.74678175 1.3684063  4.51041433],17.008244765805223,24.83083865779013
48,[0.1548723  1.62084545 1.43296374],17.633356122205278,25.73135784500073
49,[4.78568039 0.08266533 2.28661837],18.377616699536848,26.130242350978858
