,0,1,2
0,[17.41095701 19.36237268 16.0616634 ],17.680497691371443,2.3629201192972786
1,[15.20354812 16.98597231 16.16566099],24.09189643177151,2.0636978021751724
2,[19.20870362 16.03541172 18.71234767],23.79680739649215,2.9962499738991726
3,[16.96077064 15.9112826  18.71769707],22.065136749950153,3.3036368172368284
4,[15.3479104  19.42668602 19.763222  ],28.22191694305236,5.245272782565975
5,[19.65571717 17.07715477 15.1449083 ],21.60689855266807,3.2019806438515372
6,[19.91013742 16.69818842 18.53343597],22.690872808359174,2.8308834015553135
7,[16.80938534 15.17552949 19.27529127],22.499601946576234,2.924015637653253
8,[18.28626754 18.82841497 17.77043619],17.50511322967005,3.6657882136097757
9,[19.42546468 19.52098808 15.0521085 ],22.11614673300796,4.256267475918527
10,[15.37278368 16.22314605 15.66652376],19.64491449164478,3.545319709169806
11,[18.4896255  16.99102442 19.41561096],23.45557660731464,4.492614827131843
12,[15.90503755 17.16249586 15.09071601],15.437391089047583,3.321175055641557
13,[18.45718931 17.34845326 15.64111095],21.77614445997811,2.7515880608928525
14,[19.45668526 19.59101812 15.36560497],13.39349847047946,3.406247432430283
15,[0.22723972 2.19286448 3.00860465],22.62542768776569,26.66880950946937
16,[1.55113517 3.40954121 1.04506575],22.759518192210425,28.26023143631612
17,[2.59802149 2.82994415 2.20583696],11.167351454172989,25.322867086836634
18,[0.68778079 1.06771596 0.66685946],8.941295069366376,28.023835857877117
19,[1.61148351 1.16943558 2.63749078],6.735759211120438,1.7365692359904026
20,[2.82985581 2.19112642 1.60936312],16.30050771865041,25.30141132279203
21,[2.79820405 4.32672791 4.23641439],11.879706009018408,22.893240573571624
22,[0.53908583 1.58159742 2.04739329],12.753235169009974,26.99258277214029
23,[3.43544507 3.51117644 2.23098972],7.051413795823758,22.82323172653981
24,[2.10161039 4.01315296 2.69308783],2.529464942184938,2.778175141324786
25,[4.61750245 0.30953769 1.83791727],21.766980904909914,25.65775755269804
26,[4.85199386 3.49551974 4.4548779 ],11.111684244868536,1.7462710966797312
27,[1.26776359 3.62763553 1.01747217],12.173531925770924,24.445344129134057
28,[2.68755912 1.18471502 2.1824608 ],7.384966189113835,4.142101003528265
29,[3.99012257 1.54204582 3.10758314],12.866238041762008,23.177565826566088
30,[2.19824059 4.56661853 3.29342952],15.61614338884254,21.393831099541526
31,[3.26815724 1.79228892 2.61470784],2.8773467891336013,23.591688342161873
32,[0.22543656 0.47154831 4.60806097],14.042229029111265,4.523700549844011
33,[0.36522251 4.64708677 3.58507569],11.630001116582765,27.24436579609127
34,[3.11155273 3.77494857 0.70834954],8.2856246172349,26.492854484300107
35,[3.96911099 3.62701575 2.7071964 ],11.615925093815909,26.47820110743712
36,[2.41292247 2.38238805 2.23016415],2.728251369258921,2.030102824986794
37,[4.08035031 1.37175747 0.30981004],8.918886896535238,24.38800311573247
38,[4.80148171 2.29059065 3.78946032],10.885757951203354,23.206981314828184
39,[3.40579301 2.70888963 0.66416245],7.9739019330620735,27.83202854002979
40,[1.26602817 2.21927797 2.79374953],7.0947439985529055,25.32042334560156
41,[4.06932177 1.58914168 1.98522547],12.868743581718675,22.25020510214821
42,[4.45084124 4.12708104 0.53343542],13.055613006787112,3.151851521558637
43,[0.79887938 3.25609654 2.84532107],7.67380836275659,23.637849268319716
44,[4.92041837 3.74579506 4.01199815],11.399078535819706,24.796385382900993
45,[1.1415494  2.59356723 3.15054202],22.04626341847953,25.487373197093603
46,[0.01092681 2.56607383 2.24595084],7.775361906080325,28.063899472375255
47,[1.74678175 1.3684063  4.51041433],11.867369903042668,28.112944344637732
48,[0.1548723  1.62084545 1.43296374],17.103013996174766,27.28550695345203
49,[4.78568039 0.08266533 2.28661837],18.355978413070943,28.129518822014596
