,0,1,2
0,[17.41095701 19.36237268 16.0616634 ],22.18521175879244,2.3629201192972786
1,[15.20354812 16.98597231 16.16566099],23.207121580087446,1.2655134446955683
2,[19.20870362 16.03541172 18.71234767],23.438814266071034,3.2861523119475446
3,[16.96077064 15.9112826  18.71769707],26.868883067130092,2.9645866657623228
4,[15.3479104  19.42668602 19.763222  ],27.950067289442302,5.245272782565975
5,[19.65571717 17.07715477 15.1449083 ],21.683313707363524,3.24286149109956
6,[19.91013742 16.69818842 18.53343597],22.23271387680683,2.8308834015553135
7,[16.80938534 15.17552949 19.27529127],18.245762892895467,2.9235063919639055
8,[18.28626754 18.82841497 17.77043619],17.47816554788303,3.940010434382431
9,[19.42546468 19.52098808 15.0521085 ],27.403304222145522,5.817899080925621
10,[15.37278368 16.22314605 15.66652376],19.174876231667593,2.8281572522042064
11,[18.4896255  16.99102442 19.41561096],23.424966294677244,2.99823189121568
12,[15.90503755 17.16249586 15.09071601],15.69297963111075,2.308046961949536
13,[18.45718931 17.34845326 15.64111095],21.833249834383146,2.2859607287954598
14,[19.45668526 19.59101812 15.36560497],19.34595466974639,3.939070511245749
15,[0.22723972 2.19286448 3.00860465],17.451351738911555,26.66880950946937
16,[1.55113517 3.40954121 1.04506575],17.57176325774889,26.63923745459521
17,[2.59802149 2.82994415 2.20583696],11.167351454172989,23.944907766327365
18,[0.68778079 1.06771596 0.66685946],13.97435458140807,28.759884451054514
19,[1.61148351 1.16943558 2.63749078],6.735759211120438,23.229428161506995
20,[2.82985581 2.19112642 1.60936312],15.956681238980684,25.30141132279203
21,[2.79820405 4.32672791 4.23641439],11.781773411981828,21.573955783381052
22,[0.53908583 1.58159742 2.04739329],12.753235169009974,26.99258277214029
23,[3.43544507 3.51117644 2.23098972],7.051413795823758,22.82323172653981
24,[2.10161039 4.01315296 2.69308783],7.099766735061448,22.30494692007454
25,[4.61750245 0.30953769 1.83791727],21.766980904909918,25.65775755269804
26,[4.85199386 3.49551974 4.4548779 ],10.99559264901398,19.952691802115694
27,[1.26776359 3.62763553 1.01747217],12.154829142003019,26.08639958173123
28,[2.68755912 1.18471502 2.1824608 ],7.384966189113837,22.66799985298008
29,[3.99012257 1.54204582 3.10758314],12.126437695025626,24.8002106620504
30,[2.19824059 4.56661853 3.29342952],20.126268254207822,21.393831099541526
31,[3.26815724 1.79228892 2.61470784],2.483241840783914,25.0111916474752
32,[0.22543656 0.47154831 4.60806097],14.042229029111265,24.2542604679177
33,[0.36522251 4.64708677 3.58507569],11.870483092774514,26.00746461923952
34,[3.11155273 3.77494857 0.70834954],3.5750005239716978,25.095974413693497
35,[3.96911099 3.62701575 2.7071964 ],16.03460807357722,21.845027525404177
36,[2.41292247 2.38238805 2.23016415],7.193015386830534,1.8992587100713894
37,[4.08035031 1.37175747 0.30981004],18.304773144180622,26.528893011633944
38,[4.80148171 2.29059065 3.78946032],10.885757951203354,21.88988481020152
39,[3.40579301 2.70888963 0.66416245],12.169286384926693,28.259030140178943
40,[1.26602817 2.21927797 2.79374953],11.82896366176769,24.219000702292874
41,[4.06932177 1.58914168 1.98522547],8.148086591258147,22.280743038717016
42,[4.45084124 4.12708104 0.53343542],4.0005635049325985,22.509715826389954
43,[0.79887938 3.25609654 2.84532107],8.545212931114408,23.637849268319716
44,[4.92041837 3.74579506 4.01199815],11.576811838509277,24.796385382900993
45,[1.1415494  2.59356723 3.15054202],16.818097790292274,26.22228249854429
46,[0.01092681 2.56607383 2.24595084],17.63735129515442,25.391212262495763
47,[1.74678175 1.3684063  4.51041433],17.111829658627876,28.112944344637732
48,[0.1548723  1.62084545 1.43296374],22.17266695819157,27.748907264926192
49,[4.78568039 0.08266533 2.28661837],18.545780454110798,27.298684702628787
