,0,1,2
0,[17.41095701 19.36237268 16.0616634 ],18.157548445572434,2.3907334154666633
1,[15.20354812 16.98597231 16.16566099],19.57219029835658,1.2655134446955683
2,[19.20870362 16.03541172 18.71234767],23.438814266071034,4.3283205690006845
3,[16.96077064 15.9112826  18.71769707],26.063919298595373,2.9645866657623228
4,[15.3479104  19.42668602 19.763222  ],27.711841808789064,5.245272782565975
5,[19.65571717 17.07715477 15.1449083 ],21.59029713289505,3.2019806438515372
6,[19.91013742 16.69818842 18.53343597],17.520009887700837,2.8308834015553135
7,[16.80938534 15.17552949 19.27529127],18.245762892895467,2.9188496417875394
8,[18.28626754 18.82841497 17.77043619],18.403026292643045,2.7723914816147044
9,[19.42546468 19.52098808 15.0521085 ],22.641631205569563,23.95560859921588
10,[15.37278368 16.22314605 15.66652376],19.783182723389793,2.2276988705880107
11,[18.4896255  16.99102442 19.41561096],23.424966294677244,2.8921537770343186
12,[15.90503755 17.16249586 15.09071601],15.69297963111075,2.308046961949536
13,[18.45718931 17.34845326 15.64111095],26.44213357408871,2.7515880608928525
14,[19.45668526 19.59101812 15.36560497],19.34595466974639,3.939070511245749
15,[0.22723972 2.19286448 3.00860465],18.16732724412562,26.66880950946937
16,[1.55113517 3.40954121 1.04506575],22.5206963999563,26.63923745459521
17,[2.59802149 2.82994415 2.20583696],10.95908975693168,24.518791920014483
18,[0.68778079 1.06771596 0.66685946],4.207058570859159,29.382483145898767
19,[1.61148351 1.16943558 2.63749078],6.908338893834502,23.229428161506995
20,[2.82985581 2.19112642 1.60936312],11.807415348489204,25.61583848371198
21,[2.79820405 4.32672791 4.23641439],11.208952682569537,21.573955783381052
22,[0.53908583 1.58159742 2.04739329],12.753235169009974,25.17641232518211
23,[3.43544507 3.51117644 2.23098972],7.05141379582376,22.72376376831276
24,[2.10161039 4.01315296 2.69308783],11.198411380890686,23.055675574293403
25,[4.61750245 0.30953769 1.83791727],21.766980904909918,24.38993033291526
26,[4.85199386 3.49551974 4.4548779 ],10.995592649013979,20.191786532590683
27,[1.26776359 3.62763553 1.01747217],7.9666715781809945,26.08639958173123
28,[2.68755912 1.18471502 2.1824608 ],11.508895253009602,4.6301337570521515
29,[3.99012257 1.54204582 3.10758314],2.7663751037042514,24.19017439402581
30,[2.19824059 4.56661853 3.29342952],19.69118124043397,20.886660529221864
31,[3.26815724 1.79228892 2.61470784],7.7821310170987825,24.76218367752112
32,[0.22543656 0.47154831 4.60806097],14.042229029111265,24.731845005222613
33,[0.36522251 4.64708677 3.58507569],16.5017959879843,26.00746461923952
34,[3.11155273 3.77494857 0.70834954],3.212132360711646,26.937945028345464
35,[3.96911099 3.62701575 2.7071964 ],16.10509652789525,21.845027525404177
36,[2.41292247 2.38238805 2.23016415],7.567219100100532,22.082161194419
37,[4.08035031 1.37175747 0.30981004],13.21455808584459,26.1949813592292
38,[4.80148171 2.29059065 3.78946032],10.885757951203352,21.88988481020152
39,[3.40579301 2.70888963 0.66416245],12.951035416593902,28.259030140178943
40,[1.26602817 2.21927797 2.79374953],11.405341645602693,25.774813952722482
41,[4.06932177 1.58914168 1.98522547],13.072744396108666,22.280743038717016
42,[4.45084124 4.12708104 0.53343542],8.426342222342102,24.511688082400056
43,[0.79887938 3.25609654 2.84532107],3.1690236761341133,23.7504076562749
44,[4.92041837 3.74579506 4.01199815],11.31034817787586,24.720550396893646
45,[1.1415494  2.59356723 3.15054202],16.818097790292274,26.22228249854429
46,[0.01092681 2.56607383 2.24595084],12.72063835097413,25.391212262495763
47,[1.74678175 1.3684063  4.51041433],17.111829658627876,27.804228804928712
48,[0.1548723  1.62084545 1.43296374],17.329056713779934,28.32660147875987
49,[4.78568039 0.08266533 2.28661837],18.326421850475857,26.855348359144173
