,0,1,2
0,[17.41095701 19.36237268 16.0616634 ],13.171307940250525,2.3629201192972786
1,[15.20354812 16.98597231 16.16566099],20.344619698984104,21.872760653062066
2,[19.20870362 16.03541172 18.71234767],23.41780511219826,3.2861523119475446
3,[16.96077064 15.9112826  18.71769707],22.13943262146442,2.022519700950955
4,[15.3479104  19.42668602 19.763222  ],23.462509538412785,5.086252931074741
5,[19.65571717 17.07715477 15.1449083 ],21.812503084030624,4.292493687610496
6,[19.91013742 16.69818842 18.53343597],22.23054157838748,2.8308834015553135
7,[16.80938534 15.17552949 19.27529127],22.59959899064077,2.9188496417875394
8,[18.28626754 18.82841497 17.77043619],18.403026292643045,2.8652357230808607
9,[19.42546468 19.52098808 15.0521085 ],23.110366852934426,24.532123889328776
10,[15.37278368 16.22314605 15.66652376],19.557431878411304,3.545319709169806
11,[18.4896255  16.99102442 19.41561096],23.099887803690837,2.733289113890257
12,[15.90503755 17.16249586 15.09071601],15.69297963111075,2.308046961949536
13,[18.45718931 17.34845326 15.64111095],26.537055641013602,2.090626030489526
14,[19.45668526 19.59101812 15.36560497],23.848159990160593,3.861486377551544
15,[0.22723972 2.19286448 3.00860465],12.698516546930055,27.097937810359706
16,[1.55113517 3.40954121 1.04506575],17.414317669271668,27.368577720229315
17,[2.59802149 2.82994415 2.20583696],6.791556214769973,24.518791920014483
18,[0.68778079 1.06771596 0.66685946],8.588938571172264,27.980188123335253
19,[1.61148351 1.16943558 2.63749078],12.40112099435478,23.229428161506995
20,[2.82985581 2.19112642 1.60936312],6.9257716299999625,25.108925622295438
21,[2.79820405 4.32672791 4.23641439],11.879706009018408,22.901978802334717
22,[0.53908583 1.58159742 2.04739329],12.753235169009974,30.024169500206238
23,[3.43544507 3.51117644 2.23098972],7.05141379582376,22.72376376831276
24,[2.10161039 4.01315296 2.69308783],11.373456616004983,22.09339190625692
25,[4.61750245 0.30953769 1.83791727],17.556508596789115,25.65775755269804
26,[4.85199386 3.49551974 4.4548779 ],7.129294238040171,22.007562563023047
27,[1.26776359 3.62763553 1.01747217],8.003829532169508,24.445344129134057
28,[2.68755912 1.18471502 2.1824608 ],6.996033999699769,24.076933864490893
29,[3.99012257 1.54204582 3.10758314],8.23305776282472,24.19017439402581
30,[2.19824059 4.56661853 3.29342952],15.579888076494921,22.355092857431465
31,[3.26815724 1.79228892 2.61470784],7.359223575685323,23.366313937473354
32,[0.22543656 0.47154831 4.60806097],8.992282401314444,23.52955572523296
33,[0.36522251 4.64708677 3.58507569],11.870483092774512,24.815951885690872
34,[3.11155273 3.77494857 0.70834954],3.685095808552292,24.643087158721578
35,[3.96911099 3.62701575 2.7071964 ],12.192731141888975,20.68598219305958
36,[2.41292247 2.38238805 2.23016415],7.567219100100532,22.015292342184587
37,[4.08035031 1.37175747 0.30981004],18.29300412300974,24.924796771476842
38,[4.80148171 2.29059065 3.78946032],10.885757951203354,21.611133823823344
39,[3.40579301 2.70888963 0.66416245],13.338088678565475,26.320154476798443
40,[1.26602817 2.21927797 2.79374953],6.5260177644842985,26.445713118112977
41,[4.06932177 1.58914168 1.98522547],7.840409400845478,23.482253892645957
42,[4.45084124 4.12708104 0.53343542],4.057906971854669,22.499000532183118
43,[0.79887938 3.25609654 2.84532107],3.084009729879366,25.513422506130176
44,[4.92041837 3.74579506 4.01199815],11.750124687489649,22.436003620510608
45,[1.1415494  2.59356723 3.15054202],22.940067901272286,25.487373197093603
46,[0.01092681 2.56607383 2.24595084],18.46246683907473,26.21161066678693
47,[1.74678175 1.3684063  4.51041433],12.35266697362367,28.112944344637732
48,[0.1548723  1.62084545 1.43296374],23.034046759834293,27.547491917852728
49,[4.78568039 0.08266533 2.28661837],22.44309469623079,28.167193733066675
