,0,1,2
0,[17.41095701 19.36237268 16.0616634 ],13.171307940250525,2.3907334154666633
1,[15.20354812 16.98597231 16.16566099],19.85999525668246,2.476087245552605
2,[19.20870362 16.03541172 18.71234767],23.417805112198256,3.2861523119475446
3,[16.96077064 15.9112826  18.71769707],22.000008278801566,2.0394265600371955
4,[15.3479104  19.42668602 19.763222  ],23.097285109200186,4.534386706591573
5,[19.65571717 17.07715477 15.1449083 ],21.934339024416424,4.002405885650918
6,[19.91013742 16.69818842 18.53343597],21.72721566443609,2.2847408881913362
7,[16.80938534 15.17552949 19.27529127],22.59959899064077,3.1498806840078
8,[18.28626754 18.82841497 17.77043619],18.173337513147693,2.679791118412191
9,[19.42546468 19.52098808 15.0521085 ],26.993947847314338,5.8081542326060305
10,[15.37278368 16.22314605 15.66652376],19.557431878411304,2.5146332259261226
11,[18.4896255  16.99102442 19.41561096],23.099887803690837,2.8921537770343186
12,[15.90503755 17.16249586 15.09071601],15.69297963111075,4.140612106446142
13,[18.45718931 17.34845326 15.64111095],26.470673714236387,2.631587420955168
14,[19.45668526 19.59101812 15.36560497],23.848159990160593,3.406247432430283
15,[0.22723972 2.19286448 3.00860465],13.082350449737385,28.02957461390629
16,[1.55113517 3.40954121 1.04506575],17.65120315692554,26.74726134654852
17,[2.59802149 2.82994415 2.20583696],11.835942424128133,23.37102839163277
18,[0.68778079 1.06771596 0.66685946],8.588938571172264,26.603112006243105
19,[1.61148351 1.16943558 2.63749078],12.40112099435478,23.229428161506995
20,[2.82985581 2.19112642 1.60936312],6.9257716299999625,24.286631089035243
21,[2.79820405 4.32672791 4.23641439],11.208952682569537,21.573955783381052
22,[0.53908583 1.58159742 2.04739329],12.753235169009974,26.99258277214029
23,[3.43544507 3.51117644 2.23098972],7.05141379582376,22.72376376831276
24,[2.10161039 4.01315296 2.69308783],11.07759046592712,22.049462242839805
25,[4.61750245 0.30953769 1.83791727],17.18030351479853,24.38993033291526
26,[4.85199386 3.49551974 4.4548779 ],7.129294238040171,18.772348288684253
27,[1.26776359 3.62763553 1.01747217],12.973025649664283,23.289439080909183
28,[2.68755912 1.18471502 2.1824608 ],7.323866141810484,22.814734878163367
29,[3.99012257 1.54204582 3.10758314],12.482601911566157,23.99808633516836
30,[2.19824059 4.56661853 3.29342952],14.929804367319406,22.355092857431465
31,[3.26815724 1.79228892 2.61470784],12.632181246361643,23.366313937473354
32,[0.22543656 0.47154831 4.60806097],8.992282401314444,24.955430355041887
33,[0.36522251 4.64708677 3.58507569],11.870483092774512,25.282116203459474
34,[3.11155273 3.77494857 0.70834954],8.185361704331694,2.289133211893829
35,[3.96911099 3.62701575 2.7071964 ],12.34361180972522,21.142783437175133
36,[2.41292247 2.38238805 2.23016415],7.567219100100532,22.015292342184587
37,[4.08035031 1.37175747 0.30981004],18.29300412300974,25.934237448858113
38,[4.80148171 2.29059065 3.78946032],11.14835648373338,23.94095900404023
39,[3.40579301 2.70888963 0.66416245],8.104387968169485,26.320154476798443
40,[1.26602817 2.21927797 2.79374953],12.113524128699897,25.81842544681287
41,[4.06932177 1.58914168 1.98522547],12.479365395406704,23.76105870694658
42,[4.45084124 4.12708104 0.53343542],4.250210248579275,22.046244144443982
43,[0.79887938 3.25609654 2.84532107],7.574220340763224,25.513422506130176
44,[4.92041837 3.74579506 4.01199815],15.84993794367495,22.126697761854032
45,[1.1415494  2.59356723 3.15054202],22.940067901272286,25.645045699551424
46,[0.01092681 2.56607383 2.24595084],13.439115438095985,25.291946104287163
47,[1.74678175 1.3684063  4.51041433],7.8387664031368,24.83083865779013
48,[0.1548723  1.62084545 1.43296374],12.47458878568973,28.32660147875987
49,[4.78568039 0.08266533 2.28661837],22.44309469623079,26.237624155828318
