,0,1,2
0,[17.41095701 19.36237268 16.0616634 ],17.837204700084378,2.581346128340226
1,[15.20354812 16.98597231 16.16566099],23.322041205558957,1.7390448977665323
2,[19.20870362 16.03541172 18.71234767],23.417805112198256,4.337302965690259
3,[16.96077064 15.9112826  18.71769707],17.587072172831817,2.1145116967053776
4,[15.3479104  19.42668602 19.763222  ],23.6468802274835,5.086252931074741
5,[19.65571717 17.07715477 15.1449083 ],22.531614870000855,3.24286149109956
6,[19.91013742 16.69818842 18.53343597],21.48577629855108,2.8308834015553135
7,[16.80938534 15.17552949 19.27529127],22.599598990640775,2.924015637653253
8,[18.28626754 18.82841497 17.77043619],18.441917990357236,3.6657882136097757
9,[19.42546468 19.52098808 15.0521085 ],27.49429581544681,5.1105410159522915
10,[15.37278368 16.22314605 15.66652376],18.95335547537401,3.545319709169806
11,[18.4896255  16.99102442 19.41561096],18.683766233525837,4.492614827131843
12,[15.90503755 17.16249586 15.09071601],19.381897839308174,4.305612070265761
13,[18.45718931 17.34845326 15.64111095],22.17563493470544,2.7515880608928525
14,[19.45668526 19.59101812 15.36560497],28.593255373550136,3.939070511245749
15,[0.22723972 2.19286448 3.00860465],17.997627299486435,28.905329824605715
16,[1.55113517 3.40954121 1.04506575],17.574906925870543,26.170380639776628
17,[2.59802149 2.82994415 2.20583696],6.837574927159618,25.17507505300109
18,[0.68778079 1.06771596 0.66685946],8.952369389248993,27.980188123335253
19,[1.61148351 1.16943558 2.63749078],6.950535687702645,23.50982716594625
20,[2.82985581 2.19112642 1.60936312],11.594581511732848,24.925039333511823
21,[2.79820405 4.32672791 4.23641439],11.208952682569535,22.587818311992084
22,[0.53908583 1.58159742 2.04739329],8.119742164858431,30.024169500206238
23,[3.43544507 3.51117644 2.23098972],10.92682248027933,22.72376376831276
24,[2.10161039 4.01315296 2.69308783],6.347131172102541,21.585641933204112
25,[4.61750245 0.30953769 1.83791727],12.966267837342077,24.38993033291526
26,[4.85199386 3.49551974 4.4548779 ],7.354803286821252,2.393089302731262
27,[1.26776359 3.62763553 1.01747217],12.91168011604843,24.22032188532946
28,[2.68755912 1.18471502 2.1824608 ],12.151452521449636,26.252899356427573
29,[3.99012257 1.54204582 3.10758314],7.595374023218794,24.8002106620504
30,[2.19824059 4.56661853 3.29342952],11.683257403684502,20.886660529221864
31,[3.26815724 1.79228892 2.61470784],16.69938989479231,24.513180182946865
32,[0.22543656 0.47154831 4.60806097],13.212272052114312,23.52955572523296
33,[0.36522251 4.64708677 3.58507569],6.8624616737549236,26.89453753241654
34,[3.11155273 3.77494857 0.70834954],8.551591876920673,22.61136441575242
35,[3.96911099 3.62701575 2.7071964 ],11.846612889664462,21.845027525404177
36,[2.41292247 2.38238805 2.23016415],7.567219100100532,2.231388660671633
37,[4.08035031 1.37175747 0.30981004],22.712790981331196,28.479146049020144
38,[4.80148171 2.29059065 3.78946032],11.14835648373338,20.130296987036253
39,[3.40579301 2.70888963 0.66416245],8.102492325074895,28.18334189418924
40,[1.26602817 2.21927797 2.79374953],6.651099353699145,2.6878232360958845
41,[4.06932177 1.58914168 1.98522547],2.9300947868248093,23.76105870694658
42,[4.45084124 4.12708104 0.53343542],3.6501654499292338,23.860626422088327
43,[0.79887938 3.25609654 2.84532107],13.339020473211757,25.662209381985893
44,[4.92041837 3.74579506 4.01199815],11.750124687489649,19.28327195185432
45,[1.1415494  2.59356723 3.15054202],22.940067901272286,25.645045699551424
46,[0.01092681 2.56607383 2.24595084],14.21650279324765,26.612594141285793
47,[1.74678175 1.3684063  4.51041433],12.387169172143548,25.091804556662787
48,[0.1548723  1.62084545 1.43296374],17.765954855885507,26.271012482392035
49,[4.78568039 0.08266533 2.28661837],18.357792883377137,28.091844627144305
