,0,1,2
0,[17.41095701 19.36237268 16.0616634 ],17.837204700084378,2.5850024481147793
1,[15.20354812 16.98597231 16.16566099],19.087565856054937,1.7390448977665323
2,[19.20870362 16.03541172 18.71234767],18.145767479489304,5.480333242932529
3,[16.96077064 15.9112826  18.71769707],21.51629559193424,2.1145116967053776
4,[15.3479104  19.42668602 19.763222  ],27.909447212934726,5.245272782565975
5,[19.65571717 17.07715477 15.1449083 ],17.81656830432343,3.24286149109956
6,[19.91013742 16.69818842 18.53343597],16.997189916831903,2.5120122041890895
7,[16.80938534 15.17552949 19.27529127],22.094755761060622,2.9723335761742438
8,[18.28626754 18.82841497 17.77043619],18.172535077888586,3.2641293706594556
9,[19.42546468 19.52098808 15.0521085 ],27.509051816279243,5.1105410159522915
10,[15.37278368 16.22314605 15.66652376],15.084978946681257,2.8281572522042064
11,[18.4896255  16.99102442 19.41561096],18.683766233525837,4.243545218728425
12,[15.90503755 17.16249586 15.09071601],16.429971230496683,4.471459904086401
13,[18.45718931 17.34845326 15.64111095],17.11680044990683,2.7515880608928525
14,[19.45668526 19.59101812 15.36560497],23.423012565318995,3.455599469104786
15,[0.22723972 2.19286448 3.00860465],18.165753412790455,28.961373604886575
16,[1.55113517 3.40954121 1.04506575],12.660904997191775,27.368577720229315
17,[2.59802149 2.82994415 2.20583696],11.898659566860431,25.64490539164566
18,[0.68778079 1.06771596 0.66685946],8.952369389248993,28.759884451054514
19,[1.61148351 1.16943558 2.63749078],6.751562843339113,2.0685679537195925
20,[2.82985581 2.19112642 1.60936312],11.382365200540416,25.56346723262577
21,[2.79820405 4.32672791 4.23641439],11.208952682569535,1.2744707727655895
22,[0.53908583 1.58159742 2.04739329],18.525989346062186,29.286677847122334
23,[3.43544507 3.51117644 2.23098972],10.929322338589545,24.143247984416256
24,[2.10161039 4.01315296 2.69308783],2.7223133566395945,21.585641933204112
25,[4.61750245 0.30953769 1.83791727],12.87392014082609,24.38993033291526
26,[4.85199386 3.49551974 4.4548779 ],7.595518828364467,1.7462710966797312
27,[1.26776359 3.62763553 1.01747217],12.948838070036947,26.24385303011338
28,[2.68755912 1.18471502 2.1824608 ],12.085930138294765,28.62558856736438
29,[3.99012257 1.54204582 3.10758314],7.974399463980626,24.652767651381293
30,[2.19824059 4.56661853 3.29342952],11.683257403684502,22.355092857431465
31,[3.26815724 1.79228892 2.61470784],12.632181246361643,23.366313937473354
32,[0.22543656 0.47154831 4.60806097],13.908700009347683,25.17884123037489
33,[0.36522251 4.64708677 3.58507569],11.573983212681835,24.815951885690872
34,[3.11155273 3.77494857 0.70834954],7.938696171627948,23.823946155238033
35,[3.96911099 3.62701575 2.7071964 ],12.122506399704694,24.847819058344722
36,[2.41292247 2.38238805 2.23016415],7.567219100100532,23.4925814131087
37,[4.08035031 1.37175747 0.30981004],18.29300412300974,28.479146049020144
38,[4.80148171 2.29059065 3.78946032],11.14835648373338,20.130296987036253
39,[3.40579301 2.70888963 0.66416245],8.102492325074895,27.83202854002979
40,[1.26602817 2.21927797 2.79374953],6.606546963503613,25.32042334560156
41,[4.06932177 1.58914168 1.98522547],7.715598598938999,23.76105870694658
42,[4.45084124 4.12708104 0.53343542],12.079511679278458,24.05163196983937
43,[0.79887938 3.25609654 2.84532107],7.85934701293319,23.637849268319716
44,[4.92041837 3.74579506 4.01199815],15.84993794367495,22.126697761854032
45,[1.1415494  2.59356723 3.15054202],22.940067901272286,25.487373197093603
46,[0.01092681 2.56607383 2.24595084],18.30138633788518,29.382344547613133
47,[1.74678175 1.3684063  4.51041433],12.225006092492245,25.760227064731996
48,[0.1548723  1.62084545 1.43296374],17.84094910699158,27.28550695345203
49,[4.78568039 0.08266533 2.28661837],13.284640070949271,27.742129703207855
