,0,1,2
0,[17.41095701 19.36237268 16.0616634 ],26.585034870670455,2.6989895535602457
1,[15.20354812 16.98597231 16.16566099],23.42633117328719,2.8451530371138642
2,[19.20870362 16.03541172 18.71234767],21.67719374929028,2.593862166460331
3,[16.96077064 15.9112826  18.71769707],21.92177711050283,2.8401323681794945
4,[15.3479104  19.42668602 19.763222  ],28.98758495126061,16.29575646038157
5,[19.65571717 17.07715477 15.1449083 ],26.60220347712929,3.208441240764174
6,[19.91013742 16.69818842 18.53343597],27.527834634626117,2.350222792953099
7,[16.80938534 15.17552949 19.27529127],25.513885233494864,23.694024741133003
8,[18.28626754 18.82841497 17.77043619],23.050225497091294,3.2641293706594556
9,[19.42546468 19.52098808 15.0521085 ],21.969228501736175,3.75161812535378
10,[15.37278368 16.22314605 15.66652376],15.731789865847793,4.428082650253929
11,[18.4896255  16.99102442 19.41561096],18.65709925932007,4.034702737735201
12,[15.90503755 17.16249586 15.09071601],19.827641417246035,2.19219987669208
13,[18.45718931 17.34845326 15.64111095],26.282762639574024,4.009118728030037
14,[19.45668526 19.59101812 15.36560497],23.46847095833945,3.4649707801543825
15,[0.22723972 2.19286448 3.00860465],22.295058615628545,26.989981154317608
16,[1.55113517 3.40954121 1.04506575],17.961228580095906,28.996826552457286
17,[2.59802149 2.82994415 2.20583696],21.841444982066136,26.436062970989482
18,[0.68778079 1.06771596 0.66685946],24.66576888957845,28.759884451054514
19,[1.61148351 1.16943558 2.63749078],17.191734171109452,24.372379646914712
20,[2.82985581 2.19112642 1.60936312],21.409663410681617,25.30141132279203
21,[2.79820405 4.32672791 4.23641439],19.79889328645049,23.628334120532912
22,[0.53908583 1.58159742 2.04739329],8.392748741628445,6.0961014536379325
23,[3.43544507 3.51117644 2.23098972],21.202414045172315,24.489168022004243
24,[2.10161039 4.01315296 2.69308783],16.38261171105885,25.001523707660986
25,[4.61750245 0.30953769 1.83791727],21.801463808481778,25.709778331542886
26,[4.85199386 3.49551974 4.4548779 ],12.140678076044214,2.393089302731262
27,[1.26776359 3.62763553 1.01747217],16.868538895322985,24.670165249801148
28,[2.68755912 1.18471502 2.1824608 ],7.312106631907094,1.082713868362953
29,[3.99012257 1.54204582 3.10758314],7.16964260103555,1.7674753049794008
30,[2.19824059 4.56661853 3.29342952],23.252355720014453,22.355092857431465
31,[3.26815724 1.79228892 2.61470784],16.324527482394267,24.080296443112154
32,[0.22543656 0.47154831 4.60806097],18.629666787582565,26.74331453591661
33,[0.36522251 4.64708677 3.58507569],26.08463006192668,25.389534110101383
34,[3.11155273 3.77494857 0.70834954],21.540682234064736,27.383088740088123
35,[3.96911099 3.62701575 2.7071964 ],16.329162464109572,26.48746092020057
36,[2.41292247 2.38238805 2.23016415],12.028011619942749,25.058932226096953
37,[4.08035031 1.37175747 0.30981004],13.306839447927507,23.418693900932137
38,[4.80148171 2.29059065 3.78946032],16.02922780893973,22.710036659040018
39,[3.40579301 2.70888963 0.66416245],17.81138712516794,28.76867106738349
40,[1.26602817 2.21927797 2.79374953],17.689715520568363,25.774813952722482
41,[4.06932177 1.58914168 1.98522547],12.511275221673824,22.280743038717016
42,[4.45084124 4.12708104 0.53343542],9.369986546586189,3.943649448347002
43,[0.79887938 3.25609654 2.84532107],12.051881761002,2.2295289955105915
44,[4.92041837 3.74579506 4.01199815],15.736002810204818,25.535683135189984
45,[1.1415494  2.59356723 3.15054202],16.712432016592516,25.334699390637134
46,[0.01092681 2.56607383 2.24595084],17.46072829336242,24.43013061648169
47,[1.74678175 1.3684063  4.51041433],7.835571095003739,2.7325518652541567
48,[0.1548723  1.62084545 1.43296374],3.8604378581753758,1.7334574708591122
49,[4.78568039 0.08266533 2.28661837],17.652480945504784,26.237624155828318
