,0,1,2
0,[17.41095701 19.36237268 16.0616634 ],21.55139671506231,2.3907334154666633
1,[15.20354812 16.98597231 16.16566099],24.033742543520525,1.9688376819108262
2,[19.20870362 16.03541172 18.71234767],27.359601101164934,2.9962499738991726
3,[16.96077064 15.9112826  18.71769707],21.81653843376658,2.8401323681794945
4,[15.3479104  19.42668602 19.763222  ],28.470816761232896,4.319997768594939
5,[19.65571717 17.07715477 15.1449083 ],21.992706059757428,3.783142857827859
6,[19.91013742 16.69818842 18.53343597],27.26602913039102,2.407280881018911
7,[16.80938534 15.17552949 19.27529127],25.513885233494868,4.377052709263305
8,[18.28626754 18.82841497 17.77043619],22.519726170963516,2.379315343416963
9,[19.42546468 19.52098808 15.0521085 ],17.604549752334453,3.708911815323356
10,[15.37278368 16.22314605 15.66652376],16.44600630258281,2.22349160968562
11,[18.4896255  16.99102442 19.41561096],18.722106113303926,2.733289113890257
12,[15.90503755 17.16249586 15.09071601],16.174382688433518,1.505313544154574
13,[18.45718931 17.34845326 15.64111095],21.12936687971299,2.943906376128499
14,[19.45668526 19.59101812 15.36560497],23.995880357369828,3.455599469104786
15,[0.22723972 2.19286448 3.00860465],17.543797254982213,26.372676725497055
16,[1.55113517 3.40954121 1.04506575],22.70897782501603,25.16977610432528
17,[2.59802149 2.82994415 2.20583696],11.970189722046753,25.248971036147314
18,[0.68778079 1.06771596 0.66685946],24.868162291802292,28.39185985307999
19,[1.61148351 1.16943558 2.63749078],7.782855590653297,25.815771303001195
20,[2.82985581 2.19112642 1.60936312],21.605498414389473,25.61583848371198
21,[2.79820405 4.32672791 4.23641439],19.973736337068697,22.893240573571624
22,[0.53908583 1.58159742 2.04739329],8.7558340204876,23.689768120436863
23,[3.43544507 3.51117644 2.23098972],11.96175113860302,24.09963613521086
24,[2.10161039 4.01315296 2.69308783],7.137542152499934,22.049462242839805
25,[4.61750245 0.30953769 1.83791727],21.80705360613625,25.3974769844313
26,[4.85199386 3.49551974 4.4548779 ],4.71684318913508,1.7462710966797312
27,[1.26776359 3.62763553 1.01747217],21.193761932671656,24.670165249801148
28,[2.68755912 1.18471502 2.1824608 ],12.453323985793629,23.62026994173858
29,[3.99012257 1.54204582 3.10758314],12.142174259997967,25.850666468979192
30,[2.19824059 4.56661853 3.29342952],14.38055668781991,23.672834341536507
31,[3.26815724 1.79228892 2.61470784],2.504802610018012,24.080296443112154
32,[0.22543656 0.47154831 4.60806097],14.275326196689381,24.028083775551732
33,[0.36522251 4.64708677 3.58507569],25.65531246182647,25.282116203459474
34,[3.11155273 3.77494857 0.70834954],8.232390013383206,26.492854484300107
35,[3.96911099 3.62701575 2.7071964 ],7.0767849815931045,24.11744284412223
36,[2.41292247 2.38238805 2.23016415],2.2070292193615435,23.50339796646587
37,[4.08035031 1.37175747 0.30981004],22.840174393623563,24.38800311573247
38,[4.80148171 2.29059065 3.78946032],15.297088848223002,23.206981314828184
39,[3.40579301 2.70888963 0.66416245],13.355298329199794,28.259030140178943
40,[1.26602817 2.21927797 2.79374953],12.75113871621207,26.445713118112977
41,[4.06932177 1.58914168 1.98522547],3.093429002463304,21.73974499124217
42,[4.45084124 4.12708104 0.53343542],9.22060143724538,3.151851521558637
43,[0.79887938 3.25609654 2.84532107],3.4448192292137008,22.3255959982845
44,[4.92041837 3.74579506 4.01199815],15.195657433740774,24.720550396893646
45,[1.1415494  2.59356723 3.15054202],12.085992211194117,26.22228249854429
46,[0.01092681 2.56607383 2.24595084],17.835544228771898,25.291946104287163
47,[1.74678175 1.3684063  4.51041433],7.186229166059084,3.8077312180206215
48,[0.1548723  1.62084545 1.43296374],7.623167078260444,26.131294096184885
49,[4.78568039 0.08266533 2.28661837],18.239038759164377,26.130242350978858
