,0,1,2
0,[17.41095701 19.36237268 16.0616634 ],22.18521175879244,2.581346128340226
1,[15.20354812 16.98597231 16.16566099],22.944744404223975,1.7390448977665323
2,[19.20870362 16.03541172 18.71234767],18.314493881960885,4.3283205690006845
3,[16.96077064 15.9112826  18.71769707],21.682366921889148,4.020855072753542
4,[15.3479104  19.42668602 19.763222  ],23.608268964506557,3.9655441433458973
5,[19.65571717 17.07715477 15.1449083 ],16.530094639170958,3.783142857827859
6,[19.91013742 16.69818842 18.53343597],27.31072478952741,2.5120122041890895
7,[16.80938534 15.17552949 19.27529127],20.964304476974974,3.326340616459568
8,[18.28626754 18.82841497 17.77043619],23.375023362181857,3.6657882136097757
9,[19.42546468 19.52098808 15.0521085 ],22.66911914979239,3.708911815323356
10,[15.37278368 16.22314605 15.66652376],15.784031402011493,4.428082650253929
11,[18.4896255  16.99102442 19.41561096],18.548916617953644,1.9573747703100701
12,[15.90503755 17.16249586 15.09071601],15.895170567663792,1.505313544154574
13,[18.45718931 17.34845326 15.64111095],21.12936687971299,24.88220031494541
14,[19.45668526 19.59101812 15.36560497],23.319619360905715,3.861486377551544
15,[0.22723972 2.19286448 3.00860465],13.740770094135536,26.989981154317608
16,[1.55113517 3.40954121 1.04506575],18.01640089418904,26.06981828906274
17,[2.59802149 2.82994415 2.20583696],16.07190868722822,25.322867086836634
18,[0.68778079 1.06771596 0.66685946],14.704587060962837,28.370035948216643
19,[1.61148351 1.16943558 2.63749078],12.520763030022039,29.301780554529884
20,[2.82985581 2.19112642 1.60936312],21.65448708874242,25.30141132279203
21,[2.79820405 4.32672791 4.23641439],15.039577644807782,23.628334120532912
22,[0.53908583 1.58159742 2.04739329],7.82708930369539,30.024169500206238
23,[3.43544507 3.51117644 2.23098972],11.696744103747644,22.82323172653981
24,[2.10161039 4.01315296 2.69308783],11.553384409379632,24.300832970647303
25,[4.61750245 0.30953769 1.83791727],21.766980904909918,25.65775755269804
26,[4.85199386 3.49551974 4.4548779 ],7.420145037655907,2.9905072382874436
27,[1.26776359 3.62763553 1.01747217],16.825950404690538,23.808692462045116
28,[2.68755912 1.18471502 2.1824608 ],7.335226957098446,24.302522728493447
29,[3.99012257 1.54204582 3.10758314],12.623230153566245,24.399131383441937
30,[2.19824059 4.56661853 3.29342952],14.934590200937999,21.599761133799916
31,[3.26815724 1.79228892 2.61470784],7.809212861258305,22.176784214429134
32,[0.22543656 0.47154831 4.60806097],9.210063858836477,24.955430355041887
33,[0.36522251 4.64708677 3.58507569],17.12739852988642,25.389534110101383
34,[3.11155273 3.77494857 0.70834954],8.2856246172349,24.643087158721578
35,[3.96911099 3.62701575 2.7071964 ],11.731444624936973,21.845027525404177
36,[2.41292247 2.38238805 2.23016415],2.4473271120869007,0.8565575825102103
37,[4.08035031 1.37175747 0.30981004],13.753175476960303,29.22300200353781
38,[4.80148171 2.29059065 3.78946032],15.189899076872337,23.206981314828184
39,[3.40579301 2.70888963 0.66416245],18.2704270574066,27.83202854002979
40,[1.26602817 2.21927797 2.79374953],17.599607773780654,24.7469875828868
41,[4.06932177 1.58914168 1.98522547],3.417247494643962,2.4861920981846337
42,[4.45084124 4.12708104 0.53343542],12.931123684644039,3.520473208505832
43,[0.79887938 3.25609654 2.84532107],7.579010872467412,1.8928951210099612
44,[4.92041837 3.74579506 4.01199815],11.738356744370495,25.106080668941345
45,[1.1415494  2.59356723 3.15054202],16.995427633446493,25.645045699551424
46,[0.01092681 2.56607383 2.24595084],22.838745760051346,26.708685376727324
47,[1.74678175 1.3684063  4.51041433],16.936121846984527,23.497054272611454
48,[0.1548723  1.62084545 1.43296374],12.689666352087917,26.131294096184885
49,[4.78568039 0.08266533 2.28661837],17.961362263821865,25.507644261752834
