,0,1,2
0,[17.72735076],13.76880288922652,13.26665526771926
1,[15.85932658],12.88333442553828,11.959575863948896
2,[19.26465905],18.281587206049394,18.001062740402347
3,[15.90111705],10.256562115641133,13.236316986495755
4,[17.94350025],11.61815091340848,15.278700183146771
5,[15.6038745],12.849841937659368,13.515770808153636
6,[2.77349375],6.169673114591906,1.8679606057673368
7,[0.41013089],11.759674900495051,15.49098616377663
8,[4.96352587],5.756276184476223,2.8754221783789164
9,[1.26359631],6.392915311389911,0.16805489841312027
10,[2.66480007],10.256562115641133,13.236316986495755
11,[4.46069549],5.044871957828865,0.18075887062277562
12,[1.21046813],6.341366562406964,3.753057745275031
13,[2.0881037],5.756276184476222,2.8754221783789164
14,[4.33972742],5.203601654892054,0.4399767079795547
15,[1.43165121],6.392915311389911,0.16805489841312027
16,[0.68849832],7.344436583390529,3.6512291007272673
17,[0.25396801],7.066000841626088,1.1776831937673853
18,[4.64145436],5.044871957828865,0.18075887062277562
19,[3.89975071],5.203601654892054,0.4399767079795547
