,0,1,2
0,[17.72735076],12.042657056877838,13.26665526771926
1,[15.85932658],11.193444628318316,11.959575863948896
2,[19.26465905],14.948416228783657,18.001062740402347
3,[15.90111705],8.465152875615257,13.236316986495755
4,[17.94350025],13.766229818956035,15.278700183146771
5,[15.6038745],13.032715877827505,11.704123792298358
6,[2.77349375],4.474077526255205,1.6872017351445612
7,[0.41013089],10.34994814034037,15.470090924373432
8,[4.96352587],5.705698249865009,0.32207151566471737
9,[1.26359631],7.28674957326475,2.6361544041879976
10,[2.66480007],6.735912868476777,1.2349506437404605
11,[4.46069549],6.829061381848642,1.6872017351445612
12,[1.21046813],7.794393708707602,3.753057745275031
13,[2.0881037],6.727038514950688,2.8754221783789164
14,[4.33972742],5.430054804764509,0.4399767079795547
15,[1.43165121],4.308421759256531,1.2874957044504385
16,[0.68849832],13.723188268615104,14.91537618504607
17,[0.25396801],8.41929580787275,3.645782699542263
18,[4.64145436],3.777534723752325,0.32207151566471737
19,[3.89975071],5.430054804764509,0.4399767079795547
