,0,1,2
0,[17.72735076],12.042657056877838,13.26665526771926
1,[15.85932658],6.224878490983166,11.739587509959117
2,[19.26465905],14.948416228783657,18.001062740402347
3,[15.90111705],8.465152875615257,11.630514519325835
4,[17.94350025],13.766229818956035,15.278700183146771
5,[15.6038745],13.762961697972958,11.704123792298358
6,[2.77349375],4.474077526255205,1.6872017351445612
7,[0.41013089],10.723552976341672,15.449195684970231
8,[4.96352587],5.705698249865009,1.598746847021817
9,[1.26359631],7.286749573264752,2.916626792306069
10,[2.66480007],4.447828555172945,1.2349506437404605
11,[4.46069549],4.227447753848321,1.6872017351445612
12,[1.21046813],7.794393708707602,3.5920219874426724
13,[2.0881037],6.727038514950688,2.8754221783789164
14,[4.33972742],5.430054804764509,0.4399767079795547
15,[1.43165121],4.308421759256531,1.34184254686646
16,[0.68849832],13.723188268615104,14.91537618504607
17,[0.25396801],8.41929580787275,3.0826542200880542
18,[4.64145436],4.25205308217061,0.07065632252097043
19,[3.89975071],5.430054804764509,0.4399767079795547
