,0,1,2
0,[17.72735076],12.852769976329336,13.327139301847556
1,[15.85932658],8.111963587085551,11.51959915596934
2,[19.26465905],17.64497718141769,18.001062740402347
3,[15.90111705],8.465152875615257,11.56138963477574
4,[17.94350025],13.766229818956035,15.278700183146771
5,[15.6038745],13.762961697972958,11.704123792298358
6,[2.77349375],4.474077526255205,1.6872017351445612
7,[0.41013089],10.723552976341672,15.470090924373432
8,[4.96352587],5.705698249865009,0.32207151566471737
9,[1.26359631],7.286749573264752,3.1970991804241415
10,[2.66480007],4.447828555172945,1.2349506437404605
11,[4.46069549],4.227447753848321,1.6872017351445612
12,[1.21046813],7.480237382797687,3.753057745275031
13,[2.0881037],6.727038514950688,2.553350662714199
14,[4.33972742],5.430054804764509,0.4399767079795547
15,[1.43165121],4.308421759256531,1.2874957044504385
16,[0.68849832],13.723188268615104,14.91537618504607
17,[0.25396801],8.41929580787275,3.645782699542263
18,[4.64145436],4.25205308217061,0.32207151566471737
19,[3.89975071],3.7314805248543808,0.4399767079795547
