,0,1,2
0,[17.72735076],12.852769976329336,13.38762333597585
1,[15.85932658],5.494632670837712,11.51959915596934
2,[19.26465905],17.64497718141769,17.833007841989225
3,[15.90111705],8.465152875615257,11.56138963477574
4,[17.94350025],11.118966421656882,15.22435334073075
5,[15.6038745],13.762961697972958,11.704123792298358
6,[2.77349375],4.474077526255205,1.6872017351445612
7,[0.41013089],10.723552976341672,15.449195684970231
8,[4.96352587],5.705698249865009,1.2560518185483858
9,[1.26359631],7.28674957326475,2.6361544041879976
10,[2.66480007],4.447828555172945,1.4549389977302383
11,[4.46069549],4.227447753848321,1.6872017351445612
12,[1.21046813],7.480237382797687,3.4309862296103137
13,[2.0881037],6.727038514950688,2.7143864205465578
14,[4.33972742],5.430054804764509,0.4399767079795547
15,[1.43165121],7.332025030449108,1.34184254686646
16,[0.68849832],13.723188268615104,9.595201870158709
17,[0.25396801],8.41929580787275,2.5195257406338456
18,[4.64145436],3.777534723752325,0.18075887062277562
19,[3.89975071],3.7314805248543808,0.4399767079795547
