,0,1,2
0,[17.72735076],12.852769976329336,14.95385700286382
1,[15.85932658],5.494632670837712,11.459115121841045
2,[19.26465905],15.41634137820525,17.504781597029428
3,[15.90111705],8.465152875615257,11.56138963477574
4,[17.94350025],11.118966421656882,15.278700183146771
5,[15.6038745],11.616437331746209,11.264147084318802
6,[2.77349375],4.507688505937829,1.6872017351445612
7,[0.41013089],10.723552976341672,15.449195684970231
8,[4.96352587],5.705698249865009,1.063775162523637
9,[1.26359631],7.5551180826380415,2.6361544041879976
10,[2.66480007],4.5708158823379845,1.2349506437404605
11,[4.46069549],4.518314141650508,1.6872017351445612
12,[1.21046813],5.200511165255136,3.4309862296103137
13,[2.0881037],6.496289457786335,2.553350662714199
14,[4.33972742],5.561345302748428,1.0031051874337633
15,[1.43165121],7.299193159829295,1.34184254686646
16,[0.68849832],10.96894369265427,4.2750275552713495
17,[0.25396801],5.584851148258103,2.5195257406338456
18,[4.64145436],3.777534723752325,0.18075887062277562
19,[3.89975071],5.430054804764509,0.4399767079795547
