,0,1,2
0,[17.72735076],12.318090976368921,14.95385700286382
1,[15.85932658],8.781045344321921,11.51959915596934
2,[19.26465905],15.41634137820525,16.59985897995481
3,[15.90111705],9.205138788957584,12.564494822209504
4,[17.94350025],7.826215532028202,15.170006498314727
5,[15.6038745],8.597546447708192,11.704123792298358
6,[2.77349375],4.507688505937828,1.6872017351445612
7,[0.41013089],7.595703564379535,3.929596529000891
8,[4.96352587],3.6187460910761757,0.5633144204157876
9,[1.26359631],10.73284937455478,3.136615146295847
10,[2.66480007],4.5708158823379845,1.6749273517200152
11,[4.46069549],1.9655491653641548,1.6872017351445612
12,[1.21046813],5.192153069493857,3.4309862296103137
13,[2.0881037],4.069281347097432,2.553350662714199
14,[4.33972742],4.125667767389032,1.566233666887972
15,[1.43165121],7.8471974228975565,1.34184254686646
16,[0.68849832],13.15593283749845,14.91537618504607
17,[0.25396801],6.425328762473296,4.0857594075218175
18,[4.64145436],3.777534723752325,0.5217152928691418
19,[3.89975071],6.5290388502851044,0.4399767079795547
