,0,1,2
0,[17.72735076],12.648465913280042,14.95385700286382
1,[15.85932658],8.781045344321921,11.51959915596934
2,[19.26465905],14.168282043253502,16.59985897995481
3,[15.90111705],11.42218680996012,13.12762330166371
4,[17.94350025],13.766229818956035,15.170006498314727
5,[15.6038745],8.597546447708192,11.704123792298358
6,[2.77349375],6.629308018143801,1.6872017351445612
7,[0.41013089],7.595703564379535,3.929596529000891
8,[4.96352587],3.6187460910761757,0.5633144204157876
9,[1.26359631],10.84124858545329,3.0761311121675523
10,[2.66480007],4.379515858979812,1.6749273517200152
11,[4.46069549],1.9655491653641548,1.6872017351445612
12,[1.21046813],5.307492343916822,3.4309862296103137
13,[2.0881037],6.831432476949952,2.553350662714199
14,[4.33972742],4.125667767389032,1.566233666887972
15,[1.43165121],7.8471974228975565,1.9049710263206687
16,[0.68849832],13.15593283749845,4.2750275552713495
17,[0.25396801],6.425328762473296,4.0857594075218175
18,[4.64145436],3.777534723752325,1.8679606057673368
19,[3.89975071],6.5290388502851044,0.4399767079795547
