,0,1,2
0,[17.72735076],14.972428746217895,13.26665526771926
1,[15.85932658],13.437006356888478,11.51959915596934
2,[19.26465905],18.01510157783671,18.001062740402347
3,[15.90111705],11.104058177153126,12.086954083363706
4,[17.94350025],10.690095092172808,15.278700183146771
5,[15.6038745],11.425137308388035,13.515770808153636
6,[2.77349375],6.822875581453376,1.7775811704559485
7,[0.41013089],10.34994814034037,15.49098616377663
8,[4.96352587],8.501510581470209,2.8754221783789164
9,[1.26359631],4.664959556727462,0.16805489841312027
10,[2.66480007],6.735912868476777,1.6749273517200152
11,[4.46069549],6.061088826036641,0.18075887062277562
12,[1.21046813],10.719034646578688,3.4309862296103137
13,[2.0881037],9.651679452821773,2.8754221783789164
14,[4.33972742],4.082998321425426,0.4399767079795547
15,[1.43165121],7.406487505243476,0.16805489841312027
16,[0.68849832],11.010262706888883,3.7721971689838565
17,[0.25396801],5.4726621930108745,1.1776831937673853
18,[4.64145436],6.061088826036641,0.18075887062277562
19,[3.89975071],6.924299200086554,0.4399767079795547
