,0,1,2
0,[17.72735076],12.042657056877838,13.26665526771926
1,[15.85932658],9.973410747064587,11.459115121841045
2,[19.26465905],18.350696138869925,18.001062740402347
3,[15.90111705],11.104058177153128,13.236316986495755
4,[17.94350025],10.690095092172808,15.22435334073075
5,[15.6038745],13.762961697972958,13.515770808153636
6,[2.77349375],9.352971732989552,1.8679606057673368
7,[0.41013089],11.031014634793461,15.49098616377663
8,[4.96352587],8.501510581470209,2.8754221783789164
9,[1.26359631],4.664959556727462,0.16805489841312027
10,[2.66480007],6.735912868476777,1.6749273517200152
11,[4.46069549],6.061088826036641,0.18075887062277562
12,[1.21046813],10.719034646578688,3.5920219874426724
13,[2.0881037],9.651679452821773,2.8754221783789164
14,[4.33972742],4.082998321425426,0.4399767079795547
15,[1.43165121],7.3424230589194766,0.16805489841312027
16,[0.68849832],11.010262706888883,3.7721971689838565
17,[0.25396801],8.038738343252229,1.1776831937673853
18,[4.64145436],7.930906796624792,0.18075887062277562
19,[3.89975071],6.5290388502851044,0.4399767079795547
