,0,1,2
0,[17.72735076],12.042657056877838,13.26665526771926
1,[15.85932658],10.720772055895733,11.51959915596934
2,[19.26465905],18.350696138869925,18.001062740402347
3,[15.90111705],11.104058177153126,11.259662695896374
4,[17.94350025],13.30726165674427,15.278700183146771
5,[15.6038745],10.752428909696222,13.515770808153636
6,[2.77349375],9.352971732989552,1.8679606057673368
7,[0.41013089],11.031014634793461,15.470090924373432
8,[4.96352587],8.501510581470209,1.598746847021817
9,[1.26359631],5.002399903756375,0.16805489841312027
10,[2.66480007],6.735912868476777,1.6749273517200152
11,[4.46069549],8.26744210423551,0.02989540118309364
12,[1.21046813],7.212590424784804,3.753057745275031
13,[2.0881037],9.651679452821773,2.8754221783789164
14,[4.33972742],4.082998321425426,0.4399767079795547
15,[1.43165121],7.3424230589194766,0.16805489841312027
16,[0.68849832],10.259651157833877,3.862576604295244
17,[0.25396801],8.150927298499457,1.1776831937673853
18,[4.64145436],7.930906796624792,0.07065632252097043
19,[3.89975071],6.5290388502851044,0.4399767079795547
