,0,1,2
0,[17.72735076],12.042657056877838,13.26665526771926
1,[15.85932658],10.720772055895733,11.51959915596934
2,[19.26465905],18.350696138869925,18.001062740402347
3,[15.90111705],11.104058177153126,11.259662695896374
4,[17.94350025],13.30726165674427,15.278700183146771
5,[15.6038745],13.762961697972958,12.38995894623622
6,[2.77349375],7.004173677791381,1.8679606057673368
7,[0.41013089],11.031014634793461,15.449195684970231
8,[4.96352587],5.705698249865009,0.32207151566471737
9,[1.26359631],4.7771485119746915,0.16805489841312027
10,[2.66480007],6.735912868476777,1.6749273517200152
11,[4.46069549],3.8924622835043197,0.12096806825658923
12,[1.21046813],7.212590424784804,3.5920219874426724
13,[2.0881037],6.727038514950688,2.8754221783789164
14,[4.33972742],3.481340076930553,0.4399767079795547
15,[1.43165121],4.308421759256531,0.16805489841312027
16,[0.68849832],10.797507674384155,3.952956039606632
17,[0.25396801],8.150927298499457,3.0826542200880542
18,[4.64145436],7.522430157294589,0.32207151566471737
19,[3.89975071],6.442132788926195,0.4399767079795547
