,0,1,2
0,[17.72735076],12.042657056877838,13.26665526771926
1,[15.85932658],11.50669136169591,11.51959915596934
2,[19.26465905],18.45509010086919,18.001062740402347
3,[15.90111705],11.104058177153126,11.259662695896374
4,[17.94350025],13.30726165674427,15.278700183146771
5,[15.6038745],13.762961697972958,11.264147084318802
6,[2.77349375],7.004173677791381,1.7775811704559485
7,[0.41013089],10.34994814034037,15.470090924373432
8,[4.96352587],5.705698249865009,0.32207151566471737
9,[1.26359631],7.473709464608724,0.8389761718463502
10,[2.66480007],6.735912868476777,1.2349506437404605
11,[4.46069549],3.892462283504318,0.12096806825658923
12,[1.21046813],7.7943937087076005,3.753057745275031
13,[2.0881037],6.727038514950688,2.8754221783789164
14,[4.33972742],3.481340076930553,0.4399767079795547
15,[1.43165121],4.308421759256531,1.2331488620344169
16,[0.68849832],10.797507674384155,4.113991797438991
17,[0.25396801],8.150927298499457,3.0826542200880542
18,[4.64145436],5.343270017009537,0.32207151566471737
19,[3.89975071],6.442132788926195,0.4399767079795547
