,0,1,2
0,[17.72735076],12.042657056877838,13.26665526771926
1,[15.85932658],8.897882892885729,11.51959915596934
2,[19.26465905],14.948416228783657,18.001062740402347
3,[15.90111705],8.465152875615257,11.259662695896374
4,[17.94350025],13.757871723194754,15.278700183146771
5,[15.6038745],13.762961697972958,11.484135438308579
6,[2.77349375],4.474077526255205,1.6872017351445612
7,[0.41013089],10.34994814034037,15.449195684970231
8,[4.96352587],5.705698249865009,0.32207151566471737
9,[1.26359631],7.4737094646087225,1.5098974452795804
10,[2.66480007],6.735912868476777,1.2349506437404605
11,[4.46069549],4.227447753848321,1.1240732556903525
12,[1.21046813],10.046326247886876,3.753057745275031
13,[2.0881037],6.727038514950688,2.8754221783789164
14,[4.33972742],5.709975880142997,0.4399767079795547
15,[1.43165121],4.308421759256531,1.2331488620344169
16,[0.68849832],16.591243907912375,9.595201870158709
17,[0.25396801],5.584851148258103,2.5195257406338456
18,[4.64145436],5.343270017009537,0.32207151566471737
19,[3.89975071],3.7314805248543808,0.4399767079795547
