,0,1,2
0,[0.80109575],0.46857286844780244,0.33252287899731614
1,[0.49396515],0.3866025816120909,0.10736257188934611
2,[0.43755712],0.5003326414966685,0.06277551672427151
3,[0.85084978],0.41564897835346415,0.43520080347578427
4,[0.41564898],0.4798039819356634,0.06415500358219928
5,[0.21858872],0.4798039819356634,0.261215257663339
6,[0.736425],0.411339595349486,0.325085408764139
7,[0.7867495],0.404801894180223,0.3819476011826732
8,[0.03980605],0.4798039819356634,0.4399979326443543
9,[0.15181422],0.4361493360598581,0.2843351122806525
10,[0.00243256],0.4798039819356634,0.47737141892129786
11,[0.79414262],0.404801894180223,0.38934072631927624
12,[0.50033264],0.46857286844780244,0.031759773048866013
13,[0.50337596],0.404801894180223,0.09857406419348086
14,[0.77418689],0.46857286844780244,0.3056140215675337
15,[0.38645996],0.4798039819356634,0.09334402114832363
16,[0.34563158],0.4485983919386032,0.10296681422407261
17,[0.83304345],0.41564897835346415,0.4173944735265753
18,[0.60158989],0.411339595349486,0.1902502934193801
19,[0.14605722],0.4539357809484576,0.30787856390247387
20,[0.20198552],0.4485983919386032,0.24661286991670417
21,[0.6454925],0.41564897835346415,0.22984352158202892
22,[0.68339084],0.3866025816120909,0.29678826216268134
23,[0.6283826],0.404801894180223,0.22358070939304503
24,[0.23529891],0.4361493360598581,0.20085042768686162
25,[0.00681699],0.4485983919386032,0.44178139784698833
26,[0.41390641],0.42663195416507027,0.012725545769592062
27,[0.23619009],0.4361493360598581,0.1999592427644576
28,[0.35929875],0.4539357809484576,0.09463702611975405
29,[0.61839505],0.411339595349486,0.20705545534300834
30,[0.65044636],0.411339595349486,0.2391067603143962
31,[0.59582574],0.41564897835346415,0.18017676482265765
32,[0.64067111],0.404801894180223,0.23586921137583788
33,[0.67030273],0.3866025816120909,0.2837001525743808
34,[0.55839378],0.3866025816120909,0.17179120091965777
35,[0.50742424],0.46857286844780244,0.038851369342925546
36,[0.1149165],0.4361493360598581,0.3212328314792275
37,[0.22000256],0.4361493360598581,0.21614678105028667
38,[0.65863823],0.3866025816120909,0.2720356437916294
39,[0.44490981],0.411339595349486,0.03357021551231559
40,[0.34016336],0.5003326414966685,0.16016928155505705
41,[0.8697758],0.411339595349486,0.4584362029994968
42,[0.48023529],0.404801894180223,0.07543339251605968
43,[0.1118596],0.4539357809484576,0.34207618037898696
44,[0.85598216],0.46857286844780244,0.38740928760656546
45,[0.0417615],0.4798039819356634,0.438042481224703
46,[0.29525635],0.5003326414966685,0.20507629465670418
47,[0.58631287],0.3866025816120909,0.19971028717704314
48,[0.06770657],0.5003326414966685,0.43262607212879134
49,[0.91023408],0.46857286844780244,0.4416612156444879
50,[0.04029147],0.4539357809484576,0.41364431083208025
51,[0.41769503],0.5003326414966685,0.08263760865504433
52,[0.35371347],0.4539357809484576,0.10022231493004569
53,[0.04903673],0.4485983919386032,0.39956165877801075
54,[0.01104609],0.4485983919386032,0.43755230503210363
55,[0.24672435],0.5003326414966685,0.2536082895836871
56,[0.35314855],0.4539357809484576,0.10078722725518013
57,[0.4221996],0.5003326414966685,0.07813304316040814
58,[0.54568543],0.46857286844780244,0.07711256013679402
59,[0.76575793],0.411339595349486,0.35441832980981053
60,[0.15170741],0.4798039819356634,0.32809657655461244
61,[0.38546099],0.4798039819356634,0.09434299280830805
62,[0.55167121],0.411339595349486,0.14033161554812895
63,[0.58810551],0.41564897835346415,0.17245652742356365
64,[0.32302676],0.4539357809484576,0.130909021086344
65,[0.53702306],0.404801894180223,0.13222116492726915
66,[0.42738886],0.42010007015142947,0.007288791106485171
67,[0.68333991],0.404801894180223,0.278538019566601
68,[0.27766147],0.4485983919386032,0.1709369190166371
69,[0.47980398],0.41564897835346415,0.06415500358219928
70,[0.52603648],0.3866025816120909,0.13943390315787813
71,[0.4169615],0.4364387889379025,0.01947729175697882
72,[0.26499422],0.4539357809484576,0.18894155936283002
73,[0.32441176],0.5003326414966685,0.17592087669881207
74,[0.62256768],0.41564897835346415,0.20691870301582183
75,[0.90204399],0.411339595349486,0.4907043931797967
76,[0.81890604],0.3866025816120909,0.43230346240185796
77,[0.48266119],0.41564897835346415,0.06701221616189001
78,[0.75586059],0.411339595349486,0.34452099169837297
79,[0.39529033],0.4361493360598581,0.040859006618800764
80,[0.69203197],0.404801894180223,0.2872300724909897
81,[0.56759632],0.41564897835346415,0.15194734497024498
82,[0.20767526],0.4361493360598581,0.22847407831753014
83,[0.58510613],0.3866025816120909,0.19850354378773555
84,[0.17144712],0.4485983919386032,0.2771512726449564
85,[0.13525759],0.4798039819356634,0.3445463903714736
86,[0.39264229],0.4485983919386032,0.05595610075908086
87,[0.56434878],0.46857286844780244,0.09577591520885609
88,[0.12669494],0.4485983919386032,0.3219034527109986
89,[0.02339482],0.4539357809484576,0.43054095602835646
90,[0.37493205],0.4361493360598581,0.061217285863394644
91,[0.00431214],0.4361493360598581,0.43183719326877873
92,[0.46857287],0.5003326414966685,0.031759773048866013
93,[0.51160935],0.41564897835346415,0.0959603680566784
94,[0.31299022],0.4361493360598581,0.12315911715789557
95,[0.28555554],0.4798039819356634,0.19424844178797984
96,[0.81764905],0.46857286844780244,0.34907618037984256
