,0,1,2
0,[0.80109575],0.48445275497223544,0.31664299247288313
1,[0.49396515],0.4221995983362603,0.07176555516517669
2,[0.43755712],0.5018542999351862,0.06429717516278921
3,[0.85084978],0.4169614971809237,0.43388828464832474
4,[0.41564898],0.4798039819356634,0.06415500358219928
5,[0.21858872],0.48266119451535416,0.2640724702430297
6,[0.736425],0.43755712477239694,0.29886787934122805
7,[0.7867495],0.43755712477239694,0.34919237059049923
8,[0.03980605],0.4798039819356634,0.4399979326443543
9,[0.15181422],0.4449098108618016,0.293095587082596
10,[0.00243256],0.48266119451535416,0.4802286315009886
11,[0.79414262],0.40327434978750026,0.390868270711999
12,[0.50033264],0.4879985531192652,0.01233408837740324
13,[0.50337596],0.4169614971809237,0.08641446119278018
14,[0.77418689],0.46857286844780244,0.3056140215675337
15,[0.38645996],0.48266119451535416,0.09620123372801437
16,[0.34563158],0.5003326414966685,0.15470106378213788
17,[0.83304345],0.4247942297970875,0.408249222082952
18,[0.60158989],0.4324729930151558,0.1691168957537103
19,[0.14605722],0.4449098108618016,0.29885259381581786
20,[0.20198552],0.4814482406058184,0.2794627185839194
21,[0.6454925],0.4139064083954782,0.23158609154001486
22,[0.68339084],0.4173282650112739,0.2660625787634983
23,[0.6283826],0.3926422911795223,0.2357403123937457
24,[0.23529891],0.4449098108618016,0.2096109024888051
25,[0.00681699],0.4449098108618016,0.43809281677018674
26,[0.41390641],0.46857286844780244,0.05466646005232423
27,[0.23619009],0.4798039819356634,0.2436138886402629
28,[0.35929875],0.4971488974990527,0.13785014267034917
29,[0.61839505],0.4221995983362603,0.19619545235623403
30,[0.65044636],0.4215189198056894,0.2289274358581928
31,[0.59582574],0.41564897835346415,0.18017676482265765
32,[0.64067111],0.3926422911795223,0.24802881437653856
33,[0.98668705],0.5003326414966685,0.486354407821449
34,[0.67030273],0.4221995983362603,0.24810313585021138
35,[0.55839378],0.41564897835346415,0.1427448041782845
36,[0.50742424],0.4530649966100997,0.05435924118062829
37,[0.1149165],0.48266119451535416,0.36774468993472353
38,[0.22000256],0.46857286844780244,0.248570313438231
39,[0.65863823],0.4176950328416241,0.24094319256209618
40,[0.44490981],0.4199473155889422,0.024962495272859375
41,[0.34016336],0.4798039819356634,0.13964062199405203
42,[0.8697758],0.42738886125791464,0.44238693709106813
43,[0.48023529],0.3926422911795223,0.08759299551676036
44,[0.38645818],0.507424237790728,0.12096605821009299
45,[0.1118596],0.4449098108618016,0.33305021029233095
46,[0.85598216],0.4530649966100997,0.4029171594442682
47,[0.0417615],0.48266119451535416,0.44089969380439376
48,[0.29525635],0.49028396409647557,0.1950276172565113
49,[0.58631287],0.4221995983362603,0.16411327045287372
50,[0.06770657],0.48001963431597305,0.41231306494809594
51,[0.91023408],0.44123346781709927,0.4690006162751911
52,[0.04029147],0.4449098108618016,0.40461834074542424
53,[0.41769503],0.46857286844780244,0.05087783560617831
54,[0.35371347],0.46857286844780244,0.11485940242939052
55,[0.04903673],0.4802352866962827,0.43119855353569025
56,[0.01104609],0.4802352866962827,0.46918919978978313
57,[0.24672435],0.49028396409647557,0.2435596121834942
58,[0.35314855],0.4449098108618016,0.09176125716852412
59,[0.4221996],0.46857286844780244,0.04637327011154213
60,[0.54568543],0.46857286844780244,0.07711256013679402
61,[0.76575793],0.42217517921941916,0.34358274593987737
62,[0.15170741],0.4798039819356634,0.32809657655461244
63,[0.38546099],0.48266119451535416,0.09720020538799878
64,[0.55167121],0.43755712477239694,0.114114086125218
65,[0.58810551],0.4199473155889422,0.1681581901880856
66,[0.32302676],0.46857286844780244,0.14554610858568884
67,[0.84700528],0.43755712477239694,0.40944815623706265
68,[0.53702306],0.43755712477239694,0.09946593433509521
69,[0.42738886],0.4449098108618016,0.01752094960388695
70,[0.68333991],0.3926422911795223,0.2906976225673017
71,[0.27766147],0.5003326414966685,0.22267116857470237
72,[0.47980398],0.4199473155889422,0.05985666634672121
73,[0.52603648],0.3926422911795223,0.13339419359044669
74,[0.4169615],0.46857286844780244,0.05161137126687876
75,[0.26499422],0.4798039819356634,0.21480976035003585
76,[0.32441176],0.4798039819356634,0.15539221713780704
77,[0.62256768],0.4215189198056894,0.20104876156359658
78,[0.90204399],0.42738886125791464,0.47465512727136805
79,[0.81890604],0.4221995983362603,0.39670644567768854
80,[0.48266119],0.4324729930151558,0.05018820150019837
81,[0.75586059],0.4199473155889422,0.33591327145891675
82,[0.39529033],0.4361493360598581,0.040859006618800764
83,[0.69203197],0.3926422911795223,0.2993896754916904
84,[0.56759632],0.4247942297970875,0.14280209352662165
85,[0.20767526],0.4449098108618016,0.2372345531194736
86,[0.58510613],0.3866025816120909,0.19850354378773555
87,[0.17144712],0.4449098108618016,0.27346269156815484
88,[0.13525759],0.48001963431597305,0.34476204275178324
89,[0.39264229],0.49028396409647557,0.09764167291695325
90,[0.56434878],0.4530649966100997,0.11128378704655884
91,[0.12669494],0.47440407757204256,0.347709138344438
92,[0.02339482],0.4798039819356634,0.4564091570155623
93,[0.37493205],0.4449098108618016,0.06997776066533812
94,[0.00431214],0.4802352866962827,0.4759231439052033
95,[0.46857287],0.44123346781709927,0.02733940063070317
96,[0.51160935],0.4247942297970875,0.08681511661305508
97,[0.31299022],0.48266119451535416,0.16967097561339162
98,[0.28555554],0.4798039819356634,0.19424844178797984
99,[0.81764905],0.4324729930151558,0.3851760558124892
