,0,1,2
0,[0.80109575],0.4176950328416241,0.38340071460349445
1,[0.49396515],0.4324729930151558,0.0614921604862812
2,[0.43755712],0.4798039819356634,0.04224685716326648
3,[0.85084978],0.4221995983362603,0.4286501834929881
4,[0.41564898],0.4798039819356634,0.06415500358219928
5,[0.21858872],0.48266119451535416,0.2640724702430297
6,[0.736425],0.42738886125791464,0.30903614285571035
7,[0.7867495],0.4247942297970875,0.3619552655658087
8,[0.03980605],0.4814482406058184,0.44164219131450927
9,[0.15181422],0.46857286844780244,0.3167586446685968
10,[0.00243256],0.4802352866962827,0.4778027236819171
11,[0.79414262],0.4169614971809237,0.37718112331857556
12,[0.50033264],0.44123346781709927,0.059099173679569184
13,[0.50337596],0.43755712477239694,0.06581883360130691
14,[0.77418689],0.43755712477239694,0.3366297652429392
15,[0.38645996],0.46857286844780244,0.08211290766046264
16,[0.34563158],0.4798039819356634,0.13417240422113286
17,[0.83304345],0.42738886125791464,0.40565459062212483
18,[0.60158989],0.4176950328416241,0.18389485592724197
19,[0.14605722],0.4798039819356634,0.3337467648896797
20,[0.20198552],0.4798039819356634,0.2778184599137644
21,[0.6454925],0.4169614971809237,0.2285310027545694
22,[0.68339084],0.4199473155889422,0.26344352818583
23,[0.6283826],0.4176950328416241,0.2106875707316439
24,[0.23529891],0.4802352866962827,0.24493637832328619
25,[0.00681699],0.4798039819356634,0.4729869878440486
26,[0.41390641],0.46857286844780244,0.05466646005232423
27,[0.23619009],0.48001963431597305,0.24382954102057253
28,[0.35929875],0.48001963431597305,0.1207208794872695
29,[0.61839505],0.4221995983362603,0.19619545235623403
30,[0.65044636],0.42738886125791464,0.22305749440596756
31,[0.59582574],0.4176950328416241,0.17813071033449768
32,[0.64067111],0.42738886125791464,0.21328224429814624
33,[0.98668705],0.4221995983362603,0.5644874509818572
34,[0.67030273],0.42738886125791464,0.24291387292855704
35,[0.55839378],0.4221995983362603,0.13619418419548834
36,[0.50742424],0.42738886125791464,0.08003537653281334
37,[0.1149165],0.4798039819356634,0.3648874773550328
38,[0.22000256],0.4798039819356634,0.259801426926092
39,[0.65863823],0.4221995983362603,0.23643862706746
40,[0.44490981],0.43755712477239694,0.0073526860894046475
41,[0.34016336],0.4798039819356634,0.13964062199405203
42,[0.8697758],0.4247942297970875,0.4449815685518953
43,[0.48023529],0.4173282650112739,0.06290702168500878
44,[0.38645818],0.4802352866962827,0.09377710711564768
45,[0.1118596],0.4798039819356634,0.3679443813661928
46,[0.85598216],0.43755712477239694,0.41842503128197095
47,[0.0417615],0.4802352866962827,0.4384737859853223
48,[0.29525635],0.48266119451535416,0.1874048476753899
49,[0.58631287],0.43755712477239694,0.14875574401673708
50,[0.06770657],0.4802352866962827,0.41252871732840557
51,[0.91023408],0.4449098108618016,0.46532427323048875
52,[0.04029147],0.46857286844780244,0.4282813983314251
53,[0.41769503],0.46857286844780244,0.05087783560617831
54,[0.35371347],0.4798039819356634,0.1260905159172515
55,[0.04903673],0.4802352866962827,0.43119855353569025
56,[0.01104609],0.4798039819356634,0.4687578950291639
57,[0.24672435],0.4798039819356634,0.23307963002268206
58,[0.35314855],0.4802352866962827,0.12708673300300521
59,[0.4221996],0.456741339654802,0.03454174131854171
60,[0.54568543],0.4176950328416241,0.12799039574297233
61,[0.76575793],0.4176950328416241,0.3480628923176724
62,[0.15170741],0.4798039819356634,0.32809657655461244
63,[0.38546099],0.4798039819356634,0.09434299280830805
64,[0.55167121],0.42738886125791464,0.1242823496397003
65,[0.58810551],0.4221995983362603,0.1659059074407675
66,[0.32302676],0.4798039819356634,0.15677722207354983
67,[0.84700528],0.43755712477239694,0.40944815623706265
68,[0.53702306],0.4221995983362603,0.11482346077123184
69,[0.42738886],0.4798039819356634,0.05241512067774878
70,[0.68333991],0.42738886125791464,0.25595105248890937
71,[0.27766147],0.4883131740083956,0.2106517010864295
72,[0.47980398],0.42738886125791464,0.05241512067774878
73,[0.52603648],0.4199473155889422,0.10608916918102679
74,[0.4169615],0.4798039819356634,0.06284248475473975
75,[0.26499422],0.4802352866962827,0.2152410651106551
76,[0.32441176],0.46857286844780244,0.14416110364994605
77,[0.62256768],0.42738886125791464,0.19517882011137133
78,[0.90204399],0.4199473155889422,0.4820966729403405
79,[0.81890604],0.4199473155889422,0.3989587284250066
80,[0.48266119],0.43755712477239694,0.04510406974295722
81,[0.75586059],0.42738886125791464,0.3284717257899443
82,[0.39529033],0.4802352866962827,0.08494495725522533
83,[0.69203197],0.42738886125791464,0.26464310541329805
84,[0.56759632],0.42738886125791464,0.14020746206579449
85,[0.20767526],0.4802352866962827,0.2725600289539547
86,[0.58510613],0.4199473155889422,0.1651588098108842
87,[0.17144712],0.4798039819356634,0.30835686264201667
88,[0.13525759],0.46857286844780244,0.3333152768836126
89,[0.39264229],0.46857286844780244,0.07593057726828012
90,[0.56434878],0.42738886125791464,0.13695992239874388
91,[0.12669494],0.4802352866962827,0.35354034746867813
92,[0.02339482],0.4798039819356634,0.4564091570155623
93,[0.37493205],0.47418842519173293,0.09925637499526946
94,[0.00431214],0.4802352866962827,0.4759231439052033
95,[0.46857287],0.43755712477239694,0.031015743675405494
96,[0.51160935],0.4221995983362603,0.08940974807388224
97,[0.31299022],0.4802352866962827,0.16724506779432013
98,[0.28555554],0.46857286844780244,0.18301732830011885
99,[0.81764905],0.42738886125791464,0.39026018756973035
