,0,1,2
0,[0.80109575],0.46857286844780244,0.33252287899731614
1,[0.49396515],0.4221995983362603,0.07176555516517669
2,[0.43755712],0.48266119451535416,0.04510406974295722
3,[0.85084978],0.4163052377671939,0.4345445440620545
4,[0.41564898],0.4449098108618016,0.029260832508337442
5,[0.21858872],0.48266119451535416,0.2640724702430297
6,[0.736425],0.43755712477239694,0.29886787934122805
7,[0.7867495],0.42738886125791464,0.35936063410498154
8,[0.03980605],0.48001963431597305,0.4402135850246639
9,[0.15181422],0.4449098108618016,0.293095587082596
10,[0.00243256],0.48266119451535416,0.4802286315009886
11,[0.79414262],0.4169614971809237,0.37718112331857556
12,[0.50033264],0.48597441341075315,0.014358228085915303
13,[0.50337596],0.4169614971809237,0.08641446119278018
14,[0.77418689],0.46857286844780244,0.3056140215675337
15,[0.38645996],0.4623568963987325,0.07589693561139271
16,[0.34563158],0.5018542999351862,0.15622272222065559
17,[0.83304345],0.4247942297970875,0.408249222082952
18,[0.60158989],0.42738886125791464,0.17420102751095146
19,[0.14605722],0.4449098108618016,0.29885259381581786
20,[0.20198552],0.4814482406058184,0.2794627185839194
21,[0.6454925],0.41564897835346415,0.22984352158202892
22,[0.68339084],0.4176950328416241,0.2656958109331481
23,[0.6283826],0.3926422911795223,0.2357403123937457
24,[0.23529891],0.456741339654802,0.22144243128180552
25,[0.00681699],0.456741339654802,0.44992434556318717
26,[0.41390641],0.46857286844780244,0.05466646005232423
27,[0.23619009],0.47418842519173293,0.2379983318963324
28,[0.35929875],0.493965153501437,0.13466639867273344
29,[0.61839505],0.4221995983362603,0.19619545235623403
30,[0.65044636],0.41564897835346415,0.23479737731041805
31,[0.59582574],0.41667200559754414,0.17915373757857767
32,[0.64067111],0.40414563476649323,0.23652547078956765
33,[0.98668705],0.43755712477239694,0.5491299245457205
34,[0.67030273],0.4221995983362603,0.24810313585021138
35,[0.55839378],0.41564897835346415,0.1427448041782845
36,[0.50742424],0.43755712477239694,0.06986711301833104
37,[0.1149165],0.4449098108618016,0.32999330628117096
38,[0.22000256],0.4798039819356634,0.259801426926092
39,[0.65863823],0.4176950328416241,0.24094319256209618
40,[0.44490981],0.4176950328416241,0.027214778020177466
41,[0.34016336],0.48001963431597305,0.13985627437436166
42,[0.8697758],0.42738886125791464,0.44238693709106813
43,[0.48023529],0.4169614971809237,0.063273789515359
44,[0.38645818],0.5095167921004353,0.12305861251980033
45,[0.1118596],0.44123346781709927,0.3293738672476286
46,[0.85598216],0.43755712477239694,0.41842503128197095
47,[0.0417615],0.48266119451535416,0.44089969380439376
48,[0.29525635],0.4802352866962827,0.18497893985631841
49,[0.58631287],0.4199473155889422,0.1663655532001918
50,[0.06770657],0.4802352866962827,0.41252871732840557
51,[0.91023408],0.43755712477239694,0.4726769593198934
52,[0.04029147],0.44123346781709927,0.4009419977007219
53,[0.41769503],0.46857286844780244,0.05087783560617831
54,[0.35371347],0.46857286844780244,0.11485940242939052
55,[0.04903673],0.4802352866962827,0.43119855353569025
56,[0.01104609],0.4802352866962827,0.46918919978978313
57,[0.24672435],0.5003326414966685,0.2536082895836871
58,[0.35314855],0.4449098108618016,0.09176125716852412
59,[0.4221996],0.46857286844780244,0.04637327011154213
60,[0.54568543],0.46857286844780244,0.07711256013679402
61,[0.76575793],0.42217517921941916,0.34358274593987737
62,[0.15170741],0.4798039819356634,0.32809657655461244
63,[0.38546099],0.4814482406058184,0.09598725147846304
64,[0.55167121],0.4324729930151558,0.11919821788245916
65,[0.58810551],0.4221995983362603,0.1659059074407675
66,[0.32302676],0.4449098108618016,0.12188305099968799
67,[0.84700528],0.4324729930151558,0.4145322879943038
68,[0.53702306],0.43755712477239694,0.09946593433509521
69,[0.42738886],0.4449098108618016,0.01752094960388695
70,[0.68333991],0.41564897835346415,0.26769093539335986
71,[0.27766147],0.49028396409647557,0.2126224911745095
72,[0.47980398],0.4176950328416241,0.0621089490940393
73,[0.52603648],0.4147776933744712,0.11125879139549782
74,[0.4169615],0.46857286844780244,0.05161137126687876
75,[0.26499422],0.4798039819356634,0.21480976035003585
76,[0.32441176],0.47418842519173293,0.14977666039387655
77,[0.62256768],0.4221995983362603,0.20036808303302567
78,[0.90204399],0.42738886125791464,0.47465512727136805
79,[0.81890604],0.4221995983362603,0.39670644567768854
80,[0.48266119],0.42738886125791464,0.05527233325743952
81,[0.75586059],0.4199473155889422,0.33591327145891675
82,[0.39529033],0.472621226179235,0.07733089673817767
83,[0.69203197],0.39396631031028984,0.29806565636092286
84,[0.56759632],0.4221995983362603,0.14539672498744882
85,[0.20767526],0.4449098108618016,0.2372345531194736
86,[0.58510613],0.4045983689182678,0.18050775648155865
87,[0.17144712],0.4449098108618016,0.27346269156815484
88,[0.13525759],0.48001963431597305,0.34476204275178324
89,[0.39264229],0.4802352866962827,0.08759299551676036
90,[0.56434878],0.43755712477239694,0.12679165888426158
91,[0.12669494],0.4802352866962827,0.35354034746867813
92,[0.02339482],0.44123346781709927,0.4178386428969981
93,[0.37493205],0.4449098108618016,0.06997776066533812
94,[0.00431214],0.47440407757204256,0.47009193478096317
95,[0.46857287],0.43755712477239694,0.031015743675405494
96,[0.51160935],0.4221995983362603,0.08940974807388224
97,[0.31299022],0.4802352866962827,0.16724506779432013
98,[0.28555554],0.4798039819356634,0.19424844178797984
99,[0.81764905],0.42738886125791464,0.39026018756973035
