,0,1,2
0,[0.80109575],0.46857286844780244,0.33252287899731614
1,[0.49396515],0.4221995983362603,0.07176555516517669
2,[0.43755712],0.48266119451535416,0.04510406974295722
3,[0.85084978],0.4163052377671939,0.4345445440620545
4,[0.41564898],0.4623568963987325,0.04670791804526836
5,[0.21858872],0.48266119451535416,0.2640724702430297
6,[0.736425],0.43755712477239694,0.29886787934122805
7,[0.7867495],0.42738886125791464,0.35936063410498154
8,[0.03980605],0.4798039819356634,0.4399979326443543
9,[0.15181422],0.4449098108618016,0.293095587082596
10,[0.00243256],0.48266119451535416,0.4802286315009886
11,[0.79414262],0.4173282650112739,0.37681435548822534
12,[0.50033264],0.4756170314815783,0.02471561001509015
13,[0.50337596],0.4298783615543286,0.07349759681937523
14,[0.77418689],0.46857286844780244,0.3056140215675337
15,[0.38645996],0.4623568963987325,0.07589693561139271
16,[0.34563158],0.49028396409647557,0.144652386381945
17,[0.83304345],0.42738886125791464,0.40565459062212483
18,[0.60158989],0.42738886125791464,0.17420102751095146
19,[0.14605722],0.456741339654802,0.3106841226088183
20,[0.20198552],0.48001963431597305,0.27803411229407404
21,[0.6454925],0.41564897835346415,0.22984352158202892
22,[0.68339084],0.4176950328416241,0.2656958109331481
23,[0.6283826],0.3926422911795223,0.2357403123937457
24,[0.23529891],0.456741339654802,0.22144243128180552
25,[0.00681699],0.46857286844780244,0.4617558743561876
26,[0.41390641],0.46857286844780244,0.05466646005232423
27,[0.23619009],0.47418842519173293,0.2379983318963324
28,[0.35929875],0.493965153501437,0.13466639867273344
29,[0.61839505],0.4199473155889422,0.19844773510355213
30,[0.65044636],0.41564897835346415,0.23479737731041805
31,[0.59582574],0.4176950328416241,0.17813071033449768
32,[0.64067111],0.40546965389726075,0.23520145165880013
33,[0.98668705],0.4324729930151558,0.5542140563029616
34,[0.67030273],0.43755712477239694,0.23274560941407474
35,[0.55839378],0.42738886125791464,0.131004921273834
36,[0.50742424],0.43755712477239694,0.06986711301833104
37,[0.1149165],0.4449098108618016,0.32999330628117096
38,[0.22000256],0.4802352866962827,0.26023273168671124
39,[0.65863823],0.4176950328416241,0.24094319256209618
40,[0.44490981],0.4176950328416241,0.027214778020177466
41,[0.34016336],0.4798039819356634,0.13964062199405203
42,[0.8697758],0.42217517921941916,0.4476006191295636
43,[0.48023529],0.4169614971809237,0.063273789515359
44,[0.38645818],0.5038784396436982,0.11742026006306316
45,[0.1118596],0.4449098108618016,0.33305021029233095
46,[0.85598216],0.43755712477239694,0.41842503128197095
47,[0.0417615],0.48266119451535416,0.44089969380439376
48,[0.29525635],0.48001963431597305,0.1847632874760088
49,[0.58631287],0.4176950328416241,0.1686178359475099
50,[0.06770657],0.4802352866962827,0.41252871732840557
51,[0.91023408],0.4298783615543286,0.4803557225379617
52,[0.04029147],0.4449098108618016,0.40461834074542424
53,[0.41769503],0.46857286844780244,0.05087783560617831
54,[0.35371347],0.4802352866962827,0.12652182067787077
55,[0.04903673],0.4814482406058184,0.432411507445226
56,[0.01104609],0.4802352866962827,0.46918919978978313
57,[0.24672435],0.5003326414966685,0.2536082895836871
58,[0.35314855],0.456741339654802,0.10359278596152455
59,[0.4221996],0.4798039819356634,0.05760438359940312
60,[0.54568543],0.44123346781709927,0.10445196076749719
61,[0.76575793],0.4176950328416241,0.3480628923176724
62,[0.15170741],0.4798039819356634,0.32809657655461244
63,[0.38546099],0.48001963431597305,0.09455864518861767
64,[0.55167121],0.42738886125791464,0.1242823496397003
65,[0.58810551],0.4221995983362603,0.1659059074407675
66,[0.32302676],0.456741339654802,0.13371457979268841
67,[0.84700528],0.42738886125791464,0.41961641975154496
68,[0.53702306],0.43755712477239694,0.09946593433509521
69,[0.42738886],0.4449098108618016,0.01752094960388695
70,[0.68333991],0.4169614971809237,0.26637841656590033
71,[0.27766147],0.4883131740083956,0.2106517010864295
72,[0.47980398],0.4176950328416241,0.0621089490940393
73,[0.52603648],0.4169614971809237,0.10907498758904532
74,[0.4169615],0.456741339654802,0.039779842473878335
75,[0.26499422],0.4623568963987325,0.19736267481310493
76,[0.32441176],0.47418842519173293,0.14977666039387655
77,[0.62256768],0.4221995983362603,0.20036808303302567
78,[0.90204399],0.42217517921941916,0.47986880930986353
79,[0.81890604],0.4221995983362603,0.39670644567768854
80,[0.48266119],0.43755712477239694,0.04510406974295722
81,[0.75586059],0.4176950328416241,0.33816555420623484
82,[0.39529033],0.4623568963987325,0.06706656695767516
83,[0.69203197],0.39529032944105735,0.29674163723015534
84,[0.56759632],0.4221995983362603,0.14539672498744882
85,[0.20767526],0.4798039819356634,0.27212872419333545
86,[0.58510613],0.41892428834486223,0.1661818370549642
87,[0.17144712],0.4802352866962827,0.3087881674026359
88,[0.13525759],0.4798039819356634,0.3445463903714736
89,[0.39264229],0.47440407757204256,0.08176178639252024
90,[0.56434878],0.4298783615543286,0.1344704221023299
91,[0.12669494],0.4814482406058184,0.35475330137821387
92,[0.02339482],0.4623568963987325,0.43896207147863137
93,[0.37493205],0.4449098108618016,0.06997776066533812
94,[0.00431214],0.47418842519173293,0.46987628240065354
95,[0.46857287],0.4298783615543286,0.03869450689347381
96,[0.51160935],0.42738886125791464,0.08422048515222791
97,[0.31299022],0.46257254877904214,0.1495823298770796
98,[0.28555554],0.4798039819356634,0.19424844178797984
99,[0.81764905],0.42738886125791464,0.39026018756973035
