,0,1,2
0,[0.80109575],0.43755712477239694,0.36353862267272163
1,[0.49396515],0.42738886125791464,0.06657629224352235
2,[0.43755712],0.48266119451535416,0.04510406974295722
3,[0.85084978],0.4173282650112739,0.4335215168179745
4,[0.41564898],0.47418842519173293,0.05853944683826878
5,[0.21858872],0.4883131740083956,0.2697244497360711
6,[0.736425],0.43755712477239694,0.29886787934122805
7,[0.7867495],0.42217517921941916,0.364574316143477
8,[0.03980605],0.48266119451535416,0.442855145224045
9,[0.15181422],0.4449098108618016,0.293095587082596
10,[0.00243256],0.48266119451535416,0.4802286315009886
11,[0.79414262],0.4176950328416241,0.3764475876578751
12,[0.50033264],0.44123346781709927,0.059099173679569184
13,[0.50337596],0.43755712477239694,0.06581883360130691
14,[0.77418689],0.46857286844780244,0.3056140215675337
15,[0.38645996],0.47418842519173293,0.08772846440439314
16,[0.34563158],0.4802352866962827,0.1346037089817521
17,[0.83304345],0.4324729930151558,0.4005704588648837
18,[0.60158989],0.42738886125791464,0.17420102751095146
19,[0.14605722],0.47440407757204256,0.3283468605260588
20,[0.20198552],0.4798039819356634,0.2778184599137644
21,[0.6454925],0.41564897835346415,0.22984352158202892
22,[0.68339084],0.4176950328416241,0.2656958109331481
23,[0.6283826],0.4169614971809237,0.21142110639234435
24,[0.23529891],0.456741339654802,0.22144243128180552
25,[0.00681699],0.4814482406058184,0.4746312465142036
26,[0.41390641],0.46857286844780244,0.05466646005232423
27,[0.23619009],0.4798039819356634,0.2436138886402629
28,[0.35929875],0.4814482406058184,0.12214948577711487
29,[0.61839505],0.4173282650112739,0.20106678568122044
30,[0.65044636],0.41667200559754414,0.23377435006633807
31,[0.59582574],0.4169614971809237,0.17886424599519812
32,[0.64067111],0.4163052377671939,0.22436586778886697
33,[0.98668705],0.43755712477239694,0.5491299245457205
34,[0.67030273],0.4324729930151558,0.2378297411713159
35,[0.55839378],0.42738886125791464,0.131004921273834
36,[0.50742424],0.4324729930151558,0.07495124477557219
37,[0.1149165],0.456741339654802,0.3418248350741714
38,[0.22000256],0.4802352866962827,0.26023273168671124
39,[0.65863823],0.4176950328416241,0.24094319256209618
40,[0.44490981],0.4176950328416241,0.027214778020177466
41,[0.34016336],0.4798039819356634,0.13964062199405203
42,[0.8697758],0.4169614971809237,0.4528143011680591
43,[0.48023529],0.41564897835346415,0.06458630834281853
44,[0.38645818],0.5003326414966685,0.11387446191603345
45,[0.1118596],0.456741339654802,0.3448817390853314
46,[0.85598216],0.4247942297970875,0.4311879262572804
47,[0.0417615],0.4812325882255088,0.4394710875145484
48,[0.29525635],0.48001963431597305,0.1847632874760088
49,[0.58631287],0.4199473155889422,0.1663655532001918
50,[0.06770657],0.4802352866962827,0.41252871732840557
51,[0.91023408],0.44123346781709927,0.4690006162751911
52,[0.04029147],0.456741339654802,0.41644986953842467
53,[0.41769503],0.46857286844780244,0.05087783560617831
54,[0.35371347],0.47440407757204256,0.12069061155363064
55,[0.04903673],0.4802352866962827,0.43119855353569025
56,[0.01104609],0.4802352866962827,0.46918919978978313
57,[0.24672435],0.4971488974990527,0.25042454558607136
58,[0.35314855],0.46857286844780244,0.11542431475452497
59,[0.4221996],0.48266119451535416,0.06046159617909386
60,[0.54568543],0.43755712477239694,0.10812830381219951
61,[0.76575793],0.4173282650112739,0.3484296601480226
62,[0.15170741],0.4798039819356634,0.32809657655461244
63,[0.38546099],0.4798039819356634,0.09434299280830805
64,[0.55167121],0.42738886125791464,0.1242823496397003
65,[0.58810551],0.4199473155889422,0.1681581901880856
66,[0.32302676],0.456741339654802,0.13371457979268841
67,[0.84700528],0.42738886125791464,0.41961641975154496
68,[0.53702306],0.4221995983362603,0.11482346077123184
69,[0.42738886],0.4449098108618016,0.01752094960388695
70,[0.68333991],0.4221995983362603,0.2611403154105637
71,[0.27766147],0.493965153501437,0.2163036805794709
72,[0.47980398],0.4176950328416241,0.0621089490940393
73,[0.52603648],0.4176950328416241,0.10834145192834488
74,[0.4169615],0.4449098108618016,0.027948313680877912
75,[0.26499422],0.4449098108618016,0.17991558927617401
76,[0.32441176],0.47418842519173293,0.14977666039387655
77,[0.62256768],0.4221995983362603,0.20036808303302567
78,[0.90204399],0.42738886125791464,0.47465512727136805
79,[0.81890604],0.4247942297970875,0.39411181421686137
80,[0.48266119],0.43755712477239694,0.04510406974295722
81,[0.75586059],0.4221995983362603,0.33366098871159866
82,[0.39529033],0.46857286844780244,0.07328253900674508
83,[0.69203197],0.4139064083954782,0.2781255582757345
84,[0.56759632],0.4221995983362603,0.14539672498744882
85,[0.20767526],0.4798039819356634,0.27212872419333545
86,[0.58510613],0.4176950328416241,0.1674110925582023
87,[0.17144712],0.4802352866962827,0.3087881674026359
88,[0.13525759],0.47418842519173293,0.3389308336275431
89,[0.39264229],0.47418842519173293,0.08154613401221061
90,[0.56434878],0.44123346781709927,0.12311531583955926
91,[0.12669494],0.4802352866962827,0.35354034746867813
92,[0.02339482],0.47418842519173293,0.4507936002716318
93,[0.37493205],0.4449098108618016,0.06997776066533812
94,[0.00431214],0.48266119451535416,0.4783490517242748
95,[0.46857287],0.4221995983362603,0.04637327011154213
96,[0.51160935],0.4247942297970875,0.08681511661305508
97,[0.31299022],0.46257254877904214,0.1495823298770796
98,[0.28555554],0.4798039819356634,0.19424844178797984
99,[0.81764905],0.42738886125791464,0.39026018756973035
