,0,1,2
0,[0.80109575],0.4530649966100997,0.3480307508350189
1,[0.49396515],0.42738886125791464,0.06657629224352235
2,[0.43755712],0.48266119451535416,0.04510406974295722
3,[0.85084978],0.4173282650112739,0.4335215168179745
4,[0.41564898],0.46857286844780244,0.05292389009433829
5,[0.21858872],0.493965153501437,0.27537642922911254
6,[0.736425],0.43755712477239694,0.29886787934122805
7,[0.7867495],0.42738886125791464,0.35936063410498154
8,[0.03980605],0.48266119451535416,0.442855145224045
9,[0.15181422],0.4449098108618016,0.293095587082596
10,[0.00243256],0.48266119451535416,0.4802286315009886
11,[0.79414262],0.4176950328416241,0.3764475876578751
12,[0.50033264],0.4449098108618016,0.05542283063486686
13,[0.50337596],0.42738886125791464,0.07598709711578921
14,[0.77418689],0.46857286844780244,0.3056140215675337
15,[0.38645996],0.46857286844780244,0.08211290766046264
16,[0.34563158],0.4798039819356634,0.13417240422113286
17,[0.83304345],0.42738886125791464,0.40565459062212483
18,[0.60158989],0.42738886125791464,0.17420102751095146
19,[0.14605722],0.48266119451535416,0.33660397746937043
20,[0.20198552],0.4798039819356634,0.2778184599137644
21,[0.6454925],0.41564897835346415,0.22984352158202892
22,[0.68339084],0.4176950328416241,0.2656958109331481
23,[0.6283826],0.4169614971809237,0.21142110639234435
24,[0.23529891],0.46857286844780244,0.23327396007480594
25,[0.00681699],0.48266119451535416,0.4758442004237393
26,[0.41390641],0.4814482406058184,0.06754183221034021
27,[0.23619009],0.48266119451535416,0.24647110121995364
28,[0.35929875],0.4802352866962827,0.12093653186757913
29,[0.61839505],0.4173282650112739,0.20106678568122044
30,[0.65044636],0.41667200559754414,0.23377435006633807
31,[0.59582574],0.4176950328416241,0.17813071033449768
32,[0.64067111],0.4169614971809237,0.2237096083751372
33,[0.98668705],0.43755712477239694,0.5491299245457205
34,[0.67030273],0.4324729930151558,0.2378297411713159
35,[0.55839378],0.4324729930151558,0.12592078951659286
36,[0.50742424],0.4324729930151558,0.07495124477557219
37,[0.1149165],0.456741339654802,0.3418248350741714
38,[0.22000256],0.4798039819356634,0.259801426926092
39,[0.65863823],0.4199473155889422,0.23869090981477808
40,[0.44490981],0.4199473155889422,0.024962495272859375
41,[0.34016336],0.4798039819356634,0.13964062199405203
42,[0.8697758],0.4169614971809237,0.4528143011680591
43,[0.48023529],0.41564897835346415,0.06458630834281853
44,[0.38645818],0.5003326414966685,0.11387446191603345
45,[0.1118596],0.46857286844780244,0.3567132678783318
46,[0.85598216],0.42738886125791464,0.42859329479645325
47,[0.0417615],0.48266119451535416,0.44089969380439376
48,[0.29525635],0.4802352866962827,0.18497893985631841
49,[0.58631287],0.4199473155889422,0.1663655532001918
50,[0.06770657],0.4814482406058184,0.4137416712379413
51,[0.91023408],0.4298783615543286,0.4803557225379617
52,[0.04029147],0.46857286844780244,0.4282813983314251
53,[0.41769503],0.46857286844780244,0.05087783560617831
54,[0.35371347],0.47418842519173293,0.12047495917332102
55,[0.04903673],0.4802352866962827,0.43119855353569025
56,[0.01104609],0.48001963431597305,0.4689735474094735
57,[0.24672435],0.48710022009885984,0.24037586818587847
58,[0.35314855],0.46857286844780244,0.11542431475452497
59,[0.4221996],0.4812325882255088,0.05903298988924849
60,[0.54568543],0.44123346781709927,0.10445196076749719
61,[0.76575793],0.4173282650112739,0.3484296601480226
62,[0.15170741],0.4798039819356634,0.32809657655461244
63,[0.38546099],0.4798039819356634,0.09434299280830805
64,[0.55167121],0.42738886125791464,0.1242823496397003
65,[0.58810551],0.4199473155889422,0.1681581901880856
66,[0.32302676],0.47418842519173293,0.15116166532961933
67,[0.84700528],0.4324729930151558,0.4145322879943038
68,[0.53702306],0.4298783615543286,0.10714469755316353
69,[0.42738886],0.4449098108618016,0.01752094960388695
70,[0.68333991],0.4247942297970875,0.25854568394973654
71,[0.27766147],0.493965153501437,0.2163036805794709
72,[0.47980398],0.4176950328416241,0.0621089490940393
73,[0.52603648],0.4176950328416241,0.10834145192834488
74,[0.4169615],0.4449098108618016,0.027948313680877912
75,[0.26499422],0.4623568963987325,0.19736267481310493
76,[0.32441176],0.4798039819356634,0.15539221713780704
77,[0.62256768],0.4221995983362603,0.20036808303302567
78,[0.90204399],0.42738886125791464,0.47465512727136805
79,[0.81890604],0.42738886125791464,0.3915171827560342
80,[0.48266119],0.43755712477239694,0.04510406974295722
81,[0.75586059],0.4221995983362603,0.33366098871159866
82,[0.39529033],0.4798039819356634,0.08451365249460607
83,[0.69203197],0.41564897835346415,0.27638298831774855
84,[0.56759632],0.4221995983362603,0.14539672498744882
85,[0.20767526],0.4802352866962827,0.2725600289539547
86,[0.58510613],0.4199473155889422,0.1651588098108842
87,[0.17144712],0.4802352866962827,0.3087881674026359
88,[0.13525759],0.47418842519173293,0.3389308336275431
89,[0.39264229],0.46857286844780244,0.07593057726828012
90,[0.56434878],0.4324729930151558,0.13187579064150273
91,[0.12669494],0.4802352866962827,0.35354034746867813
92,[0.02339482],0.4798039819356634,0.4564091570155623
93,[0.37493205],0.4449098108618016,0.06997776066533812
94,[0.00431214],0.4802352866962827,0.4759231439052033
95,[0.46857287],0.4221995983362603,0.04637327011154213
96,[0.51160935],0.4247942297970875,0.08681511661305508
97,[0.31299022],0.4802352866962827,0.16724506779432013
98,[0.28555554],0.47418842519173293,0.18863288504404935
99,[0.81764905],0.42738886125791464,0.39026018756973035
