,0,1,2
0,[0.80109575],0.42738886125791464,0.37370688618720393
1,[0.49396515],0.42738886125791464,0.06657629224352235
2,[0.43755712],0.48266119451535416,0.04510406974295722
3,[0.85084978],0.4221995983362603,0.4286501834929881
4,[0.41564898],0.4449098108618016,0.029260832508337442
5,[0.21858872],0.48266119451535416,0.2640724702430297
6,[0.736425],0.4449098108618016,0.2915151932518234
7,[0.7867495],0.4324729930151558,0.3542765023477404
8,[0.03980605],0.4814482406058184,0.44164219131450927
9,[0.15181422],0.4449098108618016,0.293095587082596
10,[0.00243256],0.48266119451535416,0.4802286315009886
11,[0.79414262],0.4169614971809237,0.37718112331857556
12,[0.50033264],0.4449098108618016,0.05542283063486686
13,[0.50337596],0.4221995983362603,0.08117636003744355
14,[0.77418689],0.4221995983362603,0.35198729167907583
15,[0.38645996],0.44123346781709927,0.05477350702975947
16,[0.34563158],0.47418842519173293,0.12855684747720236
17,[0.83304345],0.4247942297970875,0.408249222082952
18,[0.60158989],0.4176950328416241,0.18389485592724197
19,[0.14605722],0.4798039819356634,0.3337467648896797
20,[0.20198552],0.48266119451535416,0.28067567249345515
21,[0.6454925],0.41564897835346415,0.22984352158202892
22,[0.68339084],0.4176950328416241,0.2656958109331481
23,[0.6283826],0.4221995983362603,0.20618300523700772
24,[0.23529891],0.47418842519173293,0.23888951681873644
25,[0.00681699],0.47440407757204256,0.4675870834804277
26,[0.41390641],0.46857286844780244,0.05466646005232423
27,[0.23619009],0.4798039819356634,0.2436138886402629
28,[0.35929875],0.4798039819356634,0.12050522710695988
29,[0.61839505],0.4176950328416241,0.20070001785087022
30,[0.65044636],0.4173282650112739,0.2331180906526083
31,[0.59582574],0.4169614971809237,0.17886424599519812
32,[0.64067111],0.4147776933744712,0.2258934121815897
33,[0.98668705],0.42738886125791464,0.5592981880602028
34,[0.67030273],0.43755712477239694,0.23274560941407474
35,[0.55839378],0.4247942297970875,0.13359955273466118
36,[0.50742424],0.43755712477239694,0.06986711301833104
37,[0.1149165],0.456741339654802,0.3418248350741714
38,[0.22000256],0.46857286844780244,0.248570313438231
39,[0.65863823],0.4247942297970875,0.23384399560663283
40,[0.44490981],0.42738886125791464,0.01752094960388695
41,[0.34016336],0.4814482406058184,0.14128488066420702
42,[0.8697758],0.4221995983362603,0.44757620001272247
43,[0.48023529],0.4147776933744712,0.0654575933218115
44,[0.38645818],0.4814482406058184,0.09499006102518343
45,[0.1118596],0.4449098108618016,0.33305021029233095
46,[0.85598216],0.4324729930151558,0.4235091630392121
47,[0.0417615],0.48266119451535416,0.44089969380439376
48,[0.29525635],0.4802352866962827,0.18497893985631841
49,[0.58631287],0.43755712477239694,0.14875574401673708
50,[0.06770657],0.4802352866962827,0.41252871732840557
51,[0.91023408],0.4449098108618016,0.46532427323048875
52,[0.04029147],0.4449098108618016,0.40461834074542424
53,[0.41769503],0.4449098108618016,0.027214778020177466
54,[0.35371347],0.4449098108618016,0.09119634484338968
55,[0.04903673],0.4814482406058184,0.432411507445226
56,[0.01104609],0.46857286844780244,0.4575267815413029
57,[0.24672435],0.4798039819356634,0.23307963002268206
58,[0.35314855],0.4802352866962827,0.12708673300300521
59,[0.4221996],0.46857286844780244,0.04637327011154213
60,[0.54568543],0.4176950328416241,0.12799039574297233
61,[0.76575793],0.4221995983362603,0.3435583268230362
62,[0.15170741],0.46857286844780244,0.31686546306675145
63,[0.38546099],0.47418842519173293,0.08872743606437755
64,[0.55167121],0.42738886125791464,0.1242823496397003
65,[0.58810551],0.4176950328416241,0.17041047293540368
66,[0.32302676],0.4798039819356634,0.15677722207354983
67,[0.84700528],0.43755712477239694,0.40944815623706265
68,[0.53702306],0.4221995983362603,0.11482346077123184
69,[0.42738886],0.4449098108618016,0.01752094960388695
70,[0.68333991],0.42738886125791464,0.25595105248890937
71,[0.27766147],0.493965153501437,0.2163036805794709
72,[0.47980398],0.4176950328416241,0.0621089490940393
73,[0.52603648],0.4173282650112739,0.1087082197586951
74,[0.4169615],0.48001963431597305,0.06305813713504937
75,[0.26499422],0.48266119451535416,0.2176669729297266
76,[0.32441176],0.47418842519173293,0.14977666039387655
77,[0.62256768],0.42738886125791464,0.19517882011137133
78,[0.90204399],0.43755712477239694,0.46448686375688575
79,[0.81890604],0.4199473155889422,0.3989587284250066
80,[0.48266119],0.43755712477239694,0.04510406974295722
81,[0.75586059],0.4176950328416241,0.33816555420623484
82,[0.39529033],0.4798039819356634,0.08451365249460607
83,[0.69203197],0.4247942297970875,0.2672377368741252
84,[0.56759632],0.42738886125791464,0.14020746206579449
85,[0.20767526],0.4802352866962827,0.2725600289539547
86,[0.58510613],0.4176950328416241,0.1674110925582023
87,[0.17144712],0.47440407757204256,0.3029569582783958
88,[0.13525759],0.46857286844780244,0.3333152768836126
89,[0.39264229],0.46857286844780244,0.07593057726828012
90,[0.56434878],0.42738886125791464,0.13695992239874388
91,[0.12669494],0.4798039819356634,0.3531090427080589
92,[0.02339482],0.4798039819356634,0.4564091570155623
93,[0.37493205],0.4449098108618016,0.06997776066533812
94,[0.00431214],0.46857286844780244,0.46426072565672305
95,[0.46857287],0.4221995983362603,0.04637327011154213
96,[0.51160935],0.43755712477239694,0.07405222163774561
97,[0.31299022],0.48266119451535416,0.16967097561339162
98,[0.28555554],0.4449098108618016,0.159354270714118
99,[0.81764905],0.43755712477239694,0.38009192405524805
