,0,1,2
0,[0.338974],0.5040326864161854,[0.16505868]
1,[0.58234163],0.4699147958183211,[0.11242683]
2,[0.76465899],0.4699147958183211,[0.2947442]
3,[0.55089471],0.4699147958183211,[0.08097991]
4,[0.19805911],0.5040326864161854,[0.30597358]
5,[0.00137506],0.5040326864161854,[0.50265763]
6,[0.92224664],0.4699147958183211,[0.45233185]
7,[0.50403269],0.4711732840058713,[0.0328594]
8,[0.33931281],0.5040326864161854,[0.16471988]
9,[0.46040006],0.5035249008418581,[0.04312484]
10,[0.51273817],0.4724317721934215,[0.0403064]
11,[0.80227818],0.4699147958183211,[0.33236338]
12,[0.43929047],0.5040326864161854,[0.06474222]
13,[0.16834261],0.5040326864161854,[0.33569008]
14,[0.05829038],0.5040326864161854,[0.44574231]
15,[0.58795572],0.4699147958183211,[0.11804092]
16,[0.30013132],0.5040326864161854,[0.20390137]
17,[0.15023271],0.5040326864161854,[0.35379997]
18,[0.5302082],0.4699147958183211,[0.0602934]
19,[0.94295325],0.4699147958183211,[0.47303846]
20,[0.79682692],0.4699147958183211,[0.32691212]
21,[0.52573544],0.4699147958183211,[0.05582064]
22,[0.4699148],0.5035249008418581,[0.03361011]
23,[0.9389106],0.4699147958183211,[0.4689958]
24,[0.02793081],0.5035249008418581,[0.4755941]
25,[0.3195605],0.5040326864161854,[0.18447218]
26,[0.26651933],0.5040326864161854,[0.23751335]
27,[0.31890126],0.5040326864161854,[0.18513143]
28,[0.15970093],0.5040326864161854,[0.34433176]
29,[0.91013063],0.4699147958183211,[0.44021583]
30,[0.53608209],0.4699147958183211,[0.06616729]
31,[0.28157816],0.5040326864161854,[0.22245452]
32,[0.29086596],0.5040326864161854,[0.21316673]
33,[0.46144489],0.5035249008418581,[0.04208001]
34,[0.29307566],0.5040326864161854,[0.21095703]
35,[0.8521396],0.4699147958183211,[0.3822248]
36,[0.54160529],0.4699147958183211,[0.07169049]
37,[0.49200946],0.4869768194754571,[0.00503264]
38,[0.26896285],0.5040326864161854,[0.23506984]
39,[0.17776315],0.5040326864161854,[0.32626954]
40,[0.67945124],0.4699147958183211,[0.20953644]
41,[0.97730129],0.4699147958183211,[0.50738649]
42,[0.70028295],0.4699147958183211,[0.23036816]
43,[0.41736117],0.5035249008418581,[0.08616373]
44,[0.75330003],0.4699147958183211,[0.28338523]
45,[0.70451312],0.4699147958183211,[0.23459832]
46,[0.04097971],0.5040326864161854,[0.46305297]
47,[0.14483559],0.5040326864161854,[0.3591971]
48,[0.98330833],0.4699147958183211,[0.51339353]
49,[0.87601612],0.4699147958183211,[0.40610133]
50,[0.66188388],0.4699147958183211,[0.19196909]
51,[0.23269211],0.5040326864161854,[0.27134057]
52,[0.07125728],0.5040326864161854,[0.43277541]
53,[0.41819587],0.5040326864161854,[0.08583682]
54,[0.5035249],0.4724317721934215,[0.03109313]
55,[0.8136752],0.4699147958183211,[0.3437604]
56,[0.84788036],0.4699147958183211,[0.37796557]
57,[0.83173317],0.4699147958183211,[0.36181837]
58,[0.34133582],0.5040326864161854,[0.16269687]
59,[0.51986147],0.4699147958183211,[0.04994668]
60,[0.96775623],0.4699147958183211,[0.49784143]
61,[0.11602923],0.5040326864161854,[0.38800346]
62,[0.92599766],0.4699147958183211,[0.45608286]
63,[0.75617932],0.4699147958183211,[0.28626452]
64,[0.04162707],0.5127381696769298,[0.4711111]
65,[0.53780506],0.4699147958183211,[0.06789026]
66,[0.65363345],0.4699147958183211,[0.18371865]
67,[0.35164219],0.5040326864161854,[0.1523905]
68,[0.71098818],0.4699147958183211,[0.24107338]
69,[0.2007222],0.5040326864161854,[0.30331049]
70,[0.12576479],0.5040326864161854,[0.37826789]
71,[0.05721358],0.5040326864161854,[0.44681911]
72,[0.62831166],0.4699147958183211,[0.15839687]
73,[0.57260359],0.4699147958183211,[0.10268879]
74,[0.31263905],0.5040326864161854,[0.19139363]
75,[0.6810012],0.4699147958183211,[0.2110864]
76,[0.01102196],0.5040326864161854,[0.49301073]
77,[0.13658661],0.5040326864161854,[0.36744608]
78,[0.64275685],0.4699147958183211,[0.17284205]
79,[0.29342041],0.5040326864161854,[0.21061228]
80,[0.76747393],0.4699147958183211,[0.29755913]
81,[0.02784477],0.5040326864161854,[0.47618791]
82,[0.37220377],0.5040326864161854,[0.13182892]
83,[0.57582773],0.4699147958183211,[0.10591294]
84,[0.04539416],0.5040326864161854,[0.45863853]
85,[0.74607899],0.4699147958183211,[0.2761642]
86,[0.99363973],0.4699147958183211,[0.52372494]
87,[0.15922349],0.5040326864161854,[0.34480919]
88,[0.52020111],0.4699147958183211,[0.05028632]
89,[0.09891821],0.5040326864161854,[0.40511448]
90,[0.68897837],0.4699147958183211,[0.21906357]
91,[0.25977993],0.5040326864161854,[0.24425276]
92,[0.48697682],0.49200946338383944,[0.00503264]
93,[0.3395554],0.5040326864161854,[0.16447728]
94,[0.59458008],0.4699147958183211,[0.12466528]
95,[0.232661],0.5040326864161854,[0.27137169]
96,[0.87347496],0.4699147958183211,[0.40356017]
97,[0.47243177],0.5035249008418581,[0.03109313]
98,[0.83468865],0.4699147958183211,[0.36477385]
99,[0.19063784],0.5040326864161854,[0.31339485]
