,0,1
0,[0.19024157],0.451554494753849
1,[0.56728036],0.2875506824142584
2,[0.99426893],0.31508458716504106
3,[0.81561973],0.3140722149132753
4,[0.54385201],0.3140722149132753
5,[0.35376214],0.39056139787757993
6,[0.60769708],0.3140722149132753
7,[0.09097547],0.43200052003207434
8,[0.126402],0.43200052003207434
9,[0.02787555],0.41128095895482714
10,[0.29492608],0.4711084694756237
11,[0.20149218],0.43200052003207434
12,[0.48090927],0.2912383799405315
13,[0.93218911],0.3344233658656402
14,[0.88924032],0.29492607746680455
15,[0.83537056],0.31508458716504106
16,[0.05976154],0.4711084694756237
17,[0.28755068],0.4711084694756237
18,[0.9746441],0.31508458716504106
19,[0.82182551],0.29492607746680455
20,[0.31508459],0.39056139787757993
21,[0.05221545],0.4711084694756237
22,[0.35882262],0.35376214456623933
23,[0.09384877],0.4711084694756237
24,[0.31407221],0.39056139787757993
25,[0.84137584],0.3140722149132753
26,[0.08230399],0.43200052003207434
27,[0.47110847],0.29492607746680455
28,[0.84614609],0.3140722149132753
29,[0.9752726],0.29492607746680455
30,[0.3905614],0.35376214456623933
31,[0.96391151],0.2912383799405315
32,[0.66838829],0.29492607746680455
33,[0.20459947],0.43200052003207434
34,[0.62737225],0.31508458716504106
35,[0.25014958],0.43200052003207434
36,[0.10923041],0.4809092714415899
37,[0.24025057],0.41128095895482714
38,[0.10504561],0.39056139787757993
39,[0.78062199],0.29492607746680455
40,[0.02344361],0.39056139787757993
41,[0.01475301],0.43200052003207434
42,[0.50749466],0.29492607746680455
43,[0.95538653],0.3140722149132753
44,[0.1825324],0.4711084694756237
45,[0.79666001],0.3140722149132753
46,[0.27837119],0.43200052003207434
47,[0.22244723],0.39056139787757993
48,[0.12096026],0.39056139787757993
49,[0.43200052],0.3140722149132753
