,0,1,2
0,[0.05789316],0.459746011601713,0.40185285143346927
1,[0.66190931],0.3931638748030256,0.26874543488135516
2,[0.3535709],0.5336886360158034,0.18011773196178482
3,[0.14499677],0.459746011601713,0.3147492455495292
4,[0.26510278],0.459746011601713,0.19464323013340246
5,[0.09550054],0.43384336122901807,0.3383428201077376
6,[0.06689492],0.4586748715470297,0.3917799559494841
7,[0.07425232],0.4612084310609969,0.3869561061470696
8,[0.94212403],0.35992850112680996,0.5821955300542028
9,[0.74949889],0.3931638748030256,0.3563350200543781
10,[0.64170512],0.424436148781941,0.21726897118804844
11,[0.74200014],0.424436148781941,0.31756398826204235
12,[0.72197455],0.424436148781941,0.29753839796849
13,[0.16742728],0.43384336122901807,0.2664160826676349
14,[0.28256302],0.43384336122901807,0.15128034063772405
15,[0.65128117],0.35992850112680996,0.29135267137288323
16,[0.93768812],0.424436148781941,0.5132519720207948
17,[0.3559442],0.43384336122901807,0.0778991566239085
18,[0.50157129],0.35992850112680996,0.1416427856828124
19,[0.39759105],0.5336886360158034,0.13609758808286287
20,[0.55832648],0.35992850112680996,0.19839798030494638
21,[0.08293545],0.4586748715470297,0.3757394226479043
22,[0.50556677],0.34555554767162167,0.1600112191035682
23,[0.10768407],0.4586748715470297,0.35099080067695976
24,[0.19617099],0.4586748715470297,0.2625038860126053
25,[0.20339177],0.43384336122901807,0.23045158638933366
26,[0.66434371],0.34555554767162167,0.3187881626761012
27,[0.8512658],0.3931638748030256,0.4581019216086081
28,[0.68292884],0.3643659810170938,0.31856285508956156
29,[0.29818847],0.5336886360158034,0.2355001633936631
30,[0.58863052],0.3643659810170938,0.22426453731150792
31,[0.87603727],0.34555554767162167,0.5304817236122189
32,[0.89298408],0.35992850112680996,0.5330555825841985
33,[0.22353987],0.459746011601713,0.23620614039296428
34,[0.27178522],0.5336886360158034,0.26190341258072924
35,[0.61609602],0.424436148781941,0.19165987361872427
36,[0.38925485],0.4612084310609969,0.07195358035264648
37,[0.1246257],0.4612084310609969,0.33658272902577907
38,[0.34555555],0.459746011601713,0.11419046393009136
39,[0.92952696],0.424436148781941,0.5050908102546818
40,[0.30407855],0.4586748715470297,0.15459632557784675
41,[0.45128125],0.5068435351668029,0.0555622855358614
42,[0.45974601],0.34555554767162167,0.11419046393009136
43,[0.25591978],0.4586748715470297,0.2027550885055026
44,[0.37150201],0.4612084310609969,0.08970642559447745
45,[0.1958063],0.4612084310609969,0.26540213289600695
46,[0.08904197],0.459746011601713,0.37070403675872277
47,[0.32222375],0.43384336122901807,0.11161961582482877
48,[0.29564918],0.4586748715470297,0.16302568743961443
49,[0.89152328],0.424436148781941,0.46708713526219303
50,[0.64748681],0.3931638748030256,0.25432293606345413
51,[0.60421844],0.3643659810170938,0.23985246382221842
52,[0.49489897],0.3643659810170938,0.13053298401186436
53,[0.24691662],0.5336886360158034,0.2867720124595512
54,[0.79361971],0.35992850112680996,0.43369120508085723
55,[0.88170194],0.3643659810170938,0.5173359600447118
56,[0.96800416],0.34555554767162167,0.622448612414396
57,[0.31531984],0.4612084310609969,0.14588858640583652
58,[0.06524548],0.4586748715470297,0.39342939406478594
59,[0.04141801],0.5336886360158034,0.49227062330653104
60,[0.09047495],0.4612084310609969,0.37073348475176243
61,[0.02464682],0.43384336122901807,0.4091965392519907
62,[0.78119721],0.3931638748030256,0.3880333383130137
63,[0.70797587],0.3931638748030256,0.3148119973988066
64,[0.41577846],0.40282491638940265,0.012953539895034338
65,[0.27635991],0.459746011601713,0.1833861042154269
66,[0.9458758],0.3931638748030256,0.5527119249914548
67,[0.233823],0.43384336122901807,0.20002035848045246
68,[0.3970729],0.4572994069663217,0.0602265080686209
69,[0.28122899],0.5336886360158034,0.2524596436673373
70,[0.87210207],0.3643659810170938,0.5077360929679182
71,[0.36523505],0.4612084310609969,0.09597338348934753
72,[0.72220066],0.34555554767162167,0.37664511021550595
73,[0.11278969],0.459746011601713,0.3469563169121679
74,[0.13080496],0.459746011601713,0.3289410509530146
75,[0.52659178],0.34555554767162167,0.181036233233684
76,[0.20035427],0.43384336122901807,0.23348908910145177
77,[0.37278776],0.42542158481703385,0.052633827387955856
78,[0.91616519],0.424436148781941,0.49172903750103225
79,[0.52534396],0.3931638748030256,0.13218008842126738
80,[0.8178471],0.35992850112680996,0.45791859722439554
81,[0.74917798],0.3643659810170938,0.3848120038897747
82,[0.68766981],0.34555554767162167,0.34211426385740706
83,[0.83057043],0.3643659810170938,0.46620445024437923
84,[0.68071692],0.35992850112680996,0.32078841988506257
85,[0.98269324],0.34555554767162167,0.6371376937287454
86,[0.2421019],0.5336886360158034,0.29158673472784813
87,[0.88611431],0.3643659810170938,0.5217483283644038
88,[0.28544276],0.5336886360158034,0.24824587147867083
89,[0.11713671],0.459746011601713,0.3426093025622535
90,[0.57645587],0.3931638748030256,0.18329199833586818
91,[0.18673514],0.4586748715470297,0.2719397268005673
92,[0.77443912],0.34555554767162167,0.4288835675061652
93,[0.65247025],0.424436148781941,0.2280341042526216
94,[0.72950527],0.35992850112680996,0.3695767649102496
95,[0.00221126],0.4612084310609969,0.45899717167994164
