,0,1,2
0,[0.05789316],0.525343963224293,0.46745080305604925
1,[0.66190931],0.415778456284437,0.24613085339994378
2,[0.3535709],0.4512812496309415,0.09771034557692293
3,[0.14499677],0.49489896502895814,0.3499021989767743
4,[0.26510278],0.459746011601713,0.19464323013340246
5,[0.09550054],0.45551363061632727,0.3600130894950468
6,[0.06689492],0.459746011601713,0.39285109600416745
7,[0.07425232],0.49489896502895814,0.42064664011503083
8,[0.94212403],0.4512812496309415,0.4908427815500712
9,[0.74949889],0.415778456284437,0.33372043857296674
10,[0.64170512],0.415778456284437,0.22592666368555248
11,[0.74200014],0.3810213040687142,0.36097883297526917
12,[0.72197455],0.4512812496309415,0.27069329711948953
13,[0.16742728],0.49489896502895814,0.32747168646757496
14,[0.28256302],0.459746011601713,0.177182991010419
15,[0.65128117],0.39759104793294053,0.25369012456675266
16,[0.93768812],0.3970728988977008,0.540615221905035
17,[0.3559442],0.43352985295768925,0.0775856483525797
18,[0.50157129],0.3810213040687142,0.12054998274090817
19,[0.39759105],0.4512812496309415,0.05369020169800098
20,[0.55832648],0.415778456284437,0.14254802514731935
21,[0.08293545],0.5015712868096224,0.41863583791049697
22,[0.50556677],0.37150200546651946,0.1340647613086704
23,[0.10768407],0.5265917809053057,0.41890771003523575
24,[0.4865392],0.49489896502895814,0.008359760870528699
25,[0.19617099],0.459746011601713,0.26357502606728866
26,[0.20339177],0.48653920415842944,0.28314742931874504
27,[0.66434371],0.37150200546651946,0.2928417048812034
28,[0.8512658],0.415778456284437,0.4354873401271967
29,[0.68292884],0.372787757429078,0.31014107867757734
30,[0.29818847],0.5015712868096224,0.20338281418748205
31,[0.58863052],0.3652350475716494,0.22339547075695232
32,[0.87603727],0.459746011601713,0.41629125968212755
33,[0.3033046],0.43352985295768925,0.1302252508141663
34,[0.58172424],0.4064256775910689,0.17529856512864
35,[0.89298408],0.415778456284437,0.47720562742657147
36,[0.22353987],0.459746011601713,0.23620614039296428
37,[0.27178522],0.4512812496309415,0.17949602619586735
38,[0.61609602],0.39759104793294053,0.21850497446772477
39,[0.38925485],0.45551363061632727,0.06625877990797685
40,[0.1246257],0.525343963224293,0.40071826118907516
41,[0.34555555],0.459746011601713,0.11419046393009136
42,[0.98981341],0.3970728988977008,0.5927405153359944
43,[0.92952696],0.3892548507083504,0.5402721083282724
44,[0.30407855],0.4512812496309415,0.14720270366175858
45,[0.45128125],0.415778456284437,0.035502793346504524
46,[0.45974601],0.42417707426432116,0.03556893733739186
47,[0.25591978],0.5583264814317563,0.30240669839022927
48,[0.37150201],0.4512812496309415,0.07977924416442206
49,[0.1958063],0.4512812496309415,0.25547495146595156
50,[0.08904197],0.415778456284437,0.32673648144144674
51,[0.32222375],0.49489896502895814,0.17267521962476884
52,[0.29564918],0.459746011601713,0.16409682749429777
53,[0.89152328],0.415778456284437,0.47574482775969706
54,[0.64748681],0.3892548507083504,0.2582319601581293
55,[0.60421844],0.3892548507083504,0.21496359413096178
56,[0.49489897],0.372787757429078,0.12211120759988014
57,[0.24691662],0.48653920415842944,0.23962258060217723
58,[0.79361971],0.459746011601713,0.3338736946059542
59,[0.88170194],0.3637231050358145,0.5179788360259912
60,[0.96800416],0.4940552454840259,0.47394891460199173
61,[0.31531984],0.4512812496309415,0.13596140497578113
62,[0.06524548],0.45551363061632727,0.39026815313408353
63,[0.04141801],0.4512812496309415,0.40986323692166915
64,[0.09047495],0.45551363061632727,0.3650386843070928
65,[0.02464682],0.49489896502895814,0.47025214305193075
66,[0.78119721],0.415778456284437,0.3654187568316023
67,[0.70797587],0.43352985295768925,0.27444601924414297
68,[0.41577846],0.5265917809053057,0.11081332462086868
69,[0.27635991],0.459746011601713,0.1833861042154269
70,[0.9458758],0.40668475210868876,0.5391910476857917
71,[0.233823],0.47314260788007123,0.23931960513150563
72,[0.3970729],0.459746011601713,0.06267311270401221
73,[0.28122899],0.47314260788007123,0.19191361553160513
74,[0.87210207],0.372787757429078,0.49931431655593406
75,[0.36523505],0.49489896502895814,0.12966391745730876
76,[0.72220066],0.372787757429078,0.3494129004580496
77,[0.11278969],0.5015712868096224,0.38878159212007724
78,[0.13080496],0.459746011601713,0.3289410509530146
79,[0.52659178],0.4512812496309415,0.07531053127436416
80,[0.20035427],0.3970728988977008,0.19671862677013452
81,[0.37278776],0.43352985295768925,0.06074209552861126
82,[0.91616519],0.47314260788007123,0.44302257840290205
83,[0.52534396],0.415778456284437,0.109565506939856
84,[0.8178471],0.415778456284437,0.4020686420667685
85,[0.74917798],0.3652350475716494,0.3839429373352191
86,[0.68766981],0.39759104793294053,0.2900787635960882
87,[0.83057043],0.459746011601713,0.37082441965976
88,[0.68071692],0.39759104793294053,0.283125873078932
89,[0.98269324],0.459746011601713,0.522947229798654
90,[0.2421019],0.48653920415842944,0.24443730287047416
91,[0.88611431],0.3970728988977008,0.4890414104837968
92,[0.28544276],0.5015712868096224,0.2161285222724898
93,[0.11713671],0.4512812496309415,0.334144540591482
94,[0.57645587],0.39759104793294053,0.17886482520595326
95,[0.18673514],0.39759104793294053,0.21085590318647818
96,[0.77443912],0.37150200546651946,0.4029371097112674
97,[0.65247025],0.39759104793294053,0.2548792051016221
98,[0.72950527],0.47314260788007123,0.25636265815698833
99,[0.00221126],0.4940552454840259,0.49184398610297064
