,0,1,2
0,[0.05789316],0.525343963224293,0.46745080305604925
1,[0.66190931],0.415778456284437,0.24613085339994378
2,[0.3535709],0.43352985295768925,0.07995894890367067
3,[0.14499677],0.49489896502895814,0.3499021989767743
4,[0.26510278],0.4907190845936938,0.22561630312538322
5,[0.09550054],0.45551363061632727,0.3600130894950468
6,[0.06689492],0.459746011601713,0.39285109600416745
7,[0.07425232],0.49489896502895814,0.42064664011503083
8,[0.94212403],0.4512812496309415,0.4908427815500712
9,[0.74949889],0.40668475210868876,0.34281414274871497
10,[0.64170512],0.40668475210868876,0.2350203678613007
11,[0.74200014],0.3970728988977008,0.34492723814628257
12,[0.72197455],0.415778456284437,0.30619609046599405
13,[0.16742728],0.49489896502895814,0.32747168646757496
14,[0.28256302],0.47314260788007123,0.19057958728877722
15,[0.65128117],0.372787757429078,0.2784934150706152
16,[0.93768812],0.3970728988977008,0.540615221905035
17,[0.3559442],0.459746011601713,0.10380180699660346
18,[0.50157129],0.3892548507083504,0.11231643610127195
19,[0.39759105],0.49489896502895814,0.0973079170960176
20,[0.55832648],0.415778456284437,0.14254802514731935
21,[0.08293545],0.5015712868096224,0.41863583791049697
22,[0.50556677],0.372787757429078,0.13277900934611186
23,[0.10768407],0.525343963224293,0.4176598923542231
24,[0.4865392],0.459746011601713,0.026793192556716416
25,[0.19617099],0.459746011601713,0.26357502606728866
26,[0.20339177],0.48653920415842944,0.28314742931874504
27,[0.66434371],0.3721448814477987,0.29219882889992416
28,[0.8512658],0.415778456284437,0.4354873401271967
29,[0.68292884],0.372787757429078,0.31014107867757734
30,[0.29818847],0.5015712868096224,0.20338281418748205
31,[0.58863052],0.37150200546651946,0.21712851286208223
32,[0.87603727],0.47314260788007123,0.40289466340376934
33,[0.3033046],0.43352985295768925,0.1302252508141663
34,[0.58172424],0.3970728988977008,0.1846513438220081
35,[0.89298408],0.415778456284437,0.47720562742657147
36,[0.22353987],0.45551363061632727,0.23197375940757853
37,[0.27178522],0.49489896502895814,0.22311374159388397
38,[0.61609602],0.39759104793294053,0.21850497446772477
39,[0.38925485],0.459746011601713,0.0704911608933626
40,[0.1246257],0.525343963224293,0.40071826118907516
41,[0.34555555],0.459746011601713,0.11419046393009136
42,[0.98981341],0.3970728988977008,0.5927405153359944
43,[0.92952696],0.3970728988977008,0.532454060138922
44,[0.30407855],0.4512812496309415,0.14720270366175858
45,[0.45128125],0.40668475210868876,0.044596497522252754
46,[0.45974601],0.4512812496309415,0.008464761970771506
47,[0.25591978],0.5265917809053057,0.2706719978637786
48,[0.37150201],0.47642626822028195,0.10492426275376249
49,[0.1958063],0.45551363061632727,0.2597073324513373
50,[0.08904197],0.415778456284437,0.32673648144144674
51,[0.32222375],0.49489896502895814,0.17267521962476884
52,[0.29564918],0.459746011601713,0.16409682749429777
53,[0.89152328],0.415778456284437,0.47574482775969706
54,[0.64748681],0.3892548507083504,0.2582319601581293
55,[0.60421844],0.3892548507083504,0.21496359413096178
56,[0.49489897],0.372787757429078,0.12211120759988014
57,[0.24691662],0.48653920415842944,0.23962258060217723
58,[0.79361971],0.459746011601713,0.3338736946059542
59,[0.88170194],0.3683685265190844,0.5133334145427213
60,[0.96800416],0.48653920415842944,0.4814649559275882
61,[0.31531984],0.4512812496309415,0.13596140497578113
62,[0.06524548],0.459746011601713,0.3945005341194693
63,[0.04141801],0.4512812496309415,0.40986323692166915
64,[0.09047495],0.4512812496309415,0.36080630332170704
65,[0.02464682],0.49489896502895814,0.47025214305193075
66,[0.78119721],0.415778456284437,0.3654187568316023
67,[0.70797587],0.415778456284437,0.29219741591739523
68,[0.41577846],0.525343963224293,0.109565506939856
69,[0.27635991],0.459746011601713,0.1833861042154269
70,[0.9458758],0.39759104793294053,0.5482847518615399
71,[0.233823],0.47314260788007123,0.23931960513150563
72,[0.3970729],0.459746011601713,0.06267311270401221
73,[0.28122899],0.48653920415842944,0.20531021180996334
74,[0.87210207],0.3892548507083504,0.48284722327666163
75,[0.36523505],0.49823512591929026,0.13300007834764088
76,[0.72220066],0.372787757429078,0.3494129004580496
77,[0.11278969],0.5015712868096224,0.38878159212007724
78,[0.13080496],0.459746011601713,0.3289410509530146
79,[0.52659178],0.4512812496309415,0.07531053127436416
80,[0.20035427],0.3970728988977008,0.19671862677013452
81,[0.37278776],0.459746011601713,0.08695825417263503
82,[0.91616519],0.415778456284437,0.5003867299985363
83,[0.52534396],0.415778456284437,0.109565506939856
84,[0.8178471],0.415778456284437,0.4020686420667685
85,[0.74917798],0.372787757429078,0.3763902274777905
86,[0.68766981],0.40668475210868876,0.28098505942033997
87,[0.83057043],0.459746011601713,0.37082441965976
88,[0.68071692],0.39759104793294053,0.283125873078932
89,[0.98269324],0.459746011601713,0.522947229798654
90,[0.2421019],0.48653920415842944,0.24443730287047416
91,[0.88611431],0.3970728988977008,0.4890414104837968
92,[0.28544276],0.48653920415842944,0.20109643962129686
93,[0.11713671],0.4512812496309415,0.334144540591482
94,[0.57645587],0.39759104793294053,0.17886482520595326
95,[0.18673514],0.43352985295768925,0.2467947082112269
96,[0.77443912],0.372787757429078,0.40165135774870886
97,[0.65247025],0.415778456284437,0.23669179675012564
98,[0.72950527],0.459746011601713,0.26975925443534654
99,[0.00221126],0.5015712868096224,0.4993600274285671
