,0,1,2
0,[0.05789316],0.48653920415842944,0.4286460439901857
1,[0.66190931],0.4512812496309415,0.21062806005343926
2,[0.3535709],0.459746011601713,0.10617510754769444
3,[0.14499677],0.5035690267924061,0.3585722607402223
4,[0.26510278],0.459746011601713,0.19464323013340246
5,[0.09550054],0.4512812496309415,0.35578070850966104
6,[0.06689492],0.459746011601713,0.39285109600416745
7,[0.07425232],0.48653920415842944,0.41228687924450214
8,[0.94212403],0.415778456284437,0.5263455748965757
9,[0.74949889],0.40668475210868876,0.34281414274871497
10,[0.64170512],0.3970728988977008,0.24463222107228866
11,[0.74200014],0.3970728988977008,0.34492723814628257
12,[0.72197455],0.43352985295768925,0.2884446937927418
13,[0.16742728],0.49489896502895814,0.32747168646757496
14,[0.28256302],0.4907190845936938,0.20815606400239978
15,[0.65128117],0.372787757429078,0.2784934150706152
16,[0.93768812],0.3970728988977008,0.540615221905035
17,[0.3559442],0.4907190845936938,0.13477487998858423
18,[0.50157129],0.39733197341532067,0.1042393133943017
19,[0.39759105],0.49489896502895814,0.0973079170960176
20,[0.55832648],0.4512812496309415,0.10704523180081482
21,[0.08293545],0.5055667667751899,0.42263131787606445
22,[0.50556677],0.3892548507083504,0.11631191606683944
23,[0.10768407],0.49823512591929026,0.39055105504922033
24,[0.4865392],0.459746011601713,0.026793192556716416
25,[0.19617099],0.4512812496309415,0.25511026409651716
26,[0.20339177],0.48653920415842944,0.28314742931874504
27,[0.66434371],0.372787757429078,0.2915559529186449
28,[0.8512658],0.415778456284437,0.4354873401271967
29,[0.68292884],0.372787757429078,0.31014107867757734
30,[0.29818847],0.4907190845936938,0.19253061197155347
31,[0.58863052],0.372787757429078,0.2158427608995237
32,[0.87603727],0.43352985295768925,0.4425074183261513
33,[0.3033046],0.459746011601713,0.15644140945819007
34,[0.58172424],0.415778456284437,0.1659457864352719
35,[0.89298408],0.415778456284437,0.47720562742657147
36,[0.22353987],0.49489896502895814,0.2713590938202094
37,[0.27178522],0.45551363061632727,0.1837284071812531
38,[0.61609602],0.39759104793294053,0.21850497446772477
39,[0.38925485],0.48653920415842944,0.09728435345007902
40,[0.1246257],0.525343963224293,0.40071826118907516
41,[0.34555555],0.459746011601713,0.11419046393009136
42,[0.98981341],0.3970728988977008,0.5927405153359944
43,[0.92952696],0.3810213040687142,0.5485056549679086
44,[0.30407855],0.4512812496309415,0.14720270366175858
45,[0.45128125],0.39759104793294053,0.05369020169800098
46,[0.45974601],0.3970728988977008,0.06267311270401221
47,[0.25591978],0.525343963224293,0.2694241801827659
48,[0.37150201],0.459746011601713,0.08824400613519356
49,[0.1958063],0.4512812496309415,0.25547495146595156
50,[0.08904197],0.459746011601713,0.37070403675872277
51,[0.32222375],0.48653920415842944,0.16431545875424014
52,[0.29564918],0.48653920415842944,0.1908900200510142
53,[0.89152328],0.415778456284437,0.47574482775969706
54,[0.64748681],0.3931638748030256,0.25432293606345413
55,[0.60421844],0.3970728988977008,0.2071455459416114
56,[0.49489897],0.3892548507083504,0.10564411432060772
57,[0.24691662],0.48653920415842944,0.23962258060217723
58,[0.79361971],0.459746011601713,0.3338736946059542
59,[0.88170194],0.372787757429078,0.5089141836327277
60,[0.96800416],0.459746011601713,0.5082581484843046
61,[0.31531984],0.4512812496309415,0.13596140497578113
62,[0.06524548],0.49489896502895814,0.4296534875467144
63,[0.04141801],0.4512812496309415,0.40986323692166915
64,[0.09047495],0.4512812496309415,0.36080630332170704
65,[0.02464682],0.459746011601713,0.43509918962468563
66,[0.78119721],0.40668475210868876,0.37451246100735053
67,[0.70797587],0.415778456284437,0.29219741591739523
68,[0.41577846],0.5055667667751899,0.08978831049075287
69,[0.27635991],0.459746011601713,0.1833861042154269
70,[0.9458758],0.3970728988977008,0.5488029008967796
71,[0.233823],0.459746011601713,0.22592300885314742
72,[0.3970729],0.4512812496309415,0.05420835073324071
73,[0.28122899],0.459746011601713,0.17851701925324692
74,[0.87210207],0.372787757429078,0.49931431655593406
75,[0.36523505],0.48653920415842944,0.12130415658678007
76,[0.72220066],0.3892548507083504,0.3329458071787772
77,[0.11278969],0.5015712868096224,0.38878159212007724
78,[0.13080496],0.459746011601713,0.3289410509530146
79,[0.52659178],0.415778456284437,0.11081332462086868
80,[0.20035427],0.415778456284437,0.2154241841568707
81,[0.37278776],0.4512812496309415,0.07849349220186352
82,[0.91616519],0.415778456284437,0.5003867299985363
83,[0.52534396],0.3970728988977008,0.1282710643265922
84,[0.8178471],0.415778456284437,0.4020686420667685
85,[0.74917798],0.3892548507083504,0.35992313419851807
86,[0.68766981],0.39759104793294053,0.2900787635960882
87,[0.83057043],0.459746011601713,0.37082441965976
88,[0.68071692],0.40668475210868876,0.27403216890318377
89,[0.98269324],0.459746011601713,0.522947229798654
90,[0.2421019],0.459746011601713,0.21764411031375774
91,[0.88611431],0.3810213040687142,0.5050930053127833
92,[0.28544276],0.49489896502895814,0.20945620049182556
93,[0.11713671],0.47314260788007123,0.35600589884061173
94,[0.57645587],0.39759104793294053,0.17886482520595326
95,[0.18673514],0.415778456284437,0.22904331153797464
96,[0.77443912],0.3892548507083504,0.38518426446943643
97,[0.65247025],0.39759104793294053,0.2548792051016221
98,[0.72950527],0.459746011601713,0.26975925443534654
99,[0.00221126],0.5015712868096224,0.4993600274285671
