,0,1,2
0,[0.05789316],0.5154553649997414,0.4575622048314977
1,[0.66190931],0.3892548507083504,0.27265445897603036
2,[0.3535709],0.424436148781941,0.07086524472792244
3,[0.14499677],0.5055667667751899,0.36057000072300605
4,[0.26510278],0.4245004311550317,0.15939764968672115
5,[0.09550054],0.372787757429078,0.2772872163077975
6,[0.06689492],0.40668475210868876,0.3397898365111432
7,[0.07425232],0.525343963224293,0.4510916383103657
8,[0.94212403],0.415778456284437,0.5263455748965757
9,[0.74949889],0.3892548507083504,0.3602440441490533
10,[0.64170512],0.424436148781941,0.21726897118804844
11,[0.74200014],0.39759104793294053,0.34440908911104284
12,[0.72197455],0.38454652669973,0.33742802005070105
13,[0.16742728],0.372787757429078,0.20536047886769482
14,[0.28256302],0.372787757429078,0.09022473683778398
15,[0.65128117],0.415778456284437,0.2355027162152562
16,[0.93768812],0.4512812496309415,0.48640687117179426
17,[0.3559442],0.372787757429078,0.016843552823968433
18,[0.50157129],0.3643659810170938,0.1372053057925286
19,[0.39759105],0.5015712868096224,0.10398023887668184
20,[0.55832648],0.3942831068567575,0.16404337457499885
21,[0.08293545],0.542459131168531,0.45952368226940554
22,[0.50556677],0.4773224883153356,0.028244278459854277
23,[0.10768407],0.542459131168531,0.434775060298461
24,[0.4865392],0.48705246885809667,0.0005132646996672263
25,[0.19617099],0.47314260788007123,0.2769716223456469
26,[0.20339177],0.47314260788007123,0.26975083304038683
27,[0.66434371],0.35594420460510956,0.3083995057426133
28,[0.8512658],0.4586748715470297,0.392590924864604
29,[0.68292884],0.35594420460510956,0.3269846315015458
30,[0.29818847],0.39759104793294053,0.09940257531080021
31,[0.58863052],0.372787757429078,0.2158427608995237
32,[0.87603727],0.459746011601713,0.41629125968212755
33,[0.3033046],0.5259678720647993,0.22266326992127639
34,[0.58172424],0.3652350475716494,0.21648919514805953
35,[0.89298408],0.3377902757178512,0.5551938079931573
36,[0.22353987],0.459746011601713,0.23620614039296428
37,[0.27178522],0.4512812496309415,0.17949602619586735
38,[0.61609602],0.38454652669973,0.2315494957009353
39,[0.38925485],0.459746011601713,0.0704911608933626
40,[0.1246257],0.459746011601713,0.3351203095664952
41,[0.34555555],0.459746011601713,0.11419046393009136
42,[0.98981341],0.5055667667751899,0.4842466474585053
43,[0.92952696],0.38454652669973,0.5449804323368929
44,[0.30407855],0.372787757429078,0.06870921145989506
45,[0.45128125],0.38454652669973,0.06673472293121152
46,[0.45974601],0.3547575543295641,0.10498845727214895
47,[0.25591978],0.542459131168531,0.2865393481270039
48,[0.37150201],0.4512812496309415,0.07977924416442206
49,[0.1958063],0.459746011601713,0.26393971343672307
50,[0.08904197],0.4806586492056677,0.39161667436267744
51,[0.32222375],0.542459131168531,0.22023538576434165
52,[0.29564918],0.415778456284437,0.12012927217702174
53,[0.89152328],0.3892548507083504,0.5022684333357836
54,[0.64748681],0.459746011601713,0.18774079926476672
55,[0.60421844],0.3810213040687142,0.223197140770598
56,[0.49489897],0.3652350475716494,0.12966391745730876
57,[0.24691662],0.573478499880179,0.32656187632392675
58,[0.79361971],0.5035690267924061,0.2900506794152611
59,[0.88170194],0.3643659810170938,0.5173359600447118
60,[0.96800416],0.5055667667751899,0.4624373933108278
61,[0.31531984],0.48653920415842944,0.17121935950326905
62,[0.06524548],0.372787757429078,0.30754227994683425
63,[0.04141801],0.39759104793294053,0.35617303522366817
64,[0.09047495],0.459746011601713,0.36927106529247855
65,[0.02464682],0.4512812496309415,0.42663442765391413
66,[0.78119721],0.3892548507083504,0.39194236240768887
67,[0.70797587],0.3892548507083504,0.3187210214934818
68,[0.41577846],0.542459131168531,0.12668067488409396
69,[0.27635991],0.39759104793294053,0.1212311405466544
70,[0.9458758],0.3931638748030256,0.5527119249914548
71,[0.233823],0.49489896502895814,0.26107596228039254
72,[0.3970729],0.442065126045685,0.044992227147984176
73,[0.28122899],0.4512812496309415,0.17005225728247542
74,[0.87210207],0.3652350475716494,0.5068670264133627
75,[0.36523505],0.49489896502895814,0.12966391745730876
76,[0.72220066],0.35594420460510956,0.36625645328201806
77,[0.11278969],0.525343963224293,0.41255426853474786
78,[0.13080496],0.4806586492056677,0.3498536885569693
79,[0.52659178],0.459746011601713,0.06684576930359265
80,[0.20035427],0.372787757429078,0.1724334853015117
81,[0.37278776],0.3652350475716494,0.007552709857428619
82,[0.91616519],0.4512812496309415,0.46488393665203176
83,[0.52534396],0.459746011601713,0.06559795162257998
84,[0.8178471],0.415778456284437,0.4020686420667685
85,[0.74917798],0.3652350475716494,0.3839429373352191
86,[0.68766981],0.459746011601713,0.2279237999273157
87,[0.83057043],0.500232865902074,0.33033756535939895
88,[0.68071692],0.3377902757178512,0.34292664529402134
89,[0.98269324],0.459746011601713,0.522947229798654
90,[0.2421019],0.4512812496309415,0.20917934834298624
91,[0.88611431],0.372787757429078,0.5133265519524196
92,[0.28544276],0.4512812496309415,0.16583848509380894
93,[0.11713671],0.459746011601713,0.3426093025622535
94,[0.57645587],0.3970728988977008,0.17938297424119298
95,[0.18673514],0.4512812496309415,0.26454610488447916
96,[0.77443912],0.35594420460510956,0.4184949105726773
97,[0.65247025],0.38454652669973,0.26792372633483263
98,[0.72950527],0.5035690267924061,0.22593623924465345
99,[0.00221126],0.4418060515280651,0.43959479214700986
