,0,1,2
0,[0.05789316],0.49489896502895814,0.4370058048607144
1,[0.66190931],0.39759104793294053,0.26431826175144024
2,[0.3535709],0.459746011601713,0.10617510754769444
3,[0.14499677],0.49489896502895814,0.3499021989767743
4,[0.26510278],0.459746011601713,0.19464323013340246
5,[0.09550054],0.48653920415842944,0.39103866303714896
6,[0.06689492],0.459746011601713,0.39285109600416745
7,[0.07425232],0.459746011601713,0.3854936866877857
8,[0.94212403],0.39759104793294053,0.5445329832480722
9,[0.74949889],0.415778456284437,0.33372043857296674
10,[0.64170512],0.39759104793294053,0.24411407203704893
11,[0.74200014],0.39759104793294053,0.34440908911104284
12,[0.72197455],0.4512812496309415,0.27069329711948953
13,[0.16742728],0.49489896502895814,0.32747168646757496
14,[0.28256302],0.49489896502895814,0.21233594443766413
15,[0.65128117],0.415778456284437,0.2355027162152562
16,[0.93768812],0.39759104793294053,0.5400970728697952
17,[0.3559442],0.459746011601713,0.10380180699660346
18,[0.50157129],0.415778456284437,0.08579283052518538
19,[0.39759105],0.48653920415842944,0.0889481562254889
20,[0.55832648],0.415778456284437,0.14254802514731935
21,[0.08293545],0.5055667667751899,0.42263131787606445
22,[0.50556677],0.3892548507083504,0.11631191606683944
23,[0.10768407],0.49489896502895814,0.3872148941588882
24,[0.4865392],0.49489896502895814,0.008359760870528699
25,[0.19617099],0.459746011601713,0.26357502606728866
26,[0.20339177],0.459746011601713,0.2563542367620286
27,[0.66434371],0.3892548507083504,0.27508885963937246
28,[0.8512658],0.39759104793294053,0.45367474847869316
29,[0.68292884],0.372787757429078,0.31014107867757734
30,[0.29818847],0.459746011601713,0.1615575389795727
31,[0.58863052],0.372787757429078,0.2158427608995237
32,[0.87603727],0.39759104793294053,0.47844622335090004
33,[0.3033046],0.4512812496309415,0.14797664748741857
34,[0.58172424],0.415778456284437,0.1659457864352719
35,[0.89298408],0.415778456284437,0.47720562742657147
36,[0.22353987],0.49489896502895814,0.2713590938202094
37,[0.27178522],0.4512812496309415,0.17949602619586735
38,[0.61609602],0.3970728988977008,0.2190231235029645
39,[0.38925485],0.48653920415842944,0.09728435345007902
40,[0.1246257],0.525343963224293,0.40071826118907516
41,[0.34555555],0.48653920415842944,0.14098365648680777
42,[0.98981341],0.415778456284437,0.5740349579492582
43,[0.92952696],0.3931638748030256,0.5363630842335972
44,[0.30407855],0.4512812496309415,0.14720270366175858
45,[0.45128125],0.39759104793294053,0.05369020169800098
46,[0.45974601],0.39759104793294053,0.06215496366877249
47,[0.25591978],0.4907190845936938,0.23479930155216672
48,[0.37150201],0.459746011601713,0.08824400613519356
49,[0.1958063],0.4512812496309415,0.25547495146595156
50,[0.08904197],0.48653920415842944,0.3974972293154392
51,[0.32222375],0.48653920415842944,0.16431545875424014
52,[0.29564918],0.48653920415842944,0.1908900200510142
53,[0.89152328],0.415778456284437,0.47574482775969706
54,[0.64748681],0.3970728988977008,0.25041391196877893
55,[0.60421844],0.3892548507083504,0.21496359413096178
56,[0.49489897],0.39759104793294053,0.0973079170960176
57,[0.24691662],0.48653920415842944,0.23962258060217723
58,[0.79361971],0.459746011601713,0.3338736946059542
59,[0.88170194],0.372787757429078,0.5089141836327277
60,[0.96800416],0.47314260788007123,0.4948615522059464
61,[0.31531984],0.4512812496309415,0.13596140497578113
62,[0.06524548],0.48653920415842944,0.4212937266761857
63,[0.04141801],0.4512812496309415,0.40986323692166915
64,[0.09047495],0.4512812496309415,0.36080630332170704
65,[0.02464682],0.459746011601713,0.43509918962468563
66,[0.78119721],0.415778456284437,0.3654187568316023
67,[0.70797587],0.415778456284437,0.29219741591739523
68,[0.41577846],0.49823512591929026,0.08245666963485326
69,[0.27635991],0.459746011601713,0.1833861042154269
70,[0.9458758],0.3970728988977008,0.5488029008967796
71,[0.233823],0.4512812496309415,0.21745824688237592
72,[0.3970729],0.4512812496309415,0.05420835073324071
73,[0.28122899],0.4512812496309415,0.17005225728247542
74,[0.87210207],0.372787757429078,0.49931431655593406
75,[0.36523505],0.45551363061632727,0.0902785830446779
76,[0.72220066],0.3892548507083504,0.3329458071787772
77,[0.11278969],0.5015712868096224,0.38878159212007724
78,[0.13080496],0.49489896502895814,0.36409400438025974
79,[0.52659178],0.3970728988977008,0.12951888200760486
80,[0.20035427],0.415778456284437,0.2154241841568707
81,[0.37278776],0.459746011601713,0.08695825417263503
82,[0.91616519],0.415778456284437,0.5003867299985363
83,[0.52534396],0.39759104793294053,0.12775291529135246
84,[0.8178471],0.415778456284437,0.4020686420667685
85,[0.74917798],0.3892548507083504,0.35992313419851807
86,[0.68766981],0.39759104793294053,0.2900787635960882
87,[0.83057043],0.459746011601713,0.37082441965976
88,[0.68071692],0.39759104793294053,0.283125873078932
89,[0.98269324],0.48653920415842944,0.49615403724193763
90,[0.2421019],0.4512812496309415,0.20917934834298624
91,[0.88611431],0.3892548507083504,0.4968594586731472
92,[0.28544276],0.49489896502895814,0.20945620049182556
93,[0.11713671],0.459746011601713,0.3426093025622535
94,[0.57645587],0.415778456284437,0.1606774168544568
95,[0.18673514],0.4512812496309415,0.26454610488447916
96,[0.77443912],0.39759104793294053,0.3768480672448463
97,[0.65247025],0.39759104793294053,0.2548792051016221
98,[0.72950527],0.415778456284437,0.31372680975262257
99,[0.00221126],0.49489896502895814,0.4926877056479029
