,0,1,2
0,[0.05789316],0.525343963224293,0.46745080305604925
1,[0.66190931],0.3970728988977008,0.26483641078667997
2,[0.3535709],0.39759104793294053,0.04402014387892195
3,[0.14499677],0.5259678720647993,0.3809711060126155
4,[0.26510278],0.459746011601713,0.19464323013340246
5,[0.09550054],0.459746011601713,0.36424547048043254
6,[0.06689492],0.39733197341532067,0.3304370578177751
7,[0.07425232],0.525343963224293,0.4510916383103657
8,[0.94212403],0.4689102268946855,0.47321380428632726
9,[0.74949889],0.3970728988977008,0.3524259959597029
10,[0.64170512],0.4512812496309415,0.19042387033904795
11,[0.74200014],0.424436148781941,0.31756398826204235
12,[0.72197455],0.39759104793294053,0.3243834988174905
13,[0.16742728],0.459746011601713,0.29231873304032985
14,[0.28256302],0.372787757429078,0.09022473683778398
15,[0.65128117],0.4689102268946855,0.18237094560500772
16,[0.93768812],0.4512812496309415,0.48640687117179426
17,[0.3559442],0.459746011601713,0.10380180699660346
18,[0.50157129],0.36058962608837947,0.1409816607212429
19,[0.39759105],0.47642626822028195,0.07883522028734141
20,[0.55832648],0.3690114025003637,0.18931507893139266
21,[0.08293545],0.5265917809053057,0.44365633200618027
22,[0.50556677],0.3942831068567575,0.11128365991843236
23,[0.10768407],0.5583264814317563,0.4506424105616864
24,[0.4865392],0.5764558731388938,0.08991666898046435
25,[0.19617099],0.437762233943075,0.24159124840865065
26,[0.20339177],0.48653920415842944,0.28314742931874504
27,[0.66434371],0.35594420460510956,0.3083995057426133
28,[0.8512658],0.415778456284437,0.4354873401271967
29,[0.68292884],0.372787757429078,0.31014107867757734
30,[0.29818847],0.4512812496309415,0.1530927770088012
31,[0.58863052],0.3690114025003637,0.219619115828238
32,[0.87603727],0.4940552454840259,0.38198202579981466
33,[0.3033046],0.5035690267924061,0.20026442464888317
34,[0.58172424],0.3652350475716494,0.21648919514805953
35,[0.89298408],0.39759104793294053,0.4953930357780679
36,[0.22353987],0.39759104793294053,0.1740511767241918
37,[0.27178522],0.4512812496309415,0.17949602619586735
38,[0.61609602],0.39759104793294053,0.21850497446772477
39,[0.38925485],0.47314260788007123,0.08388775717172081
40,[0.1246257],0.5059415836913612,0.3813158816561434
41,[0.34555555],0.47314260788007123,0.12758706020844957
42,[0.98981341],0.4773224883153356,0.5124909259183597
43,[0.92952696],0.39759104793294053,0.5319359111036823
44,[0.30407855],0.37150200546651946,0.06742345949733652
45,[0.45128125],0.39759104793294053,0.05369020169800098
46,[0.45974601],0.372787757429078,0.08695825417263503
47,[0.25591978],0.5583264814317563,0.30240669839022927
48,[0.37150201],0.4512812496309415,0.07977924416442206
49,[0.1958063],0.3970728988977008,0.20126660073271085
50,[0.08904197],0.4286685297673268,0.3396265549243365
51,[0.32222375],0.5265917809053057,0.20436803550111637
52,[0.29564918],0.3892548507083504,0.09360566660093517
53,[0.89152328],0.39733197341532067,0.4941913106288134
54,[0.64748681],0.3970728988977008,0.25041391196877893
55,[0.60421844],0.3892548507083504,0.21496359413096178
56,[0.49489897],0.372787757429078,0.12211120759988014
57,[0.24691662],0.6160960224006653,0.3691793988444131
58,[0.79361971],0.5055667667751899,0.28805293943247734
59,[0.88170194],0.372787757429078,0.5089141836327277
60,[0.96800416],0.5055667667751899,0.4624373933108278
61,[0.31531984],0.4689102268946855,0.1535903822395251
62,[0.06524548],0.45551363061632727,0.39026815313408353
63,[0.04141801],0.372787757429078,0.3313697447198056
64,[0.09047495],0.3970728988977008,0.30659795258846634
65,[0.02464682],0.459746011601713,0.43509918962468563
66,[0.78119721],0.3970728988977008,0.3841243142183385
67,[0.70797587],0.3970728988977008,0.3109029733041314
68,[0.41577846],0.5265917809053057,0.11081332462086868
69,[0.27635991],0.459746011601713,0.1833861042154269
70,[0.9458758],0.39759104793294053,0.5482847518615399
71,[0.233823],0.49489896502895814,0.26107596228039254
72,[0.3970729],0.4512812496309415,0.05420835073324071
73,[0.28122899],0.4512812496309415,0.17005225728247542
74,[0.87210207],0.372787757429078,0.49931431655593406
75,[0.36523505],0.3970728988977008,0.031837851326051436
76,[0.72220066],0.3810213040687142,0.3411793538184134
77,[0.11278969],0.5055667667751899,0.3927770720856447
78,[0.13080496],0.5055667667751899,0.37476180612649146
79,[0.52659178],0.459746011601713,0.06684576930359265
80,[0.20035427],0.372787757429078,0.1724334853015117
81,[0.37278776],0.3652350475716494,0.007552709857428619
82,[0.91616519],0.48653920415842944,0.42962598212454384
83,[0.52534396],0.3970728988977008,0.1282710643265922
84,[0.8178471],0.3931638748030256,0.4246832235481799
85,[0.74917798],0.3652350475716494,0.3839429373352191
86,[0.68766981],0.459746011601713,0.2279237999273157
87,[0.83057043],0.49489896502895814,0.33567146623251487
88,[0.68071692],0.3892548507083504,0.2914620703035221
89,[0.98269324],0.39759104793294053,0.5851021934674265
90,[0.2421019],0.4512812496309415,0.20917934834298624
91,[0.88611431],0.35594420460510956,0.530170104776388
92,[0.28544276],0.4512812496309415,0.16583848509380894
93,[0.11713671],0.4284094552497069,0.3112727462102474
94,[0.57645587],0.3970728988977008,0.17938297424119298
95,[0.18673514],0.43352985295768925,0.2467947082112269
96,[0.77443912],0.3810213040687142,0.39341781110907265
97,[0.65247025],0.362536454760269,0.2899337982742936
98,[0.72950527],0.5055667667751899,0.2239384992618697
99,[0.00221126],0.4512812496309415,0.44906999024988625
