,0,1,2
0,[0.05789316],0.525343963224293,0.46745080305604925
1,[0.66190931],0.39759104793294053,0.26431826175144024
2,[0.3535709],0.39759104793294053,0.04402014387892195
3,[0.14499677],0.5015712868096224,0.35657452075743856
4,[0.26510278],0.459746011601713,0.19464323013340246
5,[0.09550054],0.459746011601713,0.36424547048043254
6,[0.06689492],0.3970728988977008,0.33017798330015524
7,[0.07425232],0.5055667667751899,0.43131444186126255
8,[0.94212403],0.4512812496309415,0.4908427815500712
9,[0.74949889],0.39759104793294053,0.3519078469244632
10,[0.64170512],0.39759104793294053,0.24411407203704893
11,[0.74200014],0.39759104793294053,0.34440908911104284
12,[0.72197455],0.39759104793294053,0.3243834988174905
13,[0.16742728],0.459746011601713,0.29231873304032985
14,[0.28256302],0.45551363061632727,0.17295061002503326
15,[0.65128117],0.48653920415842944,0.16474196834126376
16,[0.93768812],0.43352985295768925,0.5041582678450465
17,[0.3559442],0.459746011601713,0.10380180699660346
18,[0.50157129],0.372787757429078,0.12878352938054438
19,[0.39759105],0.49489896502895814,0.0973079170960176
20,[0.55832648],0.38518940268100926,0.17313707875074708
21,[0.08293545],0.5265917809053057,0.44365633200618027
22,[0.50556677],0.372787757429078,0.13277900934611186
23,[0.10768407],0.5583264814317563,0.4506424105616864
24,[0.4865392],0.5583264814317563,0.0717872772733269
25,[0.19617099],0.459746011601713,0.26357502606728866
26,[0.20339177],0.4907190845936938,0.2873273097540094
27,[0.66434371],0.36058962608837947,0.3037540842593434
28,[0.8512658],0.415778456284437,0.4354873401271967
29,[0.68292884],0.372787757429078,0.31014107867757734
30,[0.29818847],0.4512812496309415,0.1530927770088012
31,[0.58863052],0.372787757429078,0.2158427608995237
32,[0.87603727],0.48653920415842944,0.38949806712541113
33,[0.3033046],0.459746011601713,0.15644140945819007
34,[0.58172424],0.3690114025003637,0.21271284021934522
35,[0.89298408],0.38518940268100926,0.5077946810299991
36,[0.22353987],0.4286685297673268,0.20512865855857804
37,[0.27178522],0.4512812496309415,0.17949602619586735
38,[0.61609602],0.415778456284437,0.2003175661162283
39,[0.38925485],0.459746011601713,0.0704911608933626
40,[0.1246257],0.525343963224293,0.40071826118907516
41,[0.34555555],0.459746011601713,0.11419046393009136
42,[0.98981341],0.459746011601713,0.5300674026319822
43,[0.92952696],0.415778456284437,0.5137485027521859
44,[0.30407855],0.43352985295768925,0.12945130698850632
45,[0.45128125],0.415778456284437,0.035502793346504524
46,[0.45974601],0.372787757429078,0.08695825417263503
47,[0.25591978],0.542459131168531,0.2865393481270039
48,[0.37150201],0.4512812496309415,0.07977924416442206
49,[0.1958063],0.43352985295768925,0.2377235547926993
50,[0.08904197],0.459746011601713,0.37070403675872277
51,[0.32222375],0.5055667667751899,0.18334302137100056
52,[0.29564918],0.459746011601713,0.16409682749429777
53,[0.89152328],0.39759104793294053,0.4939322361111935
54,[0.64748681],0.3970728988977008,0.25041391196877893
55,[0.60421844],0.3931638748030256,0.21105457003628658
56,[0.49489897],0.372787757429078,0.12211120759988014
57,[0.24691662],0.5583264814317563,0.3114098578755041
58,[0.79361971],0.4907190845936938,0.3029006216139734
59,[0.88170194],0.372787757429078,0.5089141836327277
60,[0.96800416],0.48653920415842944,0.4814649559275882
61,[0.31531984],0.4689102268946855,0.1535903822395251
62,[0.06524548],0.48653920415842944,0.4212937266761857
63,[0.04141801],0.4512812496309415,0.40986323692166915
64,[0.09047495],0.48653920415842944,0.39606425784919497
65,[0.02464682],0.49489896502895814,0.47025214305193075
66,[0.78119721],0.39733197341532067,0.3838652397007186
67,[0.70797587],0.39759104793294053,0.3103848242688917
68,[0.41577846],0.5265917809053057,0.11081332462086868
69,[0.27635991],0.459746011601713,0.1833861042154269
70,[0.9458758],0.415778456284437,0.5300973435100435
71,[0.233823],0.4907190845936938,0.2568960818451282
72,[0.3970729],0.43352985295768925,0.036456954059988445
73,[0.28122899],0.4689102268946855,0.18768123454621938
74,[0.87210207],0.372787757429078,0.49931431655593406
75,[0.36523505],0.49489896502895814,0.12966391745730876
76,[0.72220066],0.3721448814477987,0.3500557764393289
77,[0.11278969],0.5055667667751899,0.3927770720856447
78,[0.13080496],0.47314260788007123,0.34233764723137283
79,[0.52659178],0.45551363061632727,0.0710781502889784
80,[0.20035427],0.3931638748030256,0.19280960267545932
81,[0.37278776],0.3652350475716494,0.007552709857428619
82,[0.91616519],0.48653920415842944,0.42962598212454384
83,[0.52534396],0.3892548507083504,0.13608911251594258
84,[0.8178471],0.415778456284437,0.4020686420667685
85,[0.74917798],0.3690114025003637,0.3801665824065048
86,[0.68766981],0.4064256775910689,0.28124413393795983
87,[0.83057043],0.48653920415842944,0.34403122710304357
88,[0.68071692],0.39759104793294053,0.283125873078932
89,[0.98269324],0.39759104793294053,0.5851021934674265
90,[0.2421019],0.4689102268946855,0.2268083256067302
91,[0.88611431],0.35594420460510956,0.530170104776388
92,[0.28544276],0.4512812496309415,0.16583848509380894
93,[0.11713671],0.4512812496309415,0.334144540591482
94,[0.57645587],0.39759104793294053,0.17886482520595326
95,[0.18673514],0.4512812496309415,0.26454610488447916
96,[0.77443912],0.372787757429078,0.40165135774870886
97,[0.65247025],0.3934229493206455,0.25904730371391715
98,[0.72950527],0.5015712868096224,0.2279339792274372
99,[0.00221126],0.48653920415842944,0.4843279447773742
