,0,1,2
0,[0.05789316],0.5055667667751899,0.4476736066069461
1,[0.66190931],0.415778456284437,0.24613085339994378
2,[0.3535709],0.39759104793294053,0.04402014387892195
3,[0.14499677],0.49489896502895814,0.3499021989767743
4,[0.26510278],0.459746011601713,0.19464323013340246
5,[0.09550054],0.459746011601713,0.36424547048043254
6,[0.06689492],0.3970728988977008,0.33017798330015524
7,[0.07425232],0.5055667667751899,0.43131444186126255
8,[0.94212403],0.4512812496309415,0.4908427815500712
9,[0.74949889],0.415778456284437,0.33372043857296674
10,[0.64170512],0.39759104793294053,0.24411407203704893
11,[0.74200014],0.39759104793294053,0.34440908911104284
12,[0.72197455],0.4512812496309415,0.27069329711948953
13,[0.16742728],0.459746011601713,0.29231873304032985
14,[0.28256302],0.424436148781941,0.141873128190647
15,[0.65128117],0.48653920415842944,0.16474196834126376
16,[0.93768812],0.415778456284437,0.5219096645182988
17,[0.3559442],0.459746011601713,0.10380180699660346
18,[0.50157129],0.3892548507083504,0.11231643610127195
19,[0.39759105],0.49823512591929026,0.10064407798634972
20,[0.55832648],0.3690114025003637,0.18931507893139266
21,[0.08293545],0.5265917809053057,0.44365633200618027
22,[0.50556677],0.3810213040687142,0.12454546270647565
23,[0.10768407],0.5265917809053057,0.41890771003523575
24,[0.4865392],0.5583264814317563,0.0717872772733269
25,[0.19617099],0.459746011601713,0.26357502606728866
26,[0.20339177],0.49489896502895814,0.29150719018927373
27,[0.66434371],0.3547575543295641,0.3095861560181588
28,[0.8512658],0.415778456284437,0.4354873401271967
29,[0.68292884],0.372787757429078,0.31014107867757734
30,[0.29818847],0.45551363061632727,0.15732515799418695
31,[0.58863052],0.372787757429078,0.2158427608995237
32,[0.87603727],0.47314260788007123,0.40289466340376934
33,[0.3033046],0.49489896502895814,0.1915943628854352
34,[0.58172424],0.372787757429078,0.2089364852906309
35,[0.89298408],0.38518940268100926,0.5077946810299991
36,[0.22353987],0.459746011601713,0.23620614039296428
37,[0.27178522],0.4689102268946855,0.19712500345961131
38,[0.61609602],0.415778456284437,0.2003175661162283
39,[0.38925485],0.48653920415842944,0.09728435345007902
40,[0.1246257],0.525343963224293,0.40071826118907516
41,[0.34555555],0.459746011601713,0.11419046393009136
42,[0.98981341],0.415778456284437,0.5740349579492582
43,[0.92952696],0.415778456284437,0.5137485027521859
44,[0.30407855],0.415778456284437,0.11169991031525406
45,[0.45128125],0.4586748715470297,0.007393621916088167
46,[0.45974601],0.372787757429078,0.08695825417263503
47,[0.25591978],0.5265917809053057,0.2706719978637786
48,[0.37150201],0.4784240082030657,0.10692200273654623
49,[0.1958063],0.45551363061632727,0.2597073324513373
50,[0.08904197],0.415778456284437,0.32673648144144674
51,[0.32222375],0.5055667667751899,0.18334302137100056
52,[0.29564918],0.459746011601713,0.16409682749429777
53,[0.89152328],0.39759104793294053,0.4939322361111935
54,[0.64748681],0.415778456284437,0.23170835458204275
55,[0.60421844],0.3931638748030256,0.21105457003628658
56,[0.49489897],0.3652350475716494,0.12966391745730876
57,[0.24691662],0.5583264814317563,0.3114098578755041
58,[0.79361971],0.48653920415842944,0.30708050204923776
59,[0.88170194],0.3643659810170938,0.5173359600447118
60,[0.96800416],0.48653920415842944,0.4814649559275882
61,[0.31531984],0.4907190845936938,0.1753992399385334
62,[0.06524548],0.48653920415842944,0.4212937266761857
63,[0.04141801],0.4512812496309415,0.40986323692166915
64,[0.09047495],0.48653920415842944,0.39606425784919497
65,[0.02464682],0.49489896502895814,0.47025214305193075
66,[0.78119721],0.40668475210868876,0.37451246100735053
67,[0.70797587],0.39759104793294053,0.3103848242688917
68,[0.41577846],0.5259678720647993,0.11018941578036234
69,[0.27635991],0.39759104793294053,0.1212311405466544
70,[0.9458758],0.415778456284437,0.5300973435100435
71,[0.233823],0.4907190845936938,0.2568960818451282
72,[0.3970729],0.43352985295768925,0.036456954059988445
73,[0.28122899],0.4689102268946855,0.18768123454621938
74,[0.87210207],0.35594420460510956,0.5161578693799025
75,[0.36523505],0.5015712868096224,0.136336239237973
76,[0.72220066],0.3721448814477987,0.3500557764393289
77,[0.11278969],0.5055667667751899,0.3927770720856447
78,[0.13080496],0.459746011601713,0.3289410509530146
79,[0.52659178],0.45551363061632727,0.0710781502889784
80,[0.20035427],0.3970728988977008,0.19671862677013452
81,[0.37278776],0.43352985295768925,0.06074209552861126
82,[0.91616519],0.459746011601713,0.45641917468126025
83,[0.52534396],0.3970728988977008,0.1282710643265922
84,[0.8178471],0.415778456284437,0.4020686420667685
85,[0.74917798],0.3690114025003637,0.3801665824065048
86,[0.68766981],0.43352985295768925,0.2541399585713395
87,[0.83057043],0.459746011601713,0.37082441965976
88,[0.68071692],0.39759104793294053,0.283125873078932
89,[0.98269324],0.39759104793294053,0.5851021934674265
90,[0.2421019],0.48653920415842944,0.24443730287047416
91,[0.88611431],0.35594420460510956,0.530170104776388
92,[0.28544276],0.4512812496309415,0.16583848509380894
93,[0.11713671],0.45551363061632727,0.3383769215768678
94,[0.57645587],0.39759104793294053,0.17886482520595326
95,[0.18673514],0.4512812496309415,0.26454610488447916
96,[0.77443912],0.372787757429078,0.40165135774870886
97,[0.65247025],0.415778456284437,0.23669179675012564
98,[0.72950527],0.48653920415842944,0.24296606187863012
99,[0.00221126],0.48653920415842944,0.4843279447773742
