,0,1,2
0,[0.05789316],0.5154553649997414,0.4575622048314977
1,[0.66190931],0.415778456284437,0.24613085339994378
2,[0.3535709],0.43352985295768925,0.07995894890367067
3,[0.14499677],0.49489896502895814,0.3499021989767743
4,[0.26510278],0.459746011601713,0.19464323013340246
5,[0.09550054],0.459746011601713,0.36424547048043254
6,[0.06689492],0.39733197341532067,0.3304370578177751
7,[0.07425232],0.49823512591929026,0.42398280100536295
8,[0.94212403],0.4512812496309415,0.4908427815500712
9,[0.74949889],0.415778456284437,0.33372043857296674
10,[0.64170512],0.39759104793294053,0.24411407203704893
11,[0.74200014],0.39759104793294053,0.34440908911104284
12,[0.72197455],0.43352985295768925,0.2884446937927418
13,[0.16742728],0.459746011601713,0.29231873304032985
14,[0.28256302],0.4512812496309415,0.1687182290396475
15,[0.65128117],0.4512812496309415,0.19999992286875168
16,[0.93768812],0.415778456284437,0.5219096645182988
17,[0.3559442],0.459746011601713,0.10380180699660346
18,[0.50157129],0.3892548507083504,0.11231643610127195
19,[0.39759105],0.49823512591929026,0.10064407798634972
20,[0.55832648],0.3690114025003637,0.18931507893139266
21,[0.08293545],0.5259678720647993,0.4430324231656739
22,[0.50556677],0.3892548507083504,0.11631191606683944
23,[0.10768407],0.5265917809053057,0.41890771003523575
24,[0.4865392],0.4773224883153356,0.009216715843093859
25,[0.19617099],0.459746011601713,0.26357502606728866
26,[0.20339177],0.49489896502895814,0.29150719018927373
27,[0.66434371],0.35594420460510956,0.3083995057426133
28,[0.8512658],0.40668475210868876,0.4445810443029449
29,[0.68292884],0.372787757429078,0.31014107867757734
30,[0.29818847],0.459746011601713,0.1615575389795727
31,[0.58863052],0.372787757429078,0.2158427608995237
32,[0.87603727],0.437762233943075,0.43827503734076556
33,[0.3033046],0.49489896502895814,0.1915943628854352
34,[0.58172424],0.372787757429078,0.2089364852906309
35,[0.89298408],0.372787757429078,0.5201963262819305
36,[0.22353987],0.459746011601713,0.23620614039296428
37,[0.27178522],0.48653920415842944,0.21475398072335528
38,[0.61609602],0.415778456284437,0.2003175661162283
39,[0.38925485],0.4907190845936938,0.10146423388534337
40,[0.1246257],0.525343963224293,0.40071826118907516
41,[0.34555555],0.459746011601713,0.11419046393009136
42,[0.98981341],0.43352985295768925,0.556283561276006
43,[0.92952696],0.39759104793294053,0.5319359111036823
44,[0.30407855],0.415778456284437,0.11169991031525406
45,[0.45128125],0.459746011601713,0.008464761970771506
46,[0.45974601],0.372787757429078,0.08695825417263503
47,[0.25591978],0.5265917809053057,0.2706719978637786
48,[0.37150201],0.4784240082030657,0.10692200273654623
49,[0.1958063],0.459746011601713,0.26393971343672307
50,[0.08904197],0.437762233943075,0.34872025910008475
51,[0.32222375],0.5055667667751899,0.18334302137100056
52,[0.29564918],0.459746011601713,0.16409682749429777
53,[0.89152328],0.39759104793294053,0.4939322361111935
54,[0.64748681],0.415778456284437,0.23170835458204275
55,[0.60421844],0.3892548507083504,0.21496359413096178
56,[0.49489897],0.3690114025003637,0.12588756252859445
57,[0.24691662],0.49489896502895814,0.24798234147270592
58,[0.79361971],0.48653920415842944,0.30708050204923776
59,[0.88170194],0.372787757429078,0.5089141836327277
60,[0.96800416],0.48653920415842944,0.4814649559275882
61,[0.31531984],0.48653920415842944,0.17121935950326905
62,[0.06524548],0.48653920415842944,0.4212937266761857
63,[0.04141801],0.4512812496309415,0.40986323692166915
64,[0.09047495],0.48653920415842944,0.39606425784919497
65,[0.02464682],0.49823512591929026,0.47358830394226287
66,[0.78119721],0.415778456284437,0.3654187568316023
67,[0.70797587],0.39759104793294053,0.3103848242688917
68,[0.41577846],0.525343963224293,0.109565506939856
69,[0.27635991],0.39759104793294053,0.1212311405466544
70,[0.9458758],0.415778456284437,0.5300973435100435
71,[0.233823],0.4907190845936938,0.2568960818451282
72,[0.3970729],0.4512812496309415,0.05420835073324071
73,[0.28122899],0.459746011601713,0.17851701925324692
74,[0.87210207],0.3652350475716494,0.5068670264133627
75,[0.36523505],0.5015712868096224,0.136336239237973
76,[0.72220066],0.372787757429078,0.3494129004580496
77,[0.11278969],0.5055667667751899,0.3927770720856447
78,[0.13080496],0.459746011601713,0.3289410509530146
79,[0.52659178],0.4512812496309415,0.07531053127436416
80,[0.20035427],0.3970728988977008,0.19671862677013452
81,[0.37278776],0.43352985295768925,0.06074209552861126
82,[0.91616519],0.45551363061632727,0.460651555666646
83,[0.52534396],0.4064256775910689,0.1189182856332241
84,[0.8178471],0.415778456284437,0.4020686420667685
85,[0.74917798],0.3690114025003637,0.3801665824065048
86,[0.68766981],0.415778456284437,0.27189135524459174
87,[0.83057043],0.459746011601713,0.37082441965976
88,[0.68071692],0.39759104793294053,0.283125873078932
89,[0.98269324],0.3970728988977008,0.5856203425026663
90,[0.2421019],0.48653920415842944,0.24443730287047416
91,[0.88611431],0.372787757429078,0.5133265519524196
92,[0.28544276],0.4512812496309415,0.16583848509380894
93,[0.11713671],0.459746011601713,0.3426093025622535
94,[0.57645587],0.39759104793294053,0.17886482520595326
95,[0.18673514],0.4512812496309415,0.26454610488447916
96,[0.77443912],0.372787757429078,0.40165135774870886
97,[0.65247025],0.40668475210868876,0.24578550092587387
98,[0.72950527],0.48653920415842944,0.24296606187863012
99,[0.00221126],0.48653920415842944,0.4843279447773742
