,0,1,2
0,[17.72735076],15.894105252417898,14.87591137913812
1,[15.85932658],14.026081072411387,13.007887199131611
2,[19.26465905],17.431413544676843,16.413219671397066
3,[15.90111705],12.110212639338876,11.43039982140191
4,[17.94350025],14.152595835989894,13.472783018052926
5,[0.6038745],2.7614838215204234,1.8564420204256904
6,[2.77349375],1.519166499051286,0.6853900569468623
7,[0.41013089],3.224113092803818,1.906609633349663
8,[4.96352587],9.337855911171356,2.112086497706353
9,[1.26359631],2.0622331308140223,1.5098974452795804
10,[2.66480007],6.858499990775708,1.97665429059938
11,[4.46069549],2.7861635735717742,2.3725917920914235
12,[1.21046813],2.115361309377419,1.5630256238429767
13,[2.0881037],1.4863960462951114,0.6853900569468623
14,[4.33972742],2.355197941947013,1.4268124646827935
15,[1.43165121],2.0137493273885276,1.028665318498924
16,[0.68849832],11.449022730793228,3.2296361158021787
17,[0.25396801],3.628180453288072,3.218404532734497
18,[4.64145436],5.728744236030147,0.17073712550553566
19,[3.89975071],5.7563461715126625,0.7417036468589195
20,[3.47237254],1.7748251906418395,0.559457589895473
21,[4.76719334],3.94402756523487,3.475269788076364
22,[4.6597114],5.732395643618829,0.18899416344894515
23,[1.03699769],2.2888317516010863,1.7364960660666444
24,[1.11678491],2.7653635527811735,2.355587632227598
25,[4.98759182],4.16442605297388,3.6956682758153736
26,[2.46031652],1.7356059198305718,0.6010996555465109
27,[1.12887437],2.6220536269225603,1.1878661507032944
28,[4.93858081],3.4133441204482664,3.0793639426790476
29,[3.78295371],2.9597879344823568,2.4910301573238507
30,[2.91291495],1.7483573895041835,0.559457589895473
31,[2.83013576],9.76453393446623,1.0879986770051944
32,[1.85921687],1.7572099296170798,0.6010996555465109
33,[2.26481781],10.102075236242422,1.6533166207397176
34,[4.08634153],2.101812052516832,1.1734265752526127
35,[0.51003263],11.62748841955958,3.40810180456853
36,[4.58578232],3.0605456343039132,2.7265654565346935
37,[0.21935594],3.414888046093052,2.097384586638897
38,[2.87274299],9.756012486959026,1.0240878207011588
39,[0.90249493],2.757881290349855,1.414245589748785
40,[3.17850832],2.372452131477497,1.8865847732415184
41,[4.47071723],5.69459681092904,0.17073712550553566
42,[3.2777997],6.245500354425,1.3636546542486716
43,[1.27112435],2.110065439553689,1.1891921721075265
44,[2.9828951],1.8401216344104632,1.1236782284459674
45,[4.59938588],2.614856399678581,1.6864709224143617
46,[3.87270538],2.1981734633498804,1.78460168186953
47,[1.45497272],2.4263946156565326,0.698718622538224
48,[3.43414888],1.8327952601872308,1.3460451814987056
49,[2.16660696],1.948807693644105,1.3057655809408932
