,0,1,2
0,[17.72735076],15.894105252417898,14.897214997906133
1,[15.85932658],14.026081072411387,13.029190817899623
2,[19.26465905],17.431413544676843,16.434523290165078
3,[15.90111705],10.232609314388698,12.001366342755293
4,[17.94350025],11.866515871709511,14.04374953940631
5,[0.6038745],2.419129672519027,2.309040450998405
6,[2.77349375],1.3542650213847425,0.6853900569468623
7,[0.41013089],3.1136175345727106,2.3633628621129192
8,[4.96352587],2.5708401064831086,2.0706968990826082
9,[1.26359631],2.2695468019560137,1.5098974452795804
10,[2.66480007],6.4679243480666155,1.8059171650938444
11,[4.46069549],1.5709809125998517,1.6872017351445612
12,[1.21046813],1.7053192481431885,1.6677262961089372
13,[2.0881037],1.3542650213847425,0.6853900569468623
14,[4.33972742],1.9989733434853398,1.4268124646827935
15,[1.43165121],7.642092288703684,1.8461484983851253
16,[0.68849832],8.303442955171526,2.184244676333009
17,[0.25396801],3.0078013286334686,3.8323735180916367
18,[4.64145436],5.728744236030147,0.7417036468589195
19,[3.89975071],5.728744236030147,0.5709665213533839
20,[3.47237254],1.7748251906418395,0.559457589895473
21,[4.76719334],2.8142603243614155,3.3122206120213407
22,[4.6597114],5.732395643618829,0.759960684802329
23,[1.03699769],1.8440956019221226,1.7364960660666444
24,[1.11678491],2.3175478082279493,2.969556617584738
25,[4.98759182],3.034658812100425,3.53261909976035
26,[2.46031652],1.6500927872400895,0.4525984305727144
27,[1.12887437],2.6220536269225603,2.049633949296542
28,[4.93858081],2.7825178965508455,2.4782642871325367
29,[3.78295371],2.1469071666412427,2.3279809812688272
30,[2.91291495],1.6255635924327556,0.31471886611110733
31,[2.83013576],7.271759359633211,0.04260723753602402
32,[1.85921687],1.6500927872400895,1.0536980861192253
33,[2.26481781],7.280280807140417,0.6079251812705473
34,[4.08634153],1.8976189877132676,1.1734265752526127
35,[0.51003263],8.481908643937878,2.3627103650993595
36,[4.58578232],2.5002791076353623,2.1254658009881826
37,[0.21935594],3.414888046093052,2.9591523852321444
38,[2.87274299],7.280280807140414,0.04260723753602402
39,[0.90249493],2.757881290349855,2.276013388342032
40,[3.17850832],2.0260180898247766,1.723535597186495
41,[4.47071723],1.5789983086936439,1.192917528743136
42,[3.2777997],5.977524638986049,1.192917528743136
43,[1.27112435],1.8853297938644957,1.641790602680241
44,[2.9828951],6.752955461974241,0.13145572080621948
45,[4.59938588],2.2067001096705945,1.6864709224143617
46,[3.87270538],2.1981734633498804,1.78460168186953
47,[1.45497272],2.4263946156565326,1.723535597186495
48,[3.43414888],3.5401417756143823,1.1599387672090424
49,[2.16660696],1.8976189877132676,1.919734566298033
