,0,1,2
0,[17.72735076],13.109060322541556,14.897214997906133
1,[15.85932658],14.35276462601205,13.029190817899623
2,[19.26465905],14.338906956348712,16.434523290165078
3,[15.90111705],10.232609314388698,12.001366342755293
4,[17.94350025],11.866515871709511,14.04374953940631
5,[0.6038745],2.419129672519027,2.309040450998405
6,[2.77349375],1.3542650213847425,0.6853900569468623
7,[0.41013089],3.388005301837693,2.020667833639488
8,[4.96352587],2.5708401064831086,2.0506109192268758
9,[1.26359631],1.6734423410051502,1.5098974452795804
10,[2.66480007],6.4679243480666155,1.9556200500254821
11,[4.46069549],2.253716123818645,2.084243606034014
12,[1.21046813],1.7053192481431885,1.5630256238429767
13,[2.0881037],1.3542650213847425,0.6853900569468623
14,[4.33972742],2.1205126268964904,1.147083669735057
15,[1.43165121],7.8498583086750005,1.8461484983851253
16,[0.68849832],8.023872193912304,2.184244676333009
17,[0.25396801],3.007801328633468,3.8323735180916367
18,[4.64145436],5.728744236030147,0.7417036468589195
19,[3.89975071],5.728744236030147,0.7206694062850216
20,[3.47237254],1.6722163212094898,0.559457589895473
21,[4.76719334],2.8142603243614155,3.3122206120213407
22,[4.6597114],5.732395643618829,0.759960684802329
23,[1.03699769],1.8440956019221226,1.7364960660666444
24,[1.11678491],2.3175478082279493,2.969556617584738
25,[4.98759182],3.034658812100425,3.53261909976035
26,[2.46031652],1.6500927872400895,0.4525984305727144
27,[1.12887437],2.6220536269225603,2.049633949296542
28,[4.93858081],2.7825178965508455,2.4782642871325367
29,[3.78295371],2.1469071666412427,2.3279809812688272
30,[2.91291495],1.86984817652497,0.0699801423267421
31,[2.83013576],7.167217218393512,0.04260723753602402
32,[1.85921687],1.6500927872400895,0.6010996555465109
33,[2.26481781],7.280280807140417,0.6079251812705473
34,[4.08634153],1.9178039153523456,0.8936977803048762
35,[0.51003263],8.166644744925385,2.3627103650993595
36,[4.58578232],2.5002791076353623,2.1254658009881826
37,[0.21935594],3.414888046093052,2.9591523852321444
38,[2.87274299],7.16721721839351,0.04260723753602402
39,[0.90249493],2.757881290349855,2.276013388342032
40,[3.17850832],2.0260180898247766,1.723535597186495
41,[4.47071723],1.5789983086936439,1.4878221357298806
42,[3.2777997],5.977524638986049,1.3426204136747737
43,[1.27112435],1.8853297938644957,1.641790602680241
44,[2.9828951],12.091258122247146,0.11015210203820747
45,[4.59938588],2.2067001096705945,1.1270133325188887
46,[3.87270538],2.1981734633498804,1.78460168186953
47,[1.45497272],2.4263946156565326,1.723535597186495
48,[3.43414888],1.7990818924305283,0.9738323529193793
49,[2.16660696],1.8976189877132676,1.919734566298033
