,0,1,2
0,[17.72735076],15.894105252417898,14.897214997906133
1,[15.85932658],12.701498207871216,13.029190817899623
2,[19.26465905],14.338906956348708,16.391916052629053
3,[15.90111705],10.232609314388698,12.623317350145047
4,[17.94350025],11.86651587170951,14.04374953940631
5,[0.6038745],2.419129672519027,2.309040450998405
6,[2.77349375],1.3436393856720632,0.6853900569468623
7,[0.41013089],2.1056268703495054,2.3633628621129192
8,[4.96352587],2.985822027616069,2.112086497706353
9,[1.26359631],2.285247455577338,1.5098974452795804
10,[2.66480007],6.4679243480666155,1.8702514872727143
11,[4.46069549],1.570980912599852,2.294088523984803
12,[1.21046813],4.401880200777223,1.7724269683748972
13,[2.0881037],1.4479469443052608,0.8248112591520407
14,[4.33972742],1.9989733434853398,1.4268124646827935
15,[1.43165121],1.6965989874805427,1.6986961948917532
16,[0.68849832],8.023872193912306,2.2943967783712163
17,[0.25396801],3.007801328633468,3.218404532734497
18,[4.64145436],5.728744236030147,0.7417036468589195
19,[3.89975071],5.728744236030147,0.5659556487947635
20,[3.47237254],1.6106368642311204,0.559457589895473
21,[4.76719334],2.8142603243614155,2.502375523441671
22,[4.6597114],6.171755754173016,1.070936188497205
23,[1.03699769],1.8440956019221226,1.7364960660666444
24,[1.11678491],2.3175478082279493,2.66616879403927
25,[4.98759182],3.1451543703315323,2.1574560674461574
26,[2.46031652],1.6500927872400895,0.4525984305727144
27,[1.12887437],1.9155298069704905,1.9518273366475065
28,[4.93858081],2.7825178965508455,2.4782642871325367
29,[3.78295371],2.5261509949756134,2.3279809812688272
30,[2.91291495],1.5480915686243562,0.5212339223466649
31,[2.83013576],7.167217218393512,0.3783862295841929
32,[1.85921687],1.617987416518369,0.6010996555465109
33,[2.26481781],7.883648588603927,0.7180772833087548
34,[4.08634153],1.9178039153523456,0.7800129302668739
35,[0.51003263],8.166644744925387,2.472862467137567
36,[4.58578232],2.5002791076353623,2.1254658009881826
37,[0.21935594],2.6431445557189726,2.9591523852321444
38,[2.87274299],7.167217218393512,0.11015210203820747
39,[0.90249493],2.757881290349855,1.8709988185120412
40,[3.17850832],2.0260180898247766,0.8159411534021763
41,[4.47071723],1.812808983447363,1.6192778565361001
42,[3.2777997],5.977524638986049,0.6219510073897521
43,[1.27112435],1.8853297938644957,1.641790602680241
44,[2.9828951],8.850479978247387,0.11015210203820747
45,[4.59938588],2.2067001096705945,1.6864709224143617
46,[3.87270538],1.3492135216748455,1.0992116249226678
47,[1.45497272],1.7850904661264717,1.6257289845374596
48,[3.43414888],1.1593530204226217,0.6606551245518433
49,[2.16660696],1.8976189877132676,1.919734566298033
