,0,1,2
0,[0.01178752],0.6985946118589186,0.6868070949598719
1,[0.01901833],0.6985946118589186,0.6795762827133169
2,[0.79367041],0.34649059444944097,0.4471798132205932
3,[0.10480211],0.47310970021694465,0.3683075925462549
4,[0.90923974],0.4471065447385801,0.46213319521705504
5,[0.45337349],0.46684275256498037,0.013469260174436004
6,[0.67634016],0.3423146543889421,0.33402550360308375
7,[0.81326529],0.3189943733647453,0.4942709210564044
8,[0.6690419],0.38436263339998844,0.284679269128692
9,[0.08215837],0.4598571933104153,0.37769882152095535
10,[0.89313642],0.3423146543889421,0.5508217642090723
11,[0.40792402],0.38598297077583615,0.021941044667753873
12,[0.67083723],0.3189943733647453,0.3518428532830011
13,[0.80592916],0.34649059444944097,0.4594385610214775
14,[0.76653673],0.34649059444944097,0.4200461323778436
15,[0.1943064],0.6985946118589186,0.5042882163807272
16,[0.3233789],0.6985946118589186,0.37521571073098703
17,[0.12591159],0.4457564042306543,0.3198448101056117
18,[0.37357198],0.42859986810457545,0.05502788850979351
19,[0.12427168],0.4598571933104153,0.33558551457645913
20,[0.44201229],0.38436263339998844,0.057649658442475604
21,[0.20327265],0.6985946118589186,0.49532196564849285
22,[0.84087712],0.4471065447385801,0.3937705744783589
23,[0.33360802],0.47310970021694465,0.13950167907385846
24,[0.70072751],0.34649059444944097,0.35423692047406574
25,[0.68528355],0.3423146543889421,0.34296889593741847
26,[0.34649059],0.6985946118589186,0.3521040174094776
27,[0.04600275],0.47310970021694465,0.4271069541773902
28,[0.74206875],0.3423146543889421,0.3997540918250983
29,[0.19107467],0.4598571933104153,0.26878251889505156
30,[0.15091247],0.4457564042306543,0.294843937026538
31,[0.74000453],0.34649059444944097,0.3935139325336665
32,[0.87086135],0.34649059444944097,0.5243707568360035
33,[0.64408649],0.3423146543889421,0.30177183261821444
34,[0.11853362],0.40954435281943774,0.2910107363138708
35,[0.36080125],0.40954435281943774,0.048743101463050886
36,[0.16442775],0.40954435281943774,0.24511659896625665
37,[0.13683725],0.4457564042306543,0.30891915844500684
38,[0.43385935],0.47310970021694465,0.039250346684311044
39,[0.83173396],0.34649059444944097,0.4852433610504421
40,[0.58736287],0.3189943733647453,0.2683684930949575
41,[0.99936289],0.3423146543889421,0.6570482388796746
42,[0.00335226],0.40954435281943774,0.40619208824039016
43,[0.28965299],0.4457564042306543,0.1561034097267573
44,[0.17006392],0.4598571933104153,0.28979327236686525
45,[0.28675414],0.4457564042306543,0.15900226226726477
46,[0.3095741],0.47310970021694465,0.1635355962081272
47,[0.12496209],0.4457564042306543,0.32079431698711514
48,[0.34905293],0.47310970021694465,0.12405677012189209
49,[0.02108999],0.6985946118589186,0.6775046241720457
50,[0.01423614],0.47310970021694465,0.45887355770960236
51,[0.69845642],0.4471065447385801,0.2513498730308153
52,[0.78355893],0.4471065447385801,0.3364523860431898
53,[0.61969731],0.4471065447385801,0.17259076723634453
54,[0.83131119],0.34649059444944097,0.4848205994702045
55,[0.70061825],0.38436263339998844,0.3162556150604995
56,[0.41116469],0.38436263339998844,0.026802056795297013
57,[0.31105733],0.4598571933104153,0.14879986412731305
58,[0.6542805],0.4471065447385801,0.20717395595094862
59,[0.6899517],0.38436263339998844,0.3055890627628849
60,[0.54614241],0.3423146543889421,0.20382775263710656
61,[0.12513592],0.40954435281943774,0.2844084324148359
62,[0.13369291],0.47310970021694465,0.33941679016281767
63,[0.15875365],0.40954435281943774,0.2507907077759273
64,[0.03433152],0.4598571933104153,0.4255256744790683
65,[0.89318227],0.3423146543889421,0.5508676193123057
66,[0.87354684],0.3189943733647453,0.5545524696887101
67,[0.25079378],0.4598571933104153,0.20906341290170127
68,[0.50526605],0.38436263339998844,0.12090341223451373
69,[0.08923463],0.4457564042306543,0.3565217781433079
70,[0.96681106],0.34649059444944097,0.6203204669607071
71,[0.54317706],0.3189943733647453,0.22418268287096982
72,[0.71746098],0.3189943733647453,0.39846660344886004
73,[0.65756468],0.3189943733647453,0.3385703048305934
74,[0.30427134],0.40954435281943774,0.10527301024450791
75,[0.29486979],0.6985946118589186,0.40372481763817203
76,[0.15313311],0.4598571933104153,0.30672407931471035
77,[0.17625691],0.40954435281943774,0.23328744545261199
78,[0.21050367],0.40954435281943774,0.19904068401599567
79,[0.96587657],0.4471065447385801,0.5187700246730176
80,[0.60262365],0.38436263339998844,0.21826101653347485
81,[0.28720889],0.6985946118589186,0.41138572282952834
82,[0.93722626],0.3189943733647453,0.6182318837202216
83,[0.72320153],0.38436263339998844,0.33883889980527726
84,[0.57793926],0.3189943733647453,0.2589448838339709
85,[0.94717553],0.38436263339998844,0.562812895896054
86,[0.08372972],0.4598571933104153,0.3761274730100639
87,[0.17615236],0.4457564042306543,0.2696040482051911
88,[0.4408396],0.47310970021694465,0.03227010313032885
89,[0.6025414],0.3423146543889421,0.2602267410899847
90,[0.69859461],0.34649059444944097,0.3521040174094776
91,[0.09650055],0.4598571933104153,0.363356638689069
92,[0.57376299],0.4471065447385801,0.12665644654474123
93,[0.49284591],0.4471065447385801,0.04573936330476486
94,[0.18580392],0.4457564042306543,0.2599524796627747
95,[0.00441947],0.6985946118589186,0.6941751417971654
96,[0.10945057],0.4457564042306543,0.336305837219795
97,[0.95816374],0.3189943733647453,0.639169369372022
98,[0.77735378],0.3423146543889421,0.4350391227312767
99,[0.34833575],0.41641502536980607,0.06807927314421253
