,0,1,2
0,[0.01178752],0.5737629912833213,0.5619754743842746
1,[0.01901833],0.5605581567172156,0.541539827571614
2,[0.79367041],0.3942514431459525,0.39941896452408165
3,[0.10480211],0.45337349239054436,0.3485713847198546
4,[0.90923974],0.44201229184246404,0.4672274481131711
5,[0.45337349],0.44201229184246404,0.011361200548080319
6,[0.67634016],0.37357197959478194,0.3027681783972439
7,[0.81326529],0.34833575222559354,0.46492954219555616
8,[0.6690419],0.37357197959478194,0.2954699229338985
9,[0.08215837],0.45337349239054436,0.3712151206010844
10,[0.89313642],0.37357197959478194,0.5195644390032325
11,[0.40792402],0.38598297077583615,0.021941044667753873
12,[0.67083723],0.33585732667676255,0.3349798999709838
13,[0.80592916],0.34649059444944097,0.4594385610214775
14,[0.76653673],0.34649059444944097,0.4200461323778436
15,[0.1943064],0.5203681794251236,0.3260617839469322
16,[0.3233789],0.5737629912833213,0.25038409015538976
17,[0.12591159],0.45337349239054436,0.32746189826550176
18,[0.37357198],0.41116469019528545,0.03759271060050351
19,[0.12427168],0.5431770562357151,0.41890537750175894
20,[0.44201229],0.40792401544359,0.03408827639887402
21,[0.20327265],0.5605581567172156,0.3572855105067899
22,[0.84087712],0.4338593535326336,0.40701776568430537
23,[0.33360802],0.49284590804334494,0.15923788690025875
24,[0.70072751],0.36003128702211146,0.34069622790139525
25,[0.68528355],0.34833575222559354,0.336947798100767
26,[0.34649059],0.4268235796998659,0.08033298525042493
27,[0.04600275],0.45337349239054436,0.4073707463509899
28,[0.74206875],0.37357197959478194,0.36849676661925845
29,[0.19107467],0.4598571933104153,0.26878251889505156
30,[0.15091247],0.47555053583965257,0.32463806863553624
31,[0.74000453],0.34649059444944097,0.3935139325336665
32,[0.87086135],0.34649059444944097,0.5243707568360035
33,[0.64408649],0.37357197959478194,0.2705145074123746
34,[0.11853362],0.41116469019528545,0.2926310736897185
35,[0.36080125],0.40792401544359,0.04712276408720317
36,[0.16442775],0.40954435281943774,0.24511659896625665
37,[0.13683725],0.41116469019528545,0.27432744440963797
38,[0.43385935],0.47310970021694465,0.039250346684311044
39,[0.83173396],0.36003128702211146,0.4717026684777716
40,[0.58736287],0.34833575222559354,0.23902711423410927
41,[0.99936289],0.34833575222559354,0.6510271410430232
42,[0.00335226],0.40792401544359,0.40457175086454245
43,[0.28965299],0.47555053583965257,0.18589754133575553
44,[0.17006392],0.37357197959478194,0.2035080586512319
45,[0.28675414],0.36080125135638685,0.0740471093929973
46,[0.3095741],0.45337349239054436,0.1437993883817269
47,[0.12496209],0.36080125135638685,0.23583916411284767
48,[0.34905293],0.49284590804334494,0.14379297794829238
49,[0.02108999],0.5203681794251236,0.4992781917382507
50,[0.01423614],0.45337349239054436,0.4391373498832021
51,[0.69845642],0.4338593535326336,0.26459706423676177
52,[0.78355893],0.4338593535326336,0.34969957724913625
53,[0.61969731],0.4408395970866158,0.17885771488830882
54,[0.83131119],0.3949462635908342,0.4363649303288113
55,[0.70061825],0.40792401544359,0.2926942330168979
56,[0.41116469],0.37357197959478194,0.03759271060050351
57,[0.31105733],0.5431770562357151,0.23211972705261286
58,[0.6542805],0.4338593535326336,0.2204211471568951
59,[0.6899517],0.37357197959478194,0.3163797165680914
60,[0.54614241],0.3423146543889421,0.20382775263710656
61,[0.12513592],0.44201229184246404,0.3168763714378622
62,[0.13369291],0.45337349239054436,0.3196805823364174
63,[0.15875365],0.41116469019528545,0.25241104515177504
64,[0.03433152],0.41116469019528545,0.37683317136393846
65,[0.89318227],0.37357197959478194,0.5196102941064658
66,[0.87354684],0.34833575222559354,0.5252110908278618
67,[0.25079378],0.47703321123481934,0.22623943082610531
68,[0.50526605],0.36080125135638685,0.14446479427811532
69,[0.08923463],0.41116469019528545,0.321930064107939
70,[0.96681106],0.3949462635908342,0.5718647978193139
71,[0.54317706],0.34905293009505256,0.19412412614066255
72,[0.71746098],0.34905293009505256,0.36840804671855276
73,[0.65756468],0.34905293009505256,0.30851174810028614
74,[0.30427134],0.4408395970866158,0.13656825451168597
75,[0.29486979],0.4268235796998659,0.13195378547911935
76,[0.15313311],0.41116469019528545,0.2580315761995805
77,[0.17625691],0.40954435281943774,0.23328744545261199
78,[0.21050367],0.40792401544359,0.19742034664014796
79,[0.96587657],0.44201229184246404,0.5238642775691337
80,[0.60262365],0.38436263339998844,0.21826101653347485
81,[0.28720889],0.5605581567172156,0.2733492676878254
82,[0.93722626],0.34833575222559354,0.5888905048593734
83,[0.72320153],0.38436263339998844,0.33883889980527726
84,[0.57793926],0.34905293009505256,0.22888632710366363
85,[0.94717553],0.36080125135638685,0.5863742779396556
86,[0.08372972],0.45337349239054436,0.36964377209019295
87,[0.17615236],0.36080125135638685,0.18464889533092366
88,[0.4408396],0.49284590804334494,0.05200631095672914
89,[0.6025414],0.37357197959478194,0.22896941588414488
90,[0.69859461],0.34649059444944097,0.3521040174094776
91,[0.09650055],0.47703321123481934,0.380532656613473
92,[0.57376299],0.4373494753096247,0.1364135159736966
93,[0.49284591],0.4338593535326336,0.05898655451071133
94,[0.18580392],0.45337349239054436,0.2675695678226647
95,[0.00441947],0.5203681794251236,0.5159487093633705
96,[0.10945057],0.47555053583965257,0.36609996882879325
97,[0.95816374],0.34833575222559354,0.6098279905111738
98,[0.77735378],0.34833575222559354,0.42901802489462526
99,[0.34833575],0.36080125135638685,0.012465499130793312
