,0,1,2
0,[0.01178752],0.47310970021694465,0.461322183317898
1,[0.01901833],0.45337349239054436,0.4343551632449427
2,[0.79367041],0.36080125135638685,0.4328691563136473
3,[0.10480211],0.44201229184246404,0.3372101841717743
4,[0.90923974],0.40954435281943774,0.4996953871361974
5,[0.45337349],0.41116469019528545,0.04220880219525891
6,[0.67634016],0.36080125135638685,0.315538906635639
7,[0.81326529],0.37357197959478194,0.43969331482636775
8,[0.6690419],0.40792401544359,0.2611178870850904
9,[0.08215837],0.44201229184246404,0.3598539200530041
10,[0.89313642],0.37357197959478194,0.5195644390032325
11,[0.40792402],0.4408395970866158,0.03291558164302577
12,[0.67083723],0.37357197959478194,0.2972652470529644
13,[0.80592916],0.40792401544359,0.39800514002732845
14,[0.76653673],0.390747997519186,0.3757887293080986
15,[0.1943064],0.44201229184246404,0.24770589636427265
16,[0.3233789],0.45337349239054436,0.1299945912626128
17,[0.12591159],0.45337349239054436,0.32746189826550176
18,[0.37357198],0.45337349239054436,0.07980151279576242
19,[0.12427168],0.4408395970866158,0.3165679183526596
20,[0.44201229],0.41116469019528545,0.03084760164717859
21,[0.20327265],0.4476928921165042,0.24442024590607847
22,[0.84087712],0.36080125135638685,0.4800758678605521
23,[0.33360802],0.4408395970866158,0.10723157594352961
24,[0.70072751],0.36080125135638685,0.33992626356711986
25,[0.68528355],0.37357197959478194,0.3117115707315786
26,[0.34649059],0.45337349239054436,0.1068828979411034
27,[0.04600275],0.45337349239054436,0.4073707463509899
28,[0.74206875],0.37357197959478194,0.36849676661925845
29,[0.19107467],0.4408395970866158,0.24976492267125205
30,[0.15091247],0.4408395970866158,0.28992712988249947
31,[0.74000453],0.37357197959478194,0.36643254738832554
32,[0.87086135],0.3549270907257197,0.5159342605597248
33,[0.64408649],0.37357197959478194,0.2705145074123746
34,[0.11853362],0.44201229184246404,0.3234786753368971
35,[0.36080125],0.44201229184246404,0.08121104048607719
36,[0.16442775],0.44201229184246404,0.27758453798928295
37,[0.13683725],0.4414259444645399,0.30458869867889243
38,[0.43385935],0.41116469019528545,0.022694663337348153
39,[0.83173396],0.37357197959478194,0.4581619759051011
40,[0.58736287],0.37357197959478194,0.21379088686492087
41,[0.99936289],0.37357197959478194,0.6257909136738348
42,[0.00335226],0.44201229184246404,0.43866002726341646
43,[0.28965299],0.44201229184246404,0.152359297338567
44,[0.17006392],0.45337349239054436,0.2833095714469943
45,[0.28675414],0.45337349239054436,0.1666193504271548
46,[0.3095741],0.44201229184246404,0.13243818783364658
47,[0.12496209],0.45337349239054436,0.3284114051470052
48,[0.34905293],0.45337349239054436,0.1043205622954918
49,[0.02108999],0.4408395970866158,0.41974960939974293
50,[0.01423614],0.45337349239054436,0.4391373498832021
51,[0.69845642],0.37357197959478194,0.32488443817461343
52,[0.78355893],0.37357197959478194,0.4099869511869879
53,[0.61969731],0.42251202186395953,0.19718529011096508
54,[0.83131119],0.3671866154755844,0.4641245784440611
55,[0.70061825],0.37357197959478194,0.327046268865706
56,[0.41116469],0.40792401544359,0.003240674751695427
57,[0.31105733],0.5052660456345022,0.19420871645139992
58,[0.6542805],0.37357197959478194,0.28070852109474675
59,[0.6899517],0.37357197959478194,0.3163797165680914
60,[0.54614241],0.37357197959478194,0.17257042743126672
61,[0.12513592],0.44201229184246404,0.3168763714378622
62,[0.13369291],0.4476928921165042,0.3139999820623772
63,[0.15875365],0.45337349239054436,0.29461984734703395
64,[0.03433152],0.4338593535326336,0.3995278347012866
65,[0.89318227],0.37357197959478194,0.5196102941064658
66,[0.87354684],0.37357197959478194,0.49997486345867337
67,[0.25079378],0.4338593535326336,0.18306557312391958
68,[0.50526605],0.37357197959478194,0.13169406603972023
69,[0.08923463],0.45337349239054436,0.3641388663031979
70,[0.96681106],0.40792401544359,0.558887045966558
71,[0.54317706],0.40792401544359,0.13525304079212508
72,[0.71746098],0.37357197959478194,0.3438889972188234
73,[0.65756468],0.40792401544359,0.24964066275174868
74,[0.30427134],0.44201229184246404,0.13774094926753422
75,[0.29486979],0.4414259444645399,0.14655615024379337
76,[0.15313311],0.4408395970866158,0.28770648309091085
77,[0.17625691],0.47310970021694465,0.2968527928501189
78,[0.21050367],0.4414259444645399,0.23092227566109785
79,[0.96587657],0.40792401544359,0.5579525539680077
80,[0.60262365],0.36080125135638685,0.24182239857707644
81,[0.28720889],0.4476928921165042,0.16048400308711397
82,[0.93722626],0.37357197959478194,0.563654277490185
83,[0.72320153],0.37357197959478194,0.34962955361048376
84,[0.57793926],0.3549270907257197,0.2230121664729965
85,[0.94717553],0.36080125135638685,0.5863742779396556
86,[0.08372972],0.44201229184246404,0.3582825715421126
87,[0.17615236],0.4408395970866158,0.2646872410611526
88,[0.4408396],0.40792401544359,0.03291558164302577
89,[0.6025414],0.40792401544359,0.1946173800353368
90,[0.69859461],0.40792401544359,0.29067059641532855
91,[0.09650055],0.44201229184246404,0.3455117372211177
92,[0.57376299],0.41116469019528545,0.16259830108803586
93,[0.49284591],0.36080125135638685,0.13204465668695808
94,[0.18580392],0.44201229184246404,0.2562083672745844
95,[0.00441947],0.4476928921165042,0.44327342205475107
96,[0.10945057],0.45337349239054436,0.34392292537968505
97,[0.95816374],0.40954435281943774,0.5486193899173295
98,[0.77735378],0.37357197959478194,0.40378179752543686
99,[0.34833575],0.4408395970866158,0.09250384486102226
