,0,1,2
0,[0.01178752],0.5737629912833213,0.5619754743842746
1,[0.01901833],0.4471065447385801,0.42808821559297844
2,[0.79367041],0.3942514431459525,0.39941896452408165
3,[0.10480211],0.4471065447385801,0.3423044370678903
4,[0.90923974],0.44201229184246404,0.4672274481131711
5,[0.45337349],0.4338593535326336,0.019514138857910757
6,[0.67634016],0.37357197959478194,0.3027681783972439
7,[0.81326529],0.34833575222559354,0.46492954219555616
8,[0.6690419],0.37357197959478194,0.2954699229338985
9,[0.08215837],0.45337349239054436,0.3712151206010844
10,[0.89313642],0.37357197959478194,0.5195644390032325
11,[0.40792402],0.41116469019528545,0.003240674751695427
12,[0.67083723],0.36095386591018774,0.3098833607375586
13,[0.80592916],0.3336080211430862,0.4723211343278323
14,[0.76653673],0.3784884727693213,0.3880482540579633
15,[0.1943064],0.4476928921165042,0.2533864966383128
16,[0.3233789],0.473052821360559,0.14967392023262743
17,[0.12591159],0.4476928921165042,0.3217812979914616
18,[0.37357198],0.5461424070260487,0.17257042743126672
19,[0.12427168],0.473052821360559,0.3487811426266028
20,[0.44201229],0.40792401544359,0.03408827639887402
21,[0.20327265],0.46684275256498037,0.26357010635455463
22,[0.84087712],0.36080125135638685,0.4800758678605521
23,[0.33360802],0.45337349239054436,0.11976547124745818
24,[0.70072751],0.3671866154755844,0.3335408994479223
25,[0.68528355],0.36080125135638685,0.3244822989699737
26,[0.34649059],0.49905597683892355,0.15256538238948258
27,[0.04600275],0.49284590804334494,0.4468431620037905
28,[0.74206875],0.34905293009505256,0.39301581611898784
29,[0.19107467],0.4408395970866158,0.24976492267125205
30,[0.15091247],0.40954435281943774,0.2586318856153214
31,[0.74000453],0.37357197959478194,0.36643254738832554
32,[0.87086135],0.34649059444944097,0.5243707568360035
33,[0.64408649],0.34833575222559354,0.295750734781563
34,[0.11853362],0.41116469019528545,0.2926310736897185
35,[0.36080125],0.41116469019528545,0.0503634388388986
36,[0.16442775],0.42658849101887475,0.26216073716569366
37,[0.13683725],0.41116469019528545,0.27432744440963797
38,[0.43385935],0.4471065447385801,0.013247191205946474
39,[0.83173396],0.37357197959478194,0.4581619759051011
40,[0.58736287],0.3784884727693213,0.20887439369038152
41,[0.99936289],0.36080125135638685,0.6385616419122299
42,[0.00335226],0.40792401544359,0.40457175086454245
43,[0.28965299],0.4208916844881118,0.13123868998421478
44,[0.17006392],0.37357197959478194,0.2035080586512319
45,[0.28675414],0.36080125135638685,0.0740471093929973
46,[0.3095741],0.45337349239054436,0.1437993883817269
47,[0.12496209],0.44201229184246404,0.31705020459892486
48,[0.34905293],0.47310970021694465,0.12405677012189209
49,[0.02108999],0.5667526367428757,0.5456626490560028
50,[0.01423614],0.49284590804334494,0.47860976553600265
51,[0.69845642],0.4208916844881118,0.27756473328128356
52,[0.78355893],0.36080125135638685,0.422757679425383
53,[0.61969731],0.4408395970866158,0.17885771488830882
54,[0.83131119],0.34869434116032305,0.4826168527593224
55,[0.70061825],0.36080125135638685,0.33981699710410107
56,[0.41116469],0.36080125135638685,0.0503634388388986
57,[0.31105733],0.473052821360559,0.16199549217745673
58,[0.6542805],0.42251202186395953,0.23176847882556917
59,[0.6899517],0.37357197959478194,0.3163797165680914
60,[0.54614241],0.37357197959478194,0.17257042743126672
61,[0.12513592],0.41116469019528545,0.2860287697906836
62,[0.13369291],0.45337349239054436,0.3196805823364174
63,[0.15875365],0.41116469019528545,0.25241104515177504
64,[0.03433152],0.41116469019528545,0.37683317136393846
65,[0.89318227],0.390747997519186,0.5024342761820617
66,[0.87354684],0.36080125135638685,0.5127455916970685
67,[0.25079378],0.4208916844881118,0.1700979040793978
68,[0.50526605],0.36080125135638685,0.14446479427811532
69,[0.08923463],0.5431770562357151,0.45394243014836866
70,[0.96681106],0.34869434116032305,0.618116720249825
71,[0.54317706],0.34833575222559354,0.19484130401012156
72,[0.71746098],0.36080125135638685,0.35665972545721847
73,[0.65756468],0.3784884727693213,0.2790762054260174
74,[0.30427134],0.4338593535326336,0.12958801095770378
75,[0.29486979],0.4674290999429045,0.17255930572215794
76,[0.15313311],0.41116469019528545,0.2580315761995805
77,[0.17625691],0.41116469019528545,0.2349077828284597
78,[0.21050367],0.41116469019528545,0.20066102139184339
79,[0.96587657],0.44201229184246404,0.5238642775691337
80,[0.60262365],0.3545685017909902,0.2480551481424731
81,[0.28720889],0.4471065447385801,0.15989765570918985
82,[0.93722626],0.37357197959478194,0.563654277490185
83,[0.72320153],0.3472046362497365,0.3759968969555292
84,[0.57793926],0.34833575222559354,0.22960350497312265
85,[0.94717553],0.36080125135638685,0.5863742779396556
86,[0.08372972],0.44201229184246404,0.3582825715421126
87,[0.17615236],0.36080125135638685,0.18464889533092366
88,[0.4408396],0.47310970021694465,0.03227010313032885
89,[0.6025414],0.37357197959478194,0.22896941588414488
90,[0.69859461],0.3336080211430862,0.3649865907158324
91,[0.09650055],0.40954435281943774,0.3130437981980914
92,[0.57376299],0.4373494753096247,0.1364135159736966
93,[0.49284591],0.36080125135638685,0.13204465668695808
94,[0.18580392],0.44201229184246404,0.2562083672745844
95,[0.00441947],0.5135682418369328,0.5091487717751797
96,[0.10945057],0.47555053583965257,0.36609996882879325
97,[0.95816374],0.36080125135638685,0.5973624913803804
98,[0.77735378],0.36080125135638685,0.41655252576383195
99,[0.34833575],0.36080125135638685,0.012465499130793312
