,0,1,2
0,[0.01178752],0.47310970021694465,0.461322183317898
1,[0.01901833],0.49284590804334494,0.4738275788977433
2,[0.79367041],0.3784884727693213,0.41518193490071287
3,[0.10480211],0.4408395970866158,0.33603748941592604
4,[0.90923974],0.4408395970866158,0.4684001428690193
5,[0.45337349],0.4338593535326336,0.019514138857910757
6,[0.67634016],0.37357197959478194,0.3027681783972439
7,[0.81326529],0.37357197959478194,0.43969331482636775
8,[0.6690419],0.37357197959478194,0.2954699229338985
9,[0.08215837],0.47310970021694465,0.3909513284274847
10,[0.89313642],0.3923683348950337,0.5007680837029806
11,[0.40792402],0.4338593535326336,0.02593533808904358
12,[0.67083723],0.36080125135638685,0.3100359752913595
13,[0.80592916],0.40792401544359,0.39800514002732845
14,[0.76653673],0.40792401544359,0.35861271138369455
15,[0.1943064],0.4476928921165042,0.2533864966383128
16,[0.3233789],0.4476928921165042,0.12431399098857265
17,[0.12591159],0.45337349239054436,0.32746189826550176
18,[0.37357198],0.5461424070260487,0.17257042743126672
19,[0.12427168],0.49284590804334494,0.36857422930938877
20,[0.44201229],0.41116469019528545,0.03084760164717859
21,[0.20327265],0.4408395970866158,0.23756695087619006
22,[0.84087712],0.3671866154755844,0.4736905037413546
23,[0.33360802],0.47310970021694465,0.13950167907385846
24,[0.70072751],0.34905293009505256,0.35167458482845415
25,[0.68528355],0.3671866154755844,0.31809693485077617
26,[0.34649059],0.49905597683892355,0.15256538238948258
27,[0.04600275],0.47310970021694465,0.4271069541773902
28,[0.74206875],0.37357197959478194,0.36849676661925845
29,[0.19107467],0.4408395970866158,0.24976492267125205
30,[0.15091247],0.4338593535326336,0.2829468863285173
31,[0.74000453],0.37357197959478194,0.36643254738832554
32,[0.87086135],0.33493474778868626,0.5359266034967582
33,[0.64408649],0.36131245484491725,0.2827740321622393
34,[0.11853362],0.4408395970866158,0.32230598058104887
35,[0.36080125],0.44201229184246404,0.08121104048607719
36,[0.16442775],0.44201229184246404,0.27758453798928295
37,[0.13683725],0.443616422961589,0.3067791771759415
38,[0.43385935],0.4408395970866158,0.0069802435539821905
39,[0.83173396],0.37357197959478194,0.4581619759051011
40,[0.58736287],0.40792401544359,0.1794388510161128
41,[0.99936289],0.37357197959478194,0.6257909136738348
42,[0.00335226],0.4338593535326336,0.430507088953586
43,[0.28965299],0.4471065447385801,0.15745355023468305
44,[0.17006392],0.4520052991193152,0.28194137817576514
45,[0.28675414],0.4260021436409506,0.13924800167756107
46,[0.3095741],0.45337349239054436,0.1437993883817269
47,[0.12496209],0.4674290999429045,0.3424670126993653
48,[0.34905293],0.45337349239054436,0.1043205622954918
49,[0.02108999],0.45337349239054436,0.4322835047036715
50,[0.01423614],0.49284590804334494,0.47860976553600265
51,[0.69845642],0.3671866154755844,0.331269802293811
52,[0.78355893],0.38436263339998844,0.3991962973817814
53,[0.61969731],0.4373494753096247,0.1823478366652999
54,[0.83131119],0.34869434116032305,0.4826168527593224
55,[0.70061825],0.40792401544359,0.2926942330168979
56,[0.41116469],0.40792401544359,0.003240674751695427
57,[0.31105733],0.47310970021694465,0.1620523710338424
58,[0.6542805],0.40954435281943774,0.24473614787009096
59,[0.6899517],0.37357197959478194,0.3163797165680914
60,[0.54614241],0.37357197959478194,0.17257042743126672
61,[0.12513592],0.44201229184246404,0.3168763714378622
62,[0.13369291],0.45337349239054436,0.3196805823364174
63,[0.15875365],0.44201229184246404,0.28325864679895363
64,[0.03433152],0.4338593535326336,0.3995278347012866
65,[0.89318227],0.37357197959478194,0.5196102941064658
66,[0.87354684],0.41116469019528545,0.46238215285816986
67,[0.25079378],0.4338593535326336,0.18306557312391958
68,[0.50526605],0.36080125135638685,0.14446479427811532
69,[0.08923463],0.44201229184246404,0.3527776657551176
70,[0.96681106],0.38436263339998844,0.5824484280101596
71,[0.54317706],0.34905293009505256,0.19412412614066255
72,[0.71746098],0.41116469019528545,0.30629628661831987
73,[0.65756468],0.40792401544359,0.24964066275174868
74,[0.30427134],0.44201229184246404,0.13774094926753422
75,[0.29486979],0.44201229184246404,0.1471424976217175
76,[0.15313311],0.4633526307879893,0.3102195167922843
77,[0.17625691],0.44201229184246404,0.2657553844756383
78,[0.21050367],0.44201229184246404,0.23150862303902198
79,[0.96587657],0.4414259444645399,0.5244506249470577
80,[0.60262365],0.36080125135638685,0.24182239857707644
81,[0.28720889],0.47931976901252327,0.19211087998313303
82,[0.93722626],0.37357197959478194,0.563654277490185
83,[0.72320153],0.36080125135638685,0.36240028184887885
84,[0.57793926],0.40954435281943774,0.16839490437927845
85,[0.94717553],0.36080125135638685,0.5863742779396556
86,[0.08372972],0.4408395970866158,0.3571098767862644
87,[0.17615236],0.4633526307879893,0.2872002747625261
88,[0.4408396],0.44201229184246404,0.001172694755848247
89,[0.6025414],0.37357197959478194,0.22896941588414488
90,[0.69859461],0.3781298838345918,0.3204647280243268
91,[0.09650055],0.47310970021694465,0.3766091455955983
92,[0.57376299],0.4338593535326336,0.1399036377506877
93,[0.49284591],0.36080125135638685,0.13204465668695808
94,[0.18580392],0.49284590804334494,0.3070419834754653
95,[0.00441947],0.49905597683892355,0.4946365067771704
96,[0.10945057],0.4771708732155003,0.36772030620464097
97,[0.95816374],0.41116469019528545,0.5469990525414818
98,[0.77735378],0.3671866154755844,0.4101671616446344
99,[0.34833575],0.4338593535326336,0.08552360130704006
