,0,1,2
0,[0.01178752],0.47310970021694465,0.461322183317898
1,[0.01901833],0.47310970021694465,0.454091371071343
2,[0.79367041],0.40792401544359,0.38574639222644413
3,[0.10480211],0.4408395970866158,0.33603748941592604
4,[0.90923974],0.4408395970866158,0.4684001428690193
5,[0.45337349],0.4338593535326336,0.019514138857910757
6,[0.67634016],0.37357197959478194,0.3027681783972439
7,[0.81326529],0.37357197959478194,0.43969331482636775
8,[0.6690419],0.37357197959478194,0.2954699229338985
9,[0.08215837],0.47310970021694465,0.3909513284274847
10,[0.89313642],0.41116469019528545,0.48197172840272895
11,[0.40792402],0.4338593535326336,0.02593533808904358
12,[0.67083723],0.37357197959478194,0.2972652470529644
13,[0.80592916],0.40792401544359,0.39800514002732845
14,[0.76653673],0.40792401544359,0.35861271138369455
15,[0.1943064],0.45337349239054436,0.25906709691235297
16,[0.3233789],0.4476928921165042,0.12431399098857265
17,[0.12591159],0.45337349239054436,0.32746189826550176
18,[0.37357198],0.5052660456345022,0.13169406603972023
19,[0.12427168],0.4408395970866158,0.3165679183526596
20,[0.44201229],0.41116469019528545,0.03084760164717859
21,[0.20327265],0.4414259444645399,0.2381532982541142
22,[0.84087712],0.3671866154755844,0.4736905037413546
23,[0.33360802],0.4408395970866158,0.10723157594352961
24,[0.70072751],0.34869434116032305,0.35203317376318366
25,[0.68528355],0.36080125135638685,0.3244822989699737
26,[0.34649059],0.49905597683892355,0.15256538238948258
27,[0.04600275],0.45337349239054436,0.4073707463509899
28,[0.74206875],0.37357197959478194,0.36849676661925845
29,[0.19107467],0.4408395970866158,0.24976492267125205
30,[0.15091247],0.4338593535326336,0.2829468863285173
31,[0.74000453],0.3671866154755844,0.3728179115075231
32,[0.87086135],0.32337890112793155,0.547482450157513
33,[0.64408649],0.34905293009505256,0.295033556912104
34,[0.11853362],0.4408395970866158,0.32230598058104887
35,[0.36080125],0.44201229184246404,0.08121104048607719
36,[0.16442775],0.44201229184246404,0.27758453798928295
37,[0.13683725],0.443616422961589,0.3067791771759415
38,[0.43385935],0.4408395970866158,0.0069802435539821905
39,[0.83173396],0.37357197959478194,0.4581619759051011
40,[0.58736287],0.40792401544359,0.1794388510161128
41,[0.99936289],0.37357197959478194,0.6257909136738348
42,[0.00335226],0.4379358226875488,0.43458355810850124
43,[0.28965299],0.45337349239054436,0.16372049788664733
44,[0.17006392],0.44201229184246404,0.271948370898914
45,[0.28675414],0.4408395970866158,0.15408545512322624
46,[0.3095741],0.4414259444645399,0.13185184045572246
47,[0.12496209],0.47310970021694465,0.34814761297340546
48,[0.34905293],0.45337349239054436,0.1043205622954918
49,[0.02108999],0.45337349239054436,0.4322835047036715
50,[0.01423614],0.49284590804334494,0.47860976553600265
51,[0.69845642],0.36080125135638685,0.3376551664130085
52,[0.78355893],0.390747997519186,0.3928109332625839
53,[0.61969731],0.4338593535326336,0.185837958442291
54,[0.83131119],0.34905293009505256,0.4822582638245929
55,[0.70061825],0.40792401544359,0.2926942330168979
56,[0.41116469],0.40792401544359,0.003240674751695427
57,[0.31105733],0.49284590804334494,0.1817885788602427
58,[0.6542805],0.40792401544359,0.24635648524593867
59,[0.6899517],0.37357197959478194,0.3163797165680914
60,[0.54614241],0.37357197959478194,0.17257042743126672
61,[0.12513592],0.44201229184246404,0.3168763714378622
62,[0.13369291],0.45337349239054436,0.3196805823364174
63,[0.15875365],0.44201229184246404,0.28325864679895363
64,[0.03433152],0.4373494753096247,0.4030179564782777
65,[0.89318227],0.37357197959478194,0.5196102941064658
66,[0.87354684],0.41116469019528545,0.46238215285816986
67,[0.25079378],0.4338593535326336,0.18306557312391958
68,[0.50526605],0.36080125135638685,0.14446479427811532
69,[0.08923463],0.44201229184246404,0.3527776657551176
70,[0.96681106],0.36080125135638685,0.6060098100537612
71,[0.54317706],0.34905293009505256,0.19412412614066255
72,[0.71746098],0.3923683348950337,0.3250926419185716
73,[0.65756468],0.40792401544359,0.24964066275174868
74,[0.30427134],0.44201229184246404,0.13774094926753422
75,[0.29486979],0.4414259444645399,0.14655615024379337
76,[0.15313311],0.49284590804334494,0.33971279404764
77,[0.17625691],0.44201229184246404,0.2657553844756383
78,[0.21050367],0.44201229184246404,0.23150862303902198
79,[0.96587657],0.4414259444645399,0.5244506249470577
80,[0.60262365],0.36080125135638685,0.24182239857707644
81,[0.28720889],0.47931976901252327,0.19211087998313303
82,[0.93722626],0.37357197959478194,0.563654277490185
83,[0.72320153],0.3671866154755844,0.3560149177296813
84,[0.57793926],0.40954435281943774,0.16839490437927845
85,[0.94717553],0.36080125135638685,0.5863742779396556
86,[0.08372972],0.4414259444645399,0.3576962241641885
87,[0.17615236],0.44201229184246404,0.26585993581700085
88,[0.4408396],0.4338593535326336,0.0069802435539821905
89,[0.6025414],0.37357197959478194,0.22896941588414488
90,[0.69859461],0.34833575222559354,0.35025885963332504
91,[0.09650055],0.47310970021694465,0.3766091455955983
92,[0.57376299],0.4338593535326336,0.1399036377506877
93,[0.49284591],0.38598297077583615,0.10686293726750878
94,[0.18580392],0.4476928921165042,0.26188896754862456
95,[0.00441947],0.49284590804334494,0.4884264379815918
96,[0.10945057],0.5431770562357151,0.4337264892248558
97,[0.95816374],0.41116469019528545,0.5469990525414818
98,[0.77735378],0.37357197959478194,0.40378179752543686
99,[0.34833575],0.4338593535326336,0.08552360130704006
