,0,1,2
0,[0.01178752],0.47310970021694465,0.461322183317898
1,[0.01901833],0.47310970021694465,0.454091371071343
2,[0.79367041],0.34905293009505256,0.4446174775749816
3,[0.10480211],0.4408395970866158,0.33603748941592604
4,[0.90923974],0.4338593535326336,0.4753803864230015
5,[0.45337349],0.4338593535326336,0.019514138857910757
6,[0.67634016],0.34905293009505256,0.3272872278969733
7,[0.81326529],0.37357197959478194,0.43969331482636775
8,[0.6690419],0.37357197959478194,0.2954699229338985
9,[0.08215837],0.45337349239054436,0.3712151206010844
10,[0.89313642],0.37357197959478194,0.5195644390032325
11,[0.40792402],0.4338593535326336,0.02593533808904358
12,[0.67083723],0.37357197959478194,0.2972652470529644
13,[0.80592916],0.40792401544359,0.39800514002732845
14,[0.76653673],0.40792401544359,0.35861271138369455
15,[0.1943064],0.45337349239054436,0.25906709691235297
16,[0.3233789],0.44201229184246404,0.1186333907145325
17,[0.12591159],0.45337349239054436,0.32746189826550176
18,[0.37357198],0.47310970021694465,0.0995377206221627
19,[0.12427168],0.4408395970866158,0.3165679183526596
20,[0.44201229],0.41116469019528545,0.03084760164717859
21,[0.20327265],0.44201229184246404,0.2387396456320383
22,[0.84087712],0.36080125135638685,0.4800758678605521
23,[0.33360802],0.44201229184246404,0.10840427069937786
24,[0.70072751],0.34905293009505256,0.35167458482845415
25,[0.68528355],0.36080125135638685,0.3244822989699737
26,[0.34649059],0.49284590804334494,0.14635531359390397
27,[0.04600275],0.45337349239054436,0.4073707463509899
28,[0.74206875],0.37357197959478194,0.36849676661925845
29,[0.19107467],0.4408395970866158,0.24976492267125205
30,[0.15091247],0.4408395970866158,0.28992712988249947
31,[0.74000453],0.37357197959478194,0.36643254738832554
32,[0.87086135],0.3400493077962636,0.530812043489181
33,[0.64408649],0.34905293009505256,0.295033556912104
34,[0.11853362],0.4408395970866158,0.32230598058104887
35,[0.36080125],0.44201229184246404,0.08121104048607719
36,[0.16442775],0.44201229184246404,0.27758453798928295
37,[0.13683725],0.45337349239054436,0.3165362466048969
38,[0.43385935],0.4408395970866158,0.0069802435539821905
39,[0.83173396],0.3923683348950337,0.43936562060484935
40,[0.58736287],0.390747997519186,0.19661486894051683
41,[0.99936289],0.37357197959478194,0.6257909136738348
42,[0.00335226],0.4338593535326336,0.430507088953586
43,[0.28965299],0.45337349239054436,0.16372049788664733
44,[0.17006392],0.44201229184246404,0.271948370898914
45,[0.28675414],0.44201229184246404,0.1552581498790745
46,[0.3095741],0.44201229184246404,0.13243818783364658
47,[0.12496209],0.45337349239054436,0.3284114051470052
48,[0.34905293],0.45337349239054436,0.1043205622954918
49,[0.02108999],0.45337349239054436,0.4322835047036715
50,[0.01423614],0.49284590804334494,0.47860976553600265
51,[0.69845642],0.37357197959478194,0.32488443817461343
52,[0.78355893],0.40792401544359,0.37563491533817983
53,[0.61969731],0.4338593535326336,0.185837958442291
54,[0.83131119],0.3671866154755844,0.4641245784440611
55,[0.70061825],0.37357197959478194,0.327046268865706
56,[0.41116469],0.40792401544359,0.003240674751695427
57,[0.31105733],0.49284590804334494,0.1817885788602427
58,[0.6542805],0.37357197959478194,0.28070852109474675
59,[0.6899517],0.37357197959478194,0.3163797165680914
60,[0.54614241],0.37357197959478194,0.17257042743126672
61,[0.12513592],0.44201229184246404,0.3168763714378622
62,[0.13369291],0.45337349239054436,0.3196805823364174
63,[0.15875365],0.44201229184246404,0.28325864679895363
64,[0.03433152],0.4338593535326336,0.3995278347012866
65,[0.89318227],0.37357197959478194,0.5196102941064658
66,[0.87354684],0.390747997519186,0.4827988455342693
67,[0.25079378],0.4338593535326336,0.18306557312391958
68,[0.50526605],0.36080125135638685,0.14446479427811532
69,[0.08923463],0.44201229184246404,0.3527776657551176
70,[0.96681106],0.37357197959478194,0.5932390818153661
71,[0.54317706],0.34905293009505256,0.19412412614066255
72,[0.71746098],0.37357197959478194,0.3438889972188234
73,[0.65756468],0.37357197959478194,0.28399269860055676
74,[0.30427134],0.44201229184246404,0.13774094926753422
75,[0.29486979],0.44201229184246404,0.1471424976217175
76,[0.15313311],0.44201229184246404,0.2888791778467591
77,[0.17625691],0.44201229184246404,0.2657553844756383
78,[0.21050367],0.44201229184246404,0.23150862303902198
79,[0.96587657],0.4338593535326336,0.5320172158789641
80,[0.60262365],0.36080125135638685,0.24182239857707644
81,[0.28720889],0.45337349239054436,0.16616460336115413
82,[0.93722626],0.37357197959478194,0.563654277490185
83,[0.72320153],0.36080125135638685,0.36240028184887885
84,[0.57793926],0.390747997519186,0.1871912596795302
85,[0.94717553],0.36080125135638685,0.5863742779396556
86,[0.08372972],0.44201229184246404,0.3582825715421126
87,[0.17615236],0.4338593535326336,0.2577069975071704
88,[0.4408396],0.4379358226875488,0.0029037743990669718
89,[0.6025414],0.37357197959478194,0.22896941588414488
90,[0.69859461],0.3781298838345918,0.3204647280243268
91,[0.09650055],0.4476928921165042,0.3511923374951579
92,[0.57376299],0.4338593535326336,0.1399036377506877
93,[0.49284591],0.36080125135638685,0.13204465668695808
94,[0.18580392],0.44201229184246404,0.2562083672745844
95,[0.00441947],0.45337349239054436,0.4489540223287912
96,[0.10945057],0.4925946740390896,0.38314410702823026
97,[0.95816374],0.41116469019528545,0.5469990525414818
98,[0.77735378],0.37357197959478194,0.40378179752543686
99,[0.34833575],0.4338593535326336,0.08552360130704006
