,0,1,2
0,[0.01178752],0.45337349239054436,0.4415859754914977
1,[0.01901833],0.49284590804334494,0.4738275788977433
2,[0.79367041],0.34869434116032305,0.4449760665097111
3,[0.10480211],0.4414259444645399,0.33662383679385016
4,[0.90923974],0.41116469019528545,0.49807504976034966
5,[0.45337349],0.42251202186395953,0.030861470526584833
6,[0.67634016],0.36131245484491725,0.3150277031471086
7,[0.81326529],0.37357197959478194,0.43969331482636775
8,[0.6690419],0.37357197959478194,0.2954699229338985
9,[0.08215837],0.47310970021694465,0.3909513284274847
10,[0.89313642],0.37357197959478194,0.5195644390032325
11,[0.40792402],0.4338593535326336,0.02593533808904358
12,[0.67083723],0.37357197959478194,0.2972652470529644
13,[0.80592916],0.40792401544359,0.39800514002732845
14,[0.76653673],0.390747997519186,0.3757887293080986
15,[0.1943064],0.4414259444645399,0.24711954898634853
16,[0.3233789],0.44201229184246404,0.1186333907145325
17,[0.12591159],0.45337349239054436,0.32746189826550176
18,[0.37357198],0.49284590804334494,0.119273928448563
19,[0.12427168],0.46684275256498037,0.3425710738310242
20,[0.44201229],0.41116469019528545,0.03084760164717859
21,[0.20327265],0.44201229184246404,0.2387396456320383
22,[0.84087712],0.36080125135638685,0.4800758678605521
23,[0.33360802],0.4414259444645399,0.10781792332145373
24,[0.70072751],0.3549270907257197,0.345800424197787
25,[0.68528355],0.36080125135638685,0.3244822989699737
26,[0.34649059],0.49284590804334494,0.14635531359390397
27,[0.04600275],0.45337349239054436,0.4073707463509899
28,[0.74206875],0.37357197959478194,0.36849676661925845
29,[0.19107467],0.4408395970866158,0.24976492267125205
30,[0.15091247],0.4408395970866158,0.28992712988249947
31,[0.74000453],0.3671866154755844,0.3728179115075231
32,[0.87086135],0.34649059444944097,0.5243707568360035
33,[0.64408649],0.36131245484491725,0.2827740321622393
34,[0.11853362],0.4408395970866158,0.32230598058104887
35,[0.36080125],0.44201229184246404,0.08121104048607719
36,[0.16442775],0.44201229184246404,0.27758453798928295
37,[0.13683725],0.4408395970866158,0.3040023513009683
38,[0.43385935],0.4243818062651029,0.009477547267530695
39,[0.83173396],0.40792401544359,0.423809940056293
40,[0.58736287],0.37357197959478194,0.21379088686492087
41,[0.99936289],0.37357197959478194,0.6257909136738348
42,[0.00335226],0.4379358226875488,0.43458355810850124
43,[0.28965299],0.45337349239054436,0.16372049788664733
44,[0.17006392],0.49284590804334494,0.3227819870997949
45,[0.28675414],0.44201229184246404,0.1552581498790745
46,[0.3095741],0.4414259444645399,0.13185184045572246
47,[0.12496209],0.45337349239054436,0.3284114051470052
48,[0.34905293],0.47310970021694465,0.12405677012189209
49,[0.02108999],0.4476928921165042,0.42660290442963134
50,[0.01423614],0.49284590804334494,0.47860976553600265
51,[0.69845642],0.3671866154755844,0.331269802293811
52,[0.78355893],0.390747997519186,0.3928109332625839
53,[0.61969731],0.4338593535326336,0.185837958442291
54,[0.83131119],0.3671866154755844,0.4641245784440611
55,[0.70061825],0.37357197959478194,0.327046268865706
56,[0.41116469],0.40792401544359,0.003240674751695427
57,[0.31105733],0.49905597683892355,0.1879986476558213
58,[0.6542805],0.37357197959478194,0.28070852109474675
59,[0.6899517],0.37357197959478194,0.3163797165680914
60,[0.54614241],0.37357197959478194,0.17257042743126672
61,[0.12513592],0.44201229184246404,0.3168763714378622
62,[0.13369291],0.45337349239054436,0.3196805823364174
63,[0.15875365],0.44201229184246404,0.28325864679895363
64,[0.03433152],0.4373494753096247,0.4030179564782777
65,[0.89318227],0.37357197959478194,0.5196102941064658
66,[0.87354684],0.37357197959478194,0.49997486345867337
67,[0.25079378],0.4338593535326336,0.18306557312391958
68,[0.50526605],0.36080125135638685,0.14446479427811532
69,[0.08923463],0.45337349239054436,0.3641388663031979
70,[0.96681106],0.37357197959478194,0.5932390818153661
71,[0.54317706],0.34905293009505256,0.19412412614066255
72,[0.71746098],0.3671866154755844,0.3502743613380209
73,[0.65756468],0.37357197959478194,0.28399269860055676
74,[0.30427134],0.4408395970866158,0.13656825451168597
75,[0.29486979],0.44201229184246404,0.1471424976217175
76,[0.15313311],0.4414259444645399,0.28829283046883497
77,[0.17625691],0.4476928921165042,0.27143598474967845
78,[0.21050367],0.44201229184246404,0.23150862303902198
79,[0.96587657],0.4338593535326336,0.5320172158789641
80,[0.60262365],0.36080125135638685,0.24182239857707644
81,[0.28720889],0.45337349239054436,0.16616460336115413
82,[0.93722626],0.37357197959478194,0.563654277490185
83,[0.72320153],0.36080125135638685,0.36240028184887885
84,[0.57793926],0.390747997519186,0.1871912596795302
85,[0.94717553],0.36080125135638685,0.5863742779396556
86,[0.08372972],0.4408395970866158,0.3571098767862644
87,[0.17615236],0.44201229184246404,0.26585993581700085
88,[0.4408396],0.4338593535326336,0.0069802435539821905
89,[0.6025414],0.37357197959478194,0.22896941588414488
90,[0.69859461],0.3784884727693213,0.3201061390895973
91,[0.09650055],0.44201229184246404,0.3455117372211177
92,[0.57376299],0.41116469019528545,0.16259830108803586
93,[0.49284591],0.3671866154755844,0.12565929256776054
94,[0.18580392],0.4476928921165042,0.26188896754862456
95,[0.00441947],0.4476928921165042,0.44327342205475107
96,[0.10945057],0.5242215509351087,0.4147709839242494
97,[0.95816374],0.40954435281943774,0.5486193899173295
98,[0.77735378],0.37357197959478194,0.40378179752543686
99,[0.34833575],0.4338593535326336,0.08552360130704006
