,0,1,2
0,[0.01178752],0.44201229184246404,0.4302247749434174
1,[0.01901833],0.44201229184246404,0.4229939626968624
2,[0.79367041],0.37357197959478194,0.4200984280752522
3,[0.10480211],0.44201229184246404,0.3372101841717743
4,[0.90923974],0.40792401544359,0.5013157245120451
5,[0.45337349],0.40792401544359,0.04544947694695434
6,[0.67634016],0.37357197959478194,0.3027681783972439
7,[0.81326529],0.37357197959478194,0.43969331482636775
8,[0.6690419],0.40792401544359,0.2611178870850904
9,[0.08215837],0.44201229184246404,0.3598539200530041
10,[0.89313642],0.37357197959478194,0.5195644390032325
11,[0.40792402],0.4408395970866158,0.03291558164302577
12,[0.67083723],0.37357197959478194,0.2972652470529644
13,[0.80592916],0.37357197959478194,0.43235717587613653
14,[0.76653673],0.37357197959478194,0.39296474723250263
15,[0.1943064],0.44201229184246404,0.24770589636427265
16,[0.3233789],0.44201229184246404,0.1186333907145325
17,[0.12591159],0.44201229184246404,0.31610069771742144
18,[0.37357198],0.44201229184246404,0.0684403122476821
19,[0.12427168],0.44201229184246404,0.3177406131085079
20,[0.44201229],0.40792401544359,0.03408827639887402
21,[0.20327265],0.44201229184246404,0.2387396456320383
22,[0.84087712],0.37357197959478194,0.46730513962215703
23,[0.33360802],0.4414259444645399,0.10781792332145373
24,[0.70072751],0.37357197959478194,0.32715553532872477
25,[0.68528355],0.37357197959478194,0.3117115707315786
26,[0.34649059],0.45337349239054436,0.1068828979411034
27,[0.04600275],0.45337349239054436,0.4073707463509899
28,[0.74206875],0.37357197959478194,0.36849676661925845
29,[0.19107467],0.4408395970866158,0.24976492267125205
30,[0.15091247],0.44201229184246404,0.2910998246383477
31,[0.74000453],0.37357197959478194,0.36643254738832554
32,[0.87086135],0.37357197959478194,0.49728937169066256
33,[0.64408649],0.40792401544359,0.2361624715635665
34,[0.11853362],0.44201229184246404,0.3234786753368971
35,[0.36080125],0.44201229184246404,0.08121104048607719
36,[0.16442775],0.44201229184246404,0.27758453798928295
37,[0.13683725],0.45337349239054436,0.3165362466048969
38,[0.43385935],0.41116469019528545,0.022694663337348153
39,[0.83173396],0.37357197959478194,0.4581619759051011
40,[0.58736287],0.37357197959478194,0.21379088686492087
41,[0.99936289],0.37357197959478194,0.6257909136738348
42,[0.00335226],0.44201229184246404,0.43866002726341646
43,[0.28965299],0.44201229184246404,0.152359297338567
44,[0.17006392],0.44201229184246404,0.271948370898914
45,[0.28675414],0.44201229184246404,0.1552581498790745
46,[0.3095741],0.44201229184246404,0.13243818783364658
47,[0.12496209],0.45337349239054436,0.3284114051470052
48,[0.34905293],0.44201229184246404,0.09295936174741148
49,[0.02108999],0.44201229184246404,0.4209223041555912
50,[0.01423614],0.45337349239054436,0.4391373498832021
51,[0.69845642],0.37357197959478194,0.32488443817461343
52,[0.78355893],0.40792401544359,0.37563491533817983
53,[0.61969731],0.37357197959478194,0.24612533238014267
54,[0.83131119],0.37357197959478194,0.45773921432486353
55,[0.70061825],0.37357197959478194,0.327046268865706
56,[0.41116469],0.4338593535326336,0.022694663337348153
57,[0.31105733],0.44201229184246404,0.1309549626593618
58,[0.6542805],0.40792401544359,0.24635648524593867
59,[0.6899517],0.37357197959478194,0.3163797165680914
60,[0.54614241],0.37357197959478194,0.17257042743126672
61,[0.12513592],0.44201229184246404,0.3168763714378622
62,[0.13369291],0.44201229184246404,0.30831938178833707
63,[0.15875365],0.44201229184246404,0.28325864679895363
64,[0.03433152],0.4408395970866158,0.4065080782552688
65,[0.89318227],0.37357197959478194,0.5196102941064658
66,[0.87354684],0.37357197959478194,0.49997486345867337
67,[0.25079378],0.4408395970866158,0.19004581667790177
68,[0.50526605],0.37357197959478194,0.13169406603972023
69,[0.08923463],0.45337349239054436,0.3641388663031979
70,[0.96681106],0.37357197959478194,0.5932390818153661
71,[0.54317706],0.37357197959478194,0.16960507664093316
72,[0.71746098],0.37357197959478194,0.3438889972188234
73,[0.65756468],0.37357197959478194,0.28399269860055676
74,[0.30427134],0.44201229184246404,0.13774094926753422
75,[0.29486979],0.45337349239054436,0.1585036981697978
76,[0.15313311],0.44201229184246404,0.2888791778467591
77,[0.17625691],0.44201229184246404,0.2657553844756383
78,[0.21050367],0.44201229184246404,0.23150862303902198
79,[0.96587657],0.40792401544359,0.5579525539680077
80,[0.60262365],0.37357197959478194,0.22905167033868135
81,[0.28720889],0.44201229184246404,0.1548034028130738
82,[0.93722626],0.37357197959478194,0.563654277490185
83,[0.72320153],0.37357197959478194,0.34962955361048376
84,[0.57793926],0.37357197959478194,0.20436727760393425
85,[0.94717553],0.37357197959478194,0.5736035497012605
86,[0.08372972],0.44201229184246404,0.3582825715421126
87,[0.17615236],0.4408395970866158,0.2646872410611526
88,[0.4408396],0.41116469019528545,0.029674906891330344
89,[0.6025414],0.40792401544359,0.1946173800353368
90,[0.69859461],0.40792401544359,0.29067059641532855
91,[0.09650055],0.44201229184246404,0.3455117372211177
92,[0.57376299],0.40792401544359,0.16583897583973128
93,[0.49284591],0.40792401544359,0.08492189259975491
94,[0.18580392],0.44201229184246404,0.2562083672745844
95,[0.00441947],0.45337349239054436,0.4489540223287912
96,[0.10945057],0.44201229184246404,0.33256172483160473
97,[0.95816374],0.37357197959478194,0.5845917631419854
98,[0.77735378],0.37357197959478194,0.40378179752543686
99,[0.34833575],0.4408395970866158,0.09250384486102226
