,0,1,2
0,[0.80854818],"[(1.0, 0.7885535966890512), (1.0, 0.6028919521099094), (1.0, 0.49263482760184596), (1.0, 0.4707800596818771), (1.0, 0.32120641918427717)]",0.3199875858841812
1,[0.71276249],"[(1.0, 0.6898503037263533), (1.0, 0.6206053920132184), (1.0, 0.6155387978802663), (1.0, 0.5766187371511945), (1.0, 0.22449264758767196)]",0.08887069250840807
2,[0.70652763],"[(1.0, 0.6865330457903529), (1.0, 0.5008714012112111), (1.0, 0.39061427670314763), (1.0, 0.36875950878317876), (1.0, 0.2843183932079856)]",0.21796703498548287
3,[0.0921571],"[(1.0, 0.8374341751622154), (1.0, 0.8243806752320716), (1.0, 0.8111430476178731), (1.0, 0.7880175653143625), (1.0, 0.7731986519980141)]",0.6206053920132184
4,[0.71650192],"[(1.0, 0.6774721964825101), (1.0, 0.5728958743835233), (1.0, 0.1775189714737272), (1.0, 0.17422930467914288), (1.0, 0.1561428919404031)]",0.023564490663345317
5,[0.99084602],"[(1.0, 0.9708514389983385), (1.0, 0.7851897944191967), (1.0, 0.6749326699111332), (1.0, 0.6530779019911643), (1.0, 0.5035042614935644)]",0.5022854281934684
6,[0.4612583],"[(1.0, 0.49545353107545587), (1.0, 0.47632623105389027), (1.0, 0.4580186089587993), (1.0, 0.4530026672515688), (1.0, 0.45289901802207067)]",0.29813265756304574
7,[0.72588718],"[(1.0, 0.6868574613203413), (1.0, 0.5822811392213545), (1.0, 0.18361456951697408), (1.0, 0.168133706635896), (1.0, 0.1467576271025719)]",0.00948659340659852
8,[0.74158486],"[(1.0, 0.7215902741498862), (1.0, 0.5359286295707444), (1.0, 0.4256715050626809), (1.0, 0.40381673714271205), (1.0, 0.25424309664511213)]",0.25302426334501615
9,[0.9192769],"[(1.0, 0.8386947414406571), (1.0, 0.8287794799901091), (1.0, 0.6039036966918887), (1.0, 0.6031086352660228), (1.0, 0.4973443956463932)]",0.19779639848122244
10,[0.75939095],"[(1.0, 0.6788087900449036), (1.0, 0.6688935285943556), (1.0, 0.44401774529613514), (1.0, 0.4432226838702692), (1.0, 0.33745844425063964)]",0.03791044708546887
11,[0.16184433],"[(1.0, 0.7999918809616127), (1.0, 0.7768654146411449), (1.0, 0.705521990148831), (1.0, 0.6882843190008388), (1.0, 0.6383615935162396)]",0.5986066122197552
12,[0.54227261],"[(1.0, 0.5032428918033672), (1.0, 0.3986665697043804), (1.0, 0.3517482761528701), (1.0, 0.330372196619546), (1.0, 0.3185195230655484)]",0.1977937953424882
13,[0.86736632],"[(1.0, 0.712722819632774), (1.0, 0.7103786056482124), (1.0, 0.705521990148831), (1.0, 0.6559562379097272), (1.0, 0.6346083892210377)]",0.4035174450903176
14,[0.80964527],"[(1.0, 0.7706155512288846), (1.0, 0.6660392291298978), (1.0, 0.26737265942551736), (1.0, 0.1927608206015763), (1.0, 0.18136070368869628)]",0.08845072232745887
15,[0.26719937],"[(1.0, 0.6946368468979243), (1.0, 0.6715103805774565), (1.0, 0.6001669560851426), (1.0, 0.5829292849371503), (1.0, 0.5330065594525512)]",0.4932515781560668
16,[0.96183621],"[(1.0, 0.8071927104455556), (1.0, 0.8048484964609941), (1.0, 0.7999918809616127), (1.0, 0.7504261287225089), (1.0, 0.7290782800338194)]",0.4979873359030993
17,[0.90330014],"[(1.0, 0.880387959331008), (1.0, 0.8111430476178731), (1.0, 0.8060764534849211), (1.0, 0.7671563927558492), (1.0, 0.4150303031923267)]",0.2794083481130628
18,[0.93758453],"[(1.0, 0.8570023635357481), (1.0, 0.8470871020852001), (1.0, 0.6222113187869797), (1.0, 0.6214162573611137), (1.0, 0.5156520177414842)]",0.2161040205763134
19,[0.85698225],"[(1.0, 0.7764000849425182), (1.0, 0.7664848234919702), (1.0, 0.5416090401937498), (1.0, 0.5408139787678838), (1.0, 0.4350497391482543)]",0.1355017419830835
20,[0.09049742],"[(1.0, 0.8662144021067657), (1.0, 0.8470871020852001), (1.0, 0.8287794799901091), (1.0, 0.8237635382828786), (1.0, 0.8236598890533805)]",0.6688935285943556
21,[0.95263189],"[(1.0, 0.9326373111080344), (1.0, 0.7469756665288926), (1.0, 0.6367185420208291), (1.0, 0.6148637741008602), (1.0, 0.4652901336032603)]",0.46407130030316435
22,[0.88532056],"[(1.0, 0.865325980803443), (1.0, 0.6796643362243012), (1.0, 0.5694072117162378), (1.0, 0.5475524437962689), (1.0, 0.39797880329866897)]",0.396759969998573
23,[0.86535575],"[(1.0, 0.8424435637111489), (1.0, 0.7731986519980141), (1.0, 0.768132057865062), (1.0, 0.7292119971359902), (1.0, 0.3770859075724676)]",0.24146395249320374
24,[0.68449598],"[(1.0, 0.6454662604611109), (1.0, 0.5408899383621241), (1.0, 0.20952490749512642), (1.0, 0.18814882796180232), (1.0, 0.17629615440780477)]",0.055570426684744545
25,[0.87264481],"[(1.0, 0.8336150884229132), (1.0, 0.7290387663239264), (1.0, 0.330372196619546), (1.0, 0.2557603577956049), (1.0, 0.2443602408827249)]",0.1514502595214875
26,[0.58735654],"[(1.0, 0.5644443609462839), (1.0, 0.49519944923314907), (1.0, 0.490132855100197), (1.0, 0.45121279437112516), (1.0, 0.34223472592906634)]",0.12540594278006933
27,[0.72108784],"[(1.0, 0.6981756555774442), (1.0, 0.6289307438643094), (1.0, 0.6238641497313573), (1.0, 0.5849440890022855), (1.0, 0.2328179994387629)]",0.09719604435949902
28,[0.21141009],"[(1.0, 0.7504261287225089), (1.0, 0.7272996624020411), (1.0, 0.6559562379097272), (1.0, 0.638718566761735), (1.0, 0.5887958412771358)]",0.5490408599806514
29,[0.76045095],"[(1.0, 0.6058074417036982), (1.0, 0.6034632277191366), (1.0, 0.5986066122197552), (1.0, 0.5490408599806514), (1.0, 0.5276930112919619)]",0.2966020671612418
30,[0.48734176],"[(1.0, 0.5035042614935644), (1.0, 0.46734717750477406), (1.0, 0.4652901336032603), (1.0, 0.39797880329866897), (1.0, 0.32120641918427717)]",0.21918586828557884
31,[0.42193251],"[(1.0, 0.5347793177630498), (1.0, 0.5156520177414842), (1.0, 0.4973443956463932), (1.0, 0.4923284539391627), (1.0, 0.49222480470966457)]",0.33745844425063964
32,[0.33776812],"[(1.0, 0.6530779019911643), (1.0, 0.6148637741008602), (1.0, 0.5475524437962689), (1.0, 0.4707800596818771), (1.0, 0.40381673714271205)]",0.36875950878317876
33,[0.01999458],"[(1.0, 0.9708514389983385), (1.0, 0.9326373111080344), (1.0, 0.865325980803443), (1.0, 0.7885535966890512), (1.0, 0.7215902741498862)]",0.6865330457903529
34,[0.31616827],"[(1.0, 0.6405435573826793), (1.0, 0.6214162573611137), (1.0, 0.6031086352660228), (1.0, 0.5980926935587922), (1.0, 0.5979890443292941)]",0.4432226838702692
35,[0.14360605],"[(1.0, 0.7504148458572505), (1.0, 0.7290387663239264), (1.0, 0.7171860927699288), (1.0, 0.6892474968950192), (1.0, 0.6660392291298978)]",0.5964603650468686
36,[0.91653777],"[(1.0, 0.8936255869452064), (1.0, 0.8243806752320716), (1.0, 0.8193140810991195), (1.0, 0.7803940203700477), (1.0, 0.42826793080652514)]",0.29264597572726125
37,[0.13614375],"[(1.0, 0.7934475203001915), (1.0, 0.7803940203700477), (1.0, 0.7671563927558492), (1.0, 0.7440309104523386), (1.0, 0.7292119971359902)]",0.5766187371511945
38,[0.46384888],"[(1.0, 0.4979873359030993), (1.0, 0.4748608695826315), (1.0, 0.4035174450903176), (1.0, 0.3862797739423254), (1.0, 0.3363570484577262)]",0.2966020671612418
39,[0.48826984],"[(1.0, 0.4653576561386813), (1.0, 0.44132143073666896), (1.0, 0.42826793080652514), (1.0, 0.4150303031923267), (1.0, 0.39611274442554645)]",0.22449264758767196
40,[0.85012865],"[(1.0, 0.6954851484847817), (1.0, 0.6931409345002202), (1.0, 0.6882843190008388), (1.0, 0.638718566761735), (1.0, 0.6173707180730454)]",0.3862797739423254
41,[0.92959127],"[(1.0, 0.9066790868753503), (1.0, 0.8374341751622154), (1.0, 0.8323675810292633), (1.0, 0.7934475203001915), (1.0, 0.44132143073666896)]",0.3056994756574051
42,[0.08058216],"[(1.0, 0.8761296635573137), (1.0, 0.8570023635357481), (1.0, 0.8386947414406571), (1.0, 0.8336787997334266), (1.0, 0.8335751505039285)]",0.6788087900449036
43,[0.91415731],"[(1.0, 0.8335751505039285), (1.0, 0.8236598890533805), (1.0, 0.5987841057551601), (1.0, 0.5979890443292941), (1.0, 0.49222480470966457)]",0.1926768075444938
44,[0.48856059],"[(1.0, 0.5022854281934684), (1.0, 0.46856601080487004), (1.0, 0.46407130030316435), (1.0, 0.396759969998573), (1.0, 0.3199875858841812)]",0.21796703498548287
45,[0.31537321],"[(1.0, 0.6413386188085453), (1.0, 0.6222113187869797), (1.0, 0.6039036966918887), (1.0, 0.5988877549846582), (1.0, 0.5987841057551601)]",0.44401774529613514
46,[0.93870975],"[(1.0, 0.7840662441250879), (1.0, 0.7817220301405263), (1.0, 0.7768654146411449), (1.0, 0.7272996624020411), (1.0, 0.7059518137133516)]",0.4748608695826315
47,[0.61688445],"[(1.0, 0.5778547306273083), (1.0, 0.4732784085283215), (1.0, 0.277136437328929), (1.0, 0.2557603577956049), (1.0, 0.24390768424160736)]",0.12318195651854713
48,[0.75424564],"[(1.0, 0.7152159129713697), (1.0, 0.6106395908723828), (1.0, 0.21197302116800243), (1.0, 0.13977525498486765), (1.0, 0.13736118234406136)]",0.03305108406994395
49,[0.09722369],"[(1.0, 0.8323675810292633), (1.0, 0.8193140810991195), (1.0, 0.8060764534849211), (1.0, 0.7829509711814104), (1.0, 0.768132057865062)]",0.6155387978802663
50,[0.72148051],"[(1.0, 0.6408983429594347), (1.0, 0.6309830815088867), (1.0, 0.40610729821066627), (1.0, 0.40531223678480033), (1.0, 0.2995479971651708)]",0.03791044708546887
51,[0.89402089],"[(1.0, 0.8549911679562373), (1.0, 0.7504148458572505), (1.0, 0.3517482761528701), (1.0, 0.277136437328929), (1.0, 0.265736320416049)]",0.1728263390548116
52,[0.62828457],"[(1.0, 0.5892548475401883), (1.0, 0.4846785254412015), (1.0, 0.265736320416049), (1.0, 0.2443602408827249), (1.0, 0.23250756732872735)]",0.11178183960566712
53,[0.15698772],"[(1.0, 0.8048484964609941), (1.0, 0.7817220301405263), (1.0, 0.7103786056482124), (1.0, 0.6931409345002202), (1.0, 0.643218209015621)]",0.6034632277191366
54,[0.88017466],"[(1.0, 0.8572624770274974), (1.0, 0.7880175653143625), (1.0, 0.7829509711814104), (1.0, 0.7440309104523386), (1.0, 0.39190482088881606)]",0.2562828658095522
55,[0.83285354],"[(1.0, 0.793823818994006), (1.0, 0.6892474968950192), (1.0, 0.29058092719063877), (1.0, 0.2159690883666977), (1.0, 0.2045689714538177)]",0.11165899009258029
56,[0.1546435],"[(1.0, 0.8071927104455556), (1.0, 0.7840662441250879), (1.0, 0.712722819632774), (1.0, 0.6954851484847817), (1.0, 0.6455624230001825)]",0.6058074417036982
57,[0.03902972],"[(1.0, 0.8549911679562373), (1.0, 0.8336150884229132), (1.0, 0.8217624148689157), (1.0, 0.793823818994006), (1.0, 0.7706155512288846)]",0.7010366871458554
58,[0.31591335],"[(1.0, 0.6749326699111332), (1.0, 0.6367185420208291), (1.0, 0.5694072117162378), (1.0, 0.49263482760184596), (1.0, 0.4256715050626809)]",0.39061427670314763
59,[0.02291218],"[(1.0, 0.9066790868753503), (1.0, 0.8936255869452064), (1.0, 0.880387959331008), (1.0, 0.8572624770274974), (1.0, 0.8424435637111489)]",0.6898503037263533
60,[0.86079214],"[(1.0, 0.8217624148689157), (1.0, 0.7171860927699288), (1.0, 0.3185195230655484), (1.0, 0.24390768424160736), (1.0, 0.23250756732872735)]",0.13959758596748995
61,[0.76543242],"[(1.0, 0.7264026975409412), (1.0, 0.6218263754419544), (1.0, 0.223159805737574), (1.0, 0.14854796691363292), (1.0, 0.1371478500007529)]",0.04423786863951551
62,[0.95671183],"[(1.0, 0.8761296635573137), (1.0, 0.8662144021067657), (1.0, 0.6413386188085453), (1.0, 0.6405435573826793), (1.0, 0.5347793177630498)]",0.235231320597879
63,[0.23275793],"[(1.0, 0.7290782800338194), (1.0, 0.7059518137133516), (1.0, 0.6346083892210377), (1.0, 0.6173707180730454), (1.0, 0.5674479925884462)]",0.5276930112919619
64,[0.79621824],"[(1.0, 0.6415747341284138), (1.0, 0.6392305201438523), (1.0, 0.6343739046444709), (1.0, 0.5848081524053671), (1.0, 0.5634603037166775)]",0.3323693595859575
65,[0.20565623],"[(1.0, 0.7851897944191967), (1.0, 0.7469756665288926), (1.0, 0.6796643362243012), (1.0, 0.6028919521099094), (1.0, 0.5359286295707444)]",0.5008714012112111
66,[0.80020593],"[(1.0, 0.6455624230001825), (1.0, 0.643218209015621), (1.0, 0.6383615935162396), (1.0, 0.5887958412771358), (1.0, 0.5674479925884462)]",0.3363570484577262
67,[0.6238918],"[(1.0, 0.6009796112179452), (1.0, 0.5317346995048103), (1.0, 0.5266681053718583), (1.0, 0.4877480446427864), (1.0, 0.3056994756574051)]",0.08887069250840807
68,[0.91426096],"[(1.0, 0.8336787997334266), (1.0, 0.8237635382828786), (1.0, 0.5988877549846582), (1.0, 0.5980926935587922), (1.0, 0.4923284539391627)]",0.19278045677399192
