,0,1,2
0,[17.72735076],15.765409687963919,14.744455658331901
1,[15.85932658],13.886490579557343,12.784055225851123
2,[19.26465905],17.47497000084919,14.60494765141202
3,[15.90111705],14.111428007390135,11.241405657952965
4,[17.94350025],15.003418545119683,13.153482666048559
5,[15.6038745],13.814185456933197,10.944163107496028
6,[17.77349375],14.833412046804957,12.983476167733832
7,[15.41013089],13.437294894587112,12.334859540880892
8,[19.96352587],17.694191489058504,16.491153329331404
9,[16.26359631],14.301655239820516,13.2807012101885
10,[17.66480007],15.875111020894384,13.00508867145721
11,[19.46069549],16.520613781949514,14.670677902878394
12,[16.21046813],13.941133743783471,12.73809558405637
13,[17.0881037],15.115267699753167,14.012832346046947
14,[19.33972742],16.399645713692927,14.549709834621803
15,[1.43165121],7.46901978904136,1.7468571166964513
16,[0.68849832],15.212503428389516,4.274587999423719
17,[0.25396801],14.386360790199053,4.5132253252986825
18,[4.64145436],11.980911103376908,0.32163195981708714
19,[3.89975071],6.665741069549645,0.9168556143764968
20,[3.47237254],6.943432047386205,0.40033283282201637
21,[4.76719334],10.782702944913769,0.10748194095409058
22,[4.6597114],10.847192109486226,0.10748194095409058
23,[1.03699769],10.207230951654012,2.8947933281363003
24,[1.11678491],14.784216834677167,3.8463014057113707
25,[4.98759182],11.773228623395003,0.19757424013767722
26,[2.46031652],7.28616883328535,1.4123888532902038
27,[1.12887437],8.617610984384367,2.7438310043892185
28,[4.93858081],11.80263523157831,0.12405771967940904
29,[3.78295371],12.496011494489917,1.1801326116721005
30,[2.91291495],11.895269974389567,1.8542783824596585
31,[2.83013576],7.071879404814797,1.0425696199649788
32,[1.85921687],7.041454126088946,1.3192914537440381
33,[2.26481781],6.651853771570013,0.9136905086068254
34,[4.08634153],7.043234382047491,0.6139689853571397
35,[0.51003263],10.734196008193015,3.4217583846753024
36,[4.58578232],8.444949703969835,1.5105109756144577
37,[0.21935594],14.420972864967364,4.54783740006699
38,[2.87274299],8.78755756999522,1.0590480195759429
39,[0.90249493],13.73783386807725,3.8646984031768783
40,[3.17850832],6.52149259173396,0.19561322529807068
41,[4.47071723],12.08335337868023,0.4923690853226228
42,[3.2777997],8.70654622819023,0.4514629560385144
43,[1.27112435],7.629546642649961,1.9073839703050537
44,[2.9828951],6.482369946674346,0.19561322529807068
45,[4.59938588],7.145843251479842,1.1270133325188887
46,[3.87270538],7.000507151540466,0.40033283282201637
47,[1.45497272],8.29151263227432,2.4177326522791716
48,[3.43414888],6.572620702678331,0.4512537800199228
49,[2.16660696],9.18669799310891,1.7651840509098977
