,0,1,2
0,[17.72735076],12.698745941573803,14.744455658331901
1,[15.85932658],13.914412847530963,11.986621197934644
2,[19.26465905],13.124375079454898,16.086150725292775
3,[15.90111705],8.55996733485145,11.921593600473482
4,[17.94350025],12.730890145908049,13.816664781227665
5,[15.6038745],13.814571391171622,12.326074799688108
6,[17.77349375],12.594884947256267,13.646658282912938
7,[15.41013089],13.465636043088924,12.132331186368415
8,[19.96352587],17.712566826378527,16.491153329331404
9,[16.26359631],13.512071677195014,12.829447430168576
10,[17.66480007],15.853614632703563,13.00508867145721
11,[19.46069549],16.674363578118452,14.989978254882761
12,[16.21046813],13.407414818625412,12.427514422244698
13,[17.0881037],12.012221531356433,12.50232137043249
14,[19.33972742],17.162362728127754,14.698273061120634
15,[1.43165121],6.971295285626816,2.002497671418303
16,[0.68849832],8.66643199934059,3.952956039606632
17,[0.25396801],11.278867071046246,4.5132253252986825
18,[4.64145436],6.721997478413212,0.11320457932611294
19,[3.89975071],9.151519445901059,0.9168556143764968
20,[3.47237254],3.6710398695161657,0.40033283282201637
21,[4.76719334],9.434828218262835,0.10748194095409058
22,[4.6597114],8.50345795275842,1.381911692192081
23,[1.03699769],11.117909948363009,3.548784638687291
24,[1.11678491],5.509643749692297,3.5246694458942835
25,[4.98759182],4.789474214327615,1.515219280303195
26,[2.46031652],10.040271062573353,1.6260250058253272
27,[1.12887437],4.690497688122877,2.7438310043892185
28,[4.93858081],8.370659510924801,0.35279848614435405
29,[3.78295371],7.536580640469651,0.8585006518550133
30,[2.91291495],10.00063237949098,1.1734265752526127
31,[2.83013576],6.757465615926191,1.0696149539507283
32,[1.85921687],3.7038137266574354,1.4185828354327121
33,[2.26481781],0.863096517372114,0.9633361994511622
34,[4.08634153],3.9166274636590215,0.6139689853571397
35,[0.51003263],7.891123868081129,3.3897180815140637
36,[4.58578232],8.802075285853968,1.3079826211019814
37,[0.21935594],7.5803615111169504,4.366426388022799
38,[2.87274299],1.474549743392695,0.5614058820581302
39,[0.90249493],10.74896207531942,3.7480879432510825
40,[3.17850832],9.288352308229216,0.2556405547218521
41,[4.47071723],9.247104046624893,0.17073712550553566
42,[3.2777997],3.8606270586350404,0.5949056734040026
43,[1.27112435],4.180948363419133,2.1630245250269056
44,[2.9828951],9.366597598348445,0.4512537800199228
45,[4.59938588],8.220182559854344,0.513044347161749
46,[3.87270538],6.11852127942222,0.21363615253512336
47,[1.45497272],4.221105082441843,2.4177326522791716
48,[3.43414888],3.9332182618980043,0.03822366754880813
49,[2.16660696],4.73823626015205,1.3057655809408932
