,0,1,2
0,[0.54547015],0.20305986142950933,0.029078447925978357
1,[0.17186532],0.6192238217743584,0.4638363493945358
2,[0.85293181],0.6463627842409009,0.3074616584517891
3,[0.18022341],0.6527989302719364,0.39432518816600015
4,[0.58870005],0.2544784453314394,0.043229899090181156
5,[0.1207749],0.45253216341427616,0.4339238497586453
6,[0.55469875],0.24222736871143774,0.0626354456735072
7,[0.08202618],0.6633771450581696,0.4925224209213265
8,[0.99270517],0.515288945024215,0.4597451612528195
9,[0.25271926],0.3698434358572231,0.31330789004745385
10,[0.53296001],0.35153716029652476,0.04560578143629779
11,[0.8921391],0.49727886625229745,0.35917908399532084
12,[0.24209363],0.3275482372740534,0.32253004901796667
13,[0.41762074],0.3695504488486006,0.17501879567403722
14,[0.86794548],0.4345834680818871,0.37588217905110166
15,[0.28633024],0.5144326641230494,0.30236980903623745
16,[0.13769966],0.7129939908982926,0.4448833272088948
17,[0.0507936],0.8922234343138985,0.5379064477897145
18,[0.92829087],0.26605843854649497,0.36226372016192954
19,[0.77995014],0.38352847731102774,0.23447999120891916
20,[0.69447451],0.4521167675573586,0.149004357847366
21,[0.95343867],0.6225561273440853,0.4409270082529252
22,[0.93194228],0.5511908310034312,0.4398789744156565
23,[0.20739954],0.20977074946458477,0.3472992132133289
24,[0.22335698],0.4146966809916316,0.3370059685211583
25,[0.99751836],0.5757024275781473,0.46455835144717794
26,[0.4920633],0.3255158424067493,0.10451571457989128
27,[0.22577487],0.6227557060594796,0.34025227688484794
28,[0.98771616],0.5698980465127934,0.4131675632542575
29,[0.75659074],0.5409120994596822,0.31344826354417227
30,[0.58258299],0.2823876308531597,0.04336790863785789
31,[0.56602715],0.2617974671561372,0.03306713795794647
32,[0.37184337],0.36041670242339424,0.1828553767828094
33,[0.45296356],0.4010947675727854,0.12158503625410944
34,[0.81726831],0.5041985340059174,0.28430829245796696
35,[0.10200653],0.5351818081504509,0.47254207301987194
36,[0.91715646],0.582754875947094,0.371686313951365
37,[0.04387119],0.7401391553316282,0.5387118035214663
38,[0.5745486],0.20563397483730333,0.008521447507204849
39,[0.18049899],0.4494146845362126,0.385528164693946
40,[0.63570166],0.3392295365934158,0.10274165093240695
41,[0.89414345],0.4659385269162925,0.3440589957659782
42,[0.65555994],0.4304200553511507,0.1163448585005552
43,[0.25422487],0.3858143452512063,0.2912452806677768
44,[0.59657902],0.32102766158609725,0.1240655856208211
45,[0.91987718],0.5335868117876755,0.36517842492390806
46,[0.77454108],0.28435400433611296,0.22907092441176924
47,[0.29099454],0.5394738654096533,0.29158844591233646
48,[0.68682978],0.33876687579572307,0.1413596243376044
49,[0.43332139],0.28860027795872495,0.15537865743099377
