,0,1,2
0,[0.54547015],0.2510052897978257,0.029078447925978357
1,[0.17186532],0.6086000870693659,0.4107176758695732
2,[0.85293181],0.5858888224336535,0.31997179599096204
3,[0.18022341],0.6810708551394573,0.39432518816600015
4,[0.58870005],0.2950194903877497,0.02267289867140765
5,[0.1207749],0.45253216341427616,0.4339238497586453
6,[0.55469875],0.1984028354751184,0.02173873696640871
7,[0.08202618],0.6609641242945214,0.48826169716772405
8,[0.99270517],0.5647136165460409,0.4597451612528195
9,[0.25271926],0.42895545148172876,0.32890506313676005
10,[0.53296001],0.35492211289468195,0.03732786171154889
11,[0.8921391],0.6873512622860126,0.40007579270241933
12,[0.24209363],0.40201907957811434,0.33245497326733797
13,[0.41762074],0.36955044884860067,0.168020781441363
14,[0.86794548],0.4107586456272657,0.31324673337759446
15,[0.28633024],0.37920655036974316,0.2962527498143277
16,[0.13769966],0.6020206778721088,0.4448833272088948
17,[0.0507936],0.8642380276854535,0.5418459324114339
18,[0.92829087],0.33430237509701133,0.36226372016192954
19,[0.77995014],0.45402491932040867,0.24699012874809212
20,[0.69447451],0.4760744224287391,0.149004357847366
21,[0.95343867],0.6168308719474784,0.4142235851297895
22,[0.93194228],0.4116060381625778,0.4398789744156565
23,[0.20739954],0.3520397578048973,0.3472992132133289
24,[0.22335698],0.43621448254938383,0.3313417680253894
25,[0.99751836],0.6450362168693768,0.46455835144717794
26,[0.4920633],0.3620835946345332,0.09051968611454286
27,[0.22577487],0.5201983236828385,0.3289238758933102
28,[0.98771616],0.5698980465127933,0.42168901076146237
29,[0.75659074],0.49452754378292063,0.22363072774887338
30,[0.58258299],0.2584270142859232,0.03711283986827141
31,[0.56602715],0.22522639179957538,0.011328400991537757
32,[0.37184337],0.37575639405005434,0.19418377777434714
33,[0.45296356],0.33658071150609525,0.12158503625410944
34,[0.81726831],0.575503845652942,0.271798154918794
35,[0.10200653],0.5165428229926492,0.4640206255126671
36,[0.91715646],0.6898044721931368,0.38419645149053794
37,[0.04387119],0.5094318596533444,0.5346946075503197
38,[0.5745486],0.28025016662600405,0.029078447925978357
39,[0.18049899],0.39291913040460447,0.385528164693946
40,[0.63570166],0.33548756548187575,0.10274165093240695
41,[0.89414345],0.3628571177142969,0.3281162950608225
42,[0.65555994],0.47752738310184606,0.08953278931219522
43,[0.25422487],0.38151506761304266,0.3004738800950125
44,[0.59657902],0.33197163521099293,0.10451571457989128
45,[0.91987718],0.37155909229607925,0.36517842492390806
46,[0.77454108],0.28435400433611296,0.22907092441176924
47,[0.29099454],0.43515197399747974,0.2977055051342462
48,[0.68682978],0.34856381250709456,0.1413596243376044
49,[0.43332139],0.34934862034291864,0.14122720626679097
