,0,1,2
0,[0.54547015],0.22042015616310592,0.029078447925978357
1,[0.17186532],0.6086000870693659,0.4107176758695732
2,[0.85293181],0.48594768439924235,0.3074616584517891
3,[0.18022341],0.5942487523462003,0.40847663933020295
4,[0.58870005],0.25117272856640066,0.02267289867140765
5,[0.1207749],0.45253216341427616,0.43958805025441416
6,[0.55469875],0.310057015971278,0.0010499007821510586
7,[0.08202618],0.5011436693580107,0.4925224209213265
8,[0.99270517],0.6460270312010952,0.44723502371364654
9,[0.25271926],0.31857338925763956,0.34385975796230017
10,[0.53296001],0.2930334205227161,0.03306713795794647
11,[0.8921391],0.7309986741867949,0.40007579270241933
12,[0.24209363],0.5868917998512649,0.340489365209631
13,[0.41762074],0.40774804341819043,0.16496225183040814
14,[0.86794548],0.4711545434384489,0.3224753328048302
15,[0.28633024],0.40767191991039364,0.28821835787203465
16,[0.13769966],0.598430611031695,0.44794185681984966
17,[0.0507936],0.7978067833956001,0.5379064477897145
18,[0.92829087],0.24056244823432324,0.3735921211534673
19,[0.77995014],0.577919857093103,0.23447999120891916
20,[0.69447451],0.3941015136660266,0.16151449538653895
21,[0.95343867],0.4794820900943407,0.40796851636020304
22,[0.93194228],0.5191773414726336,0.398982265708558
23,[0.20739954],0.3488996270806325,0.3472992132133289
24,[0.22335698],0.39406655910461486,0.34267016901692715
25,[0.99751836],0.5402852175442744,0.46455835144717794
26,[0.4920633],0.36164639525817704,0.09051968611454286
27,[0.22577487],0.5340438223482987,0.34025227688484794
28,[0.98771616],0.522790718762098,0.4330174117530001
29,[0.75659074],0.32577308172055514,0.21112059020970042
30,[0.58258299],0.35046357221695745,0.03711283986827141
31,[0.56602715],0.2803416432078709,0.001403476742166454
32,[0.37184337],0.3112613274890884,0.19418377777434714
33,[0.45296356],0.33378150581302557,0.1256022322252559
34,[0.81726831],0.44618471743100907,0.26256955549155825
35,[0.10200653],0.5211751076778837,0.4640206255126671
36,[0.91715646],0.4755523291591115,0.371686313951365
37,[0.04387119],0.5362611106821811,0.5387118035214663
38,[0.5745486],0.2822106071715579,0.029078447925978357
39,[0.18049899],0.39291913040460447,0.385528164693946
40,[0.63570166],0.29901125571459486,0.10274165093240695
41,[0.89414345],0.2870173804058206,0.3281162950608225
42,[0.65555994],0.47752738310184606,0.08953278931219522
43,[0.25422487],0.4320394294453134,0.3004738800950125
44,[0.59657902],0.38819477869849317,0.10451571457989128
45,[0.91987718],0.35101076210959786,0.36517842492390806
46,[0.77454108],0.38392538571501933,0.22907092441176924
47,[0.29099454],0.3689165489452872,0.2977055051342462
48,[0.68682978],0.26692359983402375,0.13213102491036866
49,[0.43332139],0.3335624795749113,0.13270575875958612
