,0,1,2
0,[0.54547015],0.2839909027966421,0.029078447925978357
1,[0.17186532],0.4511118606419897,0.40268328392728014
2,[0.85293181],0.5505750527935748,0.3074616584517891
3,[0.18022341],0.6171518856287339,0.39432518816600015
4,[0.58870005],0.34591461159656267,0.0141514511642028
5,[0.1207749],0.44223382993364657,0.44525225075018304
6,[0.55469875],0.2914074652217728,0.011328400991537757
7,[0.08202618],0.516072185270662,0.4925224209213265
8,[0.99270517],0.598439190862474,0.4597451612528195
9,[0.25271926],0.44217192063777766,0.3359807887188615
10,[0.53296001],0.2808028344167172,0.02173873696640871
11,[0.8921391],0.6823859550147173,0.43917553478427895
12,[0.24209363],0.40755514187904185,0.340489365209631
13,[0.41762074],0.3641499072639903,0.16496225183040814
14,[0.86794548],0.42778320814929793,0.3178610330912124
15,[0.28633024],0.40767191991039364,0.2922355538431811
16,[0.13769966],0.5984306110316949,0.45100038643080453
17,[0.0507936],0.7872106484759241,0.5379064477897145
18,[0.92829087],0.2634011090884586,0.3735921211534673
19,[0.77995014],0.5127810555533685,0.24699012874809212
20,[0.69447451],0.40434409838715457,0.20241120409363744
21,[0.95343867],0.46542184251546104,0.40796851636020304
22,[0.93194228],0.469183405653616,0.4398789744156565
23,[0.20739954],0.42069198384453604,0.3472992132133289
24,[0.22335698],0.46258813230969215,0.351191616524132
25,[0.99751836],0.610039962422685,0.46455835144717794
26,[0.4920633],0.36920616179613486,0.08248529417224981
27,[0.22577487],0.4989348000789812,0.34025227688484794
28,[0.98771616],0.522790718762098,0.44850107994982236
29,[0.75659074],0.44003462859351233,0.22363072774887338
30,[0.58258299],0.31217171789372483,0.03711283986827141
31,[0.56602715],0.35519738093758396,0.008521447507204849
32,[0.37184337],0.37372834718804343,0.202705225281552
33,[0.45296356],0.3956927271306009,0.12158503625410944
34,[0.81726831],0.4110792947551644,0.2512411545000205
35,[0.10200653],0.6820576825356148,0.47254207301987194
36,[0.91715646],0.6539073131821286,0.38419645149053794
37,[0.04387119],0.6242470520500192,0.5387118035214663
38,[0.5745486],0.27351230828331896,0.029078447925978357
39,[0.18049899],0.39291913040460447,0.385528164693946
40,[0.63570166],0.3101326654690427,0.10274165093240695
41,[0.89414345],0.37254440380345055,0.3281162950608225
42,[0.65555994],0.39709339102756563,0.10086119030373297
43,[0.25422487],0.3858143452512063,0.3004738800950125
44,[0.59657902],0.3653098916945612,0.06361900587279279
45,[0.91987718],0.4259808622860858,0.36517842492390806
46,[0.77454108],0.43241719645644705,0.2415810619509422
47,[0.29099454],0.5292929073215197,0.29158844591233646
48,[0.68682978],0.4012879007494422,0.1413596243376044
49,[0.43332139],0.34262642440639385,0.13270575875958612
