,0,1,2
0,[0.54547015],0.23792556487388997,0.029078447925978357
1,[0.17186532],0.4511118606419897,0.40268328392728014
2,[0.85293181],0.5505750527935748,0.3074616584517891
3,[0.18022341],0.6171518856287339,0.39432518816600015
4,[0.58870005],0.33921986244203506,0.0141514511642028
5,[0.1207749],0.44223382993364657,0.44525225075018304
6,[0.55469875],0.327630606915218,0.011328400991537757
7,[0.08202618],0.5894846839491512,0.48826169716772405
8,[0.99270517],0.598439190862474,0.4597451612528195
9,[0.25271926],0.44217192063777766,0.3359807887188615
10,[0.53296001],0.2501438581574056,0.02173873696640871
11,[0.8921391],0.5754289470022418,0.40007579270241933
12,[0.24209363],0.45362047980179393,0.340489365209631
13,[0.41762074],0.3225895667885917,0.16094505585926155
14,[0.86794548],0.41595939470762405,0.31324673337759446
15,[0.28633024],0.40767191991039364,0.2922355538431811
16,[0.13769966],0.7516286560189063,0.4448833272088948
17,[0.0507936],0.7872106484759241,0.5379064477897145
18,[0.92829087],0.24056244823432324,0.3735921211534673
19,[0.77995014],0.4693977553947935,0.24699012874809212
20,[0.69447451],0.3160901578965022,0.16151449538653895
21,[0.95343867],0.3056013875789504,0.40796851636020304
22,[0.93194228],0.4691834056536159,0.398982265708558
23,[0.20739954],0.2448761721404294,0.3472992132133289
24,[0.22335698],0.5572571684057059,0.351191616524132
25,[0.99751836],0.7567061551401937,0.5054550601542764
26,[0.4920633],0.36920616179613486,0.09051968611454286
27,[0.22577487],0.39177481400798625,0.34025227688484794
28,[0.98771616],0.38444419782392,0.4330174117530001
29,[0.75659074],0.44003462859351233,0.22363072774887338
30,[0.58258299],0.2143539526709204,0.03711283986827141
31,[0.56602715],0.3292563040527118,0.008521447507204849
32,[0.37184337],0.37372834718804343,0.202705225281552
33,[0.45296356],0.3956927271306009,0.1296194281964025
34,[0.81726831],0.4110792947551644,0.2512411545000205
35,[0.10200653],0.5911064527917331,0.47254207301987194
36,[0.91715646],0.6539073131821285,0.38419645149053794
37,[0.04387119],0.6242470520500192,0.5387118035214663
38,[0.5745486],0.27351230828331896,0.029078447925978357
39,[0.18049899],0.39291913040460447,0.385528164693946
40,[0.63570166],0.3101326654690427,0.10274165093240695
41,[0.89414345],0.475591113627112,0.3281162950608225
42,[0.65555994],0.39709339102756563,0.08953278931219522
43,[0.25422487],0.3858143452512063,0.3004738800950125
44,[0.59657902],0.3338459279058987,0.06361900587279279
45,[0.91987718],0.4259808622860858,0.3595142244281392
46,[0.77454108],0.43241719645644705,0.2415810619509422
47,[0.29099454],0.5292929073215197,0.29158844591233646
48,[0.68682978],0.4012879007494422,0.1413596243376044
49,[0.43332139],0.3426264244063939,0.12137735776804837
