,0,1,2
0,[17.41095701 19.36237268 16.0616634 ],27.41598633857115,24.60054662676208
1,[15.20354812 16.98597231 16.16566099],19.890364261300075,3.9048273157602043
2,[19.20870362 16.03541172 18.71234767],26.850217990840395,2.442564296148871
3,[16.96077064 15.9112826  18.71769707],26.122774508002955,23.9431858930272
4,[15.3479104  19.42668602 19.763222  ],23.139232906124597,4.176816816780925
5,[19.65571717 17.07715477 15.1449083 ],22.02872537644943,3.29426852254982
6,[19.91013742 16.69818842 18.53343597],23.17591949539196,3.2638853225227304
7,[16.80938534 15.17552949 19.27529127],26.578487548626413,26.46522052460533
8,[18.28626754 18.82841497 17.77043619],27.257143156298618,2.099462008650174
9,[19.42546468 19.52098808 15.0521085 ],26.855715619922414,3.6321972188809744
10,[15.37278368 16.22314605 15.66652376],23.54386429071687,21.369425292141646
11,[18.4896255  16.99102442 19.41561096],28.508447350782326,25.73665143551125
12,[15.90503755 17.16249586 15.09071601],23.405954221262213,4.837276770913423
13,[18.45718931 17.34845326 15.64111095],25.280726537980243,3.3701348240003255
14,[19.45668526 19.59101812 15.36560497],23.028006981561543,3.899671920525876
15,[0.22723972 2.19286448 3.00860465],27.423040150111426,29.346210753944483
16,[1.55113517 3.40954121 1.04506575],27.223239275699786,26.091593779939657
17,[2.59802149 2.82994415 2.20583696],11.581669524519373,22.477878575227283
18,[0.68778079 1.06771596 0.66685946],9.52133517779034,4.809832036752966
19,[1.61148351 1.16943558 2.63749078],13.103994575439469,26.685933097122913
20,[2.82985581 2.19112642 1.60936312],7.639519666705257,2.4963774989124774
21,[2.79820405 4.32672791 4.23641439],8.165699018144782,2.5219646986939765
22,[3.43544507 3.51117644 2.23098972],12.548890566220056,24.515346039103306
23,[2.10161039 4.01315296 2.69308783],11.38763019243596,21.839510969097947
24,[4.61750245 0.30953769 1.83791727],26.613813508859483,28.67184121033833
25,[4.85199386 3.49551974 4.4548779 ],11.43025798719206,19.514303185646984
26,[1.26776359 3.62763553 1.01747217],13.431561078584272,26.457701518988642
27,[3.99012257 1.54204582 3.10758314],7.866358757944146,1.8664711093164295
28,[2.19824059 4.56661853 3.29342952],24.926316314040985,23.751603105924165
29,[3.26815724 1.79228892 2.61470784],11.764104807685497,22.473925754233548
30,[0.22543656 0.47154831 4.60806097],14.496072651340237,26.955993052595126
31,[0.36522251 4.64708677 3.58507569],12.408188014071577,22.142801321983246
32,[3.11155273 3.77494857 0.70834954],26.012473115689478,28.11858180890238
33,[3.96911099 3.62701575 2.7071964 ],24.42700295576855,26.47820110743712
34,[2.41292247 2.38238805 2.23016415],26.612610859430088,25.4437503686186
35,[4.08035031 1.37175747 0.30981004],14.039987784328938,26.608792047384703
36,[4.80148171 2.29059065 3.78946032],8.09385613984342,2.633012786496334
37,[3.40579301 2.70888963 0.66416245],12.443122109830387,23.055301317904696
38,[1.26602817 2.21927797 2.79374953],12.863458196824023,26.190520161326205
39,[4.06932177 1.58914168 1.98522547],12.15102078315556,22.546618718405007
40,[4.45084124 4.12708104 0.53343542],25.17342779587495,27.323861712458815
41,[0.79887938 3.25609654 2.84532107],13.02520411029283,25.876139213080503
42,[4.92041837 3.74579506 4.01199815],11.377334780251303,19.58044112053927
43,[1.1415494  2.59356723 3.15054202],7.997518194859782,1.5134623277592458
44,[0.01092681 2.56607383 2.24595084],9.10249107731499,2.5141385665704448
45,[1.74678175 1.3684063  4.51041433],26.454036326915713,25.213849891930078
46,[0.1548723  1.62084545 1.43296374],13.826937765281107,25.05370659616414
47,[4.78568039 0.08266533 2.28661837],9.03831315938962,3.334807835759838
