,0,1,2
0,[17.41095701 19.36237268 16.0616634 ],26.813448951390058,24.66583358281978
1,[15.20354812 16.98597231 16.16566099],16.585625035423256,4.332803060407854
2,[19.20870362 16.03541172 18.71234767],18.117016824375735,2.803448855992618
3,[16.96077064 15.9112826  18.71769707],26.188121118703585,3.358552754294612
4,[15.3479104  19.42668602 19.763222  ],26.841019279536425,4.0439394247426454
5,[19.65571717 17.07715477 15.1449083 ],16.346999913528958,3.3620337543132117
6,[19.91013742 16.69818842 18.53343597],17.786565262208605,4.462179693329815
7,[16.80938534 15.17552949 19.27529127],21.667804184235745,3.7978559846848
8,[18.28626754 18.82841497 17.77043619],18.138522263681054,3.6657882136097757
9,[19.42546468 19.52098808 15.0521085 ],18.324063089613475,5.118202160438797
10,[15.37278368 16.22314605 15.66652376],21.896837474070303,3.545319709169806
11,[18.4896255  16.99102442 19.41561096],23.531369130485878,2.733289113890257
12,[15.90503755 17.16249586 15.09071601],11.970819321014819,4.140612106446142
13,[18.45718931 17.34845326 15.64111095],16.642563941618903,2.2767796168955337
14,[19.45668526 19.59101812 15.36560497],12.671956065902247,3.939070511245749
15,[0.22723972 2.19286448 3.00860465],17.821908823902703,27.354415838155543
16,[1.55113517 3.40954121 1.04506575],12.051364276631707,26.74726134654852
17,[2.59802149 2.82994415 2.20583696],7.045028915939459,22.22354288629434
18,[0.68778079 1.06771596 0.66685946],9.15233138779671,30.628085100197417
19,[1.61148351 1.16943558 2.63749078],7.4342375127322695,22.967406058606652
20,[2.82985581 2.19112642 1.60936312],12.52314505305364,26.23457998849422
21,[2.79820405 4.32672791 4.23641439],6.937021689071526,22.587818311992084
22,[3.43544507 3.51117644 2.23098972],11.226957145942222,26.393601327883033
23,[2.10161039 4.01315296 2.69308783],16.54827540393603,24.374675758651414
24,[4.61750245 0.30953769 1.83791727],17.76816345629096,26.378241112747993
25,[4.85199386 3.49551974 4.4548779 ],10.69717267806724,20.7313219233773
26,[1.26776359 3.62763553 1.01747217],13.647760401399585,28.332247748878714
27,[2.68755912 1.18471502 2.1824608 ],7.421998048546172,4.142101003528265
28,[3.99012257 1.54204582 3.10758314],11.35353462928374,22.172471375031957
29,[2.19824059 4.56661853 3.29342952],24.92631631404098,22.255807368179507
30,[3.26815724 1.79228892 2.61470784],12.244610225914327,25.0199345090077
31,[0.22543656 0.47154831 4.60806097],8.932518457693066,26.74331453591661
32,[0.36522251 4.64708677 3.58507569],8.466782545414674,21.341554280035204
33,[3.11155273 3.77494857 0.70834954],16.740000246040264,25.76475146317305
34,[3.96911099 3.62701575 2.7071964 ],11.446149729111298,23.795594308496476
35,[2.41292247 2.38238805 2.23016415],16.458779889927765,25.373535598339394
36,[4.08035031 1.37175747 0.30981004],9.28572803830137,24.38800311573247
37,[4.80148171 2.29059065 3.78946032],11.651695763320053,22.902043494004555
38,[3.40579301 2.70888963 0.66416245],12.997453632312167,23.720322677397323
39,[1.26602817 2.21927797 2.79374953],7.640997591241489,28.420714915421982
40,[4.06932177 1.58914168 1.98522547],11.874065721053382,25.23585937533995
41,[4.45084124 4.12708104 0.53343542],7.86192147325832,24.97794836100065
42,[0.79887938 3.25609654 2.84532107],7.625371915862128,26.23888237411674
43,[4.92041837 3.74579506 4.01199815],8.874641840653666,22.74531591648978
44,[1.1415494  2.59356723 3.15054202],17.254191979505663,24.989759491844683
45,[0.01092681 2.56607383 2.24595084],13.552865570021376,25.06703834464771
46,[1.74678175 1.3684063  4.51041433],8.26213826378353,25.13525101764123
47,[0.1548723  1.62084545 1.43296374],14.24397981890543,26.746799972688827
48,[4.78568039 0.08266533 2.28661837],7.996023243223391,25.507644261752834
