,0,1,2
0,[17.41095701 19.36237268 16.0616634 ],26.813448951390058,24.710497205396262
1,[15.20354812 16.98597231 16.16566099],12.666273695307726,4.296520514991106
2,[19.20870362 16.03541172 18.71234767],17.727289372827112,2.9655101426863966
3,[16.96077064 15.9112826  18.71769707],26.188121118703585,3.741674660802872
4,[15.3479104  19.42668602 19.763222  ],26.841019279536425,4.0439394247426454
5,[19.65571717 17.07715477 15.1449083 ],16.346999913528958,3.3620337543132117
6,[19.91013742 16.69818842 18.53343597],17.786565262208605,4.376872189532701
7,[16.80938534 15.17552949 19.27529127],17.27656170078344,3.7978559846848
8,[18.28626754 18.82841497 17.77043619],22.22818668414265,4.613790305442555
9,[19.42546468 19.52098808 15.0521085 ],18.031366394369048,3.8906616705094765
10,[15.37278368 16.22314605 15.66652376],21.896837474070303,3.545319709169806
11,[18.4896255  16.99102442 19.41561096],23.531369130485878,2.857296349105996
12,[15.90503755 17.16249586 15.09071601],12.005492167010555,4.140612106446142
13,[18.45718931 17.34845326 15.64111095],16.73037458893969,2.8116833523602165
14,[19.45668526 19.59101812 15.36560497],12.671956065902247,4.746969013573221
15,[0.22723972 2.19286448 3.00860465],17.821908823902703,27.718877202597305
16,[1.55113517 3.40954121 1.04506575],12.051364276631707,26.74726134654852
17,[2.59802149 2.82994415 2.20583696],7.045028915939459,22.732215398408027
18,[0.68778079 1.06771596 0.66685946],9.15233138779671,28.032585803516334
19,[1.61148351 1.16943558 2.63749078],7.267047623363895,26.318182914086016
20,[2.82985581 2.19112642 1.60936312],12.52314505305364,25.56346723262577
21,[2.79820405 4.32672791 4.23641439],6.937021689071526,22.587818311992084
22,[0.53908583 1.58159742 2.04739329],12.994191595687202,25.165605771963783
23,[3.43544507 3.51117644 2.23098972],11.226957145942222,25.50084029374252
24,[2.10161039 4.01315296 2.69308783],11.514442498152327,23.87704038174946
25,[4.61750245 0.30953769 1.83791727],13.711011825596042,26.32448440807145
26,[4.85199386 3.49551974 4.4548779 ],14.790818864910104,20.7313219233773
27,[1.26776359 3.62763553 1.01747217],12.910716598844981,26.82030927420638
28,[2.68755912 1.18471502 2.1824608 ],7.421998048546172,23.143590398415142
29,[3.99012257 1.54204582 3.10758314],11.42671672813745,22.21635009112258
30,[2.19824059 4.56661853 3.29342952],20.94595343221796,20.85899235021253
31,[3.26815724 1.79228892 2.61470784],12.244610225914327,25.0111916474752
32,[0.22543656 0.47154831 4.60806097],13.791344360078648,29.553739981173067
33,[0.36522251 4.64708677 3.58507569],8.36132778034892,3.1538997644541777
34,[3.11155273 3.77494857 0.70834954],17.30535666662595,25.76475146317305
35,[3.96911099 3.62701575 2.7071964 ],11.446149729111298,23.49882337029909
36,[2.41292247 2.38238805 2.23016415],16.458779889927765,25.373535598339394
37,[4.08035031 1.37175747 0.30981004],9.28572803830137,24.37725537272519
38,[4.80148171 2.29059065 3.78946032],7.822507280753838,21.88988481020152
39,[3.40579301 2.70888963 0.66416245],17.664473422500414,23.7311003298561
40,[1.26602817 2.21927797 2.79374953],12.114898202790949,28.420714915421982
41,[4.06932177 1.58914168 1.98522547],7.782533085442895,25.834621591545087
42,[4.45084124 4.12708104 0.53343542],11.624288444911041,24.97794836100065
43,[0.79887938 3.25609654 2.84532107],7.625371915862128,25.509058911801688
44,[4.92041837 3.74579506 4.01199815],8.862314465788765,20.797790113041074
45,[1.1415494  2.59356723 3.15054202],17.41046009289957,25.182028678727225
46,[0.01092681 2.56607383 2.24595084],13.552865570021378,25.06703834464771
47,[1.74678175 1.3684063  4.51041433],8.664620340360964,26.48796454901958
48,[0.1548723  1.62084545 1.43296374],9.357699266927572,25.720551508719318
49,[4.78568039 0.08266533 2.28661837],17.039736090414948,26.130242350978858
