,0,1,2
0,[17.41095701 19.36237268 16.0616634 ],26.81344895139005,25.71002767569431
1,[15.20354812 16.98597231 16.16566099],16.585625035423256,4.296520514991106
2,[19.20870362 16.03541172 18.71234767],18.08528250324823,2.9655101426863966
3,[16.96077064 15.9112826  18.71769707],25.800804339053524,3.340924147991431
4,[15.3479104  19.42668602 19.763222  ],26.841019279536425,3.9655441433458973
5,[19.65571717 17.07715477 15.1449083 ],16.8807253912762,3.697901034727202
6,[19.91013742 16.69818842 18.53343597],17.786565262208605,4.376872189532701
7,[16.80938534 15.17552949 19.27529127],21.694303041806258,2.976614927555709
8,[18.28626754 18.82841497 17.77043619],23.14260861833717,3.984661713309568
9,[19.42546468 19.52098808 15.0521085 ],18.031366394369048,3.8906616705094765
10,[15.37278368 16.22314605 15.66652376],21.896837474070306,3.545319709169806
11,[18.4896255  16.99102442 19.41561096],22.80894314815012,2.8746950456132927
12,[15.90503755 17.16249586 15.09071601],12.005492167010555,4.140612106446142
13,[18.45718931 17.34845326 15.64111095],16.73037458893969,3.3701348240003255
14,[19.45668526 19.59101812 15.36560497],12.671956065902247,4.746969013573221
15,[0.22723972 2.19286448 3.00860465],18.034115791035266,26.66880950946937
16,[1.55113517 3.40954121 1.04506575],7.895083675906916,23.213463330513363
17,[2.59802149 2.82994415 2.20583696],3.117968604039917,22.211111498905034
18,[0.68778079 1.06771596 0.66685946],14.197484385033544,30.628085100197417
19,[1.61148351 1.16943558 2.63749078],7.699893474922487,23.229428161506995
20,[2.82985581 2.19112642 1.60936312],17.276663287855165,25.30141132279203
21,[2.79820405 4.32672791 4.23641439],6.937021689071526,22.901978802334717
22,[0.53908583 1.58159742 2.04739329],17.415504789818353,27.01876187601789
23,[3.43544507 3.51117644 2.23098972],15.822825230336566,24.448728410262923
24,[2.10161039 4.01315296 2.69308783],11.995696940776854,22.77649001027666
25,[4.61750245 0.30953769 1.83791727],13.711011825596042,23.84348837483989
26,[4.85199386 3.49551974 4.4548779 ],6.451097583424003,20.451946791488066
27,[1.26776359 3.62763553 1.01747217],12.910716598844981,26.39122482491854
28,[2.68755912 1.18471502 2.1824608 ],7.421998048546172,4.066651751967386
29,[3.99012257 1.54204582 3.10758314],11.018727883821983,22.21635009112258
30,[2.19824059 4.56661853 3.29342952],11.558374887135466,23.830373177983784
31,[3.26815724 1.79228892 2.61470784],12.452091864380543,24.7056048842302
32,[0.22543656 0.47154831 4.60806097],17.671695017368613,26.595409583346065
33,[0.36522251 4.64708677 3.58507569],3.836204381263247,3.727266932982503
34,[3.11155273 3.77494857 0.70834954],13.218063821970182,25.443945373603423
35,[3.96911099 3.62701575 2.7071964 ],7.262582656191439,23.49882337029909
36,[2.41292247 2.38238805 2.23016415],22.21247005566355,25.522715528610103
37,[4.08035031 1.37175747 0.30981004],9.28572803830137,24.37725537272519
38,[4.80148171 2.29059065 3.78946032],11.651695763320054,21.57110252454843
39,[3.40579301 2.70888963 0.66416245],13.045575032118297,23.720322677397323
40,[1.26602817 2.21927797 2.79374953],12.114898202790945,25.80099102368749
41,[4.06932177 1.58914168 1.98522547],7.583851168411302,25.034843396914283
42,[4.45084124 4.12708104 0.53343542],12.135671960741302,24.05163196983937
43,[0.79887938 3.25609654 2.84532107],11.964888858217462,25.587815368706536
44,[4.92041837 3.74579506 4.01199815],8.54596052220041,20.635351172864013
45,[1.1415494  2.59356723 3.15054202],17.41046009289957,24.579081899573207
46,[0.01092681 2.56607383 2.24595084],8.82566355195331,25.06703834464771
47,[1.74678175 1.3684063  4.51041433],8.438813115313966,25.292451055341328
48,[0.1548723  1.62084545 1.43296374],9.357699266927572,25.73135784500073
49,[4.78568039 0.08266533 2.28661837],12.604709751312726,25.464367383358294
