,0,1,2
0,[17.41095701 19.36237268 16.0616634 ],26.81344895139005,25.210219119436463
1,[15.20354812 16.98597231 16.16566099],16.585625035423256,4.296520514991106
2,[19.20870362 16.03541172 18.71234767],18.08528250324823,3.158643539808715
3,[16.96077064 15.9112826  18.71769707],25.94777740538226,2.6199491710959433
4,[15.3479104  19.42668602 19.763222  ],22.48163034937903,4.0439394247426454
5,[19.65571717 17.07715477 15.1449083 ],17.447351318521502,3.2517131074694534
6,[19.91013742 16.69818842 18.53343597],13.373179540742381,3.3208741290662105
7,[16.80938534 15.17552949 19.27529127],17.808038214287837,2.921750643910864
8,[18.28626754 18.82841497 17.77043619],23.14260861833717,3.984661713309568
9,[19.42546468 19.52098808 15.0521085 ],18.031366394369048,3.8906616705094765
10,[15.37278368 16.22314605 15.66652376],21.896837474070303,2.8281572522042064
11,[18.4896255  16.99102442 19.41561096],22.80894314815012,2.733289113890257
12,[15.90503755 17.16249586 15.09071601],8.130921781736859,4.140612106446142
13,[18.45718931 17.34845326 15.64111095],16.752342230372403,3.1265862538381604
14,[19.45668526 19.59101812 15.36560497],12.671956065902247,4.746969013573221
15,[0.22723972 2.19286448 3.00860465],22.75512615022847,27.718877202597305
16,[1.55113517 3.40954121 1.04506575],7.895904710270071,24.595433657487376
17,[2.59802149 2.82994415 2.20583696],3.1220703412086395,22.732215398408027
18,[0.68778079 1.06771596 0.66685946],14.07310353004361,28.032585803516334
19,[1.61148351 1.16943558 2.63749078],8.026470772289006,22.967406058606652
20,[2.82985581 2.19112642 1.60936312],17.276663287855165,25.764936360650786
21,[2.79820405 4.32672791 4.23641439],11.575009995484097,22.718733788847324
22,[0.53908583 1.58159742 2.04739329],18.156822993196013,26.99258277214029
23,[3.43544507 3.51117644 2.23098972],7.724448894748365,24.448728410262923
24,[2.10161039 4.01315296 2.69308783],7.173084462825811,24.53235525388659
25,[4.61750245 0.30953769 1.83791727],13.372750131993723,26.32448440807145
26,[4.85199386 3.49551974 4.4548779 ],7.0266267377382405,20.451946791488066
27,[1.26776359 3.62763553 1.01747217],12.910716598844981,27.441188325543223
28,[2.68755912 1.18471502 2.1824608 ],7.421998048546172,3.9913089353885867
29,[3.99012257 1.54204582 3.10758314],11.450686123158373,22.21635009112258
30,[2.19824059 4.56661853 3.29342952],11.534418308332528,26.347075631190606
31,[3.26815724 1.79228892 2.61470784],12.426769401263225,25.0111916474752
32,[0.22543656 0.47154831 4.60806097],9.220958619894265,26.586734429017795
33,[0.36522251 4.64708677 3.58507569],8.378686916805771,21.84840597579104
34,[3.11155273 3.77494857 0.70834954],13.023490641055194,23.50029623096726
35,[3.96911099 3.62701575 2.7071964 ],7.262582656191439,24.22562356031617
36,[2.41292247 2.38238805 2.23016415],22.21247005566355,25.373535598339394
37,[4.08035031 1.37175747 0.30981004],8.129822895254666,24.64682706467814
38,[4.80148171 2.29059065 3.78946032],8.007747275629413,21.351569037784788
39,[3.40579301 2.70888963 0.66416245],13.045575032118297,25.743727235447583
40,[1.26602817 2.21927797 2.79374953],12.473544780681484,25.51284445295594
41,[4.06932177 1.58914168 1.98522547],12.19109419000479,24.773387990365414
42,[4.45084124 4.12708104 0.53343542],7.789181254080249,24.65834248052217
43,[0.79887938 3.25609654 2.84532107],7.846959447061266,24.087886721395936
44,[4.92041837 3.74579506 4.01199815],8.26450830482019,20.47291451491351
45,[1.1415494  2.59356723 3.15054202],22.468868649553453,25.413533664261625
46,[0.01092681 2.56607383 2.24595084],8.913824865071431,25.06703834464771
47,[1.74678175 1.3684063  4.51041433],8.438813115313966,27.377778415389294
48,[0.1548723  1.62084545 1.43296374],9.19296714542919,25.99157710488488
49,[4.78568039 0.08266533 2.28661837],17.039736090414948,25.486005663233033
