,0,1,2
0,[17.41095701 19.36237268 16.0616634 ],27.17060040135047,25.71002767569431
1,[15.20354812 16.98597231 16.16566099],20.55287232326171,4.296520514991106
2,[19.20870362 16.03541172 18.71234767],22.578461358773602,3.970224980849272
3,[16.96077064 15.9112826  18.71769707],26.065038774639163,2.1145116967053776
4,[15.3479104  19.42668602 19.763222  ],22.48163034937903,4.066422311956317
5,[19.65571717 17.07715477 15.1449083 ],17.415046244037015,3.2517131074694534
6,[19.91013742 16.69818842 18.53343597],18.126869419269166,3.54956037094459
7,[16.80938534 15.17552949 19.27529127],17.35237752096316,2.921750643910864
8,[18.28626754 18.82841497 17.77043619],23.382638534956122,4.410092494517851
9,[19.42546468 19.52098808 15.0521085 ],22.179555423052737,3.8906616705094765
10,[15.37278368 16.22314605 15.66652376],21.896837474070306,2.5146332259261226
11,[18.4896255  16.99102442 19.41561096],27.484359302712175,2.733289113890257
12,[15.90503755 17.16249586 15.09071601],11.502262533781396,4.54315702170292
13,[18.45718931 17.34845326 15.64111095],12.781643856451698,2.8116833523602165
14,[19.45668526 19.59101812 15.36560497],12.417327569315502,4.501786914087835
15,[0.22723972 2.19286448 3.00860465],17.59481255789753,28.610017327868057
16,[1.55113517 3.40954121 1.04506575],7.704898244065063,22.933591117920354
17,[2.59802149 2.82994415 2.20583696],2.7459885918786933,22.22354288629434
18,[0.68778079 1.06771596 0.66685946],9.991446563722667,28.032585803516334
19,[1.61148351 1.16943558 2.63749078],8.187268742775043,23.229428161506995
20,[2.82985581 2.19112642 1.60936312],21.845141103182517,25.764936360650786
21,[2.79820405 4.32672791 4.23641439],15.526516380017364,22.901978802334717
22,[0.53908583 1.58159742 2.04739329],18.417908926028986,27.044941021413763
23,[3.43544507 3.51117644 2.23098972],7.270722669404705,26.82139750929667
24,[2.10161039 4.01315296 2.69308783],2.373771222188736,23.87704038174946
25,[4.61750245 0.30953769 1.83791727],13.372750131993723,23.84348837483989
26,[4.85199386 3.49551974 4.4548779 ],3.627885403023408,18.967512114512832
27,[1.26776359 3.62763553 1.01747217],13.57692265310257,26.82030927420638
28,[2.68755912 1.18471502 2.1824608 ],7.385207125705824,3.9913089353885867
29,[3.99012257 1.54204582 3.10758314],11.547812265567192,22.21635009112258
30,[2.19824059 4.56661853 3.29342952],11.534418308332528,26.347075631190606
31,[3.26815724 1.79228892 2.61470784],7.567425803649026,25.0111916474752
32,[0.22543656 0.47154831 4.60806097],9.220958619894265,26.283542231560755
33,[0.36522251 4.64708677 3.58507569],8.378686916805771,21.84840597579104
34,[3.11155273 3.77494857 0.70834954],8.392828525808188,23.545551053394657
35,[3.96911099 3.62701575 2.7071964 ],15.081663329394184,23.490079612130184
36,[2.41292247 2.38238805 2.23016415],21.806424885106185,25.373535598339394
37,[4.08035031 1.37175747 0.30981004],13.24877753672639,24.38800311573247
38,[4.80148171 2.29059065 3.78946032],7.8725371343663,21.84026774818551
39,[3.40579301 2.70888963 0.66416245],8.260228228616704,25.281386208208392
40,[1.26602817 2.21927797 2.79374953],16.912467982347263,25.82716814224945
41,[4.06932177 1.58914168 1.98522547],11.951372530836412,25.81244398546563
42,[4.45084124 4.12708104 0.53343542],8.108422425777263,24.97794836100065
43,[0.79887938 3.25609654 2.84532107],7.553934682684693,22.706545261009293
44,[4.92041837 3.74579506 4.01199815],8.35293500412379,19.834578922835817
45,[1.1415494  2.59356723 3.15054202],22.240046470252295,24.989759491844683
46,[0.01092681 2.56607383 2.24595084],8.913824865071431,25.391212262495763
47,[1.74678175 1.3684063  4.51041433],8.664620340360965,25.86800767618874
48,[0.1548723  1.62084545 1.43296374],9.286217165129164,26.271012482392035
49,[4.78568039 0.08266533 2.28661837],21.647458189239266,25.464367383358294
