,0,1,2
0,[17.41095701 19.36237268 16.0616634 ],27.00068924839539,24.710497205396262
1,[15.20354812 16.98597231 16.16566099],20.55287232326171,4.296520514991106
2,[19.20870362 16.03541172 18.71234767],22.04896899007772,3.970224980849272
3,[16.96077064 15.9112826  18.71769707],21.380698213962454,2.1145116967053776
4,[15.3479104  19.42668602 19.763222  ],22.5008830475144,4.0439394247426454
5,[19.65571717 17.07715477 15.1449083 ],17.477457701229042,3.2517131074694534
6,[19.91013742 16.69818842 18.53343597],18.165990242518962,4.376872189532701
7,[16.80938534 15.17552949 19.27529127],17.35237752096316,2.9188496417875394
8,[18.28626754 18.82841497 17.77043619],28.426577419814908,4.613790305442555
9,[19.42546468 19.52098808 15.0521085 ],27.037754737830642,3.8906616705094765
10,[15.37278368 16.22314605 15.66652376],21.850362144378202,2.8281572522042064
11,[18.4896255  16.99102442 19.41561096],22.80894314815012,4.079731691026602
12,[15.90503755 17.16249586 15.09071601],11.502262533781396,4.140612106446142
13,[18.45718931 17.34845326 15.64111095],12.781643856451698,2.8116833523602165
14,[19.45668526 19.59101812 15.36560497],12.417327569315502,4.946414402848646
15,[0.22723972 2.19286448 3.00860465],17.237489386934566,27.718877202597305
16,[1.55113517 3.40954121 1.04506575],8.05347724996377,24.415770122525377
17,[2.59802149 2.82994415 2.20583696],6.488459429278201,22.211111498905034
18,[0.68778079 1.06771596 0.66685946],9.383296918964666,28.032585803516334
19,[1.61148351 1.16943558 2.63749078],8.187268742775043,23.229428161506995
20,[2.82985581 2.19112642 1.60936312],21.845141103182517,25.764936360650786
21,[2.79820405 4.32672791 4.23641439],15.526516380017364,22.87581506997525
22,[0.53908583 1.58159742 2.04739329],18.46610684746289,26.99258277214029
23,[3.43544507 3.51117644 2.23098972],7.270722669404705,24.878710589967845
24,[2.10161039 4.01315296 2.69308783],7.1333869890229495,23.87704038174946
25,[4.61750245 0.30953769 1.83791727],13.372750131993723,24.06741812504507
26,[4.85199386 3.49551974 4.4548779 ],3.310209247883113,20.40653056026266
27,[1.26776359 3.62763553 1.01747217],13.57692265310257,26.82030927420638
28,[2.68755912 1.18471502 2.1824608 ],7.385207125705824,23.143590398415142
29,[3.99012257 1.54204582 3.10758314],11.57994964829008,21.709201457297933
30,[2.19824059 4.56661853 3.29342952],11.534418308332528,26.347075631190606
31,[3.26815724 1.79228892 2.61470784],2.860657314480143,25.0111916474752
32,[0.22543656 0.47154831 4.60806097],9.220958619894265,26.586734429017795
33,[0.36522251 4.64708677 3.58507569],8.378686916805771,21.84840597579104
34,[3.11155273 3.77494857 0.70834954],8.185606419053801,23.545551053394657
35,[3.96911099 3.62701575 2.7071964 ],11.122057871443435,23.490079612130184
36,[2.41292247 2.38238805 2.23016415],17.165220030912298,25.373535598339394
37,[4.08035031 1.37175747 0.30981004],13.140932048533193,23.418693900932137
38,[4.80148171 2.29059065 3.78946032],3.4329737910185854,20.92915099628058
39,[3.40579301 2.70888963 0.66416245],7.819700777623408,25.542767455434515
40,[1.26602817 2.21927797 2.79374953],17.092630682130498,25.51284445295594
41,[4.06932177 1.58914168 1.98522547],11.95137253083641,25.758458874442734
42,[4.45084124 4.12708104 0.53343542],8.108422425777263,24.65834248052217
43,[0.79887938 3.25609654 2.84532107],7.553934682684693,24.087886721395936
44,[4.92041837 3.74579506 4.01199815],8.35293500412379,19.834578922835817
45,[1.1415494  2.59356723 3.15054202],17.479580239899004,24.168428837445543
46,[0.01092681 2.56607383 2.24595084],8.913824865071431,25.291946104287163
47,[1.74678175 1.3684063  4.51041433],8.664620340360965,25.86800767618874
48,[0.1548723  1.62084545 1.43296374],8.788492060987085,25.99157710488488
49,[4.78568039 0.08266533 2.28661837],21.64745818923927,25.507644261752834
