,0,1,2
0,[17.41095701 19.36237268 16.0616634 ],27.41598633857115,4.785899859795636
1,[15.20354812 16.98597231 16.16566099],19.890364261300075,4.369113779749847
2,[19.20870362 16.03541172 18.71234767],18.156828700515653,2.654207498015932
3,[16.96077064 15.9112826  18.71769707],26.048652211526417,25.364846258848623
4,[15.3479104  19.42668602 19.763222  ],23.139232906124597,4.319997768594939
5,[19.65571717 17.07715477 15.1449083 ],16.96508577385457,3.2442824448480114
6,[19.91013742 16.69818842 18.53343597],18.36573256607964,3.3208741290662105
7,[16.80938534 15.17552949 19.27529127],26.578487548626413,2.995382121964463
8,[18.28626754 18.82841497 17.77043619],18.021663401300465,3.6657882136097757
9,[19.42546468 19.52098808 15.0521085 ],18.21335097319145,3.8906616705094765
10,[15.37278368 16.22314605 15.66652376],22.97051184958453,0.7812799916104638
11,[18.4896255  16.99102442 19.41561096],28.508447350782326,5.633369271314953
12,[15.90503755 17.16249586 15.09071601],19.240083497453845,4.140612106446142
13,[18.45718931 17.34845326 15.64111095],20.73384593862831,2.2767796168955337
14,[19.45668526 19.59101812 15.36560497],18.018662812942647,4.213495835380156
15,[0.22723972 2.19286448 3.00860465],27.423040150111426,28.610017327868057
16,[1.55113517 3.40954121 1.04506575],23.132265025574252,26.012808008461572
17,[2.59802149 2.82994415 2.20583696],11.239910349271089,23.14525525249195
18,[0.68778079 1.06771596 0.66685946],9.521335177790338,4.5182328962604075
19,[1.61148351 1.16943558 2.63749078],13.103994575439469,24.894221173015268
20,[2.82985581 2.19112642 1.60936312],7.5209151831985395,25.30141132279203
21,[2.79820405 4.32672791 4.23641439],8.13506238262605,25.14253827766576
22,[3.43544507 3.51117644 2.23098972],12.548890566220056,22.72376376831276
23,[2.10161039 4.01315296 2.69308783],11.021860308158788,22.505713411499023
24,[4.61750245 0.30953769 1.83791727],22.55666187816456,27.050467682687607
25,[4.85199386 3.49551974 4.4548779 ],10.973066317364742,20.180982709213207
26,[1.26776359 3.62763553 1.01747217],13.431561078584272,26.08639958173123
27,[3.99012257 1.54204582 3.10758314],7.866358757944146,26.742123738456833
28,[2.19824059 4.56661853 3.29342952],24.926316314040985,23.175656114178913
29,[3.26815724 1.79228892 2.61470784],11.602865206060162,1.8075548396583934
30,[0.22543656 0.47154831 4.60806097],14.496072651340237,26.586734429017795
31,[0.36522251 4.64708677 3.58507569],12.029466422414782,3.2909280966223364
32,[3.11155273 3.77494857 0.70834954],22.111857153950726,26.492854484300107
33,[3.96911099 3.62701575 2.7071964 ],19.81435928157122,25.740670005481615
34,[2.41292247 2.38238805 2.23016415],26.612610859430088,25.364785215883643
35,[4.08035031 1.37175747 0.30981004],14.039987784328938,26.238391188072335
36,[4.80148171 2.29059065 3.78946032],8.03981803481115,20.0819592513391
37,[3.40579301 2.70888963 0.66416245],11.987540176096669,2.8333780606496735
38,[1.26602817 2.21927797 2.79374953],12.863458196824023,25.81842544681287
39,[4.06932177 1.58914168 1.98522547],12.15102078315556,25.034843396914283
40,[4.45084124 4.12708104 0.53343542],20.445214474343757,26.590686936399006
41,[0.79887938 3.25609654 2.84532107],13.02520411029283,25.504695321469047
42,[4.92041837 3.74579506 4.01199815],11.377334780251303,20.797790113041074
43,[1.1415494  2.59356723 3.15054202],7.8717305555628085,25.182028678727225
44,[0.01092681 2.56607383 2.24595084],9.10249107731499,28.95521246689365
45,[1.74678175 1.3684063  4.51041433],22.522944999435886,25.292451055341328
46,[0.1548723  1.62084545 1.43296374],12.807324375857831,4.207037049947522
47,[4.78568039 0.08266533 2.28661837],8.67070239670403,22.40240037889728
