,0,1,2
0,[17.41095701 19.36237268 16.0616634 ],27.00068924839539,24.710497205396262
1,[15.20354812 16.98597231 16.16566099],20.55287232326171,4.296520514991106
2,[19.20870362 16.03541172 18.71234767],22.04896899007772,3.970224980849272
3,[16.96077064 15.9112826  18.71769707],21.116726539265855,2.0367022715750456
4,[15.3479104  19.42668602 19.763222  ],22.664820455946945,4.923966440812368
5,[19.65571717 17.07715477 15.1449083 ],17.477457701229042,3.2517131074694534
6,[19.91013742 16.69818842 18.53343597],17.817841187286398,4.376872189532701
7,[16.80938534 15.17552949 19.27529127],17.35237752096316,3.1498806840078
8,[18.28626754 18.82841497 17.77043619],28.36360988648524,4.206673731014074
9,[19.42546468 19.52098808 15.0521085 ],27.037754737830642,4.74362051731846
10,[15.37278368 16.22314605 15.66652376],22.14471797145424,2.8281572522042064
11,[18.4896255  16.99102442 19.41561096],22.410369940253027,2.733289113890257
12,[15.90503755 17.16249586 15.09071601],8.068885694242201,4.140612106446142
13,[18.45718931 17.34845326 15.64111095],12.685361344283589,3.068771962099386
14,[19.45668526 19.59101812 15.36560497],17.142886913660675,4.946414402848646
15,[0.22723972 2.19286448 3.00860465],12.87380219870432,29.037070882246326
16,[1.55113517 3.40954121 1.04506575],8.05347724996377,23.213463330513363
17,[2.59802149 2.82994415 2.20583696],2.431453021419722,22.211111498905034
18,[0.68778079 1.06771596 0.66685946],9.383296918964666,28.028210830652462
19,[1.61148351 1.16943558 2.63749078],8.187268742775043,23.229428161506995
20,[2.82985581 2.19112642 1.60936312],21.845141103182517,25.764936360650786
21,[2.79820405 4.32672791 4.23641439],16.04616469828572,22.901978802334717
22,[0.53908583 1.58159742 2.04739329],13.27177188453895,27.01876187601789
23,[3.43544507 3.51117644 2.23098972],7.94032837750188,26.82139750929667
24,[2.10161039 4.01315296 2.69308783],7.058011846999905,23.87704038174946
25,[4.61750245 0.30953769 1.83791727],13.377419177629417,23.390280863881216
26,[4.85199386 3.49551974 4.4548779 ],3.310209247883113,22.051169364388493
27,[1.26776359 3.62763553 1.01747217],17.51254476553238,27.441188325543223
28,[2.68755912 1.18471502 2.1824608 ],7.385207125705824,23.156010715941395
29,[3.99012257 1.54204582 3.10758314],11.579949648290079,21.709201457297933
30,[2.19824059 4.56661853 3.29342952],11.858555512206864,26.347075631190606
31,[3.26815724 1.79228892 2.61470784],7.545543479147287,25.0111916474752
32,[0.22543656 0.47154831 4.60806097],9.498292999735012,26.283542231560755
33,[0.36522251 4.64708677 3.58507569],8.378686916805771,3.727266932982503
34,[3.11155273 3.77494857 0.70834954],8.131056096346729,25.443945373603423
35,[3.96911099 3.62701575 2.7071964 ],11.122057871443435,23.490079612130184
36,[2.41292247 2.38238805 2.23016415],16.238505590585003,25.522715528610103
37,[4.08035031 1.37175747 0.30981004],13.140932048533193,24.64682706467814
38,[4.80148171 2.29059065 3.78946032],3.7849321146004384,20.92915099628058
39,[3.40579301 2.70888963 0.66416245],7.819700777623408,25.281386208208392
40,[1.26602817 2.21927797 2.79374953],17.092630682130498,26.123903170089168
41,[4.06932177 1.58914168 1.98522547],11.95137253083641,25.704474372130054
42,[4.45084124 4.12708104 0.53343542],7.977528936715315,22.946260809629965
43,[0.79887938 3.25609654 2.84532107],7.553934682684693,25.504695321469047
44,[4.92041837 3.74579506 4.01199815],8.479150960537167,20.247306552463794
45,[1.1415494  2.59356723 3.15054202],17.479580239899004,24.989759491844683
46,[0.01092681 2.56607383 2.24595084],9.147046884466047,25.391212262495763
47,[1.74678175 1.3684063  4.51041433],8.220148875728874,25.86800767618874
48,[0.1548723  1.62084545 1.43296374],8.788492060987085,27.547491917852728
49,[4.78568039 0.08266533 2.28661837],21.64745818923927,25.737520848473523
