,0,1,2
0,[17.41095701 19.36237268 16.0616634 ],27.123155156237097,24.710497205396262
1,[15.20354812 16.98597231 16.16566099],16.400281572588387,3.127235421507931
2,[19.20870362 16.03541172 18.71234767],22.39687296309203,4.337302965690259
3,[16.96077064 15.9112826  18.71769707],21.116726539265855,2.015981704901992
4,[15.3479104  19.42668602 19.763222  ],18.528433009934396,5.004496332431375
5,[19.65571717 17.07715477 15.1449083 ],17.477457701229042,3.277426663761473
6,[19.91013742 16.69818842 18.53343597],17.815057790773825,4.462179693329815
7,[16.80938534 15.17552949 19.27529127],17.35237752096316,2.9235063919639055
8,[18.28626754 18.82841497 17.77043619],23.45343918485102,3.6657882136097757
9,[19.42546468 19.52098808 15.0521085 ],27.037754737830642,4.157485108689218
10,[15.37278368 16.22314605 15.66652376],18.753852947625813,0.8104117813414403
11,[18.4896255  16.99102442 19.41561096],22.83605140292533,2.8921537770343186
12,[15.90503755 17.16249586 15.09071601],12.13138493060615,3.7266438918111566
13,[18.45718931 17.34845326 15.64111095],12.41286947652613,2.8116833523602165
14,[19.45668526 19.59101812 15.36560497],17.605803803486758,3.939070511245749
15,[0.22723972 2.19286448 3.00860465],16.70833900023472,27.097937810359706
16,[1.55113517 3.40954121 1.04506575],7.6713651539698136,26.012808008461572
17,[2.59802149 2.82994415 2.20583696],7.367766119273227,23.416489370717702
18,[0.68778079 1.06771596 0.66685946],4.070337763140065,28.032585803516334
19,[1.61148351 1.16943558 2.63749078],7.806287542889183,2.653133741623016
20,[2.82985581 2.19112642 1.60936312],21.845141103182517,25.56346723262577
21,[2.79820405 4.32672791 4.23641439],16.600451738356938,23.520217826250995
22,[0.53908583 1.58159742 2.04739329],7.75670236642285,26.99258277214029
23,[3.43544507 3.51117644 2.23098972],2.9146365963040237,24.878710589967845
24,[2.10161039 4.01315296 2.69308783],7.3408266933907615,25.731330661414823
25,[4.61750245 0.30953769 1.83791727],13.377419177629417,24.291168187001173
26,[4.85199386 3.49551974 4.4548779 ],6.075987917582043,22.051169364388493
27,[1.26776359 3.62763553 1.01747217],13.117161845746235,26.712363479015796
28,[2.68755912 1.18471502 2.1824608 ],7.385207125705824,23.66424014641598
29,[3.99012257 1.54204582 3.10758314],11.780368748571226,22.21635009112258
30,[2.19824059 4.56661853 3.29342952],11.658594531845479,23.672834341536507
31,[3.26815724 1.79228892 2.61470784],7.524623905423725,24.96757932566591
32,[0.22543656 0.47154831 4.60806097],9.273885833613415,26.586734429017795
33,[0.36522251 4.64708677 3.58507569],8.378686916805771,3.727266932982503
34,[3.11155273 3.77494857 0.70834954],8.131056096346729,25.13944449590406
35,[3.96911099 3.62701575 2.7071964 ],11.454046452489962,23.49882337029909
36,[2.41292247 2.38238805 2.23016415],21.46835069951477,26.72349730669556
37,[4.08035031 1.37175747 0.30981004],8.316995798337269,23.418693900932137
38,[4.80148171 2.29059065 3.78946032],3.7849321146004384,21.5658205395404
39,[3.40579301 2.70888963 0.66416245],7.819700777623408,25.743727235447583
40,[1.26602817 2.21927797 2.79374953],21.35267771229229,26.123903170089168
41,[4.06932177 1.58914168 1.98522547],17.114844107292694,25.704474372130054
42,[4.45084124 4.12708104 0.53343542],7.977528936715315,24.355011098894433
43,[0.79887938 3.25609654 2.84532107],7.013903273279338,25.509058911801688
44,[4.92041837 3.74579506 4.01199815],8.415248913125652,19.834578922835817
45,[1.1415494  2.59356723 3.15054202],17.940413662360925,24.989759491844683
46,[0.01092681 2.56607383 2.24595084],9.147046884466047,23.369550330880976
47,[1.74678175 1.3684063  4.51041433],12.580976202373705,25.86800767618874
48,[0.1548723  1.62084545 1.43296374],8.788492060987085,27.591105927800673
49,[4.78568039 0.08266533 2.28661837],21.64745818923927,25.810809811808564
