,0,1,2
0,[17.41095701 19.36237268 16.0616634 ],27.1231551562371,24.710497205396262
1,[15.20354812 16.98597231 16.16566099],19.957145424531568,2.0855543616913406
2,[19.20870362 16.03541172 18.71234767],22.39687296309203,4.337302965690259
3,[16.96077064 15.9112826  18.71769707],21.11672653926585,2.015981704901992
4,[15.3479104  19.42668602 19.763222  ],18.528433009934396,5.086252931074741
5,[19.65571717 17.07715477 15.1449083 ],17.477457701229042,3.2442824448480114
6,[19.91013742 16.69818842 18.53343597],18.12408602275659,4.846209751801111
7,[16.80938534 15.17552949 19.27529127],13.143496802461737,2.9188496417875394
8,[18.28626754 18.82841497 17.77043619],23.45343918485102,3.7633142825157835
9,[19.42546468 19.52098808 15.0521085 ],27.037754737830642,3.948125262809075
10,[15.37278368 16.22314605 15.66652376],18.753852947625813,0.8104117813414403
11,[18.4896255  16.99102442 19.41561096],22.901835309514684,3.1062214571779645
12,[15.90503755 17.16249586 15.09071601],12.13138493060615,3.321175055641557
13,[18.45718931 17.34845326 15.64111095],12.577847552504668,2.8116833523602165
14,[19.45668526 19.59101812 15.36560497],17.605803803486758,3.939070511245749
15,[0.22723972 2.19286448 3.00860465],16.70833900023472,27.097937810359706
16,[1.55113517 3.40954121 1.04506575],8.053477249963768,24.595433657487376
17,[2.59802149 2.82994415 2.20583696],7.367766119273227,25.01716735944777
18,[0.68778079 1.06771596 0.66685946],4.070337763140064,28.032585803516334
19,[1.61148351 1.16943558 2.63749078],7.806287542889183,2.974415340733812
20,[2.82985581 2.19112642 1.60936312],21.845141103182517,25.56346723262577
21,[2.79820405 4.32672791 4.23641439],12.189770565306226,23.520217826250995
22,[0.53908583 1.58159742 2.04739329],7.75670236642285,27.044941021413763
23,[3.43544507 3.51117644 2.23098972],2.9146365963040237,23.645242317692922
24,[2.10161039 4.01315296 2.69308783],7.3408266933907615,25.731330661414823
25,[4.61750245 0.30953769 1.83791727],13.377419177629417,24.291168187001173
26,[4.85199386 3.49551974 4.4548779 ],6.075987917582043,21.745622135622597
27,[1.26776359 3.62763553 1.01747217],8.177532847121274,26.09512339195403
28,[2.68755912 1.18471502 2.1824608 ],7.385207125705824,23.156010715941395
29,[3.99012257 1.54204582 3.10758314],11.780368748571226,25.121502674650586
30,[2.19824059 4.56661853 3.29342952],11.658594531845479,23.672834341536507
31,[3.26815724 1.79228892 2.61470784],7.524623905423725,25.0199345090077
32,[0.22543656 0.47154831 4.60806097],9.273885833613415,26.586734429017795
33,[0.36522251 4.64708677 3.58507569],8.378686916805771,3.727266932982503
34,[3.11155273 3.77494857 0.70834954],8.131056096346729,23.545551053394657
35,[3.96911099 3.62701575 2.7071964 ],11.454046452489962,23.49882337029909
36,[2.41292247 2.38238805 2.23016415],16.734644605580897,25.522715528610103
37,[4.08035031 1.37175747 0.30981004],8.337387947488017,24.64682706467814
38,[4.80148171 2.29059065 3.78946032],3.990484100265242,20.422281457284303
39,[3.40579301 2.70888963 0.66416245],7.897681837682024,25.643246122110693
40,[1.26602817 2.21927797 2.79374953],21.352677712292287,26.123903170089168
41,[4.06932177 1.58914168 1.98522547],17.10584157894384,25.704474372130054
42,[4.45084124 4.12708104 0.53343542],7.977528936715315,21.573820732136085
43,[0.79887938 3.25609654 2.84532107],7.013903273279338,25.513422506130176
44,[4.92041837 3.74579506 4.01199815],8.415248913125652,18.77146518323033
45,[1.1415494  2.59356723 3.15054202],17.94041366236092,24.168428837445543
46,[0.01092681 2.56607383 2.24595084],9.147046884466047,23.369550330880976
47,[1.74678175 1.3684063  4.51041433],12.580976202373705,23.283215688148132
48,[0.1548723  1.62084545 1.43296374],8.788492060987084,27.591105927800673
49,[4.78568039 0.08266533 2.28661837],22.04484482219077,28.091844627144305
