,0,1,2
0,[17.41095701 19.36237268 16.0616634 ],27.41598633857115,4.5380371995602395
1,[15.20354812 16.98597231 16.16566099],24.10272026409246,4.296520514991106
2,[19.20870362 16.03541172 18.71234767],18.156828700515653,2.524265575739524
3,[16.96077064 15.9112826  18.71769707],26.116652479571165,26.042058908296752
4,[15.3479104  19.42668602 19.763222  ],27.869918783935503,4.608820241290948
5,[19.65571717 17.07715477 15.1449083 ],17.02540215944804,3.308139840366767
6,[19.91013742 16.69818842 18.53343597],18.462934279484443,3.3208741290662105
7,[16.80938534 15.17552949 19.27529127],26.580353963963898,2.9188496417875394
8,[18.28626754 18.82841497 17.77043619],18.021663401300465,2.099462008650174
9,[19.42546468 19.52098808 15.0521085 ],18.21335097319145,3.782470518821862
10,[15.37278368 16.22314605 15.66652376],22.35603580049537,3.545319709169806
11,[18.4896255  16.99102442 19.41561096],28.508447350782326,3.2679328332551427
12,[15.90503755 17.16249586 15.09071601],19.552104615731103,4.140612106446142
13,[18.45718931 17.34845326 15.64111095],21.048298661770954,2.5189447914090226
14,[19.45668526 19.59101812 15.36560497],18.018662812942647,4.157233429990278
15,[0.22723972 2.19286448 3.00860465],27.423040150111426,27.354415838155543
16,[1.55113517 3.40954121 1.04506575],17.596138413435096,25.515517158523515
17,[2.59802149 2.82994415 2.20583696],11.239910349271089,23.416489370717702
18,[0.68778079 1.06771596 0.66685946],9.15051966745025,4.5182328962604075
19,[1.61148351 1.16943558 2.63749078],12.782794839659825,24.714258221016188
20,[2.82985581 2.19112642 1.60936312],17.203863953539088,28.210152730610673
21,[2.79820405 4.32672791 4.23641439],11.268597874930382,25.87969604293894
22,[3.43544507 3.51117644 2.23098972],12.50335607105392,22.543816161142384
23,[2.10161039 4.01315296 2.69308783],10.995776494498141,24.383412159174092
24,[4.61750245 0.30953769 1.83791727],22.55666187816456,26.741209331844505
25,[4.85199386 3.49551974 4.4548779 ],10.973066317364742,20.321865679113564
26,[1.26776359 3.62763553 1.01747217],13.431561078584272,27.88669894634587
27,[2.68755912 1.18471502 2.1824608 ],17.385787962832232,24.627370214457653
28,[3.99012257 1.54204582 3.10758314],11.743766120217465,27.478570799830997
29,[2.19824059 4.56661853 3.29342952],20.54228413184006,23.672834341536507
30,[3.26815724 1.79228892 2.61470784],12.500503434891447,1.2184319061847622
31,[0.22543656 0.47154831 4.60806097],13.519495968379383,25.17884123037489
32,[0.36522251 4.64708677 3.58507569],12.843213283926724,3.1546486364960873
33,[3.11155273 3.77494857 0.70834954],22.111857153950726,26.182706942195882
34,[3.96911099 3.62701575 2.7071964 ],19.81435928157122,25.740670005481615
35,[2.41292247 2.38238805 2.23016415],26.976995517352115,24.866336473607724
36,[4.08035031 1.37175747 0.30981004],14.039987784328938,26.1949813592292
37,[4.80148171 2.29059065 3.78946032],16.141278208338058,1.927751265746973
38,[3.40579301 2.70888963 0.66416245],12.903476345485462,2.2442964382219017
39,[1.26602817 2.21927797 2.79374953],12.863458196824023,25.81842544681287
40,[4.06932177 1.58914168 1.98522547],21.43789156338891,25.034843396914283
41,[4.45084124 4.12708104 0.53343542],20.445214474343757,26.590686936399006
42,[0.79887938 3.25609654 2.84532107],12.563998820171161,24.087886721395936
43,[4.92041837 3.74579506 4.01199815],22.99899217811594,22.248901580206233
44,[1.1415494  2.59356723 3.15054202],17.41046009289957,25.645045699551424
45,[0.01092681 2.56607383 2.24595084],8.55029654771454,25.391212262495763
46,[1.74678175 1.3684063  4.51041433],22.522944999435886,25.13525101764123
47,[0.1548723  1.62084545 1.43296374],12.807324375857831,4.207037049947522
48,[4.78568039 0.08266533 2.28661837],17.376785340653917,3.771315139715014
