,0,1,2
0,[17.41095701 19.36237268 16.0616634 ],27.41598633857115,4.532717301263097
1,[15.20354812 16.98597231 16.16566099],23.615521647375846,2.5698303741785793
2,[19.20870362 16.03541172 18.71234767],18.156828700515653,2.654207498015932
3,[16.96077064 15.9112826  18.71769707],26.116652479571165,26.042058908296752
4,[15.3479104  19.42668602 19.763222  ],27.818104398585444,4.319997768594939
5,[19.65571717 17.07715477 15.1449083 ],21.545365194758865,3.24286149109956
6,[19.91013742 16.69818842 18.53343597],22.976894337388778,3.260754558213012
7,[16.80938534 15.17552949 19.27529127],21.652619894976134,2.920226463825352
8,[18.28626754 18.82841497 17.77043619],18.206737056681536,2.099462008650174
9,[19.42546468 19.52098808 15.0521085 ],18.21335097319145,4.808798098851695
10,[15.37278368 16.22314605 15.66652376],21.206341609969247,3.545319709169806
11,[18.4896255  16.99102442 19.41561096],28.508447350782326,3.2679328332551427
12,[15.90503755 17.16249586 15.09071601],16.028046013133338,4.140612106446142
13,[18.45718931 17.34845326 15.64111095],16.837215912460284,2.2767796168955337
14,[19.45668526 19.59101812 15.36560497],18.12707828945545,4.10246018391057
15,[0.22723972 2.19286448 3.00860465],22.701021710201495,28.610017327868057
16,[1.55113517 3.40954121 1.04506575],12.375690368601514,25.515517158523515
17,[2.59802149 2.82994415 2.20583696],6.397503849861734,23.416489370717702
18,[0.68778079 1.06771596 0.66685946],8.600566442398584,24.93681154008252
19,[1.61148351 1.16943558 2.63749078],12.782794839659825,24.894221173015268
20,[2.82985581 2.19112642 1.60936312],16.81236969499693,26.987516117449463
21,[2.79820405 4.32672791 4.23641439],15.417043132437252,25.87969604293894
22,[3.43544507 3.51117644 2.23098972],12.50335607105392,22.72376376831276
23,[2.10161039 4.01315296 2.69308783],12.33008359805589,24.33109573800278
24,[4.61750245 0.30953769 1.83791727],21.878172470680678,26.431999340407767
25,[4.85199386 3.49551974 4.4548779 ],6.494810719753974,20.451946791488066
26,[1.26776359 3.62763553 1.01747217],13.795914474143732,27.441188325543223
27,[2.68755912 1.18471502 2.1824608 ],17.385787962832232,24.627370214457653
28,[3.99012257 1.54204582 3.10758314],16.479126669089815,27.478570799830997
29,[2.19824059 4.56661853 3.29342952],20.54228413184006,23.175656114178913
30,[3.26815724 1.79228892 2.61470784],12.50050343489145,1.1467718914539757
31,[0.22543656 0.47154831 4.60806097],13.519495968379383,25.17884123037489
32,[0.36522251 4.64708677 3.58507569],13.3964119167279,3.1538997644541777
33,[3.11155273 3.77494857 0.70834954],21.435305359027403,25.872587517291585
34,[3.96911099 3.62701575 2.7071964 ],10.31479454752502,25.740670005481615
35,[2.41292247 2.38238805 2.23016415],21.814998272937355,24.962634344138387
36,[4.08035031 1.37175747 0.30981004],14.039987784328938,26.1949813592292
37,[4.80148171 2.29059065 3.78946032],12.45625689875146,2.083191741986211
38,[3.40579301 2.70888963 0.66416245],13.080423918568332,2.2442964382219017
39,[1.26602817 2.21927797 2.79374953],12.863458196824023,25.81842544681287
40,[4.06932177 1.58914168 1.98522547],16.99529318032919,25.08709614990037
41,[4.45084124 4.12708104 0.53343542],11.24327737516344,26.590686936399006
42,[0.79887938 3.25609654 2.84532107],12.563998820171161,26.23888237411674
43,[4.92041837 3.74579506 4.01199815],19.649865046499986,22.423467873233655
44,[1.1415494  2.59356723 3.15054202],17.170142557225287,25.645045699551424
45,[0.01092681 2.56607383 2.24595084],13.230228769526146,25.391212262495763
46,[1.74678175 1.3684063  4.51041433],13.013676229129377,25.13525101764123
47,[0.1548723  1.62084545 1.43296374],8.882572072932634,26.271012482392035
48,[4.78568039 0.08266533 2.28661837],13.53196235506618,3.498625914792214
