,0,1,2
0,[17.41095701 19.36237268 16.0616634 ],27.359079003135708,4.532717301263097
1,[15.20354812 16.98597231 16.16566099],23.615521647375846,2.0855543616913406
2,[19.20870362 16.03541172 18.71234767],13.511207667950648,3.8916478382030175
3,[16.96077064 15.9112826  18.71769707],21.745891656447203,4.034274381780658
4,[15.3479104  19.42668602 19.763222  ],22.6556759529775,4.039474040472118
5,[19.65571717 17.07715477 15.1449083 ],21.764752922794628,3.2070779375787217
6,[19.91013742 16.69818842 18.53343597],18.35128233716869,3.3208741290662105
7,[16.80938534 15.17552949 19.27529127],21.652619894976134,2.995382121964463
8,[18.28626754 18.82841497 17.77043619],13.08241174224104,3.984661713309568
9,[19.42546468 19.52098808 15.0521085 ],13.355151658413543,4.960704267225332
10,[15.37278368 16.22314605 15.66652376],21.20634160996925,2.933955133802939
11,[18.4896255  16.99102442 19.41561096],28.508447350782326,2.8921537770343186
12,[15.90503755 17.16249586 15.09071601],11.855344068683532,1.4764030809042588
13,[18.45718931 17.34845326 15.64111095],16.837215912460284,2.7829045725277233
14,[19.45668526 19.59101812 15.36560497],22.213893314781274,3.939070511245749
15,[0.22723972 2.19286448 3.00860465],22.701021710201495,28.610017327868057
16,[1.55113517 3.40954121 1.04506575],17.212665540246032,26.170380639776628
17,[2.59802149 2.82994415 2.20583696],6.397503849861734,24.97352374414246
18,[0.68778079 1.06771596 0.66685946],4.3020168023453875,27.980188123335253
19,[1.61148351 1.16943558 2.63749078],7.747036660371819,26.31381124269889
20,[2.82985581 2.19112642 1.60936312],17.203863953539088,26.23457998849422
21,[2.79820405 4.32672791 4.23641439],7.635415759326212,25.14253827766576
22,[3.43544507 3.51117644 2.23098972],7.949560977941536,26.393601327883033
23,[2.10161039 4.01315296 2.69308783],12.33008359805589,24.35725390309156
24,[4.61750245 0.30953769 1.83791727],22.216460550578095,26.00464896725734
25,[4.85199386 3.49551974 4.4548779 ],6.494810719753974,22.007562563023047
26,[1.26776359 3.62763553 1.01747217],13.196215939498654,27.441188325543223
27,[2.68755912 1.18471502 2.1824608 ],17.385787962832232,24.347947012057357
28,[3.99012257 1.54204582 3.10758314],7.405007904957822,25.850666468979192
29,[2.19824059 4.56661853 3.29342952],20.54228413184006,23.672834341536507
30,[3.26815724 1.79228892 2.61470784],12.50050343489145,21.878548460276228
31,[0.22543656 0.47154831 4.60806097],13.684310634689348,27.31665841692166
32,[0.36522251 4.64708677 3.58507569],13.3964119167279,21.55300253690846
33,[3.11155273 3.77494857 0.70834954],21.73084727840716,27.383088740088123
34,[3.96911099 3.62701575 2.7071964 ],11.055853661165639,24.22562356031617
35,[2.41292247 2.38238805 2.23016415],21.96101963690186,25.364785215883643
36,[4.08035031 1.37175747 0.30981004],9.004507192887619,23.90328259521621
37,[4.80148171 2.29059065 3.78946032],12.456256898751462,20.885295709300635
38,[3.40579301 2.70888963 0.66416245],13.080423918568332,22.801899410939765
39,[1.26602817 2.21927797 2.79374953],22.638620449593407,25.51284445295594
40,[4.06932177 1.58914168 1.98522547],21.80732477850435,25.23585937533995
41,[4.45084124 4.12708104 0.53343542],11.945055045689903,25.085388107115833
42,[0.79887938 3.25609654 2.84532107],7.902969244053852,25.513422506130176
43,[4.92041837 3.74579506 4.01199815],19.76142052095027,22.074337389511616
44,[1.1415494  2.59356723 3.15054202],17.41046009289957,25.645045699551424
45,[0.01092681 2.56607383 2.24595084],8.532656579680886,25.06703834464771
46,[1.74678175 1.3684063  4.51041433],17.516911510433836,24.865476571307635
47,[0.1548723  1.62084545 1.43296374],8.882572072932634,27.896600820216214
48,[4.78568039 0.08266533 2.28661837],13.53196235506618,23.200174023229938
