,0,1,2
0,[17.41095701 19.36237268 16.0616634 ],27.359079003135708,4.532717301263097
1,[15.20354812 16.98597231 16.16566099],16.174137859380668,1.8350025065998643
2,[19.20870362 16.03541172 18.71234767],17.285545690716837,2.803448855992618
3,[16.96077064 15.9112826  18.71769707],21.745891656447203,4.034274381780658
4,[15.3479104  19.42668602 19.763222  ],22.6556759529775,4.066422311956317
5,[19.65571717 17.07715477 15.1449083 ],16.96508577385457,3.2435690948913525
6,[19.91013742 16.69818842 18.53343597],17.786565262208605,3.54956037094459
7,[16.80938534 15.17552949 19.27529127],25.98780673855365,3.7978559846848
8,[18.28626754 18.82841497 17.77043619],17.35714981808371,2.099462008650174
9,[19.42546468 19.52098808 15.0521085 ],13.694963465760415,3.833566304860648
10,[15.37278368 16.22314605 15.66652376],21.972802464768264,2.933955133802939
11,[18.4896255  16.99102442 19.41561096],28.276992638602586,2.733289113890257
12,[15.90503755 17.16249586 15.09071601],16.028046013133338,2.6861508776160936
13,[18.45718931 17.34845326 15.64111095],16.837215912460284,2.8116833523602165
14,[19.45668526 19.59101812 15.36560497],13.080002742988563,4.213495835380156
15,[0.22723972 2.19286448 3.00860465],22.755126150228477,28.610017327868057
16,[1.55113517 3.40954121 1.04506575],17.212665540246032,26.012808008461572
17,[2.59802149 2.82994415 2.20583696],6.397503849861734,23.696135346991017
18,[0.68778079 1.06771596 0.66685946],8.783046774277986,30.703962947354583
19,[1.61148351 1.16943558 2.63749078],7.747036660371819,26.47161523713382
20,[2.82985581 2.19112642 1.60936312],7.129420924656384,25.30141132279203
21,[2.79820405 4.32672791 4.23641439],11.679511837060113,21.249312498861798
22,[3.43544507 3.51117644 2.23098972],3.3548106157498756,24.448728410262923
23,[2.10161039 4.01315296 2.69308783],12.011401651351465,24.33109573800278
24,[4.61750245 0.30953769 1.83791727],22.21646055057809,24.112512081267276
25,[4.85199386 3.49551974 4.4548779 ],6.494810719753973,21.7803905373568
26,[1.26776359 3.62763553 1.01747217],13.108867075347224,26.82030927420638
27,[2.68755912 1.18471502 2.1824608 ],12.502013930520894,24.347947012057357
28,[3.99012257 1.54204582 3.10758314],11.95707849721003,24.709809262724125
29,[2.19824059 4.56661853 3.29342952],20.54228413184006,22.03074852276955
30,[3.26815724 1.79228892 2.61470784],12.244610225914327,22.219818148316186
31,[0.22543656 0.47154831 4.60806097],13.684310634689348,26.586734429017795
32,[0.36522251 4.64708677 3.58507569],12.843213283926724,23.027367252871695
33,[3.11155273 3.77494857 0.70834954],16.740000246040264,26.492854484300107
34,[3.96911099 3.62701575 2.7071964 ],11.225895396695957,25.740670005481615
35,[2.41292247 2.38238805 2.23016415],16.854730157273657,25.373535598339394
36,[4.08035031 1.37175747 0.30981004],14.039987784328938,24.517410739609367
37,[4.80148171 2.29059065 3.78946032],12.03898563052286,20.0819592513391
38,[3.40579301 2.70888963 0.66416245],12.812481732264462,23.720322677397323
39,[1.26602817 2.21927797 2.79374953],7.6409975912414865,24.219000702292874
40,[4.06932177 1.58914168 1.98522547],11.852691913238306,25.08709614990037
41,[4.45084124 4.12708104 0.53343542],12.113646769655219,25.085388107115833
42,[0.79887938 3.25609654 2.84532107],11.781280896287518,28.10279637710989
43,[4.92041837 3.74579506 4.01199815],12.522944974823226,22.074337389511616
44,[1.1415494  2.59356723 3.15054202],17.41046009289957,25.496109211649063
45,[0.01092681 2.56607383 2.24595084],18.448528512948513,25.291946104287163
46,[1.74678175 1.3684063  4.51041433],22.52294499943589,25.13525101764123
47,[0.1548723  1.62084545 1.43296374],19.382631485276494,25.94615077968419
48,[4.78568039 0.08266533 2.28661837],12.825798479336617,22.40240037889728
