,0,1,2
0,[17.41095701 19.36237268 16.0616634 ],26.813448951390058,24.66583358281978
1,[15.20354812 16.98597231 16.16566099],12.666273695307726,4.369113779749847
2,[19.20870362 16.03541172 18.71234767],18.117016824375735,2.803448855992618
3,[16.96077064 15.9112826  18.71769707],26.116652479571165,24.964574516076663
4,[15.3479104  19.42668602 19.763222  ],26.841019279536425,4.319997768594939
5,[19.65571717 17.07715477 15.1449083 ],16.868856343384845,3.3620337543132117
6,[19.91013742 16.69818842 18.53343597],17.786565262208605,4.462179693329815
7,[16.80938534 15.17552949 19.27529127],21.652619894976134,2.9188496417875394
8,[18.28626754 18.82841497 17.77043619],18.138522263681054,3.984661713309568
9,[19.42546468 19.52098808 15.0521085 ],22.65534316190156,4.74362051731846
10,[15.37278368 16.22314605 15.66652376],21.97280246476826,3.239100696413149
11,[18.4896255  16.99102442 19.41561096],28.218063439241877,2.733289113890257
12,[15.90503755 17.16249586 15.09071601],12.129293163200733,4.140612106446142
13,[18.45718931 17.34845326 15.64111095],16.642563941618903,2.0063457652374153
14,[19.45668526 19.59101812 15.36560497],17.029450506221604,3.939070511245749
15,[0.22723972 2.19286448 3.00860465],17.821908823902703,27.718877202597305
16,[1.55113517 3.40954121 1.04506575],12.051364276631707,26.012808008461572
17,[2.59802149 2.82994415 2.20583696],7.045028915939459,22.217327192248952
18,[0.68778079 1.06771596 0.66685946],14.404999318603936,27.160554365071864
19,[1.61148351 1.16943558 2.63749078],2.41931351563898,22.967406058606652
20,[2.82985581 2.19112642 1.60936312],6.695579651632853,26.23457998849422
21,[2.79820405 4.32672791 4.23641439],7.030089490250807,21.249312498861798
22,[3.43544507 3.51117644 2.23098972],7.007393358204662,24.878710589967845
23,[2.10161039 4.01315296 2.69308783],12.011401651351465,24.069317865924347
24,[4.61750245 0.30953769 1.83791727],17.76816345629096,27.050467682687607
25,[4.85199386 3.49551974 4.4548779 ],10.697172678067242,22.051169364388493
26,[1.26776359 3.62763553 1.01747217],18.061921566259063,27.441188325543223
27,[2.68755912 1.18471502 2.1824608 ],7.396026433371238,4.142101003528265
28,[3.99012257 1.54204582 3.10758314],11.35353462928374,22.21635009112258
29,[2.19824059 4.56661853 3.29342952],20.94595343221796,23.175656114178913
30,[3.26815724 1.79228892 2.61470784],12.452091864380543,22.70605479115759
31,[0.22543656 0.47154831 4.60806097],13.684310634689348,27.31665841692166
32,[0.36522251 4.64708677 3.58507569],8.466782545414674,21.55300253690846
33,[3.11155273 3.77494857 0.70834954],16.740000246040264,25.872587517291585
34,[3.96911099 3.62701575 2.7071964 ],6.709773209158053,25.740670005481615
35,[2.41292247 2.38238805 2.23016415],21.627937703337004,27.969153762298063
36,[4.08035031 1.37175747 0.30981004],9.28572803830137,3.892276872456587
37,[4.80148171 2.29059065 3.78946032],8.011755527049218,20.92915099628058
38,[3.40579301 2.70888963 0.66416245],7.998870796414823,23.720322677397323
39,[1.26602817 2.21927797 2.79374953],7.771553609286869,25.82716814224945
40,[4.06932177 1.58914168 1.98522547],16.586202555210875,25.060969695980344
41,[4.45084124 4.12708104 0.53343542],12.022317601149604,25.085388107115833
42,[0.79887938 3.25609654 2.84532107],7.625371915862128,24.087886721395936
43,[4.92041837 3.74579506 4.01199815],8.862314465788765,20.797790113041074
44,[1.1415494  2.59356723 3.15054202],17.41046009289957,23.6734982561456
45,[0.01092681 2.56607383 2.24595084],14.082044463193924,25.06703834464771
46,[1.74678175 1.3684063  4.51041433],13.059871007375094,25.091804556662787
47,[0.1548723  1.62084545 1.43296374],14.24397981890543,27.416498904920363
48,[4.78568039 0.08266533 2.28661837],7.996023243223391,25.20443221611196
