,0,1,2
0,[0.44546205],0.5345214130803211,[0.08905936]
1,[0.43406901],0.48892911124347777,[0.0548601]
2,[0.70353402],0.49284554135964814,[0.21068847]
3,[0.12860695],0.5345214130803211,[0.40591446]
4,[0.55544968],0.49284554135964814,[0.06260414]
5,[0.55476737],0.4465669288150984,[0.10820044]
6,[0.59558973],0.4651160725732947,[0.13047366]
7,[0.66791615],0.4651160725732947,[0.20280008]
8,[0.06523709],0.48892911124347777,[0.42369202]
9,[0.31117834],0.5088459378887144,[0.19766759]
10,[0.30516886],0.5306515804574008,[0.22548272]
11,[0.71433715],0.4651160725732947,[0.24922108]
12,[0.236994],0.5345214130803211,[0.29752742]
13,[0.14589512],0.5088459378887144,[0.36295082]
14,[0.68156183],0.46483803228635656,[0.21672379]
15,[0.57158139],0.46483803228635656,[0.10674335]
16,[0.78504644],0.46483803228635656,[0.32020841]
17,[0.41611436],0.5306515804574008,[0.11453722]
18,[0.04179342],0.5138789922140781,[0.47208557]
19,[0.38170946],0.48892911124347777,[0.10721965]
20,[0.52454924],0.4989478857485964,[0.02560135]
21,[0.53007037],0.46483803228635656,[0.06523233]
22,[0.46114185],0.5306515804574008,[0.06950973]
23,[0.88800097],0.4465669288150984,[0.44143404]
24,[0.01516896],0.5138789922140781,[0.49871003]
25,[0.11383395],0.5306515804574008,[0.41681763]
26,[0.44459463],0.48892911124347777,[0.04433448]
27,[0.80273115],0.4651160725732947,[0.33761508]
28,[0.14301361],0.5306515804574008,[0.38763797]
29,[0.12445751],0.5088459378887144,[0.38438843]
30,[0.6379171],0.4651160725732947,[0.17280103]
31,[0.70954623],0.4465669288150984,[0.2629793]
32,[0.02794906],0.5345214130803211,[0.50657235]
33,[0.35429586],0.5345214130803211,[0.18022555]
34,[0.06568753],0.5345214130803211,[0.46883389]
35,[0.68343327],0.46483803228635656,[0.21859523]
36,[0.34125166],0.5138789922140781,[0.17262733]
37,[0.38693804],0.5138789922140781,[0.12694095]
38,[0.79933029],0.49284554135964814,[0.30648475]
39,[0.39050165],0.5088459378887144,[0.11834429]
40,[0.69387102],0.49284554135964814,[0.20102547]
41,[0.37571922],0.48892911124347777,[0.11320989]
42,[0.93007691],0.49284554135964814,[0.43723137]
43,[0.57388895],0.49284554135964814,[0.08104341]
44,[0.63051721],0.4651160725732947,[0.16540113]
45,[0.84224859],0.49284554135964814,[0.34940304]
46,[0.73000439],0.4651160725732947,[0.26488831]
47,[0.93784367],0.4651160725732947,[0.4727276]
48,[0.94381047],0.4441401844340588,[0.49967028]
49,[0.33884533],0.5088459378887144,[0.17000061]
50,[0.99199477],0.4465669288150984,[0.54542784]
51,[0.80658363],0.46483803228635656,[0.34174559]
52,[0.85663361],0.46483803228635656,[0.39179557]
53,[0.48508143],0.4686857110909571,[0.01639572]
54,[0.49277679],0.46483803228635656,[0.02793876]
55,[0.42400456],0.5306515804574008,[0.10664702]
56,[0.08703686],0.5138789922140781,[0.42684213]
57,[0.86049596],0.4441401844340588,[0.41635577]
58,[0.89268811],0.4441401844340588,[0.44854793]
59,[0.17766746],0.5138789922140781,[0.33621153]
60,[0.44414018],0.5088459378887144,[0.06470575]
61,[0.37418664],0.5345214130803211,[0.16033477]
62,[0.32532264],0.5306515804574008,[0.20532894]
63,[0.53675392],0.49284554135964814,[0.04390838]
64,[0.33939225],0.5306515804574008,[0.19125933]
65,[0.79173353],0.4441401844340588,[0.34759335]
66,[0.6055095],0.49284554135964814,[0.11266395]
67,[0.75283143],0.4441401844340588,[0.30869125]
68,[0.45677905],0.5345214130803211,[0.07774236]
69,[0.62101817],0.4465669288150984,[0.17445124]
70,[0.11372557],0.5306515804574008,[0.41692601]
71,[0.76595936],0.4441401844340588,[0.32181917]
72,[0.84075209],0.4441401844340588,[0.39661191]
73,[0.51969784],0.4441401844340588,[0.07555766]
74,[0.24524757],0.5088459378887144,[0.26359837]
75,[0.47345309],0.5261843918873981,[0.0527313]
76,[0.42482561],0.48892911124347777,[0.0641035]
77,[0.80252255],0.4465669288150984,[0.35595562]
78,[0.50884594],0.4441401844340588,[0.06470575]
79,[0.44656693],0.5138789922140781,[0.06731206]
80,[0.38667362],0.5138789922140781,[0.12720537]
81,[0.12395474],0.5138789922140781,[0.38992425]
82,[0.84874789],0.46483803228635656,[0.38390986]
83,[0.56262807],0.4465669288150984,[0.11606115]
84,[0.51387899],0.4465669288150984,[0.06731206]
85,[0.67575488],0.4465669288150984,[0.22918795]
86,[0.32921243],0.48892911124347777,[0.15971668]
87,[0.37022335],0.48892911124347777,[0.11870576]
88,[0.15911435],0.5345214130803211,[0.37540706]
89,[0.17301548],0.5088459378887144,[0.33583045]
90,[0.7352318],0.4651160725732947,[0.27011573]
91,[0.05825479],0.48892911124347777,[0.43067432]
92,[0.56647139],0.4465669288150984,[0.11990446]
93,[0.23996508],0.5306515804574008,[0.2906865]
94,[0.21541927],0.5138789922140781,[0.29845973]
95,[0.56063809],0.49284554135964814,[0.06779254]
96,[0.10289523],0.5088459378887144,[0.4059507]
