,0,1,2
0,[0.44546205],0.5196978442359127,[0.07423579]
1,[0.43406901],0.4927767900480783,[0.05870778]
2,[0.70353402],0.4734530937662177,[0.23008092]
3,[0.12860695],0.5245492360684526,[0.39594229]
4,[0.55544968],0.4611418466508437,[0.09430784]
5,[0.55476737],0.48508143243887725,[0.06968593]
6,[0.59558973],0.5113624650513962,[0.08422727]
7,[0.66791615],0.4927767900480783,[0.17513936]
8,[0.06523709],0.5088459378887144,[0.44360885]
9,[0.31117834],0.5008113639683963,[0.18963302]
10,[0.30516886],0.5196978442359127,[0.21452898]
11,[0.71433715],0.5113624650513962,[0.20297469]
12,[0.236994],0.5138789922140781,[0.27688499]
13,[0.14589512],0.4734530937662177,[0.32755798]
14,[0.68156183],0.4445946321338359,[0.23696719]
15,[0.57158139],0.4927767900480783,[0.0788046]
16,[0.78504644],0.48508143243887725,[0.29996501]
17,[0.41611436],0.5088459378887144,[0.09273157]
18,[0.04179342],0.4927767900480783,[0.45098337]
19,[0.38170946],0.5088459378887144,[0.12713648]
20,[0.52454924],0.4734530937662177,[0.05109614]
21,[0.53007037],0.47926726310254747,[0.0508031]
22,[0.46114185],0.48508143243887725,[0.02393959]
23,[0.30751886],0.5138789922140781,[0.20636013]
24,[0.88800097],0.5088459378887144,[0.37915503]
25,[0.01516896],0.5245492360684526,[0.50938027]
26,[0.11383395],0.4672974702085307,[0.35346352]
27,[0.44459463],0.5088459378887144,[0.06425131]
28,[0.80273115],0.4611418466508437,[0.3415893]
29,[0.14301361],0.5138789922140781,[0.37086538]
30,[0.12445751],0.5196978442359127,[0.39524034]
31,[0.6379171],0.4734530937662177,[0.16446401]
32,[0.70954623],0.4611418466508437,[0.24840439]
33,[0.02794906],0.5138789922140781,[0.48592993]
34,[0.35429586],0.5138789922140781,[0.15958313]
35,[0.06568753],0.4927767900480783,[0.42708926]
36,[0.68343327],0.48508143243887725,[0.19835183]
37,[0.34125166],0.4734530937662177,[0.13220143]
38,[0.38693804],0.48508143243887725,[0.09814339]
39,[0.56948781],0.4734530937662177,[0.09603471]
40,[0.79933029],0.4611418466508437,[0.33818844]
41,[0.39050165],0.48508143243887725,[0.09457978]
42,[0.69387102],0.4927767900480783,[0.20109423]
43,[0.37571922],0.5113624650513962,[0.13564325]
44,[0.93007691],0.45167299009773504,[0.47840392]
45,[0.57388895],0.4589604490156077,[0.1149285]
46,[0.63051721],0.4734530937662177,[0.15706411]
47,[0.84224859],0.45677905138037167,[0.38546953]
48,[0.73000439],0.4734530937662177,[0.25655129]
49,[0.93784367],0.4927767900480783,[0.44506688]
50,[0.94381047],0.48508143243887725,[0.45872904]
51,[0.33884533],0.4927767900480783,[0.15393146]
52,[0.99199477],0.4465669288150984,[0.54542784]
53,[0.80658363],0.5008113639683963,[0.30577226]
54,[0.85663361],0.4465669288150984,[0.41006668]
55,[0.48508143],0.4611418466508437,[0.02393959]
56,[0.49277679],0.5088459378887144,[0.01606915]
57,[0.42400456],0.4927767900480783,[0.06877223]
58,[0.08703686],0.5088459378887144,[0.42180908]
59,[0.86049596],0.4734530937662177,[0.38704286]
60,[0.89268811],0.45677905138037167,[0.43590906]
61,[0.17766746],0.5138789922140781,[0.33621153]
62,[0.44414018],0.48508143243887725,[0.04094125]
63,[0.37418664],0.5245492360684526,[0.15036259]
64,[0.32532264],0.5008113639683963,[0.17548872]
65,[0.53675392],0.4672974702085307,[0.06945645]
66,[0.33939225],0.5196978442359127,[0.1803056]
67,[0.79173353],0.4441401844340588,[0.34759335]
68,[0.6055095],0.4611418466508437,[0.14436765]
69,[0.75283143],0.45167299009773504,[0.30115844]
70,[0.45677905],0.4927767900480783,[0.03599774]
71,[0.62101817],0.4734530937662177,[0.14756507]
72,[0.11372557],0.5167884182249953,[0.40306285]
73,[0.76595936],0.45677905138037167,[0.30918031]
74,[0.84075209],0.4441401844340588,[0.39661191]
75,[0.51969784],0.45677905138037167,[0.06291879]
76,[0.24524757],0.5196978442359127,[0.27445027]
77,[0.47345309],0.5113624650513962,[0.03790937]
78,[0.42482561],0.5088459378887144,[0.08402033]
79,[0.80252255],0.4734530937662177,[0.32906945]
80,[0.50884594],0.5138789922140781,[0.00503305]
81,[0.44656693],0.48508143243887725,[0.0385145]
82,[0.38667362],0.4734530937662177,[0.08677947]
83,[0.12395474],0.5138789922140781,[0.38992425]
84,[0.84874789],0.48508143243887725,[0.36366646]
85,[0.56262807],0.4734530937662177,[0.08917498]
86,[0.51387899],0.4734530937662177,[0.0404259]
87,[0.67575488],0.48508143243887725,[0.19067345]
88,[0.32921243],0.5138789922140781,[0.18466656]
89,[0.37022335],0.4927767900480783,[0.12255344]
90,[0.15911435],0.5196978442359127,[0.36058349]
91,[0.17301548],0.5088459378887144,[0.33583045]
92,[0.7352318],0.4734530937662177,[0.26177871]
93,[0.05825479],0.4927767900480783,[0.434522]
94,[0.96802638],0.5088459378887144,[0.45918044]
95,[0.56647139],0.45677905138037167,[0.10969234]
96,[0.23996508],0.5196978442359127,[0.27973276]
97,[0.21541927],0.5088459378887144,[0.29342667]
98,[0.56063809],0.4611418466508437,[0.09949624]
99,[0.10289523],0.5088459378887144,[0.4059507]
