,0,1,2
0,[0.44546205],0.5196978442359127,[0.07423579]
1,[0.43406901],0.5088459378887144,[0.07477693]
2,[0.70353402],0.4611418466508437,[0.24239217]
3,[0.12860695],0.5825387695564637,[0.45393182]
4,[0.55544968],0.4465669288150984,[0.10888275]
5,[0.55476737],0.5088459378887144,[0.04592143]
6,[0.59558973],0.52488410568589,[0.07070563]
7,[0.66791615],0.48508143243887725,[0.18283472]
8,[0.06523709],0.5088459378887144,[0.44360885]
9,[0.31117834],0.5008113639683963,[0.18963302]
10,[0.30516886],0.5306515804574008,[0.22548272]
11,[0.71433715],0.52488410568589,[0.18945304]
12,[0.236994],0.5547673661003649,[0.31777337]
13,[0.14589512],0.4441401844340588,[0.29824507]
14,[0.68156183],0.4445946321338359,[0.23696719]
15,[0.57158139],0.4927767900480783,[0.0788046]
16,[0.78504644],0.4927767900480783,[0.29226965]
17,[0.41611436],0.5245492360684526,[0.10843487]
18,[0.04179342],0.4441401844340588,[0.40234677]
19,[0.38170946],0.5088459378887144,[0.12713648]
20,[0.52454924],0.4465669288150984,[0.07798231]
21,[0.53007037],0.48508143243887725,[0.04498893]
22,[0.46114185],0.5245492360684526,[0.06340739]
23,[0.30751886],0.5367539248463491,[0.22923506]
24,[0.88800097],0.5088459378887144,[0.37915503]
25,[0.01516896],0.5138789922140781,[0.49871003]
26,[0.11383395],0.5245492360684526,[0.41071528]
27,[0.44459463],0.5088459378887144,[0.06425131]
28,[0.80273115],0.4734530937662177,[0.32927806]
29,[0.14301361],0.5192141141412654,[0.3762005]
30,[0.12445751],0.4441401844340588,[0.31968268]
31,[0.6379171],0.48508143243887725,[0.15283567]
32,[0.70954623],0.5088459378887144,[0.20070029]
33,[0.02794906],0.5142718910623135,[0.48632283]
34,[0.35429586],0.5088459378887144,[0.15455007]
35,[0.06568753],0.48892911124347777,[0.42324158]
36,[0.68343327],0.4927767900480783,[0.19065648]
37,[0.34125166],0.4875104194324609,[0.14625876]
38,[0.38693804],0.5138789922140781,[0.12694095]
39,[0.56948781],0.5628300497651458,[0.00665776]
40,[0.79933029],0.4465669288150984,[0.35276336]
41,[0.39050165],0.4441401844340588,[0.05363854]
42,[0.69387102],0.4445946321338359,[0.24927638]
43,[0.37571922],0.5008113639683963,[0.12509215]
44,[0.93007691],0.4240045605599201,[0.50607235]
45,[0.57388895],0.4936660429901479,[0.08022291]
46,[0.63051721],0.4589604490156077,[0.17155676]
47,[0.84224859],0.4465669288150984,[0.39568166]
48,[0.73000439],0.49900116491733515,[0.23100322]
49,[0.93784367],0.5367539248463491,[0.40108975]
50,[0.94381047],0.48508143243887725,[0.45872904]
51,[0.33884533],0.5008113639683963,[0.16196604]
52,[0.99199477],0.4651160725732947,[0.52687869]
53,[0.80658363],0.4393318199529684,[0.36725181]
54,[0.85663361],0.4445946321338359,[0.41203898]
55,[0.48508143],0.5008113639683963,[0.01572993]
56,[0.49277679],0.5088459378887144,[0.01606915]
57,[0.42400456],0.45264101554245123,[0.02863645]
58,[0.08703686],0.5138789922140781,[0.42684213]
59,[0.86049596],0.48508143243887725,[0.37541453]
60,[0.89268811],0.5196978442359127,[0.37299027]
61,[0.17766746],0.5138789922140781,[0.33621153]
62,[0.44414018],0.48508143243887725,[0.04094125]
63,[0.37418664],0.5825387695564637,[0.20835213]
64,[0.32532264],0.5245492360684526,[0.1992266]
65,[0.53675392],0.4611418466508437,[0.07561208]
66,[0.33939225],0.5245492360684526,[0.18515699]
67,[0.79173353],0.4161143635443487,[0.37561917]
68,[0.6055095],0.4465669288150984,[0.15894257]
69,[0.75283143],0.45385438773297104,[0.29897704]
70,[0.45677905],0.5825387695564637,[0.12575972]
71,[0.62101817],0.5088459378887144,[0.11217223]
72,[0.11372557],0.45264101554245123,[0.33891545]
73,[0.76595936],0.4734530937662177,[0.29250626]
74,[0.84075209],0.4161143635443487,[0.42463773]
75,[0.51969784],0.48508143243887725,[0.03461641]
76,[0.24524757],0.4734530937662177,[0.22820552]
77,[0.47345309],0.5138789922140781,[0.0404259]
78,[0.42482561],0.5088459378887144,[0.08402033]
79,[0.80252255],0.4927767900480783,[0.30974576]
80,[0.50884594],0.4927767900480783,[0.01606915]
81,[0.44656693],0.5167884182249953,[0.07022149]
82,[0.38667362],0.45385438773297104,[0.06718076]
83,[0.12395474],0.5138789922140781,[0.38992425]
84,[0.84874789],0.47926726310254747,[0.36948063]
85,[0.56262807],0.5008113639683963,[0.06181671]
86,[0.51387899],0.5088459378887144,[0.00503305]
87,[0.67575488],0.5088459378887144,[0.16690895]
88,[0.32921243],0.5138789922140781,[0.18466656]
89,[0.37022335],0.5088459378887144,[0.13862259]
90,[0.15911435],0.5825387695564637,[0.42342442]
91,[0.17301548],0.5088459378887144,[0.33583045]
92,[0.7352318],0.52488410568589,[0.2103477]
93,[0.05825479],0.4927767900480783,[0.434522]
94,[0.96802638],0.45385438773297104,[0.51417199]
95,[0.56647139],0.4651160725732947,[0.10135532]
96,[0.23996508],0.5245492360684526,[0.28458415]
97,[0.21541927],0.4875104194324609,[0.27209115]
98,[0.56063809],0.476959318349461,[0.08367877]
99,[0.10289523],0.48508143243887725,[0.3821862]
