,0,1,2
0,[0.44546205],0.5245492360684526,[0.07908719]
1,[0.43406901],0.4927767900480783,[0.05870778]
2,[0.70353402],0.4734530937662177,[0.23008092]
3,[0.12860695],0.5138789922140781,[0.38527204]
4,[0.55544968],0.4611418466508437,[0.09430784]
5,[0.55476737],0.48508143243887725,[0.06968593]
6,[0.59558973],0.5138789922140781,[0.08171074]
7,[0.66791615],0.4927767900480783,[0.17513936]
8,[0.06523709],0.5088459378887144,[0.44360885]
9,[0.31117834],0.4927767900480783,[0.18159845]
10,[0.30516886],0.5138789922140781,[0.20871013]
11,[0.71433715],0.5138789922140781,[0.20045816]
12,[0.236994],0.5138789922140781,[0.27688499]
13,[0.14589512],0.48508143243887725,[0.33918632]
14,[0.68156183],0.4465669288150984,[0.2349949]
15,[0.57158139],0.5088459378887144,[0.06273545]
16,[0.78504644],0.4927767900480783,[0.29226965]
17,[0.41611436],0.5138789922140781,[0.09776463]
18,[0.04179342],0.4927767900480783,[0.45098337]
19,[0.38170946],0.5138789922140781,[0.13216953]
20,[0.52454924],0.48508143243887725,[0.0394678]
21,[0.53007037],0.4734530937662177,[0.05661727]
22,[0.46114185],0.48508143243887725,[0.02393959]
23,[0.30751886],0.5167884182249953,[0.20926956]
24,[0.88800097],0.4927767900480783,[0.39522418]
25,[0.01516896],0.5245492360684526,[0.50938027]
26,[0.11383395],0.5113624650513962,[0.39752851]
27,[0.44459463],0.4927767900480783,[0.04818216]
28,[0.80273115],0.4611418466508437,[0.3415893]
29,[0.14301361],0.5088459378887144,[0.36583233]
30,[0.12445751],0.5138789922140781,[0.38942149]
31,[0.6379171],0.47926726310254747,[0.15864984]
32,[0.70954623],0.4611418466508437,[0.24840439]
33,[0.02794906],0.5167884182249953,[0.48883935]
34,[0.35429586],0.5138789922140781,[0.15958313]
35,[0.06568753],0.4927767900480783,[0.42708926]
36,[0.68343327],0.4927767900480783,[0.19065648]
37,[0.34125166],0.4734530937662177,[0.13220143]
38,[0.38693804],0.48508143243887725,[0.09814339]
39,[0.56948781],0.4927767900480783,[0.07671102]
40,[0.79933029],0.4611418466508437,[0.33818844]
41,[0.39050165],0.4927767900480783,[0.10227514]
42,[0.69387102],0.4927767900480783,[0.20109423]
43,[0.37571922],0.5088459378887144,[0.13312672]
44,[0.93007691],0.4734530937662177,[0.45662382]
45,[0.57388895],0.45677905138037167,[0.1171099]
46,[0.63051721],0.4611418466508437,[0.16937536]
47,[0.84224859],0.4465669288150984,[0.39568166]
48,[0.73000439],0.4734530937662177,[0.25655129]
49,[0.93784367],0.48508143243887725,[0.45276224]
50,[0.94381047],0.48508143243887725,[0.45872904]
51,[0.33884533],0.4927767900480783,[0.15393146]
52,[0.99199477],0.45677905138037167,[0.53521571]
53,[0.80658363],0.4927767900480783,[0.31380684]
54,[0.85663361],0.45167299009773504,[0.40496062]
55,[0.48508143],0.45677905138037167,[0.02830238]
56,[0.49277679],0.48508143243887725,[0.00769536]
57,[0.42400456],0.4927767900480783,[0.06877223]
58,[0.08703686],0.5088459378887144,[0.42180908]
59,[0.86049596],0.4734530937662177,[0.38704286]
60,[0.89268811],0.45677905138037167,[0.43590906]
61,[0.17766746],0.5138789922140781,[0.33621153]
62,[0.44414018],0.48508143243887725,[0.04094125]
63,[0.37418664],0.5245492360684526,[0.15036259]
64,[0.32532264],0.4927767900480783,[0.16745415]
65,[0.53675392],0.4611418466508437,[0.07561208]
66,[0.33939225],0.5196978442359127,[0.1803056]
67,[0.79173353],0.4445946321338359,[0.3471389]
68,[0.6055095],0.4611418466508437,[0.14436765]
69,[0.75283143],0.4465669288150984,[0.3062645]
70,[0.45677905],0.4927767900480783,[0.03599774]
71,[0.62101817],0.4611418466508437,[0.15987632]
72,[0.11372557],0.5138789922140781,[0.40015342]
73,[0.76595936],0.45677905138037167,[0.30918031]
74,[0.84075209],0.4445946321338359,[0.39615746]
75,[0.51969784],0.45677905138037167,[0.06291879]
76,[0.24524757],0.5088459378887144,[0.26359837]
77,[0.47345309],0.5138789922140781,[0.0404259]
78,[0.42482561],0.4927767900480783,[0.06795118]
79,[0.80252255],0.4611418466508437,[0.3413807]
80,[0.50884594],0.5138789922140781,[0.00503305]
81,[0.44656693],0.48508143243887725,[0.0385145]
82,[0.38667362],0.4927767900480783,[0.10610317]
83,[0.12395474],0.5138789922140781,[0.38992425]
84,[0.84874789],0.48508143243887725,[0.36366646]
85,[0.56262807],0.4734530937662177,[0.08917498]
86,[0.51387899],0.47926726310254747,[0.03461173]
87,[0.67575488],0.48508143243887725,[0.19067345]
88,[0.32921243],0.5196978442359127,[0.19048542]
89,[0.37022335],0.5088459378887144,[0.13862259]
90,[0.15911435],0.5196978442359127,[0.36058349]
91,[0.17301548],0.5088459378887144,[0.33583045]
92,[0.7352318],0.4611418466508437,[0.27408996]
93,[0.05825479],0.5088459378887144,[0.45059115]
94,[0.96802638],0.4927767900480783,[0.47524959]
95,[0.56647139],0.4734530937662177,[0.0930183]
96,[0.23996508],0.5167884182249953,[0.27682334]
97,[0.21541927],0.5138789922140781,[0.29845973]
98,[0.56063809],0.48508143243887725,[0.07555665]
99,[0.10289523],0.5138789922140781,[0.41098376]
