,0,1,2
0,[0.44546205],0.5221235401521827,[0.07666149]
1,[0.43406901],0.5088459378887144,[0.07477693]
2,[0.70353402],0.4611418466508437,[0.24239217]
3,[0.12860695],0.4927767900480783,[0.36416984]
4,[0.55544968],0.45167299009773504,[0.10377669]
5,[0.55476737],0.48508143243887725,[0.06968593]
6,[0.59558973],0.5138789922140781,[0.08171074]
7,[0.66791615],0.4927767900480783,[0.17513936]
8,[0.06523709],0.5088459378887144,[0.44360885]
9,[0.31117834],0.4927767900480783,[0.18159845]
10,[0.30516886],0.5088459378887144,[0.20367708]
11,[0.71433715],0.4927767900480783,[0.22156036]
12,[0.236994],0.5088459378887144,[0.27185194]
13,[0.14589512],0.5008113639683963,[0.35491625]
14,[0.68156183],0.4611418466508437,[0.22041998]
15,[0.57158139],0.5008113639683963,[0.07077002]
16,[0.78504644],0.4927767900480783,[0.29226965]
17,[0.41611436],0.4734530937662177,[0.05733873]
18,[0.04179342],0.4927767900480783,[0.45098337]
19,[0.38170946],0.5196978442359127,[0.13798838]
20,[0.52454924],0.4927767900480783,[0.03177245]
21,[0.53007037],0.48508143243887725,[0.04498893]
22,[0.46114185],0.4734530937662177,[0.01231125]
23,[0.30751886],0.5245492360684526,[0.21703038]
24,[0.88800097],0.4927767900480783,[0.39522418]
25,[0.01516896],0.5245492360684526,[0.50938027]
26,[0.11383395],0.5088459378887144,[0.39501198]
27,[0.44459463],0.4927767900480783,[0.04818216]
28,[0.80273115],0.4734530937662177,[0.32927806]
29,[0.14301361],0.4927767900480783,[0.34976318]
30,[0.12445751],0.5138789922140781,[0.38942149]
31,[0.6379171],0.48508143243887725,[0.15283567]
32,[0.70954623],0.4611418466508437,[0.24840439]
33,[0.02794906],0.5196978442359127,[0.49174878]
34,[0.35429586],0.5088459378887144,[0.15455007]
35,[0.06568753],0.4927767900480783,[0.42708926]
36,[0.68343327],0.4927767900480783,[0.19065648]
37,[0.34125166],0.5088459378887144,[0.16759427]
38,[0.38693804],0.48508143243887725,[0.09814339]
39,[0.56948781],0.4927767900480783,[0.07671102]
40,[0.79933029],0.4589604490156077,[0.34036984]
41,[0.39050165],0.5088459378887144,[0.11834429]
42,[0.69387102],0.4927767900480783,[0.20109423]
43,[0.37571922],0.5088459378887144,[0.13312672]
44,[0.93007691],0.4611418466508437,[0.46893506]
45,[0.57388895],0.4589604490156077,[0.1149285]
46,[0.63051721],0.4611418466508437,[0.16937536]
47,[0.84224859],0.4465669288150984,[0.39568166]
48,[0.73000439],0.4734530937662177,[0.25655129]
49,[0.93784367],0.4927767900480783,[0.44506688]
50,[0.94381047],0.4672974702085307,[0.476513]
51,[0.33884533],0.48508143243887725,[0.14623611]
52,[0.99199477],0.48508143243887725,[0.50691333]
53,[0.80658363],0.48892911124347777,[0.31765452]
54,[0.85663361],0.45677905138037167,[0.39985456]
55,[0.48508143],0.4465669288150984,[0.0385145]
56,[0.49277679],0.48508143243887725,[0.00769536]
57,[0.42400456],0.48892911124347777,[0.06492455]
58,[0.08703686],0.5138789922140781,[0.42684213]
59,[0.86049596],0.47926726310254747,[0.3812287]
60,[0.89268811],0.45677905138037167,[0.43590906]
61,[0.17766746],0.5138789922140781,[0.33621153]
62,[0.44414018],0.48508143243887725,[0.04094125]
63,[0.37418664],0.5196978442359127,[0.1455112]
64,[0.32532264],0.5088459378887144,[0.1835233]
65,[0.53675392],0.4611418466508437,[0.07561208]
66,[0.33939225],0.5245492360684526,[0.18515699]
67,[0.79173353],0.44546204951609025,[0.34627148]
68,[0.6055095],0.4611418466508437,[0.14436765]
69,[0.75283143],0.45677905138037167,[0.29605238]
70,[0.45677905],0.5088459378887144,[0.05206689]
71,[0.62101817],0.4734530937662177,[0.14756507]
72,[0.11372557],0.5138789922140781,[0.40015342]
73,[0.76595936],0.4465669288150984,[0.31939243]
74,[0.84075209],0.4465669288150984,[0.39418517]
75,[0.51969784],0.4611418466508437,[0.058556]
76,[0.24524757],0.4927767900480783,[0.24752922]
77,[0.47345309],0.5138789922140781,[0.0404259]
78,[0.42482561],0.48508143243887725,[0.06025582]
79,[0.80252255],0.4589604490156077,[0.3435621]
80,[0.50884594],0.5138789922140781,[0.00503305]
81,[0.44656693],0.48508143243887725,[0.0385145]
82,[0.38667362],0.4734530937662177,[0.08677947]
83,[0.12395474],0.5088459378887144,[0.3848912]
84,[0.84874789],0.48508143243887725,[0.36366646]
85,[0.56262807],0.48508143243887725,[0.07754664]
86,[0.51387899],0.48892911124347777,[0.02494988]
87,[0.67575488],0.48508143243887725,[0.19067345]
88,[0.32921243],0.5167884182249953,[0.18757599]
89,[0.37022335],0.5138789922140781,[0.14365565]
90,[0.15911435],0.5196978442359127,[0.36058349]
91,[0.17301548],0.5138789922140781,[0.34086351]
92,[0.7352318],0.4734530937662177,[0.26177871]
93,[0.05825479],0.5138789922140781,[0.4556242]
94,[0.96802638],0.4927767900480783,[0.47524959]
95,[0.56647139],0.4734530937662177,[0.0930183]
96,[0.23996508],0.5245492360684526,[0.28458415]
97,[0.21541927],0.5138789922140781,[0.29845973]
98,[0.56063809],0.48892911124347777,[0.07170897]
99,[0.10289523],0.5138789922140781,[0.41098376]
