,0,1,2
0,[0.44546205],0.5245492360684526,[0.07908719]
1,[0.43406901],0.5088459378887144,[0.07477693]
2,[0.70353402],0.4611418466508437,[0.24239217]
3,[0.12860695],0.5825387695564637,[0.45393182]
4,[0.55544968],0.43473330503800517,[0.12071638]
5,[0.55476737],0.5088459378887144,[0.04592143]
6,[0.59558973],0.5196978442359127,[0.07589189]
7,[0.66791615],0.48508143243887725,[0.18283472]
8,[0.06523709],0.5088459378887144,[0.44360885]
9,[0.31117834],0.46967185943158835,[0.15849351]
10,[0.30516886],0.5245492360684526,[0.21938037]
11,[0.71433715],0.52488410568589,[0.18945304]
12,[0.236994],0.5606193783990177,[0.32362538]
13,[0.14589512],0.43407237249698943,[0.28817726]
14,[0.68156183],0.4445946321338359,[0.23696719]
15,[0.57158139],0.48892911124347777,[0.08265228]
16,[0.78504644],0.4927767900480783,[0.29226965]
17,[0.41611436],0.49284554135964814,[0.07673118]
18,[0.04179342],0.4445946321338359,[0.40280121]
19,[0.38170946],0.5088459378887144,[0.12713648]
20,[0.52454924],0.43473330503800517,[0.08981593]
21,[0.53007037],0.4927767900480783,[0.03729358]
22,[0.46114185],0.5245492360684526,[0.06340739]
23,[0.30751886],0.52488410568589,[0.21736525]
24,[0.88800097],0.4734530937662177,[0.41454787]
25,[0.01516896],0.5343231791572215,[0.51915422]
26,[0.11383395],0.5245492360684526,[0.41071528]
27,[0.44459463],0.4927767900480783,[0.04818216]
28,[0.80273115],0.4734530937662177,[0.32927806]
29,[0.14301361],0.5192141141412654,[0.3762005]
30,[0.12445751],0.43407237249698943,[0.30961487]
31,[0.6379171],0.48508143243887725,[0.15283567]
32,[0.70954623],0.5008113639683963,[0.20873487]
33,[0.02794906],0.5196978442359127,[0.49174878]
34,[0.35429586],0.5196978442359127,[0.16540198]
35,[0.06568753],0.5008113639683963,[0.43512384]
36,[0.68343327],0.4927767900480783,[0.19065648]
37,[0.34125166],0.4611418466508437,[0.11989018]
38,[0.38693804],0.4611418466508437,[0.07420381]
39,[0.56948781],0.5628300497651458,[0.00665776]
40,[0.79933029],0.44601448916559433,[0.3533158]
41,[0.39050165],0.4445946321338359,[0.05409298]
42,[0.69387102],0.4445946321338359,[0.24927638]
43,[0.37571922],0.5088459378887144,[0.13312672]
44,[0.93007691],0.4240045605599201,[0.50607235]
45,[0.57388895],0.4611418466508437,[0.11274711]
46,[0.63051721],0.4611418466508437,[0.16937536]
47,[0.84224859],0.43473330503800517,[0.40751528]
48,[0.73000439],0.45677905138037167,[0.27322533]
49,[0.93784367],0.5142718910623135,[0.42357178]
50,[0.94381047],0.48508143243887725,[0.45872904]
51,[0.33884533],0.4927767900480783,[0.15393146]
52,[0.99199477],0.4465669288150984,[0.54542784]
53,[0.80658363],0.48508143243887725,[0.32150219]
54,[0.85663361],0.4445946321338359,[0.41203898]
55,[0.48508143],0.5088459378887144,[0.02376451]
56,[0.49277679],0.5088459378887144,[0.01606915]
57,[0.42400456],0.4441401844340588,[0.02013562]
58,[0.08703686],0.4936660429901479,[0.40662918]
59,[0.86049596],0.48508143243887725,[0.37541453]
60,[0.89268811],0.5142718910623135,[0.37841622]
61,[0.17766746],0.5138789922140781,[0.33621153]
62,[0.44414018],0.4465669288150984,[0.00242674]
63,[0.37418664],0.5825387695564637,[0.20835213]
64,[0.32532264],0.5245492360684526,[0.1992266]
65,[0.53675392],0.4465669288150984,[0.090187]
66,[0.33939225],0.5221235401521827,[0.18273129]
67,[0.79173353],0.4240045605599201,[0.36772897]
68,[0.6055095],0.47311163954486046,[0.13239786]
69,[0.75283143],0.4465669288150984,[0.3062645]
70,[0.45677905],0.5664713906976703,[0.10969234]
71,[0.62101817],0.5008113639683963,[0.1202068]
72,[0.11372557],0.44558078047446714,[0.33185521]
73,[0.76595936],0.4734530937662177,[0.29250626]
74,[0.84075209],0.4161143635443487,[0.42463773]
75,[0.51969784],0.4927767900480783,[0.02692105]
76,[0.24524757],0.4651160725732947,[0.2198685]
77,[0.47345309],0.5547673661003649,[0.08131427]
78,[0.42482561],0.5088459378887144,[0.08402033]
79,[0.80252255],0.4927767900480783,[0.30974576]
80,[0.50884594],0.4927767900480783,[0.01606915]
81,[0.44656693],0.49948021232647766,[0.05291328]
82,[0.38667362],0.4465669288150984,[0.0598933]
83,[0.12395474],0.5343231791572215,[0.41036844]
84,[0.84874789],0.4734530937662177,[0.3752948]
85,[0.56262807],0.4465669288150984,[0.11606115]
86,[0.51387899],0.4734530937662177,[0.0404259]
87,[0.67575488],0.5008113639683963,[0.17494352]
88,[0.32921243],0.5138789922140781,[0.18466656]
89,[0.37022335],0.5113624650513962,[0.14113912]
90,[0.15911435],0.5825387695564637,[0.42342442]
91,[0.17301548],0.5088459378887144,[0.33583045]
92,[0.7352318],0.52488410568589,[0.2103477]
93,[0.05825479],0.5142718910623135,[0.4560171]
94,[0.96802638],0.48508143243887725,[0.48294495]
95,[0.56647139],0.4651160725732947,[0.10135532]
96,[0.23996508],0.5245492360684526,[0.28458415]
97,[0.21541927],0.4611418466508437,[0.24572258]
98,[0.56063809],0.4611418466508437,[0.09949624]
99,[0.10289523],0.4465669288150984,[0.34367169]
