,0,1,2
0,[0.44546205],0.5245492360684526,[0.07908719]
1,[0.43406901],0.5088459378887144,[0.07477693]
2,[0.70353402],0.5138789922140781,[0.18965502]
3,[0.12860695],0.5334121459911081,[0.4048052]
4,[0.55544968],0.44601448916559433,[0.10943519]
5,[0.55476737],0.48508143243887725,[0.06968593]
6,[0.59558973],0.48508143243887725,[0.1105083]
7,[0.66791615],0.4927767900480783,[0.17513936]
8,[0.06523709],0.5196978442359127,[0.45446075]
9,[0.31117834],0.4611418466508437,[0.1499635]
10,[0.30516886],0.5138789922140781,[0.20871013]
11,[0.71433715],0.5196978442359127,[0.19463931]
12,[0.236994],0.5167884182249953,[0.27979442]
13,[0.14589512],0.48508143243887725,[0.33918632]
14,[0.68156183],0.4445946321338359,[0.23696719]
15,[0.57158139],0.48508143243887725,[0.08649995]
16,[0.78504644],0.4927767900480783,[0.29226965]
17,[0.41611436],0.5196978442359127,[0.10358348]
18,[0.04179342],0.4927767900480783,[0.45098337]
19,[0.38170946],0.5138789922140781,[0.13216953]
20,[0.52454924],0.44601448916559433,[0.07853475]
21,[0.53007037],0.48508143243887725,[0.04498893]
22,[0.46114185],0.44546204951609025,[0.0156798]
23,[0.30751886],0.5300703671358672,[0.22255151]
24,[0.88800097],0.4927767900480783,[0.39522418]
25,[0.01516896],0.5306515804574008,[0.51548262]
26,[0.11383395],0.4611418466508437,[0.34730789]
27,[0.44459463],0.4927767900480783,[0.04818216]
28,[0.80273115],0.4589604490156077,[0.3437707]
29,[0.14301361],0.5113624650513962,[0.36834886]
30,[0.12445751],0.5196978442359127,[0.39524034]
31,[0.6379171],0.4927767900480783,[0.14514031]
32,[0.70954623],0.45385438773297104,[0.25569184]
33,[0.02794906],0.5088459378887144,[0.48089687]
34,[0.35429586],0.5196978442359127,[0.16540198]
35,[0.06568753],0.5167884182249953,[0.45110089]
36,[0.68343327],0.4927767900480783,[0.19065648]
37,[0.34125166],0.4611418466508437,[0.11989018]
38,[0.38693804],0.4927767900480783,[0.10583875]
39,[0.56948781],0.4927767900480783,[0.07671102]
40,[0.79933029],0.4611418466508437,[0.33818844]
41,[0.39050165],0.48508143243887725,[0.09457978]
42,[0.69387102],0.4611418466508437,[0.23272917]
43,[0.37571922],0.5088459378887144,[0.13312672]
44,[0.93007691],0.4240045605599201,[0.50607235]
45,[0.57388895],0.4611418466508437,[0.11274711]
46,[0.63051721],0.47926726310254747,[0.15124994]
47,[0.84224859],0.4448011169750745,[0.39744747]
48,[0.73000439],0.4734530937662177,[0.25655129]
49,[0.93784367],0.48508143243887725,[0.45276224]
50,[0.94381047],0.48508143243887725,[0.45872904]
51,[0.33884533],0.4927767900480783,[0.15393146]
52,[0.99199477],0.4465669288150984,[0.54542784]
53,[0.80658363],0.48508143243887725,[0.32150219]
54,[0.85663361],0.44558078047446714,[0.41105283]
55,[0.48508143],0.4927767900480783,[0.00769536]
56,[0.49277679],0.5088459378887144,[0.01606915]
57,[0.42400456],0.4611418466508437,[0.03713729]
58,[0.08703686],0.5138789922140781,[0.42684213]
59,[0.86049596],0.4927767900480783,[0.36771917]
60,[0.89268811],0.4927767900480783,[0.39991132]
61,[0.17766746],0.5138789922140781,[0.33621153]
62,[0.44414018],0.4611418466508437,[0.01700166]
63,[0.37418664],0.542760024514235,[0.16857338]
64,[0.32532264],0.483114941907148,[0.1577923]
65,[0.53675392],0.45677905138037167,[0.07997487]
66,[0.33939225],0.5221235401521827,[0.18273129]
67,[0.79173353],0.43910459610307984,[0.35262894]
68,[0.6055095],0.45167299009773504,[0.15383651]
69,[0.75283143],0.4465669288150984,[0.3062645]
70,[0.45677905],0.5196978442359127,[0.06291879]
71,[0.62101817],0.4927767900480783,[0.12824138]
72,[0.11372557],0.5088459378887144,[0.39512037]
73,[0.76595936],0.4734530937662177,[0.29250626]
74,[0.84075209],0.42944730819640337,[0.41130479]
75,[0.51969784],0.48892911124347777,[0.03076873]
76,[0.24524757],0.5138789922140781,[0.26863142]
77,[0.47345309],0.5300703671358672,[0.05661727]
78,[0.42482561],0.5088459378887144,[0.08402033]
79,[0.80252255],0.4927767900480783,[0.30974576]
80,[0.50884594],0.4927767900480783,[0.01606915]
81,[0.44656693],0.4927767900480783,[0.04620986]
82,[0.38667362],0.45677905138037167,[0.07010543]
83,[0.12395474],0.5088459378887144,[0.3848912]
84,[0.84874789],0.4927767900480783,[0.3559711]
85,[0.56262807],0.48508143243887725,[0.07754664]
86,[0.51387899],0.48892911124347777,[0.02494988]
87,[0.67575488],0.47926726310254747,[0.19648762]
88,[0.32921243],0.5113624650513962,[0.18215004]
89,[0.37022335],0.4927767900480783,[0.12255344]
90,[0.15911435],0.569487806718503,[0.41037345]
91,[0.17301548],0.5138789922140781,[0.34086351]
92,[0.7352318],0.4734530937662177,[0.26177871]
93,[0.05825479],0.5113624650513962,[0.45310767]
94,[0.96802638],0.4927767900480783,[0.47524959]
95,[0.56647139],0.45677905138037167,[0.10969234]
96,[0.23996508],0.5245492360684526,[0.28458415]
97,[0.21541927],0.5138789922140781,[0.29845973]
98,[0.56063809],0.4465669288150984,[0.11407116]
99,[0.10289523],0.5008113639683963,[0.39791613]
