,0,1,2
0,[0.54547015],0.28666281785918213,0.21561296865174817
1,[0.17186532],0.715500248692548,0.4836946257322705
2,[0.85293181],0.5949414447184427,0.17634692918012895
3,[0.18022341],0.3289271377454311,0.30132203425895343
4,[0.58870005],0.39560476085660745,0.06685989064078757
5,[0.1207749],0.5165109031975175,0.3712884040851381
6,[0.55469875],0.33844084722843537,0.1828553767828094
7,[0.08202618],0.6223487086792338,0.4925224209213265
8,[0.99270517],0.7347148099803003,0.3161202944419864
9,[0.25271926],0.6991132151955562,0.5342102621929276
10,[0.53296001],0.32539760504859017,0.16111663981640068
11,[0.8921391],0.6208787636035805,0.2564374330629139
12,[0.24209363],0.28793571524662165,0.23945181936029125
13,[0.41762074],0.2396344531580822,0.02383885070854308
14,[0.86794548],0.5505992998831319,0.4149819211329613
15,[0.28633024],0.6010353226373025,0.369229699677025
16,[0.13769966],0.3714508848460326,0.343845781359555
17,[0.0507936],0.9010388742664093,0.7361359212637806
18,[0.92829087],0.6703005068473568,0.2517059913090429
19,[0.77995014],0.5086898083563519,0.14424847781568517
20,[0.69447451],0.40063669700579396,0.24151094617549707
21,[0.95343867],0.6821783335076358,0.31773700296696905
22,[0.93194228],0.6145960952476867,0.4789787164975161
23,[0.20739954],0.6799660264773394,0.4481604035170619
24,[0.22335698],0.7284754941650295,0.5635725411624009
25,[0.99751836],0.7395280001746587,0.32093348463634486
26,[0.4920633],0.3008595798243311,0.12021993110930218
27,[0.22577487],0.4115109293321824,0.266288430219803
28,[0.98771616],0.7297257974468896,0.31113128190857575
29,[0.75659074],0.5119843511477292,0.04966707858349351
30,[0.58258299],0.4328128243816643,0.2043465326959758
31,[0.56602715],0.29899701811044627,0.23616996907052168
32,[0.37184337],0.2916121385949883,0.12021993110930218
33,[0.45296356],0.3831002687596511,0.12158503625410944
34,[0.81726831],0.5592779411854476,0.14068342564713388
35,[0.10200653],0.7853590377851398,0.5535534148248623
36,[0.91715646],0.6458961310987977,0.281454800558131
37,[0.04387119],0.6605036993370806,0.5306774115791733
38,[0.5745486],0.3630435207779098,0.12158503625410944
39,[0.18049899],0.7713334898420484,0.6064305368394197
40,[0.63570166],0.41858840827345,0.019858276337734737
41,[0.89414345],0.6228831126270288,0.25844178208636204
42,[0.65555994],0.43050337407609074,0.019858276337734737
43,[0.25422487],0.3830609335338847,0.23783843442150532
44,[0.59657902],0.43001361868859467,0.19035050423062738
45,[0.91987718],0.6671546625241238,0.5480338017067174
46,[0.77454108],0.46991955738859764,0.4446838930635174
47,[0.29099454],0.346291258910173,0.2010687597977936
48,[0.68682978],0.4341072625105843,0.31498640169317804
49,[0.43332139],0.38702870276218737,0.14122720626679097
