,0,1,2
0,[0.54547015],0.2620705072445354,0.053406846246271455
1,[0.17186532],0.6343312482853317,0.4836946257322705
2,[0.85293181],0.39041409639999447,0.23679146758836223
3,[0.18022341],0.40425559373603137,0.3652467402400218
4,[0.58870005],0.36816349630811834,0.04700161430305283
5,[0.1207749],0.4802969649681238,0.3712884040851381
6,[0.55469875],0.24258768105601866,0.12137735776804837
7,[0.08202618],0.46886741164823126,0.4634439729953481
8,[0.99270517],0.3924510738521563,0.41012218384537513
9,[0.25271926],0.5223595881987751,0.41847559666296696
10,[0.53296001],0.2567888567926308,0.07999645078895812
11,[0.8921391],0.3800068563022464,0.3034390473659667
12,[0.24209363],0.21548524926656368,0.24996967909508816
13,[0.41762074],0.27171330511084213,0.12784941196213673
14,[0.86794548],0.47279055706111334,0.4346240911456428
15,[0.28633024],0.491860254090839,0.3493714233392903
16,[0.13769966],0.2662641818894304,0.3952603498014504
17,[0.0507936],0.6839001154554575,0.6360361730371378
18,[0.92829087],0.14148476573476693,0.3317118522470832
19,[0.77995014],0.3518962632767064,0.191250092118738
20,[0.69447451],0.4445703878186601,0.22196107513456725
21,[0.95343867],0.6123040488397777,0.3647386172700219
22,[0.93194228],0.589029940066493,0.4789787164975161
23,[0.20739954],0.628277670060067,0.42830212717932714
24,[0.22335698],0.50790098049567,0.37322203693177347
25,[0.99751836],0.396301626007643,0.40093934557438515
26,[0.4920633],0.23602281041377418,0.053406846246271455
27,[0.22577487],0.34268216270472684,0.266288430219803
28,[0.98771616],0.4194509049974401,0.39113714284661605
29,[0.75659074],0.18002119303160238,0.1600117218760806
30,[0.58258299],0.3786623898516286,0.07297694986269732
31,[0.56602715],0.25920187755627905,0.07396384666504496
32,[0.37184337],0.2827144980749766,0.12021993110930218
33,[0.45296356],0.30395090701992544,0.09250658832813108
34,[0.81726831],0.37326106066716436,0.2346853150505226
35,[0.10200653],0.6259472480809514,0.5336951384871276
36,[0.91715646],0.5148788427961429,0.3284564148611838
37,[0.04387119],0.5026053584144783,0.5015989636531949
38,[0.5745486],0.3658556705047936,0.14122720626679097
39,[0.18049899],0.5421873770372851,0.41608003260879234
40,[0.63570166],0.34955354263237537,0.04700161430305283
41,[0.89414345],0.47256322245042304,0.30544339638941487
42,[0.65555994],0.37632808054159284,0.06685989064078757
43,[0.25422487],0.3311581841823763,0.2787351431286038
44,[0.59657902],0.3039260072327493,0.09789548951374616
45,[0.91987718],0.5639436302259294,0.42781387059741527
46,[0.77454108],0.4636614676061888,0.34121968275258185
47,[0.29099454],0.2876384272724987,0.2419654685048921
48,[0.68682978],0.3272920156199307,0.23386621266573548
49,[0.43332139],0.3267382989286231,0.05874191209454116
