,0,1,2
0,[0.54547015],0.244960033060583,0.12784941196213673
1,[0.17186532],0.715500248692548,0.4836946257322705
2,[0.85293181],0.25064184914139753,0.09634106824208866
3,[0.18022341],0.5884669784718876,0.31183989399375034
4,[0.58870005],0.39560476085660745,0.06685989064078757
5,[0.1207749],0.4842875752342374,0.3712884040851381
6,[0.55469875],0.2886025104538083,0.12137735776804837
7,[0.08202618],0.6223487086792338,0.43048548110262597
8,[0.99270517],0.09002086092530323,0.41012218384537513
9,[0.25271926],0.2756342091440911,0.34385975796230017
10,[0.53296001],0.3430126472234999,0.11533927442296377
11,[0.8921391],0.6208787636035805,0.2564374330629139
12,[0.24209363],0.28793571524662165,0.23041980805415835
13,[0.41762074],0.21772486989493248,0.05489269467493546
14,[0.86794548],0.5505992998831319,0.4149819211329613
15,[0.28633024],0.6010353226373025,0.369229699677025
16,[0.13769966],0.3714508848460326,0.3348137700534221
17,[0.0507936],0.39654171495438734,0.5457854170331532
18,[0.92829087],0.25064184914139753,0.17170013037100262
19,[0.77995014],0.5086898083563519,0.14424847781568517
20,[0.69447451],0.40063669700579396,0.24151094617549707
21,[0.95343867],0.6821783335076358,0.31773700296696905
22,[0.93194228],0.6145960952476867,0.4789787164975161
23,[0.20739954],0.6799660264773394,0.4481604035170619
24,[0.22335698],0.2756342091440911,0.37322203693177347
25,[0.99751836],0.282253727563426,0.24092762369830456
26,[0.4920633],0.2760754213191069,0.05874191209454116
27,[0.22577487],0.3792876013689022,0.266288430219803
28,[0.98771616],0.2744119653812107,0.23112542097053546
29,[0.75659074],0.289178276438233,0.07850931647559112
30,[0.58258299],0.40757970094287177,0.01399602846534842
31,[0.56602715],0.2614056333956018,0.14840641238091024
32,[0.37184337],0.2886025104538083,0.12021993110930218
33,[0.45296356],0.3831002687596511,0.059548096435408926
34,[0.81726831],0.556478735492378,0.22068928658517417
35,[0.10200653],0.7853590377851398,0.5535534148248623
36,[0.91715646],0.6458961310987977,0.281454800558131
37,[0.04387119],0.6605036993370806,0.46864047176047274
38,[0.5745486],0.3630435207779098,0.12158503625410944
39,[0.18049899],0.29277740741489866,0.41608003260879234
40,[0.63570166],0.41858840827345,0.019858276337734737
41,[0.89414345],0.6228831126270288,0.25844178208636204
42,[0.65555994],0.43050337407609074,0.019858276337734737
43,[0.25422487],0.34511286177263345,0.23783843442150532
44,[0.59657902],0.3949262449296242,0.19035050423062738
45,[0.91987718],0.5668461345455624,0.48655578269195643
46,[0.77454108],0.6373582623258789,0.34121968275258185
47,[0.29099454],0.3156971220736641,0.2010687597977936
48,[0.68682978],0.35398200955265724,0.253508382678417
49,[0.43332139],0.38702870276218737,0.07919026644809046
