,0,1,2
0,[0.54547015],0.2991963087202511,0.01251013753917296
1,[0.17186532],0.6343312482853317,0.4638363493945358
2,[0.85293181],0.4632571005999616,0.27034881858351767
3,[0.18022341],0.5880579378408484,0.3652467402400218
4,[0.58870005],0.27648513495608995,0.034001299662945406
5,[0.1207749],0.5314417215362665,0.4121851127922366
6,[0.55469875],0.2873264648993351,0.12137735776804837
7,[0.08202618],0.3401941192839719,0.4634439729953481
8,[0.99270517],0.5455553188452504,0.4380064242864108
9,[0.25271926],0.4262092862954373,0.32986372949695175
10,[0.53296001],0.2812499325282328,0.014193285583962822
11,[0.8921391],0.39944500814799644,0.3374403470289121
12,[0.24209363],0.293109820344784,0.31260512476859537
13,[0.41762074],0.35355165195892446,0.13707801138937248
14,[0.86794548],0.40272478865778993,0.33498547034400317
15,[0.28633024],0.5245276256383946,0.30236980903623745
16,[0.13769966],0.42072954445968486,0.41699908676785913
17,[0.0507936],0.6851990397543205,0.5457854170331532
18,[0.92829087],0.4090156555768646,0.36226372016192954
19,[0.77995014],0.323134096737587,0.21392299079014565
20,[0.69447451],0.33319353827709697,0.16151449538653895
21,[0.95343867],0.6096551680206738,0.3788900684342247
22,[0.93194228],0.38985072837023776,0.398982265708558
23,[0.20739954],0.47612631064466804,0.42830212717932714
24,[0.22335698],0.47770115552925996,0.35922600846642505
25,[0.99751836],0.6838924355461294,0.4314912134892315
26,[0.4920633],0.30504345915415565,0.053406846246271455
27,[0.22577487],0.25602777754073375,0.30718513892690147
28,[0.98771616],0.5122334615393741,0.43763171146661806
29,[0.75659074],0.39939103688760735,0.174007750341429
30,[0.58258299],0.33694211646361366,0.012295115695895475
31,[0.56602715],0.229777453241571,0.03306713795794647
32,[0.37184337],0.3122170853668507,0.1828553767828094
33,[0.45296356],0.2888242038520823,0.11306358874690459
34,[0.81726831],0.4966748653051144,0.2346853150505226
35,[0.10200653],0.5898419574388527,0.480576464962165
36,[0.91715646],0.4161809491714424,0.35679351402836035
37,[0.04387119],0.1899709410425959,0.48908882611402194
38,[0.5745486],0.1948525169722237,0.029078447925978357
39,[0.18049899],0.5439887802236727,0.412140547987073
40,[0.63570166],0.34954639921822217,0.06115306546725563
41,[0.89414345],0.49332783102804145,0.3440589957659782
42,[0.65555994],0.27898937570477794,0.08527206555859279
43,[0.25422487],0.35109243526268924,0.2912452806677768
44,[0.59657902],0.3339489788756533,0.01399602846534842
45,[0.91987718],0.5347299304038292,0.3806620931207303
46,[0.77454108],0.3993196586806108,0.2620294163044914
47,[0.29099454],0.24865277304665295,0.2419654685048921
48,[0.68682978],0.26830144228203184,0.19476647058387586
49,[0.43332139],0.370500597618541,0.05874191209454116
