,0,1,2
0,[0.54547015],0.2400842930957455,0.01251013753917296
1,[0.17186532],0.6343312482853317,0.4638363493945358
2,[0.85293181],0.4632571005999616,0.27034881858351767
3,[0.18022341],0.5880579378408486,0.3652467402400218
4,[0.58870005],0.27648513495608995,0.034001299662945406
5,[0.1207749],0.483125509146078,0.4121851127922366
6,[0.55469875],0.28732646489933505,0.12137735776804837
7,[0.08202618],0.39690493007798056,0.4634439729953481
8,[0.99270517],0.5455553188452503,0.4380064242864108
9,[0.25271926],0.4663922903531965,0.32986372949695175
10,[0.53296001],0.2812499325282328,0.01251013753917296
11,[0.8921391],0.39944500814799644,0.3374403470289121
12,[0.24209363],0.293109820344784,0.31260512476859537
13,[0.41762074],0.35355165195892446,0.13707801138937248
14,[0.86794548],0.4554656297520501,0.33498547034400317
15,[0.28633024],0.5245276256383946,0.30236980903623745
16,[0.13769966],0.49756883475779234,0.41699908676785913
17,[0.0507936],0.6851990397543205,0.5457854170331532
18,[0.92829087],0.35307627350389864,0.36226372016192954
19,[0.77995014],0.323134096737587,0.21392299079014565
20,[0.69447451],0.33319353827709697,0.16151449538653895
21,[0.95343867],0.6096551680206738,0.3788900684342247
22,[0.93194228],0.4652744730825519,0.398982265708558
23,[0.20739954],0.47612631064466804,0.42830212717932714
24,[0.22335698],0.47500201218775084,0.35922600846642505
25,[0.99751836],0.5494058710007372,0.4314912134892315
26,[0.4920633],0.30504345915415565,0.053406846246271455
27,[0.22577487],0.38861409646456213,0.30718513892690147
28,[0.98771616],0.3788076402368114,0.4330174117530001
29,[0.75659074],0.32183790557164965,0.174007750341429
30,[0.58258299],0.33694211646361366,0.008034391942293051
31,[0.56602715],0.229777453241571,0.03306713795794647
32,[0.37184337],0.3161870550665992,0.1828553767828094
33,[0.45296356],0.2701433221734701,0.11306358874690459
34,[0.81726831],0.4966748653051144,0.24271970699281564
35,[0.10200653],0.5898419574388527,0.480576464962165
36,[0.91715646],0.5974766771842545,0.3624577145241292
37,[0.04387119],0.1899709410425959,0.48908882611402194
38,[0.5745486],0.1948525169722237,0.029078447925978357
39,[0.18049899],0.5962759010014848,0.41608003260879234
40,[0.63570166],0.34954639921822217,0.06115306546725563
41,[0.89414345],0.49332783102804145,0.3394446960523603
42,[0.65555994],0.27898937570477794,0.08953278931219522
43,[0.25422487],0.34277471816965893,0.2912452806677768
44,[0.59657902],0.32965636408217186,0.01399602846534842
45,[0.91987718],0.5347299304038292,0.3869171618903168
46,[0.77454108],0.37212786720543056,0.2824777706580407
47,[0.29099454],0.269117831079981,0.2419654685048921
48,[0.68682978],0.26830144228203184,0.19476647058387586
49,[0.43332139],0.30659572478189434,0.05874191209454116
