,0,1,2
0,[0.54547015],0.19798513352707872,0.11214875834081262
1,[0.17186532],0.5037691541442804,0.4836946257322705
2,[0.85293181],0.25064184914139753,0.09634106824208866
3,[0.18022341],0.5317561676778789,0.35273660270084883
4,[0.58870005],0.37521601639424634,0.06685989064078757
5,[0.1207749],0.43102988919027674,0.3712884040851381
6,[0.55469875],0.2886025104538083,0.12137735776804837
7,[0.08202618],0.6808485216420183,0.45093383545617516
8,[0.99270517],0.09002086092530323,0.3161202944419864
9,[0.25271926],0.5915011643412614,0.5038714798383808
10,[0.53296001],0.28361793893920106,0.09963862080163965
11,[0.8921391],0.3737031775195284,0.2564374330629139
12,[0.24209363],0.24352997107585636,0.21086993701322854
13,[0.41762074],0.32888772116545584,0.11533927442296377
14,[0.86794548],0.46229861535087424,0.4346240911456428
15,[0.28633024],0.42616897111860225,0.369229699677025
16,[0.13769966],0.32704514067526735,0.3152638990124923
17,[0.0507936],0.7530416915979439,0.7057971389092338
18,[0.92829087],0.25064184914139753,0.17170013037100262
19,[0.77995014],0.32882759542063694,0.14424847781568517
20,[0.69447451],0.40063669700579396,0.24151094617549707
21,[0.95343867],0.5925462528042235,0.3647386172700219
22,[0.93194228],0.641230509643251,0.4594288454565863
23,[0.20739954],0.628277670060067,0.4481604035170619
24,[0.22335698],0.30835614893870894,0.5332337588078541
25,[0.99751836],0.282253727563426,0.24092762369830456
26,[0.4920633],0.2760754213191069,0.03909974208185962
27,[0.22577487],0.2869351340790061,0.22718868813794335
28,[0.98771616],0.2744119653812107,0.23112542097053546
29,[0.75659074],0.289178276438233,0.06067756470909358
30,[0.58258299],0.3715296891450296,0.174007750341429
31,[0.56602715],0.2599299383217996,0.11306358874690459
32,[0.37184337],0.2886025104538083,0.08112018902744256
33,[0.45296356],0.3831002687596511,0.07999645078895812
34,[0.81726831],0.49050598959298763,0.22068928658517417
35,[0.10200653],0.573627943236872,0.5535534148248623
36,[0.91715646],0.3937170715157021,0.281454800558131
37,[0.04387119],0.5265905403987559,0.48908882611402194
38,[0.5745486],0.3667048983506197,0.14122720626679097
39,[0.18049899],0.32549934720951657,0.5760917544848729
40,[0.63570166],0.32882759542063694,0.019858276337734737
41,[0.89414345],0.5332510319236163,0.30544339638941487
42,[0.65555994],0.3885879945224039,0.06685989064078757
43,[0.25422487],0.3451532155089917,0.1987386923396457
44,[0.59657902],0.3139545603248483,0.1600117218760806
45,[0.91987718],0.6187615688231454,0.5251451190099989
46,[0.77454108],0.4205160909301636,0.3215775127399003
47,[0.29099454],0.2797236639727833,0.2215171141513429
48,[0.68682978],0.39389351055102556,0.2613587094890791
49,[0.43332139],0.2695663953362086,0.05874191209454116
