,0,1,2
0,[0.54547015],0.29720332287763496,0.053406846246271455
1,[0.17186532],0.6249309254247211,0.4836946257322705
2,[0.85293181],0.2896398004323183,0.16610203411418467
3,[0.18022341],0.47952554444024315,0.3589916714704353
4,[0.58870005],0.37521601639424634,0.04700161430305283
5,[0.1207749],0.4672530308837219,0.3712884040851381
6,[0.55469875],0.3124017266225015,0.12137735776804837
7,[0.08202618],0.5557922298773598,0.4634439729953481
8,[0.99270517],0.3924510738521563,0.3961261553800267
9,[0.25271926],0.5915011643412614,0.5038714798383808
10,[0.53296001],0.28023298634104377,0.07999645078895812
11,[0.8921391],0.3800068563022464,0.2564374330629139
12,[0.24209363],0.24126429087754878,0.24996967909508816
13,[0.41762074],0.28709404777519926,0.11533927442296377
14,[0.86794548],0.5801786677108942,0.4346240911456428
15,[0.28633024],0.491860254090839,0.3493714233392903
16,[0.13769966],0.22651644342150132,0.3543636410943519
17,[0.0507936],0.6839001154554577,0.7057971389092338
18,[0.92829087],0.14148476573476693,0.3317118522470832
19,[0.77995014],0.23148889058382202,0.191250092118738
20,[0.69447451],0.40063669700579396,0.24151094617549707
21,[0.95343867],0.6727780106470252,0.3647386172700219
22,[0.93194228],0.5633404685807746,0.4789787164975161
23,[0.20739954],0.628277670060067,0.42830212717932714
24,[0.22335698],0.50790098049567,0.41234468199138763
25,[0.99751836],0.396301626007643,0.361816700514771
26,[0.4920633],0.24938542738638034,0.040896708707098495
27,[0.22577487],0.34268216270472684,0.266288430219803
28,[0.98771616],0.4194509049974401,0.30088638684263147
29,[0.75659074],0.18002119303160238,0.1600117218760806
30,[0.58258299],0.37866238985162864,0.104246784469333
31,[0.56602715],0.25612512381994146,0.11306358874690459
32,[0.37184337],0.3512518571293272,0.08112018902744256
33,[0.45296356],0.3238945114440192,0.07999645078895812
34,[0.81726831],0.49050598959298763,0.2246287712068935
35,[0.10200653],0.639319226209109,0.5336951384871276
36,[0.91715646],0.5148788427961429,0.3284564148611838
37,[0.04387119],0.554835981652114,0.48908882611402194
38,[0.5745486],0.36913114728533625,0.14122720626679097
39,[0.18049899],0.5421873770372851,0.4552026776684065
40,[0.63570166],0.28563596831660526,0.04700161430305283
41,[0.89414345],0.47256322245042304,0.30544339638941487
42,[0.65555994],0.37632808054159284,0.06685989064078757
43,[0.25422487],0.33697387376757204,0.23783843442150532
44,[0.59657902],0.30034298604978077,0.09789548951374616
45,[0.91987718],0.5639436302259295,0.4473637416383451
46,[0.77454108],0.4205160909301635,0.34121968275258185
47,[0.29099454],0.21308334802052326,0.2215171141513429
48,[0.68682978],0.32729201561993065,0.253508382678417
49,[0.43332139],0.2897895047179778,0.07919026644809046
