,0,1,2
0,[0.54547015],0.3490740255479151,0.00922859942723575
1,[0.17186532],0.5454717084340881,0.3882102689996977
2,[0.85293181],0.5603913542732556,0.36086850469806053
3,[0.18022341],0.5750557903727106,0.4093575943409674
4,[0.58870005],0.36761449990550316,0.09663674533645261
5,[0.1207749],0.6003303614034082,0.4339238497586453
6,[0.55469875],0.35091974543336224,0.00922859942723575
7,[0.08202618],0.7393874644738704,0.5066738720855293
8,[0.99270517],0.6502064644044818,0.4181565757876682
9,[0.25271926],0.4646177620614667,0.30735632262707624
10,[0.53296001],0.3465719980400805,0.02173873696640871
11,[0.8921391],0.5496403871469832,0.3175904985301695
12,[0.24209363],0.4790116364133583,0.31260512476859537
13,[0.41762074],0.35969899629700963,0.14245484496053262
14,[0.86794548],0.5254467734956655,0.29339688487885185
15,[0.28633024],0.434775021018055,0.26836850937329204
16,[0.13769966],0.6175795374733122,0.451881341441569
17,[0.0507936],0.7044855988322222,0.538787402800479
18,[0.92829087],0.6357504164021696,0.4362275668269745
19,[0.77995014],0.6613327720506283,0.3984091534123697
20,[0.69447451],0.42734601002722317,0.26900344299884066
21,[0.95343867],0.6109399570510383,0.3788900684342247
22,[0.93194228],0.5864164928009847,0.38647212816938503
23,[0.20739954],0.7126748367489779,0.6605459465909234
24,[0.22335698],0.6967173915610383,0.6445885014029838
25,[0.99751836],0.7220117181133701,0.5720472990594796
26,[0.4920633],0.3920304140073185,0.09663674533645261
27,[0.22577487],0.5956387679445967,0.3629251755562556
28,[0.98771616],0.8690987920219451,0.6061751733836864
29,[0.75659074],0.6379733710514095,0.37504975241315097
30,[0.58258299],0.4645754541436847,0.19404398783904775
31,[0.56602715],0.35318542563166977,0.020557000418773508
32,[0.37184337],0.4641623726728998,0.2168566764457548
33,[0.45296356],0.4671108112910158,0.4149819211329613
34,[0.81726831],0.5247278507402605,0.32520500116506545
35,[0.10200653],0.6153304975266799,0.4580690580922895
36,[0.91715646],0.5716306785829647,0.371686313951365
37,[0.04387119],0.7114080137858837,0.5457098177541405
38,[0.5745486],0.3671422102103703,0.29339688487885185
39,[0.18049899],0.5747802144078612,0.40908201837611813
40,[0.63570166],0.36712032822656193,0.09023151339323399
41,[0.89414345],0.5516447361704312,0.31959484755361767
42,[0.65555994],0.5369425705726779,0.2740189519344193
43,[0.25422487],0.6658495036306615,0.613720613472607
44,[0.59657902],0.47796164917532896,0.21503803053707038
45,[0.91987718],0.6273367201726103,0.42781387059741527
46,[0.77454108],0.4990344286171342,0.3490700095632439
47,[0.29099454],0.5304190975225873,0.2977055051342462
48,[0.68682978],0.42275916992136614,0.2613587094890791
49,[0.43332139],0.3518681431206296,0.1189038645285464
