,0,1,2
0,[0.54547015],0.2788481628413968,0.00922859942723575
1,[0.17186532],0.49162990117413996,0.4247137043349216
2,[0.85293181],0.5380200137571717,0.34042015034451123
3,[0.18022341],0.49073346525248257,0.4023595801082932
4,[0.58870005],0.3056346114948183,0.09663674533645261
5,[0.1207749],0.6003303614034081,0.43958805025441416
6,[0.55469875],0.31344662635190346,0.0010499007821510586
7,[0.08202618],0.5485699381618154,0.5005568128636195
8,[0.99270517],0.3933050488944105,0.4380064242864108
9,[0.25271926],0.4646177620614667,0.32158580977220286
10,[0.53296001],0.3538284385218481,0.03306713795794647
11,[0.8921391],0.33751815192717977,0.35917908399532084
12,[0.24209363],0.3304523415619455,0.3239335257601331
13,[0.41762074],0.3317946763102067,0.17895828029575656
14,[0.86794548],0.34451752629357413,0.3954320500920315
15,[0.28633024],0.2950630492457028,0.2796969103648298
16,[0.13769966],0.46495745004092226,0.4588793556742432
17,[0.0507936],0.5344822991280502,0.5457854170331532
18,[0.92829087],0.6411767370604429,0.4362275668269745
19,[0.77995014],0.4082995491964601,0.2252513917816834
20,[0.69447451],0.4242058793029583,0.2611531161881786
21,[0.95343867],0.3238354620292485,0.40796851636020304
22,[0.93194228],0.5864164928009847,0.38647212816938503
23,[0.20739954],0.5490617161052771,0.389179482119713
24,[0.22335698],0.498195255179672,0.36622402269909926
25,[0.99751836],0.6506276508385888,0.5641969722488176
26,[0.4920633],0.2760350909220569,0.08650249014339628
27,[0.22577487],0.3719618154581704,0.3629251755562556
28,[0.98771616],0.6342908185984756,0.49565285742650733
29,[0.75659074],0.3364134179352572,0.174007750341429
30,[0.58258299],0.4372498942680803,0.0165558394494979
31,[0.56602715],0.2841138001653022,0.020557000418773508
32,[0.37184337],0.3655001475204781,0.2168566764457548
33,[0.45296356],0.35261049573890746,0.1296194281964025
34,[0.81726831],0.5288436857364706,0.32520500116506545
35,[0.10200653],0.528508394733423,0.4640206255126671
36,[0.91715646],0.56751927849921,0.371686313951365
37,[0.04387119],0.8154074401194501,0.5387118035214663
38,[0.5745486],0.3375181519271798,0.014185648002973728
39,[0.18049899],0.4515597103638281,0.4020840041434439
40,[0.63570166],0.32702995090813536,0.08561721367961617
41,[0.89414345],0.341511380574147,0.361183433018769
42,[0.65555994],0.28140570777122503,0.08101134180499037
43,[0.25422487],0.5720827528959207,0.32032372859375513
44,[0.59657902],0.28519501945516024,0.031955344657012774
45,[0.91987718],0.580677748022253,0.42781387059741527
46,[0.77454108],0.47224581924160025,0.34121968275258185
47,[0.29099454],0.25632500031824784,0.2977055051342462
48,[0.68682978],0.30418333601275405,0.19476647058387586
49,[0.43332139],0.33569735384610533,0.13270575875958612
