,0,1,2
0,[0.54547015],0.2788481628413968,0.01489279992300463
1,[0.17186532],0.49162990117413996,0.4247137043349216
2,[0.85293181],0.5874446852789977,0.34042015034451123
3,[0.18022341],0.49073346525248257,0.4023595801082932
4,[0.58870005],0.31474490424960777,0.09663674533645261
5,[0.1207749],0.6003303614034081,0.4339238497586453
6,[0.55469875],0.31344662635190346,0.00922859942723575
7,[0.08202618],0.40806673875246,0.5005568128636195
8,[0.99270517],0.48405978854588805,0.4380064242864108
9,[0.25271926],0.4079382063612524,0.31330789004745385
10,[0.53296001],0.3538284385218481,0.03306713795794647
11,[0.8921391],0.33751815192717977,0.35917908399532084
12,[0.24209363],0.3304523415619455,0.3239335257601331
13,[0.41762074],0.3317946763102067,0.17895828029575656
14,[0.86794548],0.34451752629357413,0.4149819211329613
15,[0.28633024],0.2950630492457028,0.2796969103648298
16,[0.13769966],0.46495745004092226,0.4588793556742432
17,[0.0507936],0.5897587668157336,0.5752758777318276
18,[0.92829087],0.649822716878479,0.4362275668269745
19,[0.77995014],0.4082995491964601,0.2252513917816834
20,[0.69447451],0.4242058793029583,0.2611531161881786
21,[0.95343867],0.3238354620292485,0.40796851636020304
22,[0.93194228],0.5864164928009847,0.38647212816938503
23,[0.20739954],0.5901420247618654,0.389179482119713
24,[0.22335698],0.498195255179672,0.35922600846642505
25,[0.99751836],0.6506276508385888,0.5641969722488176
26,[0.4920633],0.32083997100202544,0.09051968611454286
27,[0.22577487],0.3281265196527741,0.3629251755562556
28,[0.98771616],0.6342908185984755,0.49565285742650733
29,[0.75659074],0.3364134179352572,0.2008420900003136
30,[0.58258299],0.37050706871090017,0.0165558394494979
31,[0.56602715],0.2841138001653022,0.020557000418773508
32,[0.37184337],0.3662304290382144,0.2168566764457548
33,[0.45296356],0.43524400838975896,0.1256022322252559
34,[0.81726831],0.44979161577618043,0.30475664681151615
35,[0.10200653],0.528508394733423,0.4640206255126671
36,[0.91715646],0.56751927849921,0.371686313951365
37,[0.04387119],0.7801963265853111,0.5387118035214663
38,[0.5745486],0.3375181519271798,0.014185648002973728
39,[0.18049899],0.4515597103638281,0.4020840041434439
40,[0.63570166],0.32702995090813536,0.09023151339323399
41,[0.89414345],0.341511380574147,0.361183433018769
42,[0.65555994],0.3276307919653322,0.10086119030373297
43,[0.25422487],0.5720827528959207,0.32032372859375513
44,[0.59657902],0.28519501945516024,0.031955344657012774
45,[0.91987718],0.5584067995032271,0.42781387059741527
46,[0.77454108],0.47224581924160025,0.34121968275258185
47,[0.29099454],0.25632500031824784,0.2977055051342462
48,[0.68682978],0.3135145713723823,0.19476647058387586
49,[0.43332139],0.3357579461405675,0.13270575875958612
