,0,1,2
0,[0.54547015],0.28358847403897947,0.020557000418773508
1,[0.17186532],0.5512760343473961,0.4247137043349216
2,[0.85293181],0.4384774919579161,0.36086850469806053
3,[0.18022341],0.47110752020299795,0.4023595801082932
4,[0.58870005],0.3277888383340096,0.09663674533645261
5,[0.1207749],0.5291022938908053,0.4339238497586453
6,[0.55469875],0.29049378278491117,0.00922859942723575
7,[0.08202618],0.5263654250294337,0.5005568128636195
8,[0.99270517],0.5016588568650703,0.4693241471231644
9,[0.25271926],0.4079382063612524,0.31330789004745385
10,[0.53296001],0.2780048435549901,0.03306713795794647
11,[0.8921391],0.33751815192717977,0.35917908399532084
12,[0.24209363],0.3304523415619455,0.3239335257601331
13,[0.41762074],0.2284404088501441,0.17895828029575656
14,[0.86794548],0.5931465596475094,0.37588217905110166
15,[0.28633024],0.2950630492457028,0.2796969103648298
16,[0.13769966],0.4996551550711791,0.4588793556742432
17,[0.0507936],0.6720174663384206,0.6047663384305021
18,[0.92829087],0.39770597073756236,0.4362275668269745
19,[0.77995014],0.3803633148119293,0.2252513917816834
20,[0.69447451],0.3655155748778077,0.2611531161881786
21,[0.95343867],0.4028875319895386,0.40796851636020304
22,[0.93194228],0.5482611638597612,0.38647212816938503
23,[0.20739954],0.475357762752744,0.389179482119713
24,[0.22335698],0.49034195370898337,0.351191616524132
25,[0.99751836],0.6506276508385888,0.5641969722488176
26,[0.4920633],0.2760350909220569,0.08248529417224981
27,[0.22577487],0.2618910946005816,0.3629251755562556
28,[0.98771616],0.6342908185984756,0.49565285742650733
29,[0.75659074],0.3394170962818999,0.2008420900003136
30,[0.58258299],0.4165724066336523,0.027884240441035657
31,[0.56602715],0.2682463755653879,0.020557000418773508
32,[0.37184337],0.3187368749738106,0.2168566764457548
33,[0.45296356],0.43524400838975896,0.1296194281964025
34,[0.81726831],0.4201640295728689,0.32520500116506545
35,[0.10200653],0.5752716672800905,0.4640206255126671
36,[0.91715646],0.425199373396144,0.371686313951365
37,[0.04387119],0.6457097620399187,0.5387118035214663
38,[0.5745486],0.3375181519271798,0.024464148212360537
39,[0.18049899],0.40549437244107595,0.4020840041434439
40,[0.63570166],0.3118603505997358,0.09023151339323399
41,[0.89414345],0.341511380574147,0.361183433018769
42,[0.65555994],0.28140570777122503,0.0951969898079641
43,[0.25422487],0.5720827528959206,0.32032372859375513
44,[0.59657902],0.28519501945516024,0.04188026890638408
45,[0.91987718],0.4219993601034317,0.42781387059741527
46,[0.77454108],0.47224581924160025,0.34121968275258185
47,[0.29099454],0.39856996051361093,0.2977055051342462
48,[0.68682978],0.2611682406473147,0.17431811623032656
49,[0.43332139],0.33569735384610533,0.14122720626679097
