,0,1,2
0,[0.54547015],0.3490740255479151,0.00922859942723575
1,[0.17186532],0.45864960564083124,0.5149644603389062
2,[0.85293181],0.4878063191620045,0.31997179599096204
3,[0.18022341],0.41361235528162893,0.4023595801082932
4,[0.58870005],0.291492724098501,0.2168566764457548
5,[0.1207749],0.6003303614034082,0.4339238497586453
6,[0.55469875],0.35091974543336224,0.00922859942723575
7,[0.08202618],0.45235225100034293,0.41003712674907666
8,[0.99270517],0.3297869491883766,0.4181565757876682
9,[0.25271926],0.39396644854273405,0.43411051396628475
10,[0.53296001],0.3465719980400805,0.02173873696640871
11,[0.8921391],0.2501358269917569,0.3175904985301695
12,[0.24209363],0.4790116364133583,0.31260512476859537
13,[0.41762074],0.3457272384784913,0.17895828029575656
14,[0.86794548],0.2501358269917569,0.29339688487885185
15,[0.28633024],0.434775021018055,0.26836850937329204
16,[0.13769966],0.5365529032109192,0.4588793556742432
17,[0.0507936],0.6234589645698293,0.5457854170331532
18,[0.92829087],0.5631653812909183,0.5564474979362767
19,[0.77995014],0.37530709883037855,0.19736715134064775
20,[0.69447451],0.321725596027587,0.2611531161881786
21,[0.95343867],0.4185041570644076,0.4033542166465852
22,[0.93194228],0.5864164928009847,0.38647212816938503
23,[0.20739954],0.6125798158113112,0.6605459465909234
24,[0.22335698],0.5966223706233715,0.4827183585684882
25,[0.99751836],0.5321340542503369,0.5641969722488176
26,[0.4920633],0.2528380259639199,0.12021993110930218
27,[0.22577487],0.4138583066636411,0.3598666459453007
28,[0.98771616],0.5830731188016952,0.40513317131196447
29,[0.75659074],0.35194769783115976,0.174007750341429
30,[0.58258299],0.2842049134642947,0.01399602846534842
31,[0.56602715],0.35318542563166977,0.020557000418773508
32,[0.37184337],0.2528380259639199,0.12021993110930218
33,[0.45296356],0.4161285954449414,0.4149819211329613
34,[0.81726831],0.5247278507402605,0.3839469132596066
35,[0.10200653],0.528508394733423,0.4383751515158484
36,[0.91715646],0.5716306785829647,0.371686313951365
37,[0.04387119],0.7827799433912004,0.5387118035214663
38,[0.5745486],0.34317757369247576,0.06115306546725563
39,[0.18049899],0.49375358014546844,0.41608003260879234
40,[0.63570166],0.36712032822656193,0.09023151339323399
41,[0.89414345],0.2509375666011362,0.31959484755361767
42,[0.65555994],0.28420491346429466,0.07297694986269732
43,[0.25422487],0.5657544826929947,0.44875930767226435
44,[0.59657902],0.28140570777122503,0.01399602846534842
45,[0.91987718],0.5547516850613592,0.42781387059741527
46,[0.77454108],0.35375222265334827,0.34121968275258185
47,[0.29099454],0.2851775574393165,0.2010687597977936
48,[0.68682978],0.35649619657074993,0.253508382678417
49,[0.43332139],0.321725596027587,0.253508382678417
