,0,1,2
0,[0.54547015],0.29251012056339787,0.00922859942723575
1,[0.17186532],0.45864960564083124,0.4638363493945358
2,[0.85293181],0.5170200189841047,0.36086850469806053
3,[0.18022341],0.47724439387841266,0.40847663933020295
4,[0.58870005],0.3207064239206011,0.17107931105231788
5,[0.1207749],0.6003303614034081,0.4339238497586453
6,[0.55469875],0.31344662635190346,0.00922859942723575
7,[0.08202618],0.5485699381618154,0.5005568128636195
8,[0.99270517],0.3933050488944105,0.4380064242864108
9,[0.25271926],0.39396644854273405,0.43411051396628475
10,[0.53296001],0.3465719980400805,0.02173873696640871
11,[0.8921391],0.48652315724563877,0.37962743834887
12,[0.24209363],0.47466388902007656,0.31260512476859537
13,[0.41762074],0.32722995393517207,0.17895828029575656
14,[0.86794548],0.30397648123726373,0.29339688487885185
15,[0.28633024],0.43292930113260786,0.26836850937329204
16,[0.13769966],0.46495745004092237,0.4588793556742432
17,[0.0507936],0.5344822991280502,0.5457854170331532
18,[0.92829087],0.616423067334879,0.4655985228742451
19,[0.77995014],0.34050554876209277,0.19736715134064775
20,[0.69447451],0.321725596027587,0.2611531161881786
21,[0.95343867],0.5829181465513231,0.40796851636020304
22,[0.93194228],0.5864164928009847,0.38647212816938503
23,[0.20739954],0.5490617161052771,0.42830212717932714
24,[0.22335698],0.6209393778741934,0.37322203693177347
25,[0.99751836],0.5321340542503369,0.5641969722488176
26,[0.4920633],0.30096774068167165,0.02169277604519515
27,[0.22577487],0.2840956077329634,0.3629251755562556
28,[0.98771616],0.6780853096029235,0.40915036728311105
29,[0.75659074],0.3364134179352572,0.174007750341429
30,[0.58258299],0.4372498942680803,0.01399602846534842
31,[0.56602715],0.29251012056339787,0.020557000418773508
32,[0.37184337],0.2580077395641597,0.2168566764457548
33,[0.45296356],0.35261049573890746,0.18273810172136506
34,[0.81726831],0.4813565154511096,0.35457595721233603
35,[0.10200653],0.528508394733423,0.4640206255126671
36,[0.91715646],0.5716306785829647,0.371686313951365
37,[0.04387119],0.7709837591117307,0.5417703331324212
38,[0.5745486],0.30397648123726373,0.014185648002973728
39,[0.18049899],0.4770239331065332,0.40820106336535367
40,[0.63570166],0.32702995090813536,0.09023151339323399
41,[0.89414345],0.31445566630717003,0.34038914028619327
42,[0.65555994],0.28140570777122503,0.07297694986269732
43,[0.25422487],0.5900714899438165,0.32032372859375513
44,[0.59657902],0.28140570777122503,0.01399602846534842
45,[0.91987718],0.6273367201726103,0.42781387059741527
46,[0.77454108],0.35375222265334827,0.34121968275258185
47,[0.29099454],0.2580077395641596,0.2977055051342462
48,[0.68682978],0.32019664932563463,0.253508382678417
49,[0.43332139],0.321725596027587,0.253508382678417
