,0,1,2
0,[0.37273141],0.5023479390264193,0.1296165328245822
1,[0.49831379],0.4878560767716782,0.010457718071365196
2,[0.45559936],0.5514180087559122,0.09581864486488867
3,[0.56412065],0.4942689699588201,0.06985168357489702
4,[0.73564275],0.46813037091471155,0.2675123757754122
5,[0.78554134],0.46813037091471155,0.3174109734658479
6,[0.99665685],0.5349121287692977,0.46174472107838405
7,[0.05081562],0.5013986630956843,0.4505830391338428
8,[0.68412867],0.4878560767716782,0.19627259298218547
9,[0.55141801],0.4942689699588201,0.0571490387970921
10,[0.96422336],0.5349121287692977,0.4293112279116026
11,[0.33303247],0.5161616571523213,0.18312918897066066
12,[0.18864794],0.5063820832097952,0.31773414322740845
13,[0.79644713],0.4426097830626222,0.3538373459138844
14,[0.79252939],0.5052153135555707,0.2873140766483967
15,[0.91180508],0.44887528657446624,0.46292979676700347
16,[0.17839904],0.4878560767716782,0.30945704018833564
17,[0.342915],0.4983137948430434,0.15539879352629626
18,[0.30737181],0.4930849358073608,0.18571312390705275
19,[0.3519116],0.4878560767716782,0.1359444774923083
20,[0.7727009],0.4983137948430434,0.27438710446952685
21,[0.3123746],0.5013986630956843,0.18902406083582657
22,[0.58004494],0.5349121287692977,0.04513280803142283
23,[0.48785608],0.4983137948430434,0.010457718071365196
24,[0.44623157],0.5095602924323221,0.06332872406203316
25,[0.03024077],0.5653935596699331,0.5351527859153242
26,[0.2915986],0.5653935596699331,0.27379496397710623
27,[0.79936142],0.4942689699588201,0.30509245416472586
28,[0.56344217],0.5368635141104304,0.026578660218369965
29,[0.92849512],0.47851579421803225,0.4499793294377388
30,[0.59597577],0.4831859354948552,0.11278983805730747
31,[0.02235699],0.5514180087559122,0.52906102185795
32,[0.58273708],0.47851579421803225,0.10422128406785114
33,[0.19598908],0.5653935596699331,0.3694044806372636
34,[0.40922955],0.5514180087559122,0.1421884597194395
35,[0.12437004],0.4983137948430434,0.3739437556574047
36,[0.12797678],0.5653935596699331,0.4374167780379383
37,[0.81945776],0.5052153135555707,0.31424245003711027
38,[0.9685409],0.46813037091471155,0.500410527042552
39,[0.30440025],0.5095602924323221,0.20516004075771554
40,[0.9966789],0.4670575790545279,0.5296213179103983
41,[0.85470241],0.4942689699588201,0.36043344346443984
42,[0.76908614],0.4878560767716782,0.2812300669425727
43,[0.77804046],0.47851579421803225,0.29952467071808764
44,[0.29327008],0.5673449450110657,0.2740748610876097
45,[0.6371144],0.5052153135555707,0.1318990880571146
46,[0.64545089],0.4942689699588201,0.15118192294954502
47,[0.34290494],0.5161616571523213,0.1732567131731929
48,[0.37419701],0.46813037091471155,0.09393336476592107
49,[0.56734495],0.4983137948430434,0.0690311501680223
50,[0.51616166],0.4942689699588201,0.021892687193501237
51,[0.01069036],0.4983137948430434,0.4876234385562399
52,[0.42212723],0.5063820832097952,0.0842548575835469
53,[0.83134902],0.4942689699588201,0.3370800507293811
54,[0.38465301],0.5161616571523213,0.1315086490743017
55,[0.41108037],0.4930849358073608,0.08200456568453418
56,[0.26954921],0.5514180087559122,0.28186880122264346
57,[0.65229231],0.47851579421803225,0.1737765125420252
58,[0.6508718],0.4942689699588201,0.15660282759380995
59,[0.88071603],0.47851579421803225,0.40220024046682445
60,[0.26082488],0.5063820832097952,0.24555720392891844
61,[0.4296202],0.48995722865685826,0.06033702642263733
62,[0.17123547],0.48725622706225336,0.31602075672176877
63,[0.80474953],0.4983137948430434,0.3064357331554597
64,[0.08518393],0.4930849358073608,0.40790101051143746
65,[0.51772192],0.47851579421803225,0.03920612755092778
66,[0.89619969],0.46813037091471155,0.42806932068124637
67,[0.25385017],0.4983137948430434,0.2444636243239776
68,[0.46813037],0.5063820832097952,0.03825171229508362
69,[0.49426897],0.5161616571523213,0.021892687193501237
70,[0.25306617],0.5514180087559122,0.29835183449003966
71,[0.42470129],0.5013986630956843,0.07669737307524815
72,[0.50638208],0.46813037091471155,0.03825171229508362
73,[0.39564128],0.48725622706225336,0.09161494214723809
74,[0.03384653],0.5653935596699331,0.5315470272306907
75,[0.31854598],0.5013986630956843,0.18285268303022362
76,[0.35872479],0.48725622706225336,0.12853143804964384
77,[0.57986177],0.4983137948430434,0.0815479734253699
78,[0.83653198],0.4831859354948552,0.3533460408063711
79,[0.62512759],0.47851579421803225,0.1466117952642252
80,[0.20432905],0.5673449450110657,0.3630158963747929
81,[0.68143706],0.4983137948430434,0.1831232635867055
82,[0.72075917],0.4831859354948552,0.23757323651173423
83,[0.75923155],0.4878560767716782,0.27137547737550183
84,[0.35225934],0.5161616571523213,0.1639023139213701
85,[0.92530431],0.46813037091471155,0.45717394048930216
86,[0.35821956],0.4983137948430434,0.14009423338604832
87,[0.88048136],0.46813037091471155,0.4123509841634966
88,[0.47851579],0.4930849358073608,0.014569141589328538
89,[0.31595083],0.5161616571523213,0.20021082435228488
90,[0.1436034],0.5653935596699331,0.42179015744869164
91,[0.21955811],0.5653935596699331,0.3458354505606458
92,[0.10306752],0.5013986630956843,0.3983311400241146
93,[0.67066418],0.4942689699588201,0.17639521075689601
94,[0.66866115],0.47851579421803225,0.19014535204005267
95,[0.78106059],0.4555993638910235,0.32546122991507664
96,[0.50139866],0.47851579421803225,0.022882868877652007
97,[0.71765487],0.4942689699588201,0.22338590098399602
98,[0.8365236],0.4942689699588201,0.3422546301926095
99,[0.13045257],0.5161616571523213,0.3857090903960836
