,0,1,2
0,[0.37273141],0.5161616571523213,0.14343025095048423
1,[0.49831379],0.5013986630956843,0.003084868252640871
2,[0.45559936],0.5161616571523213,0.060562293261297806
3,[0.56412065],0.4942689699588201,0.06985168357489702
4,[0.73564275],0.46813037091471155,0.2675123757754122
5,[0.78554134],0.4878560767716782,0.29768526760888125
6,[0.99665685],0.46813037091471155,0.5285264789329702
7,[0.05081562],0.49783381652725217,0.4470181925654107
8,[0.68412867],0.46813037091471155,0.21599829883915211
9,[0.55141801],0.4942689699588201,0.0571490387970921
10,[0.96422336],0.49106252336524914,0.4731608333156512
11,[0.33303247],0.5013986630956843,0.1683661949140236
12,[0.18864794],0.5063820832097952,0.31773414322740845
13,[0.79644713],0.4555993638910235,0.3408477650854831
14,[0.79252939],0.4983137948430434,0.294215595360924
15,[0.91180508],0.46813037091471155,0.44367471242675816
16,[0.17839904],0.5063820832097952,0.3279830466264526
17,[0.342915],0.4983137948430434,0.15539879352629626
18,[0.30737181],0.5013986630956843,0.19402685119537622
19,[0.3519116],0.5013986630956843,0.14948706381631438
20,[0.7727009],0.47851579421803225,0.294185105094538
21,[0.3123746],0.51772192176896,0.20534731950910234
22,[0.58004494],0.4942689699588201,0.08577596684190048
23,[0.48785608],0.4983137948430434,0.010457718071365196
24,[0.44623157],0.4983137948430434,0.0520822264727544
25,[0.03024077],0.4983137948430434,0.4680730210884345
26,[0.2915986],0.51772192176896,0.22612332607613317
27,[0.79936142],0.4878560767716782,0.31150534735186775
28,[0.56344217],0.49629138240093174,0.06715079192786866
29,[0.92849512],0.4942689699588201,0.43422615369695095
30,[0.59597577],0.47851579421803225,0.11745997933413044
31,[0.02235699],0.51772192176896,0.49536493487099786
32,[0.58273708],0.49106252336524914,0.09167455492063425
33,[0.19598908],0.5514180087559122,0.3554289297232427
34,[0.40922955],0.5063820832097952,0.09715253417332248
35,[0.12437004],0.5063820832097952,0.38201204402415645
36,[0.12797678],0.5063820832097952,0.3784053015778004
37,[0.81945776],0.4942689699588201,0.3251887936338609
38,[0.9685409],0.4733230825663719,0.4952178153908916
39,[0.30440025],0.4983137948430434,0.19391354316843679
40,[0.9966789],0.46813037091471155,0.5285485260502147
41,[0.85470241],0.47851579421803225,0.37618661920522767
42,[0.76908614],0.4942689699588201,0.2748171737554308
43,[0.77804046],0.4983137948430434,0.2797266700930765
44,[0.29327008],0.534569965262436,0.24129988133898006
45,[0.6371144],0.4983137948430434,0.1388006067696419
46,[0.64545089],0.4942689699588201,0.15118192294954502
47,[0.34290494],0.5038903731527398,0.16098542917361136
48,[0.37419701],0.4878560767716782,0.11365907062288771
49,[0.56734495],0.4878560767716782,0.0794888682393875
50,[0.51616166],0.4942689699588201,0.021892687193501237
51,[0.01069036],0.51772192176896,0.5070315654821566
52,[0.42212723],0.5063820832097952,0.0842548575835469
53,[0.83134902],0.4942689699588201,0.3370800507293811
54,[0.38465301],0.5161616571523213,0.1315086490743017
55,[0.41108037],0.4983137948430434,0.08723342472021678
56,[0.26954921],0.5337898329541167,0.26424062542084803
57,[0.65229231],0.47851579421803225,0.1737765125420252
58,[0.6508718],0.47851579421803225,0.17235600333459777
59,[0.88071603],0.446231568370289,0.4344844663145677
60,[0.26082488],0.5161616571523213,0.2553367778714446
61,[0.4296202],0.5038903731527398,0.07427017091851884
62,[0.17123547],0.49629138240093174,0.32505591206044715
63,[0.80474953],0.4878560767716782,0.3168934512268249
64,[0.08518393],0.5013986630956843,0.4162147377997609
65,[0.51772192],0.47851579421803225,0.03920612755092778
66,[0.89619969],0.46813037091471155,0.42806932068124637
67,[0.25385017],0.5038903731527398,0.250040202633674
68,[0.46813037],0.4998562289693638,0.03172585805465228
69,[0.49426897],0.5169417894606407,0.02267281950182065
70,[0.25306617],0.5161616571523213,0.2630954828864488
71,[0.42470129],0.5013986630956843,0.07669737307524815
72,[0.50638208],0.4942689699588201,0.012113113250975083
73,[0.39564128],0.5063820832097952,0.1107407982947799
74,[0.03384653],0.5289000459828537,0.49505351354361127
75,[0.31854598],0.5063820832097952,0.18783610314433452
76,[0.35872479],0.5063820832097952,0.14765729419718565
77,[0.57986177],0.4878560767716782,0.0920056914967351
78,[0.83653198],0.4942689699588201,0.34226300634240625
79,[0.62512759],0.47851579421803225,0.1466117952642252
80,[0.20432905],0.5038903731527398,0.299561324516467
81,[0.68143706],0.46813037091471155,0.21330668751503734
82,[0.72075917],0.47851579421803225,0.2422433777885572
83,[0.75923155],0.47851579421803225,0.28071575992914777
84,[0.35225934],0.5161616571523213,0.1639023139213701
85,[0.92530431],0.46813037091471155,0.45717394048930216
86,[0.35821956],0.5161616571523213,0.15794209569532625
87,[0.88048136],0.45718096964250027,0.42330038543570786
88,[0.47851579],0.5013986630956843,0.022882868877652007
89,[0.31595083],0.5112718701810582,0.1953210373810218
90,[0.1436034],0.5634421743288004,0.41983877210755893
91,[0.21955811],0.5634421743288004,0.3438840652195131
92,[0.10306752],0.5169417894606407,0.4138742663890711
93,[0.67066418],0.49629138240093174,0.17437279831478436
94,[0.66866115],0.4555993638910235,0.21306178236706141
95,[0.78106059],0.4983137948430434,0.28274679896305677
96,[0.50139866],0.4942689699588201,0.007129693136864179
97,[0.71765487],0.4942689699588201,0.22338590098399602
98,[0.8365236],0.4878560767716782,0.3486675233797514
99,[0.13045257],0.5161616571523213,0.3857090903960836
