,0,1,2
0,[0.37273141],0.5063820832097952,0.13365067700795807
1,[0.49831379],0.49783381652725217,0.0004799783157912185
2,[0.45559936],0.5013986630956843,0.04579929920466075
3,[0.56412065],0.4942689699588201,0.06985168357489702
4,[0.73564275],0.4831859354948552,0.2524568111952685
5,[0.78554134],0.47851579421803225,0.3070255501625272
6,[0.99665685],0.46813037091471155,0.5285264789329702
7,[0.05081562],0.4942689699588201,0.4434533459969786
8,[0.68412867],0.46813037091471155,0.21599829883915211
9,[0.55141801],0.4942689699588201,0.0571490387970921
10,[0.96422336],0.4555993638910235,0.5086239927898768
11,[0.33303247],0.5013986630956843,0.1683661949140236
12,[0.18864794],0.5038903731527398,0.31524243317035305
13,[0.79644713],0.4555993638910235,0.3408477650854831
14,[0.79252939],0.49629138240093174,0.29623800780303566
15,[0.91180508],0.46813037091471155,0.44367471242675816
16,[0.17839904],0.4983137948430434,0.31991475825970084
17,[0.342915],0.5063820832097952,0.16346708189304804
18,[0.30737181],0.5063820832097952,0.19901027130948712
19,[0.3519116],0.5013986630956843,0.14948706381631438
20,[0.7727009],0.47851579421803225,0.294185105094538
21,[0.3123746],0.51772192176896,0.20534731950910234
22,[0.58004494],0.4942689699588201,0.08577596684190048
23,[0.48785608],0.47851579421803225,0.00934028255364594
24,[0.44623157],0.5013986630956843,0.05516709472539527
25,[0.03024077],0.5063820832097952,0.4761413094551863
26,[0.2915986],0.534569965262436,0.24297136956960919
27,[0.79936142],0.4878560767716782,0.31150534735186775
28,[0.56344217],0.4983137948430434,0.065128379485757
29,[0.92849512],0.4942689699588201,0.43422615369695095
30,[0.59597577],0.46813037091471155,0.12784540263745114
31,[0.02235699],0.5112718701810582,0.48891488328309607
32,[0.58273708],0.4878560767716782,0.0948810015142052
33,[0.19598908],0.5514180087559122,0.3554289297232427
34,[0.40922955],0.5063820832097952,0.09715253417332248
35,[0.12437004],0.5063820832097952,0.38201204402415645
36,[0.12797678],0.5038903731527398,0.375913591520745
37,[0.81945776],0.4942689699588201,0.3251887936338609
38,[0.9685409],0.46813037091471155,0.500410527042552
39,[0.30440025],0.5013986630956843,0.19699841142107766
40,[0.9966789],0.47851579421803225,0.518163102746894
41,[0.85470241],0.4831859354948552,0.3715164779284047
42,[0.76908614],0.4942689699588201,0.2748171737554308
43,[0.77804046],0.4983137948430434,0.2797266700930765
44,[0.29327008],0.5013986630956843,0.20812857917222827
45,[0.6371144],0.4942689699588201,0.1428454316538652
46,[0.64545089],0.4942689699588201,0.15118192294954502
47,[0.34290494],0.5013986630956843,0.15849371911655585
48,[0.37419701],0.4878560767716782,0.11365907062288771
49,[0.56734495],0.4942689699588201,0.07307597505224561
50,[0.51616166],0.4942689699588201,0.021892687193501237
51,[0.01069036],0.5063820832097952,0.4956917269229917
52,[0.42212723],0.5161616571523213,0.09403443152607305
53,[0.83134902],0.4942689699588201,0.3370800507293811
54,[0.38465301],0.5161616571523213,0.1315086490743017
55,[0.41108037],0.5013986630956843,0.09031829297285765
56,[0.26954921],0.5514180087559122,0.28186880122264346
57,[0.65229231],0.4878560767716782,0.16443622998837926
58,[0.6508718],0.46813037091471155,0.18274142663791848
59,[0.88071603],0.45091546613065625,0.42980056855420046
60,[0.26082488],0.5063820832097952,0.24555720392891844
61,[0.4296202],0.5063820832097952,0.07676188097557424
62,[0.17123547],0.5038903731527398,0.3326549028122552
63,[0.80474953],0.47851579421803225,0.3262337337804708
64,[0.08518393],0.5161616571523213,0.430977731856398
65,[0.51772192],0.4878560767716782,0.029865844997281843
66,[0.89619969],0.47851579421803225,0.41768389737792566
67,[0.25385017],0.5161616571523213,0.26231148663325554
68,[0.46813037],0.4983137948430434,0.030183423928331843
69,[0.49426897],0.5063820832097952,0.012113113250975083
70,[0.25306617],0.5161616571523213,0.2630954828864488
71,[0.42470129],0.5013986630956843,0.07669737307524815
72,[0.50638208],0.4878560767716782,0.01852600643811697
73,[0.39564128],0.4942689699588201,0.09862768504380481
74,[0.03384653],0.5063820832097952,0.47253555077055276
75,[0.31854598],0.5063820832097952,0.18783610314433452
76,[0.35872479],0.5063820832097952,0.14765729419718565
77,[0.57986177],0.4942689699588201,0.08559279830959321
78,[0.83653198],0.4733230825663719,0.36320889373485443
79,[0.62512759],0.47851579421803225,0.1466117952642252
80,[0.20432905],0.5013986630956843,0.2970696144594115
81,[0.68143706],0.46813037091471155,0.21330668751503734
82,[0.72075917],0.4733230825663719,0.24743608944021755
83,[0.75923155],0.47851579421803225,0.28071575992914777
84,[0.35225934],0.5038903731527398,0.15163102992178856
85,[0.92530431],0.46813037091471155,0.45717394048930216
86,[0.35821956],0.5063820832097952,0.1481625217528001
87,[0.88048136],0.46813037091471155,0.4123509841634966
88,[0.47851579],0.4983137948430434,0.019798000625011136
89,[0.31595083],0.5161616571523213,0.20021082435228488
90,[0.1436034],0.5161616571523213,0.37255825493107986
91,[0.21955811],0.5112718701810582,0.29171376107177094
92,[0.10306752],0.5013986630956843,0.3983311400241146
93,[0.67066418],0.4942689699588201,0.17639521075689601
94,[0.66866115],0.4555993638910235,0.21306178236706141
95,[0.78106059],0.4983137948430434,0.28274679896305677
96,[0.50139866],0.4942689699588201,0.007129693136864179
97,[0.71765487],0.4942689699588201,0.22338590098399602
98,[0.8365236],0.47851579421803225,0.3580078059333973
99,[0.13045257],0.5161616571523213,0.3857090903960836
