,0,1,2
0,[0.37273141],0.5337898329541167,0.16105842675227966
1,[0.49831379],0.5013986630956843,0.003084868252640871
2,[0.45559936],0.5514180087559122,0.09581864486488867
3,[0.56412065],0.5161616571523213,0.04795899638139578
4,[0.73564275],0.46813037091471155,0.2675123757754122
5,[0.78554134],0.4296202022342209,0.3559211421463385
6,[0.99665685],0.46813037091471155,0.5285264789329702
7,[0.05081562],0.47851579421803225,0.4277001702561908
8,[0.68412867],0.4733230825663719,0.21080558718749176
9,[0.55141801],0.5161616571523213,0.03525635160359086
10,[0.96422336],0.5063820832097952,0.45784127347110515
11,[0.33303247],0.4942689699588201,0.16123650177715942
12,[0.18864794],0.5063820832097952,0.31773414322740845
13,[0.79644713],0.4271607461273285,0.3692863828491781
14,[0.79252939],0.5161616571523213,0.2763677330516461
15,[0.91180508],0.46186486740286753,0.4499402159386022
16,[0.17839904],0.4983137948430434,0.31991475825970084
17,[0.342915],0.4930849358073608,0.15016993449061367
18,[0.30737181],0.5095602924323221,0.2021884805320141
19,[0.3519116],0.5013986630956843,0.14948706381631438
20,[0.7727009],0.47799322384319487,0.2947076754693754
21,[0.3123746],0.51772192176896,0.20534731950910234
22,[0.58004494],0.5063820832097952,0.07366285359092539
23,[0.48785608],0.4983137948430434,0.010457718071365196
24,[0.44623157],0.4930849358073608,0.0468533674370718
25,[0.03024077],0.5634421743288004,0.5332014005741915
26,[0.2915986],0.5653935596699331,0.27379496397710623
27,[0.79936142],0.4942689699588201,0.30509245416472586
28,[0.56344217],0.5120520024893775,0.05139017183942285
29,[0.92849512],0.45718096964250027,0.47131415401327076
30,[0.59597577],0.4831859354948552,0.11278983805730747
31,[0.02235699],0.5514180087559122,0.52906102185795
32,[0.58273708],0.4930849358073608,0.0896521424785226
33,[0.19598908],0.5637814139312587,0.3677923348985892
34,[0.40922955],0.5337898329541167,0.12456028391764407
35,[0.12437004],0.5013986630956843,0.37702862391004555
36,[0.12797678],0.5052153135555707,0.3772385319235759
37,[0.81945776],0.5161616571523213,0.30329610644035965
38,[0.9685409],0.46813037091471155,0.500410527042552
39,[0.30440025],0.4930849358073608,0.1886846841327542
40,[0.9966789],0.4271607461273285,0.5695181508375977
41,[0.85470241],0.5161616571523213,0.3385407562709386
42,[0.76908614],0.4942689699588201,0.2748171737554308
43,[0.77804046],0.5013986630956843,0.27664180184043563
44,[0.29327008],0.5653935596699331,0.2721234757464771
45,[0.6371144],0.5087801601240027,0.12833424148868255
46,[0.64545089],0.4942689699588201,0.15118192294954502
47,[0.34290494],0.51772192176896,0.17481697778983163
48,[0.37419701],0.4296202022342209,0.05542319608543045
49,[0.56734495],0.446231568370289,0.1211133766407767
50,[0.51616166],0.5514180087559122,0.03525635160359086
51,[0.01069036],0.5063820832097952,0.4956917269229917
52,[0.42212723],0.5063820832097952,0.0842548575835469
53,[0.83134902],0.5161616571523213,0.31518736353587984
54,[0.38465301],0.5514180087559122,0.16676500067789257
55,[0.41108037],0.4930849358073608,0.08200456568453418
56,[0.26954921],0.5337898329541167,0.26424062542084803
57,[0.65229231],0.5013986630956843,0.1508936436643732
58,[0.6508718],0.5161616571523213,0.1347101404003087
59,[0.88071603],0.4296202022342209,0.4510958324506358
60,[0.26082488],0.5063820832097952,0.24555720392891844
61,[0.4296202],0.45718096964250027,0.02756076740827934
62,[0.17123547],0.45091546613065625,0.27967999579017166
63,[0.80474953],0.5161616571523213,0.28858787084618176
64,[0.08518393],0.47851579421803225,0.3933318689221089
65,[0.51772192],0.5013986630956843,0.016323258673275776
66,[0.89619969],0.46813037091471155,0.42806932068124637
67,[0.25385017],0.46813037091471155,0.21428020039564577
68,[0.46813037],0.5063820832097952,0.03825171229508362
69,[0.49426897],0.5514180087559122,0.0571490387970921
70,[0.25306617],0.5514180087559122,0.29835183449003966
71,[0.42470129],0.47851579421803225,0.05381450419759615
72,[0.50638208],0.46813037091471155,0.03825171229508362
73,[0.39564128],0.45091546613065625,0.05527418121564098
74,[0.03384653],0.5634421743288004,0.529595641889558
75,[0.31854598],0.51772192176896,0.1991759417034994
76,[0.35872479],0.5063820832097952,0.14765729419718565
77,[0.57986177],0.47799322384319487,0.10186854442521842
78,[0.83653198],0.4831859354948552,0.3533460408063711
79,[0.62512759],0.5013986630956843,0.12372892638657318
80,[0.20432905],0.5653935596699331,0.36106451103366033
81,[0.68143706],0.47799322384319487,0.20344383458655402
82,[0.72075917],0.49629138240093174,0.22446778960565772
83,[0.75923155],0.4983137948430434,0.26091775930413663
84,[0.35225934],0.5514180087559122,0.19915866552496098
85,[0.92530431],0.4296202022342209,0.4956841091697928
86,[0.35821956],0.5013986630956843,0.1431791016386892
87,[0.88048136],0.46813037091471155,0.4123509841634966
88,[0.47851579],0.5013986630956843,0.022882868877652007
89,[0.31595083],0.5161616571523213,0.20021082435228488
90,[0.1436034],0.5653935596699331,0.42179015744869164
91,[0.21955811],0.5653935596699331,0.3458354505606458
92,[0.10306752],0.5013986630956843,0.3983311400241146
93,[0.67066418],0.4942689699588201,0.17639521075689601
94,[0.66866115],0.4296202022342209,0.239040944023864
95,[0.78106059],0.5013986630956843,0.2796619307104159
96,[0.50139866],0.51772192176896,0.016323258673275776
97,[0.71765487],0.5161616571523213,0.20149321379049479
98,[0.8365236],0.5161616571523213,0.32036194299910825
99,[0.13045257],0.5514180087559122,0.42096544199967445
