,0,1,2
0,[0.37273141],0.5161616571523213,0.14343025095048423
1,[0.49831379],0.5013986630956843,0.003084868252640871
2,[0.45559936],0.5013986630956843,0.04579929920466075
3,[0.56412065],0.4878560767716782,0.0762645767620389
4,[0.73564275],0.4878560767716782,0.24778666991844556
5,[0.78554134],0.47851579421803225,0.3070255501625272
6,[0.99665685],0.4878560767716782,0.5088007730760036
7,[0.05081562],0.5161616571523213,0.46534603319047985
8,[0.68412867],0.46813037091471155,0.21599829883915211
9,[0.55141801],0.4942689699588201,0.0571490387970921
10,[0.96422336],0.4831859354948552,0.4810374211860451
11,[0.33303247],0.5013986630956843,0.1683661949140236
12,[0.18864794],0.5013986630956843,0.31275072311329755
13,[0.79644713],0.46186486740286753,0.3345822615736391
14,[0.79252939],0.49629138240093174,0.29623800780303566
15,[0.91180508],0.46813037091471155,0.44367471242675816
16,[0.17839904],0.5013986630956843,0.3229996265123417
17,[0.342915],0.5013986630956843,0.15848366177893713
18,[0.30737181],0.5161616571523213,0.20878984525201327
19,[0.3519116],0.5161616571523213,0.16425005787295144
20,[0.7727009],0.47851579421803225,0.294185105094538
21,[0.3123746],0.5161616571523213,0.20378705489246363
22,[0.58004494],0.4942689699588201,0.08577596684190048
23,[0.48785608],0.49629138240093174,0.008435305629253542
24,[0.44623157],0.5063820832097952,0.060150514839506175
25,[0.03024077],0.5063820832097952,0.4761413094551863
26,[0.2915986],0.5161616571523213,0.22456306145949445
27,[0.79936142],0.47851579421803225,0.3208456299055137
28,[0.56344217],0.4878560767716782,0.0755860975571222
29,[0.92849512],0.4942689699588201,0.43422615369695095
30,[0.59597577],0.47851579421803225,0.11745997933413044
31,[0.02235699],0.5161616571523213,0.49380467025435915
32,[0.58273708],0.47851579421803225,0.10422128406785114
33,[0.19598908],0.5514180087559122,0.3554289297232427
34,[0.40922955],0.5063820832097952,0.09715253417332248
35,[0.12437004],0.5013986630956843,0.37702862391004555
36,[0.12797678],0.5063820832097952,0.3784053015778004
37,[0.81945776],0.4878560767716782,0.3316016868210028
38,[0.9685409],0.4831859354948552,0.4853549624624083
39,[0.30440025],0.5013986630956843,0.19699841142107766
40,[0.9966789],0.46813037091471155,0.5285485260502147
41,[0.85470241],0.4831859354948552,0.3715164779284047
42,[0.76908614],0.4878560767716782,0.2812300669425727
43,[0.77804046],0.4983137948430434,0.2797266700930765
44,[0.29327008],0.5063820832097952,0.21311199928633917
45,[0.6371144],0.4942689699588201,0.1428454316538652
46,[0.64545089],0.47851579421803225,0.16693509869033285
47,[0.34290494],0.5013986630956843,0.15849371911655585
48,[0.37419701],0.4983137948430434,0.12411678869425291
49,[0.56734495],0.47799322384319487,0.08935172116787082
50,[0.51616166],0.4942689699588201,0.021892687193501237
51,[0.01069036],0.5063820832097952,0.4956917269229917
52,[0.42212723],0.5161616571523213,0.09403443152607305
53,[0.83134902],0.4878560767716782,0.34349294391652296
54,[0.38465301],0.5063820832097952,0.12172907513177555
55,[0.41108037],0.5013986630956843,0.09031829297285765
56,[0.26954921],0.5514180087559122,0.28186880122264346
57,[0.65229231],0.4831859354948552,0.16910637126520223
58,[0.6508718],0.47851579421803225,0.17235600333459777
59,[0.88071603],0.46813037091471155,0.41258566377014516
60,[0.26082488],0.5063820832097952,0.24555720392891844
61,[0.4296202],0.5161616571523213,0.08654145491810039
62,[0.17123547],0.5013986630956843,0.3301631927551997
63,[0.80474953],0.4942689699588201,0.310480558039683
64,[0.08518393],0.5161616571523213,0.430977731856398
65,[0.51772192],0.4942689699588201,0.023452951810139955
66,[0.89619969],0.47851579421803225,0.41768389737792566
67,[0.25385017],0.5063820832097952,0.2525319126907294
68,[0.46813037],0.4983137948430434,0.030183423928331843
69,[0.49426897],0.5112718701810582,0.01700290022223816
70,[0.25306617],0.5161616571523213,0.2630954828864488
71,[0.42470129],0.5013986630956843,0.07669737307524815
72,[0.50638208],0.4733230825663719,0.033059000643423264
73,[0.39564128],0.5038903731527398,0.1082490882377245
74,[0.03384653],0.5063820832097952,0.47253555077055276
75,[0.31854598],0.5063820832097952,0.18783610314433452
76,[0.35872479],0.5063820832097952,0.14765729419718565
77,[0.57986177],0.4942689699588201,0.08559279830959321
78,[0.83653198],0.4831859354948552,0.3533460408063711
79,[0.62512759],0.4831859354948552,0.14194165398740222
80,[0.20432905],0.5013986630956843,0.2970696144594115
81,[0.68143706],0.47851579421803225,0.20292126421171663
82,[0.72075917],0.47851579421803225,0.2422433777885572
83,[0.75923155],0.47851579421803225,0.28071575992914777
84,[0.35225934],0.5013986630956843,0.14913931986473306
85,[0.92530431],0.46813037091471155,0.45717394048930216
86,[0.35821956],0.5063820832097952,0.1481625217528001
87,[0.88048136],0.46813037091471155,0.4123509841634966
88,[0.47851579],0.4942689699588201,0.015753175740787828
89,[0.31595083],0.5112718701810582,0.1953210373810218
90,[0.1436034],0.5063820832097952,0.3627786809885537
91,[0.21955811],0.5063820832097952,0.28682397410050786
92,[0.10306752],0.5161616571523213,0.4130941340807517
93,[0.67066418],0.4942689699588201,0.17639521075689601
94,[0.66866115],0.46813037091471155,0.20053077534337338
95,[0.78106059],0.4878560767716782,0.29320451703442196
96,[0.50139866],0.4942689699588201,0.007129693136864179
97,[0.71765487],0.4942689699588201,0.22338590098399602
98,[0.8365236],0.4878560767716782,0.3486675233797514
99,[0.13045257],0.5161616571523213,0.3857090903960836
