,0,1,2
0,[0.37273141],0.5063820832097952,0.13365067700795807
1,[0.49831379],0.4946273699336812,0.0036864249093621626
2,[0.45559936],0.5514180087559122,0.09581864486488867
3,[0.56412065],0.5161616571523213,0.04795899638139578
4,[0.73564275],0.46813037091471155,0.2675123757754122
5,[0.78554134],0.446231568370289,0.33930977601027046
6,[0.99665685],0.48725622706225336,0.5094006227854284
7,[0.05081562],0.4878560767716782,0.4370404528098367
8,[0.68412867],0.46813037091471155,0.21599829883915211
9,[0.55141801],0.5161616571523213,0.03525635160359086
10,[0.96422336],0.5063820832097952,0.45784127347110515
11,[0.33303247],0.49629138240093174,0.16325891421927108
12,[0.18864794],0.5063820832097952,0.31773414322740845
13,[0.79644713],0.4296202022342209,0.3668269267422857
14,[0.79252939],0.5003255265843076,0.2922038636196598
15,[0.91180508],0.4555993638910235,0.4562057194504462
16,[0.17839904],0.4983137948430434,0.31991475825970084
17,[0.342915],0.4930849358073608,0.15016993449061367
18,[0.30737181],0.5013986630956843,0.19402685119537622
19,[0.3519116],0.4998562289693638,0.14794462968999395
20,[0.7727009],0.4831859354948552,0.289514963817715
21,[0.3123746],0.51772192176896,0.20534731950910234
22,[0.58004494],0.5063820832097952,0.07366285359092539
23,[0.48785608],0.4983137948430434,0.010457718071365196
24,[0.44623157],0.4930849358073608,0.0468533674370718
25,[0.03024077],0.5634421743288004,0.5332014005741915
26,[0.2915986],0.5653935596699331,0.27379496397710623
27,[0.79936142],0.49783381652725217,0.30152760759629377
28,[0.56344217],0.51772192176896,0.04572025255984036
29,[0.92849512],0.446231568370289,0.48226355528548204
30,[0.59597577],0.4831859354948552,0.11278983805730747
31,[0.02235699],0.5574300915423562,0.5350731046443941
32,[0.58273708],0.4878560767716782,0.0948810015142052
33,[0.19598908],0.5634421743288004,0.3674530952961309
34,[0.40922955],0.5337898329541167,0.12456028391764407
35,[0.12437004],0.5013986630956843,0.37702862391004555
36,[0.12797678],0.5052153135555707,0.3772385319235759
37,[0.81945776],0.5161616571523213,0.30329610644035965
38,[0.9685409],0.44887528657446624,0.5196656113827973
39,[0.30440025],0.4983137948430434,0.19391354316843679
40,[0.9966789],0.4271607461273285,0.5695181508375977
41,[0.85470241],0.4942689699588201,0.36043344346443984
42,[0.76908614],0.4878560767716782,0.2812300669425727
43,[0.77804046],0.5013986630956843,0.27664180184043563
44,[0.29327008],0.5653935596699331,0.2721234757464771
45,[0.6371144],0.4998562289693638,0.13725817264332146
46,[0.64545089],0.5003255265843076,0.14512536632405748
47,[0.34290494],0.5161616571523213,0.1732567131731929
48,[0.37419701],0.45718096964250027,0.08298396349370979
49,[0.56734495],0.446231568370289,0.1211133766407767
50,[0.51616166],0.5514180087559122,0.03525635160359086
51,[0.01069036],0.5405820480488802,0.5298916917620767
52,[0.42212723],0.5063820832097952,0.0842548575835469
53,[0.83134902],0.5161616571523213,0.31518736353587984
54,[0.38465301],0.5514180087559122,0.16676500067789257
55,[0.41108037],0.4983137948430434,0.08723342472021678
56,[0.26954921],0.5514180087559122,0.28186880122264346
57,[0.65229231],0.5013986630956843,0.1508936436643732
58,[0.6508718],0.5161616571523213,0.1347101404003087
59,[0.88071603],0.43792588530225496,0.44279014938260175
60,[0.26082488],0.5063820832097952,0.24555720392891844
61,[0.4296202],0.4942689699588201,0.06464876772459915
62,[0.17123547],0.46186486740286753,0.29062939706238294
63,[0.80474953],0.4983137948430434,0.3064357331554597
64,[0.08518393],0.4878560767716782,0.40267215147575486
65,[0.51772192],0.4983137948430434,0.019408126925916647
66,[0.89619969],0.46813037091471155,0.42806932068124637
67,[0.25385017],0.46813037091471155,0.21428020039564577
68,[0.46813037],0.5063820832097952,0.03825171229508362
69,[0.49426897],0.5514180087559122,0.0571490387970921
70,[0.25306617],0.5514180087559122,0.29835183449003966
71,[0.42470129],0.4884147945305378,0.06371350451010172
72,[0.50638208],0.46813037091471155,0.03825171229508362
73,[0.39564128],0.4942689699588201,0.09862768504380481
74,[0.03384653],0.5653935596699331,0.5315470272306907
75,[0.31854598],0.5087801601240027,0.1902341800585421
76,[0.35872479],0.5063820832097952,0.14765729419718565
77,[0.57986177],0.4831859354948552,0.09667583277355807
78,[0.83653198],0.4733230825663719,0.36320889373485443
79,[0.62512759],0.5013986630956843,0.12372892638657318
80,[0.20432905],0.5653935596699331,0.36106451103366033
81,[0.68143706],0.4878560767716782,0.1935809816580707
82,[0.72075917],0.49106252336524914,0.22969664864134032
83,[0.75923155],0.4878560767716782,0.27137547737550183
84,[0.35225934],0.5514180087559122,0.19915866552496098
85,[0.92530431],0.4296202022342209,0.4956841091697928
86,[0.35821956],0.5405820480488802,0.18236248659188514
87,[0.88048136],0.46813037091471155,0.4123509841634966
88,[0.47851579],0.5013986630956843,0.022882868877652007
89,[0.31595083],0.5063820832097952,0.19043125040975872
90,[0.1436034],0.5673449450110657,0.42374154278982423
91,[0.21955811],0.5673449450110657,0.3477868359017784
92,[0.10306752],0.5161616571523213,0.4130941340807517
93,[0.67066418],0.5003255265843076,0.17033865413140847
94,[0.66866115],0.43792588530225496,0.23073526095582997
95,[0.78106059],0.4983137948430434,0.28274679896305677
96,[0.50139866],0.4983137948430434,0.003084868252640871
97,[0.71765487],0.5161616571523213,0.20149321379049479
98,[0.8365236],0.4942689699588201,0.3422546301926095
99,[0.13045257],0.5514180087559122,0.42096544199967445
