,0,1,2
0,[0.37273141],0.5161616571523213,0.14343025095048423
1,[0.49831379],0.4878560767716782,0.010457718071365196
2,[0.45559936],0.5161616571523213,0.060562293261297806
3,[0.56412065],0.5087801601240027,0.055340493409714364
4,[0.73564275],0.46813037091471155,0.2675123757754122
5,[0.78554134],0.46186486740286753,0.3236764769776919
6,[0.99665685],0.4878560767716782,0.5088007730760036
7,[0.05081562],0.5013986630956843,0.4505830391338428
8,[0.68412867],0.46813037091471155,0.21599829883915211
9,[0.55141801],0.49629138240093174,0.055126626354980446
10,[0.96422336],0.5063820832097952,0.45784127347110515
11,[0.33303247],0.4998562289693638,0.16682376078770317
12,[0.18864794],0.5063820832097952,0.31773414322740845
13,[0.79644713],0.446231568370289,0.3502155606062176
14,[0.79252939],0.4942689699588201,0.2982604202451473
15,[0.91180508],0.4555993638910235,0.4562057194504462
16,[0.17839904],0.4983137948430434,0.31991475825970084
17,[0.342915],0.4930849358073608,0.15016993449061367
18,[0.30737181],0.5013986630956843,0.19402685119537622
19,[0.3519116],0.5013986630956843,0.14948706381631438
20,[0.7727009],0.47851579421803225,0.294185105094538
21,[0.3123746],0.51772192176896,0.20534731950910234
22,[0.58004494],0.4878560767716782,0.09218886002904236
23,[0.48785608],0.4983137948430434,0.010457718071365196
24,[0.44623157],0.4983137948430434,0.0520822264727544
25,[0.03024077],0.5072377259976824,0.4769969522430735
26,[0.2915986],0.51772192176896,0.22612332607613317
27,[0.79936142],0.49783381652725217,0.30152760759629377
28,[0.56344217],0.4998562289693638,0.06358594535943657
29,[0.92849512],0.47851579421803225,0.4499793294377388
30,[0.59597577],0.47851579421803225,0.11745997933413044
31,[0.02235699],0.5514180087559122,0.52906102185795
32,[0.58273708],0.4878560767716782,0.0948810015142052
33,[0.19598908],0.5514180087559122,0.3554289297232427
34,[0.40922955],0.4998562289693638,0.09062667993289114
35,[0.12437004],0.5038903731527398,0.37952033396710105
36,[0.12797678],0.4983137948430434,0.3703370132110486
37,[0.81945776],0.5063820832097952,0.3130756803828858
38,[0.9685409],0.46813037091471155,0.500410527042552
39,[0.30440025],0.4983137948430434,0.19391354316843679
40,[0.9966789],0.4271607461273285,0.5695181508375977
41,[0.85470241],0.4942689699588201,0.36043344346443984
42,[0.76908614],0.4942689699588201,0.2748171737554308
43,[0.77804046],0.5013986630956843,0.27664180184043563
44,[0.29327008],0.5634421743288004,0.2701720904053444
45,[0.6371144],0.5013986630956843,0.13571573851700103
46,[0.64545089],0.5003255265843076,0.14512536632405748
47,[0.34290494],0.5112718701810582,0.16836692620192983
48,[0.37419701],0.4831859354948552,0.10898892934606474
49,[0.56734495],0.4555993638910235,0.11174558112004218
50,[0.51616166],0.5289000459828537,0.012738388830532354
51,[0.01069036],0.5120520024893775,0.5013616462025741
52,[0.42212723],0.5063820832097952,0.0842548575835469
53,[0.83134902],0.49629138240093174,0.3350576382872694
54,[0.38465301],0.5169417894606407,0.13228878138262112
55,[0.41108037],0.4983137948430434,0.08723342472021678
56,[0.26954921],0.5337898329541167,0.26424062542084803
57,[0.65229231],0.4878560767716782,0.16443622998837926
58,[0.6508718],0.4942689699588201,0.15660282759380995
59,[0.88071603],0.446231568370289,0.4344844663145677
60,[0.26082488],0.5063820832097952,0.24555720392891844
61,[0.4296202],0.49629138240093174,0.06667118016671081
62,[0.17123547],0.4930849358073608,0.3218494654668762
63,[0.80474953],0.4942689699588201,0.310480558039683
64,[0.08518393],0.4998562289693638,0.4146723036734405
65,[0.51772192],0.49629138240093174,0.0214305393680283
66,[0.89619969],0.46813037091471155,0.42806932068124637
67,[0.25385017],0.4983137948430434,0.2444636243239776
68,[0.46813037],0.4983137948430434,0.030183423928331843
69,[0.49426897],0.5169417894606407,0.02267281950182065
70,[0.25306617],0.51772192176896,0.2646557475030875
71,[0.42470129],0.5013986630956843,0.07669737307524815
72,[0.50638208],0.46813037091471155,0.03825171229508362
73,[0.39564128],0.5063820832097952,0.1107407982947799
74,[0.03384653],0.5634421743288004,0.529595641889558
75,[0.31854598],0.5161616571523213,0.19761567708686067
76,[0.35872479],0.5063820832097952,0.14765729419718565
77,[0.57986177],0.4878560767716782,0.0920056914967351
78,[0.83653198],0.46186486740286753,0.3746671088983588
79,[0.62512759],0.5013986630956843,0.12372892638657318
80,[0.20432905],0.4983137948430434,0.2939847462067706
81,[0.68143706],0.46186486740286753,0.21957219102688136
82,[0.72075917],0.47851579421803225,0.2422433777885572
83,[0.75923155],0.4878560767716782,0.27137547737550183
84,[0.35225934],0.5169417894606407,0.16468244622968953
85,[0.92530431],0.446231568370289,0.4790727430337247
86,[0.35821956],0.51772192176896,0.15950236031196496
87,[0.88048136],0.46813037091471155,0.4123509841634966
88,[0.47851579],0.5013986630956843,0.022882868877652007
89,[0.31595083],0.5063820832097952,0.19043125040975872
90,[0.1436034],0.5634421743288004,0.41983877210755893
91,[0.21955811],0.5634421743288004,0.3438840652195131
92,[0.10306752],0.5161616571523213,0.4130941340807517
93,[0.67066418],0.5063820832097952,0.16428209750592093
94,[0.66866115],0.446231568370289,0.22242957788779594
95,[0.78106059],0.4983137948430434,0.28274679896305677
96,[0.50139866],0.4983137948430434,0.003084868252640871
97,[0.71765487],0.49783381652725217,0.21982105441556393
98,[0.8365236],0.49106252336524914,0.34546107678618043
99,[0.13045257],0.5161616571523213,0.3857090903960836
