,0,1,2
0,[0.37273141],0.5063820832097952,0.13365067700795807
1,[0.49831379],0.5013986630956843,0.003084868252640871
2,[0.45559936],0.5063820832097952,0.05078271931877165
3,[0.56412065],0.4878560767716782,0.0762645767620389
4,[0.73564275],0.4878560767716782,0.24778666991844556
5,[0.78554134],0.4878560767716782,0.29768526760888125
6,[0.99665685],0.46813037091471155,0.5285264789329702
7,[0.05081562],0.5161616571523213,0.46534603319047985
8,[0.68412867],0.47851579421803225,0.2056128755358314
9,[0.55141801],0.47851579421803225,0.07290221453787993
10,[0.96422336],0.4878560767716782,0.4763672799092221
11,[0.33303247],0.5063820832097952,0.1733496150281345
12,[0.18864794],0.5013986630956843,0.31275072311329755
13,[0.79644713],0.47851579421803225,0.31793133475847435
14,[0.79252939],0.4878560767716782,0.3046733134322892
15,[0.91180508],0.47851579421803225,0.43328928912343745
16,[0.17839904],0.5063820832097952,0.3279830466264526
17,[0.342915],0.5063820832097952,0.16346708189304804
18,[0.30737181],0.5063820832097952,0.19901027130948712
19,[0.3519116],0.5161616571523213,0.16425005787295144
20,[0.7727009],0.47851579421803225,0.294185105094538
21,[0.3123746],0.5063820832097952,0.19400748094993747
22,[0.58004494],0.4942689699588201,0.08577596684190048
23,[0.48785608],0.4983137948430434,0.010457718071365196
24,[0.44623157],0.5063820832097952,0.060150514839506175
25,[0.03024077],0.5063820832097952,0.4761413094551863
26,[0.2915986],0.5161616571523213,0.22456306145949445
27,[0.79936142],0.4878560767716782,0.31150534735186775
28,[0.56344217],0.47851579421803225,0.08492638011076814
29,[0.92849512],0.47851579421803225,0.4499793294377388
30,[0.59597577],0.47851579421803225,0.11745997933413044
31,[0.02235699],0.5063820832097952,0.484025096311833
32,[0.58273708],0.47851579421803225,0.10422128406785114
33,[0.19598908],0.5161616571523213,0.32017257811965183
34,[0.40922955],0.5013986630956843,0.09216911405921158
35,[0.12437004],0.5063820832097952,0.38201204402415645
36,[0.12797678],0.5063820832097952,0.3784053015778004
37,[0.81945776],0.4942689699588201,0.3251887936338609
38,[0.9685409],0.4878560767716782,0.4806848211855853
39,[0.30440025],0.5063820832097952,0.20198183153518856
40,[0.9966789],0.47851579421803225,0.518163102746894
41,[0.85470241],0.4831859354948552,0.3715164779284047
42,[0.76908614],0.4878560767716782,0.2812300669425727
43,[0.77804046],0.4942689699588201,0.2837714949772998
44,[0.29327008],0.5063820832097952,0.21311199928633917
45,[0.6371144],0.4942689699588201,0.1428454316538652
46,[0.64545089],0.47851579421803225,0.16693509869033285
47,[0.34290494],0.5161616571523213,0.1732567131731929
48,[0.37419701],0.4983137948430434,0.12411678869425291
49,[0.56734495],0.46813037091471155,0.09921457409635415
50,[0.51616166],0.4942689699588201,0.021892687193501237
51,[0.01069036],0.5013986630956843,0.4907083068088808
52,[0.42212723],0.5161616571523213,0.09403443152607305
53,[0.83134902],0.4878560767716782,0.34349294391652296
54,[0.38465301],0.5161616571523213,0.1315086490743017
55,[0.41108037],0.5013986630956843,0.09031829297285765
56,[0.26954921],0.5063820832097952,0.23683287567652644
57,[0.65229231],0.4878560767716782,0.16443622998837926
58,[0.6508718],0.4878560767716782,0.16301572078095183
59,[0.88071603],0.4878560767716782,0.3928599579131785
60,[0.26082488],0.4983137948430434,0.23748891556216667
61,[0.4296202],0.5013986630956843,0.07177846086146333
62,[0.17123547],0.5063820832097952,0.3351466128693106
63,[0.80474953],0.4878560767716782,0.3168934512268249
64,[0.08518393],0.5063820832097952,0.42119815791387183
65,[0.51772192],0.49106252336524914,0.0266593984037109
66,[0.89619969],0.47851579421803225,0.41768389737792566
67,[0.25385017],0.5013986630956843,0.24754849257661848
68,[0.46813037],0.4983137948430434,0.030183423928331843
69,[0.49426897],0.5013986630956843,0.007129693136864179
70,[0.25306617],0.5063820832097952,0.25331590894392264
71,[0.42470129],0.5063820832097952,0.08168079318935906
72,[0.50638208],0.4878560767716782,0.01852600643811697
73,[0.39564128],0.5013986630956843,0.10575737818066899
74,[0.03384653],0.5013986630956843,0.46755213065644186
75,[0.31854598],0.5063820832097952,0.18783610314433452
76,[0.35872479],0.5063820832097952,0.14765729419718565
77,[0.57986177],0.4878560767716782,0.0920056914967351
78,[0.83653198],0.47851579421803225,0.3580161820831941
79,[0.62512759],0.47851579421803225,0.1466117952642252
80,[0.20432905],0.4998562289693638,0.29552718033309106
81,[0.68143706],0.47851579421803225,0.20292126421171663
82,[0.72075917],0.4878560767716782,0.23290309523491126
83,[0.75923155],0.4878560767716782,0.27137547737550183
84,[0.35225934],0.5013986630956843,0.14913931986473306
85,[0.92530431],0.47851579421803225,0.44678851718598145
86,[0.35821956],0.5063820832097952,0.1481625217528001
87,[0.88048136],0.4878560767716782,0.39262527830652993
88,[0.47851579],0.4878560767716782,0.00934028255364594
89,[0.31595083],0.5013986630956843,0.18544783029564782
90,[0.1436034],0.5063820832097952,0.3627786809885537
91,[0.21955811],0.5161616571523213,0.296603548043034
92,[0.10306752],0.5063820832097952,0.40331456013822553
93,[0.67066418],0.4878560767716782,0.1828081039440379
94,[0.66866115],0.4555993638910235,0.21306178236706141
95,[0.78106059],0.47851579421803225,0.3025447995880679
96,[0.50139866],0.4942689699588201,0.007129693136864179
97,[0.71765487],0.47851579421803225,0.23913907672478385
98,[0.8365236],0.4878560767716782,0.3486675233797514
99,[0.13045257],0.5161616571523213,0.3857090903960836
