,0,1,2
0,[0.68990049],0.31413220785905316,[0.37576828]
1,[0.28475539],0.6899004876514196,[0.4051451]
2,[0.88138596],0.4527157848156816,[0.42867017]
3,[0.20453165],0.6899004876514196,[0.48536884]
4,[0.81760063],0.3530722887189184,[0.46452834]
5,[0.78366444],0.41757331038720075,[0.36609113]
6,[0.38670172],0.5639093892102407,[0.17720767]
7,[0.47448905],0.5338763666604327,[0.05938732]
8,[0.22857778],0.6899004876514196,[0.46132271]
9,[0.90804749],0.4527157848156816,[0.45533171]
10,[0.76851179],0.3530722887189184,[0.4154395]
11,[0.01693894],0.5556496277273427,[0.53871069]
12,[0.47061679],0.4259502532745617,[0.04466654]
13,[0.19534373],0.6899004876514196,[0.49455676]
14,[0.63681021],0.4527157848156816,[0.18409442]
15,[0.84394941],0.31413220785905316,[0.5298172]
16,[0.34675258],0.5556496277273427,[0.20889704]
17,[0.43094252],0.5556496277273427,[0.1247071]
18,[0.1058557],0.5639093892102407,[0.45805369]
19,[0.36452983],0.47899373451624133,[0.11446391]
20,[0.18323415],0.5639093892102407,[0.38067524]
21,[0.94840416],0.3867017151776555,[0.56170245]
22,[0.01103813],0.5527014543758345,[0.54166332]
23,[0.37867171],0.5639093892102407,[0.18523768]
24,[0.56390939],0.3867017151776555,[0.17720767]
25,[0.60777136],0.3867017151776555,[0.22106965]
26,[0.77336976],0.41757331038720075,[0.35579645]
27,[0.55270145],0.3530722887189184,[0.19962917]
28,[0.83428281],0.31413220785905316,[0.52015061]
29,[0.65750061],0.3530722887189184,[0.30442832]
30,[0.70965005],0.3530722887189184,[0.35657776]
31,[0.29986926],0.5527014543758345,[0.2528322]
32,[0.04395785],0.47899373451624133,[0.43503589]
33,[0.73213961],0.3867017151776555,[0.34543789]
34,[0.71984209],0.31413220785905316,[0.40570988]
35,[0.23006128],0.5556496277273427,[0.32558834]
36,[0.14360096],0.5527014543758345,[0.40910049]
37,[0.02651087],0.5527014543758345,[0.52619058]
38,[0.36428092],0.47899373451624133,[0.11471281]
39,[0.35307229],0.5527014543758345,[0.19962917]
40,[0.35846978],0.5639093892102407,[0.20543961]
41,[0.91840221],0.4527157848156816,[0.46568643]
42,[0.48737068],0.41757331038720075,[0.06979737]
43,[0.69606692],0.31413220785905316,[0.38193471]
44,[0.31171354],0.47899373451624133,[0.1672802]
45,[0.54644802],0.41757331038720075,[0.12887471]
46,[0.62612853],0.3867017151776555,[0.23942682]
47,[0.31413221],0.6899004876514196,[0.37576828]
