,0,1,2
0,[0.68990049],0.3645298291455211,[0.32537066]
1,[0.28475539],0.5464480233273236,[0.26169263]
2,[0.88138596],0.4309425237487716,[0.45044343]
3,[0.20453165],0.5464480233273236,[0.34191638]
4,[0.04946137],0.5464480233273236,[0.49698665]
5,[0.81760063],0.3642809214962729,[0.45331971]
6,[0.78366444],0.3645298291455211,[0.41913461]
7,[0.38670172],0.47448904588259155,[0.08778733]
8,[0.47448905],0.47061679162888037,[0.00387225]
9,[0.22857778],0.5169093503654629,[0.28833157]
10,[0.90804749],0.37867171105163,[0.52937578]
11,[0.76851179],0.37867171105163,[0.38984008]
12,[0.01693894],0.4873706774036023,[0.47043174]
13,[0.47061679],0.47448904588259155,[0.00387225]
14,[0.19534373],0.5464480233273236,[0.3511043]
15,[0.63681021],0.3867017151776555,[0.25010849]
16,[0.84394941],0.3867017151776555,[0.4572477]
17,[0.34675258],0.5464480233273236,[0.19969544]
18,[0.43094252],0.4873706774036023,[0.05642815]
19,[0.1058557],0.5464480233273236,[0.44059232]
20,[0.36452983],0.4873706774036023,[0.12284085]
21,[0.18323415],0.4873706774036023,[0.30413653]
22,[0.94840416],0.37867171105163,[0.56973245]
23,[0.01103813],0.4873706774036023,[0.47633255]
24,[0.37867171],0.47061679162888037,[0.09194508]
25,[0.56390939],0.3867017151776555,[0.17720767]
26,[0.60777136],0.3867017151776555,[0.22106965]
27,[0.77336976],0.3867017151776555,[0.38666804]
28,[0.55270145],0.37867171105163,[0.17402974]
29,[0.83428281],0.37867171105163,[0.4556111]
30,[0.11742778],0.4309425237487716,[0.31351474]
31,[0.65750061],0.3867017151776555,[0.27079889]
32,[0.70965005],0.3867017151776555,[0.32294834]
33,[0.29986926],0.4873706774036023,[0.18750142]
34,[0.04395785],0.4873706774036023,[0.44341283]
35,[0.73213961],0.3867017151776555,[0.34543789]
36,[0.71984209],0.364405375320897,[0.35543671]
37,[0.23006128],0.47448904588259155,[0.24442776]
38,[0.14360096],0.5464480233273236,[0.40284706]
39,[0.02651087],0.5464480233273236,[0.51993715]
40,[0.36428092],0.4873706774036023,[0.12308976]
41,[0.35307229],0.5464480233273236,[0.19337573]
42,[0.35846978],0.549574738851579,[0.19110496]
43,[0.91840221],0.3645298291455211,[0.55387238]
44,[0.48737068],0.4309425237487716,[0.05642815]
45,[0.69606692],0.3867017151776555,[0.3093652]
46,[0.31171354],0.47448904588259155,[0.16277551]
47,[0.54644802],0.4309425237487716,[0.1155055]
48,[0.62612853],0.40882211946321356,[0.21730641]
49,[0.31413221],0.5464480233273236,[0.23231582]
