,0,1,2
0,[17.72735076],15.781334348558953,13.141568430243176
1,[15.85932658],14.669993069695067,12.990268461281747
2,[19.26465905],18.07532554196052,16.3956009335472
3,[15.90111705],13.955100647358842,11.315334729043066
4,[17.94350025],15.939732111175635,14.813852127633503
5,[15.6038745],13.600106364067681,12.474226380525549
6,[17.77349375],17.12542382880641,14.943357995042312
7,[15.41013089],13.464114483582211,10.824348565266433
8,[19.96352587],18.017509467127184,15.37774354881141
9,[16.26359631],14.317579900415552,11.677813982099774
10,[17.66480007],17.016730143974364,14.834664310210268
11,[19.46069549],18.812625563950974,16.630559730186874
12,[16.21046813],15.562398204963433,13.380332371199334
13,[17.0881037],15.898770189890893,14.219045581477571
14,[4.33972742],3.1295405140826653,1.6725155060366905
15,[1.43165121],10.951921487759071,2.292942184349709
16,[0.68849832],3.52726518924909,2.239320727352112
17,[0.25396801],14.964502482384225,2.924540310463837
18,[4.64145436],11.418941657143538,1.8113186008096478
19,[3.89975071],6.514673910756409,0.7701025882271919
20,[3.47237254],2.2621856392953448,0.80516063124937
21,[4.76719334],9.219343508027688,1.8981352230892723
22,[4.6597114],6.6666660477168715,1.530063273029521
23,[1.03699769],11.346575006959256,2.6875957035498934
24,[1.11678491],15.936359263840364,3.482600964746487
25,[4.98759182],12.065552351309572,0.4018094997831998
26,[2.46031652],9.923256169260146,1.264276865850785
27,[1.12887437],3.0868891348763454,1.7989446729793674
28,[4.93858081],9.185066013207653,2.069522697189436
29,[3.78295371],6.49131450975719,0.6533055832310981
30,[2.91291495],6.506491878690632,0.5212339223466649
31,[2.83013576],12.505732817629326,0.34837256487230217
32,[1.85921687],7.336691579326714,1.5749320084658902
33,[2.26481781],12.953652680527219,0.9136905086068254
34,[4.08634153],12.966802646255626,0.513044347161749
35,[0.51003263],14.708437864356032,2.6684756924356376
36,[4.58578232],12.467361851092772,0.013603551998893515
37,[0.21935594],14.999114557152538,2.9591523852321444
38,[2.87274299],1.86515627152054,0.15045503062332743
39,[0.90249493],8.293413513924708,2.5316539430638842
40,[3.17850832],12.296709278705944,0.34837256487230217
41,[4.47071723],9.278638728908293,1.6016591186862366
42,[3.2777997],9.517222234656918,0.038052096021483184
43,[1.27112435],15.782019824188481,3.328261525094603
44,[2.9828951],1.8871866919281814,0.3156831836806391
45,[4.59938588],12.453758299093879,0.013603551998893515
46,[3.87270538],6.509264843959258,0.7430572542414424
47,[1.45497272],2.760790782766299,1.4728463208693205
48,[3.43414888],6.421553543885092,0.3045007538706179
49,[2.16660696],13.051863530590627,1.011901358670233
50,[1.50799186],2.7077716428137686,1.4198271809167897
51,[1.78236061],10.601212086609213,1.9422327831998512
52,[1.27059724],2.9451662633169398,1.6572218014199622
53,[0.09038608],15.128084418300537,3.0881222463801477
54,[4.85792393],3.647737023460491,2.1907120154145163
55,[2.91857027],6.505360816462753,0.5155786112072733
56,[0.31118075],12.072391938596017,3.413412635186654
57,[3.12964812],6.463145244995422,0.3045007538706179
58,[3.02963325],14.023510928101704,1.5697526290078252
59,[1.38447727],10.999095418728274,2.340116115318912
60,[2.23216983],6.963738616570265,1.2019790457094417
61,[2.03304886],10.350523832908086,1.6915445294987244
62,[4.68308437],3.4728974648248907,2.015872456778916
63,[2.11204411],7.083864338338697,1.3221047674778732
64,[4.98289503],11.214077251234517,2.1527592773246815
65,[3.26017415],13.792970027726284,1.3392117286324066
66,[2.46168083],1.9203364389761926,0.4661382143039665
67,[4.17138708],9.338504760271086,1.3023289618722682
68,[3.72570928],2.5155223713590495,1.0584973633130748
69,[1.05236537],16.00077880318591,3.5470205040920324
