,0,1,2
0,[17.72735076],12.063974156160498,14.467176606876688
1,[15.85932658],11.38489754194312,12.590339649104413
2,[19.26465905],13.25592657699064,15.830510170570923
3,[15.90111705],9.24329851883155,11.81477552420592
4,[17.94350025],15.117221783127823,14.813852127633503
5,[15.6038745],13.110694023597508,12.547602893600201
6,[17.77349375],12.817303870544379,14.513319604012867
7,[15.41013089],8.321607436542857,11.537425512964413
8,[19.96352587],17.00637362682492,15.984002420241826
9,[16.26359631],11.458494435266738,12.177254777262629
10,[17.66480007],12.79676550320755,14.635166819556241
11,[19.46069549],18.297392014832667,16.58795249265085
12,[16.21046813],11.272422609508325,13.291897862812451
13,[17.0881037],14.373032473106367,13.810303991534472
14,[4.33972742],2.475182315312928,1.466984424394259
15,[1.43165121],9.61305246196765,2.3513025007787833
16,[0.68849832],2.805759865944549,2.317765853911113
17,[0.25396801],13.879234535162524,3.5738615300513414
18,[4.64145436],7.124145404788071,1.7285394035621584
19,[3.89975071],5.994138325656806,0.465601834356574
20,[3.47237254],2.454068937254597,0.559457589895473
21,[4.76719334],5.133926193008823,1.4893936331461717
22,[4.6597114],5.994138325656806,1.225562519158903
23,[1.03699769],8.387786643987061,2.2408020175853096
24,[1.11678491],8.590290113896007,3.4689974127475933
25,[4.98759182],7.140955372936216,0.9012502949460552
26,[2.46031652],8.4865089142094,1.668547778820348
27,[1.12887437],2.453459022446353,1.8773897995383684
28,[4.93858081],7.6669856188311085,1.2128715346006445
29,[3.78295371],6.4913145097571885,0.7533204583006086
30,[2.91291495],5.897572284819846,0.5212339223466649
31,[2.83013576],10.039217182692834,0.34837256487230217
32,[1.85921687],6.854563952465222,1.2704312545952723
33,[2.26481781],10.028744825374492,0.9136905086068254
34,[4.08634153],12.966802646255626,0.2533858894301808
35,[0.51003263],8.26233493822206,2.619615493286872
36,[4.58578232],7.140955372936217,0.49944079516285544
37,[0.21935594],9.116269245243087,2.9591523852321444
38,[2.87274299],1.3456556166128038,0.11015210203820747
39,[0.90249493],8.205702213850543,2.8232143426763976
40,[3.17850832],9.930335381714013,0.547200954334365
41,[4.47071723],6.642862387158232,1.3410691095805758
42,[3.2777997],6.356561524170187,0.5051540023936583
43,[1.27112435],8.4668185621745,3.3146579730957093
44,[2.9828951],1.039336419258096,0.06715248675704633
45,[4.59938588],4.640737428218611,1.3392117286324066
46,[3.87270538],6.137219995481293,0.7430572542414424
47,[1.45497272],2.029016888603553,1.5279223718884243
48,[3.43414888],6.180379059399435,0.2915603996125129
49,[2.16660696],7.149939377017672,0.9630411595214672
50,[1.50799186],2.2748319884906083,1.4749032319358935
51,[1.78236061],4.216285405162091,1.4369806286251647
52,[1.27059724],2.825240353395553,1.6773077812756947
53,[0.09038608],12.101591908959172,3.6353232007145126
54,[4.85792393],3.647737023460491,2.3962430970569475
55,[2.91857027],6.137219995481293,0.5155786112072733
56,[0.31118075],5.214559304859319,3.1611917898040565
57,[3.12964812],6.336628248757283,0.2110778573366554
58,[3.02963325],4.6407374282186105,0.7533204583006086
59,[1.38447727],1.3002645090890028,1.8756968738227964
60,[2.23216983],6.556201582260063,0.8974782918388238
61,[2.03304886],8.657415979668576,2.0958154424682873
62,[4.68308437],2.8280123611981542,1.735179344261648
63,[2.11204411],6.889010352726837,1.243930180961284
64,[4.98289503],6.742292404853072,2.0643247689378006
65,[3.26017415],9.823513496532584,0.8686901544656784
66,[2.46168083],1.9203364389761926,0.5445833408629674
67,[4.17138708],8.212185617444778,0.4456777992834766
68,[3.72570928],2.263453907738552,0.7428141796324357
69,[1.05236537],6.220252733068388,2.82034000439516
