,0,1,2
0,[17.72735076],12.063974156160498,14.467176606876688
1,[15.85932658],11.38489754194312,12.599152426870178
2,[19.26465905],16.60838760372664,15.830510170570923
3,[15.90111705],8.95054762920287,12.028411676741044
4,[17.94350025],15.117221783127823,14.813852127633503
5,[15.6038745],13.110694023597508,12.474226380525549
6,[17.77349375],12.684188731662308,14.59498543017001
7,[15.41013089],10.415672225262046,12.132331186368415
8,[19.96352587],17.00637362682492,16.18057216751973
9,[16.26359631],10.791004372535753,12.177254777262629
10,[17.66480007],12.79676550320755,14.635166819556241
11,[19.46069549],18.679919805191382,16.58795249265085
12,[16.21046813],11.751750912943944,13.294725518382148
13,[17.0881037],14.373032473106367,13.810303991534472
14,[4.33972742],1.8485757970430399,1.466984424394259
15,[1.43165121],9.61305246196765,2.1769000860985432
16,[0.68849832],2.805759865944549,2.3411349294510106
17,[0.25396801],13.879234535162524,3.528985694546169
18,[4.64145436],7.124145404788071,1.7228840924227669
19,[3.89975071],5.994138325656806,0.465601834356574
20,[3.47237254],2.2874738009775006,0.559457589895473
21,[4.76719334],5.133926193008823,1.4893936331461717
22,[4.6597114],5.994138325656806,1.225562519158903
23,[1.03699769],4.560168905216606,2.2408020175853096
24,[1.11678491],8.590290113896007,3.4689974127475933
25,[4.98759182],7.140955372936216,0.9012502949460552
26,[2.46031652],8.4865089142094,1.6260250058253272
27,[1.12887437],2.453459022446353,1.9007588750782656
28,[4.93858081],7.6669856188311085,1.2128715346006445
29,[3.78295371],6.652684808868878,0.7033130207658531
30,[2.91291495],3.43686551849947,0.5403457561210692
31,[2.83013576],10.039217182692834,0.34837256487230217
32,[1.85921687],6.854563952465222,1.2704312545952723
33,[2.26481781],4.717372698750387,0.9136905086068254
34,[4.08634153],12.966802646255626,0.2533858894301808
35,[0.51003263],8.00484413207915,2.619615493286872
36,[4.58578232],7.140955372936217,0.49944079516285544
37,[0.21935594],9.116269245243087,2.9591523852321444
38,[2.87274299],1.3058428681006191,0.11015210203820747
39,[0.90249493],8.205702213850543,2.8232143426763976
40,[3.17850832],9.930335381714013,0.547200954334365
41,[4.47071723],4.6072491354940635,1.3410691095805758
42,[3.2777997],6.356561524170187,0.5051540023936583
43,[1.27112435],8.4668185621745,3.3146579730957093
44,[2.9828951],1.3164466960911252,0.0699801423267421
45,[4.59938588],4.640737428218611,1.3392117286324066
46,[3.87270538],7.94886024214256,0.7430572542414424
47,[1.45497272],2.029016888603553,1.5279223718884243
48,[3.43414888],6.180379059399435,0.2915603996125129
49,[2.16660696],6.833283207817369,0.9630411595214672
50,[1.50799186],1.912763713463311,1.4749032319358935
51,[1.78236061],4.216285405162091,1.3961477155465933
52,[1.27059724],2.825240353395553,1.6423177101123239
53,[0.09038608],12.101591908959172,3.6353232007145126
54,[4.85792393],3.0707860846115964,2.3962430970569475
55,[2.91857027],6.137219995481293,0.5155786112072733
56,[0.31118075],5.152689089960656,3.1611917898040565
57,[3.12964812],6.336628248757283,0.2110778573366554
58,[3.02963325],7.060839802348468,0.7533204583006086
59,[1.38447727],1.3002645090890028,1.7451708485168882
60,[2.23216983],6.556201582260063,0.8974782918388238
61,[2.03304886],8.657415979668576,2.0532926694732665
62,[4.68308437],2.8280123611981542,1.7001892730982768
63,[2.11204411],7.3627598425059,1.3221047674778732
64,[4.98289503],6.742292404853072,2.0643247689378006
65,[3.26017415],7.032871455162156,0.8261673814706576
66,[2.46168083],1.9203364389761926,0.5679524164028646
67,[4.17138708],8.212185617444778,0.4456777992834766
68,[3.72570928],2.263453907738552,0.547200954334365
69,[1.05236537],8.811434418250565,2.82034000439516
