,0,1,2
0,[17.72735076],12.083077361704547,14.467176606876688
1,[15.85932658],11.38489754194312,12.599152426870178
2,[19.26465905],16.60838760372664,15.830510170570923
3,[15.90111705],11.689384097604279,12.028411676741044
4,[17.94350025],15.686698850804007,14.813852127633503
5,[15.6038745],12.844759044126622,12.547602893600201
6,[17.77349375],12.684188731662308,14.59498543017001
7,[15.41013089],10.415672225262046,12.132331186368415
8,[19.96352587],16.7767670465549,16.18057216751973
9,[16.26359631],8.909927827470863,12.28407285353019
10,[17.66480007],12.866440016182008,14.635166819556241
11,[19.46069549],14.617974707022592,16.567866512795117
12,[16.21046813],11.751750912943944,13.294725518382148
13,[17.0881037],14.638823653509471,13.810303991534472
14,[4.33972742],1.8485757970430399,1.466984424394259
15,[1.43165121],9.61305246196765,2.4545768387820024
16,[0.68849832],2.682956237399826,2.5893013853579605
17,[0.25396801],13.719167087508538,3.218404532734497
18,[4.64145436],7.124145404788071,1.7228840924227669
19,[3.89975071],6.726295234440005,0.465601834356574
20,[3.47237254],1.8425904737686054,0.559457589895473
21,[4.76719334],5.133926193008823,1.4893936331461717
22,[4.6597114],6.726295234440005,1.225562519158903
23,[1.03699769],4.688018317178743,2.223176462053778
24,[1.11678491],8.897751772347798,3.0546021635747795
25,[4.98759182],7.140955372936216,0.9945457042207422
26,[2.46031652],8.4865089142094,1.6260250058253272
27,[1.12887437],5.0595974903466425,2.148925330985216
28,[4.93858081],5.553396163241517,1.3586517344069007
29,[3.78295371],9.609553326257224,0.6533055832310981
30,[2.91291495],3.43686551849947,0.5212339223466649
31,[2.83013576],11.854646356264052,0.34837256487230217
32,[1.85921687],6.389412965724587,1.2704312545952723
33,[2.26481781],4.629297487875837,1.0129818902954995
34,[4.08634153],10.18035380604168,0.2533858894301808
35,[0.51003263],8.00484413207915,2.619615493286872
36,[4.58578232],1.590531724188734,0.6860316137122293
37,[0.21935594],11.660790991609833,2.9591523852321444
38,[2.87274299],1.3058428681006191,0.11015210203820747
39,[0.90249493],8.937859122633743,2.8232143426763976
40,[3.17850832],9.930335381714013,0.547200954334365
41,[4.47071723],4.735098547456199,1.3410691095805758
42,[3.2777997],9.146541252075476,0.5051540023936583
43,[1.27112435],8.77428022062629,2.9002627239228955
44,[2.9828951],1.3058428681006191,0.06432483118735055
45,[4.59938588],7.060839802348468,1.321586173100875
46,[3.87270538],5.865371155529112,0.7930646917761974
47,[1.45497272],1.6400150937914286,1.5279223718884243
48,[3.43414888],6.912535968182634,0.2915603996125129
49,[2.16660696],6.833283207817369,0.9630411595214672
50,[1.50799186],1.912763713463311,1.4749032319358935
51,[1.78236061],4.2070568057348545,1.3717176159722106
52,[1.27059724],2.825240353395553,1.712297852439066
53,[0.09038608],12.161017199558705,3.6353232007145126
54,[4.85792393],2.7220123602195434,2.0277881713081087
55,[2.91857027],8.330514286773798,0.5155786112072733
56,[0.31118075],5.152689089960656,3.1611917898040565
57,[3.12964812],6.240231780622007,0.2110778573366554
58,[3.02963325],7.060839802348468,0.7533204583006086
59,[1.38447727],1.3002645090890028,1.7451708485168882
60,[2.23216983],6.240231780622007,0.8974782918388238
61,[2.03304886],9.131934338086861,2.0532926694732665
62,[4.68308437],2.8280123611981542,1.6768201975583796
63,[2.11204411],7.2598660292187684,1.3221047674778732
64,[4.98289503],5.140254254273109,2.0643247689378006
65,[3.26017415],7.032871455162156,0.056450234887188255
66,[2.46168083],1.7975328104314694,0.816118872309815
67,[4.17138708],5.957476767397444,0.5914579990897328
68,[3.72570928],4.886577493619584,0.547200954334365
69,[1.05236537],8.811434418250565,2.82034000439516
