,0,1,2
0,[17.72735076],11.290940441131056,14.532439619529642
1,[15.85932658],10.724351595352196,12.829693327245597
2,[19.26465905],16.534661720119246,15.830510170570923
3,[15.90111705],7.926814248003891,12.42874450956306
4,[17.94350025],15.747599001578129,14.764991928484736
5,[15.6038745],12.665263385758857,12.474226380525549
6,[17.77349375],12.04314248803822,14.643845629318776
7,[15.41013089],10.415672225262046,12.132331186368415
8,[19.96352587],16.975505738894547,16.18057216751973
9,[16.26359631],8.909927827470861,12.390890929797752
10,[17.66480007],12.866440016182008,14.486291745337965
11,[19.46069549],14.617974707022592,16.542125221799992
12,[16.21046813],11.751750912943944,13.297553173951844
13,[17.0881037],13.302541674788168,13.810303991534472
14,[4.33972742],1.8485757970430394,1.466984424394259
15,[1.43165121],9.61305246196765,2.6546903243242514
16,[0.68849832],2.805759865944549,2.490010003669287
17,[0.25396801],13.719167087508538,3.4717412647982018
18,[4.64145436],7.124145404788071,1.7257117479924626
19,[3.89975071],6.726295234440005,0.465601834356574
20,[3.47237254],1.8425904737686054,0.559457589895473
21,[4.76719334],3.661538675516624,1.4893936331461717
22,[4.6597114],4.3654046096825585,1.225562519158903
23,[1.03699769],2.0959868335389458,2.223176462053778
24,[1.11678491],8.297539224267329,3.0546021635747795
25,[4.98759182],7.150183972363453,1.0878411134954291
26,[2.46031652],8.961027272627685,1.6260250058253272
27,[1.12887437],1.7613668244803624,2.148925330985216
28,[4.93858081],5.851274889870752,1.2128715346006445
29,[3.78295371],7.018284294301158,0.6533055832310981
30,[2.91291495],5.4408129944424966,0.5212339223466649
31,[2.83013576],9.764041741802433,0.34837256487230217
32,[1.85921687],3.829051662939065,1.2704312545952723
33,[2.26481781],4.629297487875837,1.0129818902954995
34,[4.08634153],5.404264246311889,0.28713420291427916
35,[0.51003263],8.00484413207915,2.619615493286872
36,[4.58578232],4.603195011239485,0.6860316137122293
37,[0.21935594],9.064281633946003,2.9591523852321444
38,[2.87274299],1.3058428681006191,0.11015210203820747
39,[0.90249493],5.720628977575187,2.8232143426763976
40,[3.17850832],9.793707582335989,0.547200954334365
41,[4.47071723],4.735098547456199,1.5578022780566227
42,[3.2777997],3.8895640998945096,0.6993706871614132
43,[1.27112435],8.77428022062629,2.9002627239228955
44,[2.9828951],1.3058428681006191,0.06432483118735055
45,[4.59938588],7.060839802348468,1.321586173100875
46,[3.87270538],5.865371155529112,0.7430572542414424
47,[1.45497272],2.0290168886035524,1.5279223718884243
48,[3.43414888],6.912535968182634,0.2915603996125129
49,[2.16660696],6.833283207817369,0.9630411595214672
50,[1.50799186],1.934794133870953,1.4749032319358935
51,[1.78236061],4.2070568057348545,1.3717176159722106
52,[1.27059724],2.825240353395553,1.712297852439066
53,[0.09038608],12.101591908959174,3.6353232007145126
54,[4.85792393],2.7220123602195434,2.0277881713081087
55,[2.91857027],3.681726751652844,0.5155786112072733
56,[0.31118075],5.152689089960656,3.1611917898040565
57,[3.12964812],6.240231780622007,0.1789154417429799
58,[3.02963325],4.717372698750387,0.7533204583006086
59,[1.38447727],1.3002645090890028,1.8756968738227964
60,[2.23216983],3.2352457836279753,0.8974782918388238
61,[2.03304886],6.133938687110309,2.0532926694732665
62,[4.68308437],2.387657301196595,1.7001892730982768
63,[2.11204411],7.2598660292187684,1.3221047674778732
64,[4.98289503],5.140254254273109,2.0643247689378006
65,[3.26017415],7.032871455162156,0.017625555531531667
66,[2.46168083],1.5090219843426447,0.816118872309815
67,[4.17138708],6.053315191948715,0.4456777992834766
68,[3.72570928],4.888646555827765,0.547200954334365
69,[1.05236537],8.811434418250565,2.82034000439516
