,0,1,2
0,[17.72735076],9.108235395279085,14.597702632182596
1,[15.85932658],10.724351595352196,12.876431478325392
2,[19.26465905],16.924683666818574,15.830510170570923
3,[15.90111705],7.926814248003891,12.42874450956306
4,[17.94350025],15.553853681382483,14.813852127633503
5,[15.6038745],12.76021130454318,12.474226380525549
6,[17.77349375],12.549255799463737,14.643845629318776
7,[15.41013089],10.415672225262046,12.035044766077423
8,[19.96352587],17.216433362592852,16.18057216751973
9,[16.26359631],8.092775945966498,12.791223762619769
10,[17.66480007],12.782510705393104,14.486291745337965
11,[19.46069549],17.248212881835038,16.477800390612643
12,[16.21046813],11.549370641209899,13.297553173951844
13,[17.0881037],12.73723433444996,13.810303991534472
14,[4.33972742],4.045027873052762,1.466984424394259
15,[1.43165121],9.61305246196765,2.6546903243242514
16,[0.68849832],2.805759865944549,2.415572466560149
17,[0.25396801],9.04872688007447,3.528985694546169
18,[4.64145436],7.539389582330054,1.7285394035621584
19,[3.89975071],4.443270598435438,0.465601834356574
20,[3.47237254],1.8425904737686054,0.5538022787560815
21,[4.76719334],4.7820953667988295,1.4893936331461717
22,[4.6597114],2.0048874535379135,1.4812030738807551
23,[1.03699769],4.792194835390302,2.223176462053778
24,[1.11678491],8.297539224267329,3.0546021635747795
25,[4.98759182],7.150183972363453,1.204638118491523
26,[2.46031652],8.961027272627685,1.4259115202830785
27,[1.12887437],1.7613668244803624,2.148925330985216
28,[4.93858081],6.482101113768174,1.3395399006324968
29,[3.78295371],7.018284294301158,0.6533055832310981
30,[2.91291495],5.4408129944424966,0.5212339223466649
31,[2.83013576],7.16193911422761,0.8955735192066672
32,[1.85921687],1.2445639723454212,1.2704312545952723
33,[2.26481781],4.870460311018112,1.0129818902954995
34,[4.08634153],8.428457859963206,0.6139689853571397
35,[0.51003263],5.662504102358329,2.6684756924356376
36,[4.58578232],4.694847720974104,0.7130769476979788
37,[0.21935594],9.064281633946003,2.9591523852321444
38,[2.87274299],1.242470593970045,0.11015210203820747
39,[0.90249493],2.5037723011294313,2.5316539430638842
40,[3.17850832],7.192689848044549,0.2556405547218521
41,[4.47071723],4.605384230292162,1.5578022780566227
42,[3.2777997],3.835130455391405,0.8935873719291676
43,[1.27112435],8.77428022062629,2.815217177932854
44,[2.9828951],1.22696325277771,0.0699801423267421
45,[4.59938588],7.060839802348468,1.321586173100875
46,[3.87270538],2.8221392989872536,0.7430572542414424
47,[1.45497272],2.0290168886035524,1.5279223718884243
48,[3.43414888],4.443270598435438,0.2915603996125129
49,[2.16660696],1.3056963958987797,0.9630411595214672
50,[1.50799186],1.504169943196885,1.4749032319358935
51,[1.78236061],4.207056805734855,1.3472875163978275
52,[1.27059724],2.825240353395553,1.8590508785883708
53,[0.09038608],9.3124618459724,3.6353232007145126
54,[4.85792393],3.0055664141895866,2.0277881713081087
55,[2.91857027],3.681726751652844,0.5155786112072733
56,[0.31118075],5.214559304859319,2.9578061714563044
57,[3.12964812],3.801384453752681,0.13052602530590818
58,[3.02963325],4.629297487875839,0.4427392964889365
59,[1.38447727],4.2547968995421135,1.893322429354328
60,[2.23216983],3.5467449952504824,0.8974782918388238
61,[2.03304886],6.133938687110309,2.0532926694732665
62,[4.68308437],2.799761503706221,1.7001892730982768
63,[2.11204411],7.2598660292187684,1.3221047674778732
64,[4.98289503],4.618776352063514,2.0643247689378006
65,[3.26017415],4.156312739420764,0.5191828887920877
66,[2.46168083],1.5380793870878118,0.7168274906211409
67,[4.17138708],6.482101113768174,0.572346165315329
68,[3.72570928],4.320056035147627,0.2915603996125129
69,[1.05236537],6.220252733068388,2.7305883333848158
