,0,1,2
0,[17.72735076],9.185110535839886,14.597702632182596
1,[15.85932658],10.724351595352195,12.876431478325392
2,[19.26465905],15.881355939168728,15.684729970764668
3,[15.90111705],10.0635237060648,12.42874450956306
4,[17.94350025],15.523879593574573,14.813852127633503
5,[15.6038745],12.76021130454318,12.34370035521964
6,[17.77349375],12.549255799463733,14.693853066853531
7,[15.41013089],10.58090570155618,12.132331186368415
8,[19.96352587],17.055867638851186,16.18057216751973
9,[16.26359631],8.002936808972454,13.003422158733287
10,[17.66480007],12.782510705393104,14.486291745337965
11,[19.46069549],17.811361738908023,16.43106223953285
12,[16.21046813],11.633299951998803,13.297553173951844
13,[17.0881037],12.737234334449962,13.810303991534472
14,[4.33972742],4.008152776942634,1.466984424394259
15,[1.43165121],6.708629526691736,2.6546903243242514
16,[0.68849832],2.1601375369472087,2.3411349294510106
17,[0.25396801],9.463507792251733,3.528985694546169
18,[4.64145436],7.284923986952245,1.7285394035621584
19,[3.89975071],4.443270598435438,0.465601834356574
20,[3.47237254],1.8425904737686054,0.5538022787560815
21,[4.76719334],4.712168022371854,1.4893936331461717
22,[4.6597114],2.0048874535379135,1.4812030738807551
23,[1.03699769],5.38916138146659,2.223176462053778
24,[1.11678491],8.297539224267329,3.0546021635747795
25,[4.98759182],6.702948948649805,1.2618825482394902
26,[2.46031652],6.445028246041806,1.4123888532902038
27,[1.12887437],1.6414409145589748,2.148925330985216
28,[4.93858081],6.482101113768174,1.4662082666643492
29,[3.78295371],4.673248016975262,0.6533055832310981
30,[2.91291495],3.257168590566228,0.5212339223466649
31,[2.83013576],10.169146861895797,0.8955735192066672
32,[1.85921687],1.2445639723454212,1.2704312545952723
33,[2.26481781],1.8060460078851683,1.0129818902954995
34,[4.08634153],8.179986146262385,0.6330808191315436
35,[0.51003263],5.662504102358329,2.75014151859278
36,[4.58578232],4.694847720974104,0.7130769476979788
37,[0.21935594],8.569312155024488,2.9591523852321444
38,[2.87274299],1.4148974181928549,0.15689025311800187
39,[0.90249493],2.5037723011294313,2.5316539430638842
40,[3.17850832],7.192689848044549,0.2556405547218521
41,[4.47071723],4.605384230292162,1.5578022780566227
42,[3.2777997],3.835130455391405,0.8935873719291676
43,[1.27112435],8.556711997927206,2.815217177932854
44,[2.9828951],1.2269632527777097,0.0699801423267421
45,[4.59938588],6.85824342428937,1.321586173100875
46,[3.87270538],2.8221392989872536,0.4385565003708245
47,[1.45497272],2.659325113532776,1.5279223718884243
48,[3.43414888],4.443270598435438,0.32018261448649676
49,[2.16660696],1.3056963958987797,0.8630262844519567
50,[1.50799186],1.1285606256610605,1.4749032319358935
51,[1.78236061],4.702026284656371,1.3717176159722106
52,[1.27059724],5.780762576898425,1.989576903894279
53,[0.09038608],9.021595458170214,3.6353232007145126
54,[4.85792393],3.0055664141895866,2.0277881713081087
55,[2.91857027],3.681726751652844,0.5155786112072733
56,[0.31118075],2.569044698534298,2.8673275675333962
57,[3.12964812],3.801384453752681,0.13052602530590818
58,[3.02963325],4.629297487875839,0.4427392964889365
59,[1.38447727],4.453762626550554,1.893322429354328
60,[2.23216983],3.5467449952504824,0.8974782918388238
61,[2.03304886],5.814343839556691,2.0532926694732665
62,[4.68308437],2.799761503706221,1.7001892730982768
63,[2.11204411],3.960812954642705,1.3221047674778732
64,[4.98289503],2.787257749304022,2.0643247689378006
65,[3.26017415],4.289343497330391,0.21219839611351787
66,[2.46168083],1.5380793870878118,0.7168274906211409
67,[4.17138708],6.482101113768174,0.6990145313471814
68,[3.72570928],4.320056035147627,0.2915603996125129
69,[1.05236537],5.715070534429389,2.7305883333848158
