,0,1,2
0,[17.72735076],15.61610087226482,13.141568430243176
1,[15.85932658],13.811363779216801,12.581526871338646
2,[19.26465905],17.216696251482254,15.986859343604102
3,[15.90111705],13.78986717106471,11.315334729043066
4,[17.94350025],15.939732111175635,14.813852127633503
5,[15.6038745],13.600106364067681,12.474226380525549
6,[17.77349375],16.6101902796881,13.68715222254221
7,[15.41013089],13.365693205352875,11.238743814439248
8,[19.96352587],17.852275990833053,15.37774354881141
9,[16.26359631],14.152346424121419,11.677813982099774
10,[17.66480007],16.501496594856057,14.834664310210268
11,[19.46069549],18.297392014832663,16.630559730186874
12,[16.21046813],15.047164655845126,13.380332371199334
13,[17.0881037],15.040140899412625,13.810303991534472
14,[4.33972742],3.1295405140826653,1.8780465876791217
15,[1.43165121],7.993133124786878,2.739735870314293
16,[0.68849832],3.52726518924909,2.184244676333009
17,[0.25396801],12.338094603537694,2.900110210889454
18,[4.64145436],9.676953462530902,1.8113186008096478
19,[3.89975071],6.514673910756409,0.7701025882271919
20,[3.47237254],2.2621856392953448,1.0106917128918012
21,[4.76719334],6.6425851711047725,1.4893936331461717
22,[4.6597114],6.6666660477168715,1.530063273029521
23,[1.03699769],8.387786643987061,3.134389389514477
24,[1.11678491],13.851851450743718,3.482600964746487
25,[4.98759182],10.768089828588192,0.4018094997831998
26,[2.46031652],6.964467806287954,1.7110705518153688
27,[1.12887437],3.0868891348763454,1.7438686219602637
28,[4.93858081],6.676862665924807,1.6607811072463354
29,[3.78295371],6.49131450975719,0.6533055832310981
30,[2.91291495],6.506491878690632,0.5212339223466649
31,[2.83013576],10.039217182692834,0.34837256487230217
32,[1.85921687],7.336691579326714,1.5749320084658902
33,[2.26481781],10.327244801680683,0.9953563347639678
34,[4.08634153],11.308840005555826,0.513044347161749
35,[0.51003263],12.082029985509498,2.6684756924356376
36,[4.58578232],11.009175528458112,0.013603551998893515
37,[0.21935594],12.372706678306,2.9591523852321444
38,[2.87274299],1.86515627152054,0.4110621632848628
39,[0.90249493],8.293413513924708,2.5316539430638842
40,[3.17850832],9.969542669718372,0.34837256487230217
41,[4.47071723],6.583289950224166,1.192917528743136
42,[3.2777997],6.427912497217977,0.8935873719291676
43,[1.27112435],13.697512011091835,3.328261525094603
44,[2.9828951],1.8871866919281814,0.5212142653230702
45,[4.59938588],11.001013397258777,0.013603551998893515
46,[3.87270538],6.509264843959258,0.7430572542414424
47,[1.45497272],2.760790782766299,1.4177702698502168
48,[3.43414888],6.421553543885092,0.3045007538706179
49,[2.16660696],10.425455651744093,1.011901358670233
50,[1.50799186],2.7077716428137686,1.364751129897686
51,[1.78236061],7.6424237236370205,1.4954390972352674
52,[1.27059724],2.9451662633169398,1.6021457504008585
53,[0.09038608],12.501676539454007,3.0881222463801477
54,[4.85792393],3.647737023460491,2.3962430970569475
55,[2.91857027],6.505360816462753,0.5155786112072733
56,[0.31118075],3.9045827531132007,2.616638291216222
57,[3.12964812],6.463145244995422,0.3045007538706179
58,[3.02963325],11.942864974663472,1.5697526290078252
59,[1.38447727],8.040307055756081,2.049671602387506
60,[2.23216983],6.963738616570265,1.2019790457094417
61,[2.03304886],7.391735469935893,2.138338215463308
62,[4.68308437],3.4728974648248907,2.221403538421347
63,[2.11204411],7.083864338338697,1.3221047674778732
64,[4.98289503],9.608665327227897,2.1527592773246815
65,[3.26017415],13.792970027726284,1.325608176633513
66,[2.46168083],1.9203364389761926,0.4110621632848628
67,[4.17138708],6.523423918861373,0.8935873719291676
68,[3.72570928],2.5155223713590495,1.264028444955506
69,[1.05236537],13.916270990089263,3.5470205040920324
