,0,1,2
0,[17.72735076],11.723833722504645,14.597702632182596
1,[15.85932658],10.715366404730771,12.940756309512743
2,[19.26465905],15.881355939168728,15.53894977095841
3,[15.90111705],10.152071565362586,12.623317350145047
4,[17.94350025],15.596653004447933,14.813852127633503
5,[15.6038745],12.76021130454318,12.34370035521964
6,[17.77349375],12.440789250837105,14.743860504388286
7,[15.41013089],9.903010258637531,11.93775834578643
8,[19.96352587],17.611000686100294,16.18057216751973
9,[16.26359631],11.139289032385625,13.233963059108705
10,[17.66480007],15.160731082927622,14.486291745337965
11,[19.46069549],14.244760170510176,16.28218716531457
12,[16.21046813],11.6332999519988,13.297553173951844
13,[17.0881037],12.737234334449962,13.810303991534472
14,[4.33972742],4.045027873052762,1.466984424394259
15,[1.43165121],7.050843637054809,2.6546903243242514
16,[0.68849832],2.1601375369472087,2.3411349294510106
17,[0.25396801],9.463507792251733,3.6187373655565134
18,[4.64145436],6.523095008926331,1.7257117479924626
19,[3.89975071],4.443270598435438,0.465601834356574
20,[3.47237254],3.9667863675534867,0.4894774475687309
21,[4.76719334],4.712168022371854,1.4982064109119375
22,[4.6597114],2.0048874535379135,1.4812030738807551
23,[1.03699769],5.38916138146659,2.1415106358966356
24,[1.11678491],4.940535713946915,3.0546021635747795
25,[4.98759182],8.805292094545138,1.553442947852003
26,[2.46031652],6.445028246041806,1.4123888532902038
27,[1.12887437],1.6414409145589748,2.148925330985216
28,[4.93858081],5.7111954823210365,1.4662082666643492
29,[3.78295371],4.673248016975262,0.6533055832310981
30,[2.91291495],5.4408129944424966,0.5212339223466649
31,[2.83013576],7.514121702426709,0.9528179489546345
32,[1.85921687],1.2445639723454212,1.2704312545952723
33,[2.26481781],1.774018742760558,1.0129818902954995
34,[4.08634153],8.179986146262385,0.8085418259391259
35,[0.51003263],5.011108685637729,2.75014151859278
36,[4.58578232],4.138254561167031,0.7130769476979788
37,[0.21935594],5.618213074321783,2.9591523852321444
38,[2.87274299],1.4148974181928544,0.15689025311800187
39,[0.90249493],2.5037723011294313,2.5316539430638842
40,[3.17850832],7.192689848044549,0.2556405547218521
41,[4.47071723],4.640150628671877,1.5979742377680881
42,[3.2777997],3.835130455391405,0.6568479141663923
43,[1.27112435],9.016761094924712,2.815217177932854
44,[2.9828951],1.2269632527777097,0.11015210203820747
45,[4.59938588],6.858243424289368,1.321586173100875
46,[3.87270538],3.353928687555058,0.4385565003708245
47,[1.45497272],2.3294975322930105,1.5279223718884243
48,[3.43414888],4.443270598435438,0.3488048293604802
49,[2.16660696],1.8353986528477222,0.8630262844519567
50,[1.50799186],1.1285606256610605,1.4749032319358935
51,[1.78236061],4.702026284656371,1.3961477155465933
52,[1.27059724],5.772241129391221,2.1635516324589887
53,[0.09038608],9.021595458170214,3.5086548346826603
54,[4.85792393],2.681528877126931,2.0277881713081087
55,[2.91857027],1.3838384768054313,0.5155786112072733
56,[0.31118075],2.569044698534298,2.8673275675333962
57,[3.12964812],3.801384453752681,0.14815158083743984
58,[3.02963325],6.808140674069395,0.4427392964889365
59,[1.38447727],4.453762626550554,1.893322429354328
60,[2.23216983],3.5467449952504824,0.8974782918388238
61,[2.03304886],3.5495859674708328,2.0532926694732665
62,[4.68308437],2.799761503706221,1.7001892730982768
63,[2.11204411],3.9395975830630574,1.1657555944446951
64,[4.98289503],5.17079585605388,2.0643247689378006
65,[3.26017415],4.289343497330391,0.21219839611351787
66,[2.46168083],1.1980415324681566,0.5679524164028646
67,[4.17138708],5.7111954823210365,0.6990145313471814
68,[3.72570928],4.320056035147627,0.2915603996125129
69,[1.05236537],6.106662249787815,2.3817835040243356
