,0,1,2
0,[17.72735076],11.481725105649712,14.597702632182596
1,[15.85932658],10.715366404730771,12.940756309512743
2,[19.26465905],16.232485252701316,15.53894977095841
3,[15.90111705],9.986590719588516,12.623317350145047
4,[17.94350025],15.047522892769706,14.683326102327594
5,[15.6038745],12.76021130454318,12.34370035521964
6,[17.77349375],11.999227495745178,14.643845629318776
7,[15.41013089],9.903010258637531,12.132331186368415
8,[19.96352587],17.055867638851186,16.2378165972677
9,[16.26359631],11.139289032385625,13.18395562157395
10,[17.66480007],15.160731082927622,14.404625919180823
11,[19.46069549],13.718929477147062,16.28218716531457
12,[16.21046813],11.683533322204593,13.297553173951844
13,[17.0881037],12.73723433444996,13.810303991534472
14,[4.33972742],5.815975615660228,1.4268124646827935
15,[1.43165121],7.299793805761638,2.6546903243242514
16,[0.68849832],2.1601375369472087,2.5396556945136233
17,[0.25396801],12.224163748869325,3.4717412647982018
18,[4.64145436],4.766131948668573,1.7285394035621584
19,[3.89975071],4.443270598435438,0.465601834356574
20,[3.47237254],3.9667863675534862,0.4894774475687309
21,[4.76719334],6.187901938698159,1.4982064109119375
22,[4.6597114],2.0048874535379135,1.4812030738807551
23,[1.03699769],5.38916138146659,2.1415106358966356
24,[1.11678491],4.940535713946915,2.969556617584738
25,[4.98759182],6.372225404782034,1.553442947852003
26,[2.46031652],9.600163687040084,1.4394341872759533
27,[1.12887437],1.9335174787000793,1.9007588750782656
28,[4.93858081],6.089859968191902,1.5044319342131574
29,[3.78295371],4.358261615282084,0.6044453840823323
30,[2.91291495],3.381884378072256,0.5212339223466649
31,[2.83013576],9.808052163433668,1.0425696199649788
32,[1.85921687],1.2445639723454212,1.2704312545952723
33,[2.26481781],1.774018742760558,1.0129818902954995
34,[4.08634153],8.179986146262385,0.6521926529059479
35,[0.51003263],5.090685352061541,2.758954296358546
36,[4.58578232],4.694847720974104,0.8028286187083231
37,[0.21935594],5.618213074321783,2.9591523852321444
38,[2.87274299],1.4148974181928549,0.2569051281875123
39,[0.90249493],2.5037723011294313,2.5316539430638842
40,[3.17850832],7.192689848044549,0.10339017778654336
41,[4.47071723],4.640150628671877,1.5521469669172312
42,[3.2777997],4.025642680682596,0.8085418259391259
43,[1.27112435],9.016761094924712,2.62862635938348
44,[2.9828951],1.2269632527777097,0.06432483118735055
45,[4.59938588],6.858243424289368,1.321586173100875
46,[3.87270538],3.353928687555058,0.7430572542414424
47,[1.45497272],2.3294975322930105,1.5512914474283215
48,[3.43414888],4.443270598435438,0.3488048293604802
49,[2.16660696],1.79210473874803,0.8630262844519567
50,[1.50799186],1.6843039085289433,1.4749032319358935
51,[1.78236061],10.007860899059342,1.4778135417037357
52,[1.27059724],9.198919152686093,2.1635516324589887
53,[0.09038608],6.767217994691808,3.3437628011019997
54,[4.85792393],2.1813722788455663,1.9851809337720847
55,[2.91857027],1.3838384768054313,0.5155786112072733
56,[0.31118075],2.569044698534298,2.9666189492220703
57,[3.12964812],3.801384453752681,0.13052602530590818
58,[3.02963325],4.564534137262693,0.2481664559069503
59,[1.38447727],4.453762626550554,1.8756968738227964
60,[2.23216983],3.5467449952504824,0.8974782918388238
61,[2.03304886],3.5495859674708337,2.0532926694732665
62,[4.68308437],2.80579346896782,1.7001892730982768
63,[2.11204411],4.24186988786501,1.1657555944446951
64,[4.98289503],5.541881097826512,2.0643247689378006
65,[3.26017415],6.554475336449789,0.5227795579251899
66,[2.46168083],1.1980415324681566,0.7168274906211409
67,[4.17138708],3.6456893049253267,0.6990145313471814
68,[3.72570928],4.320056035147627,0.2915603996125129
69,[1.05236537],6.106662249787815,2.3817835040243356
