,0,1,2
0,[17.72735076],11.481725105649712,14.597702632182596
1,[15.85932658],10.715366404730771,12.940756309512743
2,[19.26465905],13.35866905709787,15.53894977095841
3,[15.90111705],8.030082648130549,12.623317350145047
4,[17.94350025],12.418855704301263,14.665700546796064
5,[15.6038745],13.35425339323012,12.34370035521964
6,[17.77349375],11.999227495745178,14.59498543017001
7,[15.41013089],12.239637358917168,12.132331186368415
8,[19.96352587],17.18590193878937,16.529376996880213
9,[16.26359631],11.905763736003953,13.133948184039195
10,[17.66480007],14.716481146370317,14.404625919180823
11,[19.46069549],13.718929477147062,16.28218716531457
12,[16.21046813],11.599604011415693,13.291897862812451
13,[17.0881037],12.73723433444996,13.810303991534472
14,[4.33972742],3.470960703724019,1.4268124646827935
15,[1.43165121],6.9575796953985645,2.6546903243242514
16,[0.68849832],2.2288089270956535,2.5893013853579605
17,[0.25396801],9.070004837808845,3.4717412647982018
18,[4.64145436],4.516677420402909,1.7687113632736238
19,[3.89975071],7.403467416722201,0.465601834356574
20,[3.47237254],1.6604118856536494,0.4894774475687309
21,[4.76719334],6.868968433151251,1.5070191886777033
22,[4.6597114],1.9355932236120714,1.4812030738807551
23,[1.03699769],1.9087911938714057,2.223176462053778
24,[1.11678491],4.940535713946915,2.782965799035364
25,[4.98759182],6.372225404782034,1.553442947852003
26,[2.46031652],9.97608551691697,1.4394341872759533
27,[1.12887437],1.602891620755599,1.9007588750782656
28,[4.93858081],6.358112994128641,1.5044319342131574
29,[3.78295371],4.358261615282084,0.5139667801594241
30,[2.91291495],3.2332729272239673,0.3648847493134868
31,[2.83013576],7.416136990643888,1.0425696199649788
32,[1.85921687],1.2445639723454212,1.2704312545952723
33,[2.26481781],1.3696871360357328,1.0129818902954995
34,[4.08634153],8.819405982347213,0.6139689853571397
35,[0.51003263],5.090685352061541,2.7677670741243117
36,[4.58578232],4.603195011239485,0.8028286187083231
37,[0.21935594],5.618213074321783,2.9591523852321444
38,[2.87274299],1.2921036211214267,0.30576532733627815
39,[0.90249493],5.7210024461879865,2.5316539430638842
40,[3.17850832],2.0703384096338886,0.048860199148765826
41,[4.47071723],4.90646236530389,1.5199845513235557
42,[3.2777997],4.112839596560012,0.8935873719291676
43,[1.27112435],9.016761094924712,2.6015810253977305
44,[2.9828951],4.266691865339249,0.0467381510797944
45,[4.59938588],6.887873740456857,1.3392117286324066
46,[3.87270538],4.022427693568359,0.8430721293109529
47,[1.45497272],2.3294975322930105,1.5746605229682187
48,[3.43414888],4.267919060475753,0.3488048293604802
49,[2.16660696],1.79210473874803,0.8162881333721623
50,[1.50799186],1.6843039085289433,1.5216413830156879
51,[1.78236061],9.690507744140362,1.4954390972352674
52,[1.27059724],6.046353218914595,1.989576903894279
53,[0.09038608],3.850903059193295,3.381986468650808
54,[4.85792393],4.20448411360479,1.9393536629212278
55,[2.91857027],1.5735344368931725,0.5155786112072733
56,[0.31118075],2.5690446985342983,2.9666189492220703
57,[3.12964812],3.801384453752681,0.13052602530590818
58,[3.02963325],4.572947833492252,0.18970798729684768
59,[1.38447727],4.4484122089321705,1.8756968738227964
60,[2.23216983],0.5740174226916297,0.7974634167693133
61,[2.03304886],3.856974079593298,2.0532926694732665
62,[4.68308437],2.401461862242995,1.770169415425019
63,[2.11204411],4.495210920828354,1.0176040136072553
64,[4.98289503],5.154010365242266,1.99999993775045
65,[3.26017415],6.554475336449789,0.5227795579251899
66,[2.46168083],1.5549011804947397,0.7168274906211409
67,[4.17138708],3.4941399393484938,0.6990145313471814
68,[3.72570928],4.384547583769847,0.41938067697343895
69,[1.05236537],6.017696553127325,2.7305883333848158
