,0,1,2
0,[17.72735076],11.38183694661714,14.532439619529642
1,[15.85932658],14.175929174991836,12.940756309512743
2,[19.26465905],13.432394940705265,15.53894977095841
3,[15.90111705],8.030082648130549,12.623317350145047
4,[17.94350025],12.418855704301263,14.665700546796064
5,[15.6038745],13.35425339323012,12.34370035521964
6,[17.77349375],14.814040484763089,14.513319604012867
7,[15.41013089],12.971908248127864,12.132331186368415
8,[19.96352587],18.20107120846467,16.68572616991339
9,[16.26359631],14.503080452076674,13.133948184039195
10,[17.66480007],14.716481146370317,14.395813141415058
11,[19.46069549],13.718929477147062,16.28218716531457
12,[16.21046813],11.599604011415693,13.291897862812451
13,[17.0881037],13.099020872066717,13.810303991534472
14,[4.33972742],3.470960703724019,1.4268124646827935
15,[1.43165121],6.80414094833513,2.6546903243242514
16,[0.68849832],2.1601375369472087,2.5893013853579605
17,[0.25396801],9.070004837808845,3.4717412647982018
18,[4.64145436],4.516677420402909,1.7687113632736238
19,[3.89975071],6.883151211642653,0.465601834356574
20,[3.47237254],1.2016445026503022,0.4894774475687309
21,[4.76719334],8.789516354160511,1.5070191886777033
22,[4.6597114],1.9355932236120714,1.4812030738807551
23,[1.03699769],1.9087911938714057,2.223176462053778
24,[1.11678491],4.940535713946915,2.969556617584738
25,[4.98759182],6.372225404782034,1.553442947852003
26,[2.46031652],9.97608551691697,1.4394341872759533
27,[1.12887437],5.281746710060771,1.9007588750782656
28,[4.93858081],6.358112994128641,1.6607811072463354
29,[3.78295371],6.580277870014745,0.5051540023936583
30,[2.91291495],3.2332729272239673,0.3648847493134868
31,[2.83013576],7.416136990643888,1.0425696199649788
32,[1.85921687],1.2445639723454212,1.2704312545952723
33,[2.26481781],1.3696871360357328,1.0129818902954995
34,[4.08634153],8.819405982347213,0.6139689853571397
35,[0.51003263],4.799818964259354,2.7677670741243117
36,[4.58578232],4.603195011239485,0.8028286187083231
37,[0.21935594],8.729199388946252,2.9591523852321444
38,[2.87274299],3.621500559174715,0.30576532733627815
39,[0.90249493],5.7210024461879865,2.5316539430638842
40,[3.17850832],2.070338409633889,0.048860199148765826
41,[4.47071723],4.90646236530389,1.4878221357298806
42,[3.2777997],6.24142710720446,0.8935873719291676
43,[1.27112435],9.016761094924712,2.6015810253977305
44,[2.9828951],4.266691865339249,0.0467381510797944
45,[4.59938588],8.906765300675469,1.3392117286324066
46,[3.87270538],6.2809502187510144,0.8430721293109529
47,[1.45497272],2.3294975322930105,1.6490980600773568
48,[3.43414888],4.267919060475753,0.3488048293604802
49,[2.16660696],1.6440913020654904,0.8162881333721623
50,[1.50799186],1.6843039085289433,1.6216562580851983
51,[1.78236061],9.690507744140362,1.4954390972352674
52,[1.27059724],4.940555553187907,1.924313891241325
53,[0.09038608],4.0038661460710046,3.3437628011019997
54,[4.85792393],4.20448411360479,1.9071912473275523
55,[2.91857027],1.5735344368931725,0.5155786112072733
56,[0.31118075],2.5690446985342983,2.9666189492220703
57,[3.12964812],3.801384453752681,0.13052602530590818
58,[3.02963325],4.572947833492252,0.14887507421827628
59,[1.38447727],4.229698771966695,1.8348639607442254
60,[2.23216983],0.5740174226916297,0.7974634167693133
61,[2.03304886],3.8918000778339072,2.0532926694732665
62,[4.68308437],2.04771958958827,1.8103413751364843
63,[2.11204411],4.495210920828354,1.0176040136072553
64,[4.98289503],5.154010365242266,1.9532617866706556
65,[3.26017415],6.554475336449789,0.5227795579251899
66,[2.46168083],1.5549011804947397,0.7168274906211409
67,[4.17138708],3.4941399393484938,0.6990145313471814
68,[3.72570928],4.906881227038229,0.547200954334365
69,[1.05236537],6.017696553127325,2.7305883333848158
