,0,1,2
0,[17.72735076],14.515105056087986,13.141568430243176
1,[15.85932658],13.811363779216801,12.581526871338646
2,[19.26465905],18.60697434062098,15.986859343604102
3,[15.90111705],12.688871354887876,11.315334729043066
4,[17.94350025],15.939732111175635,14.91939105630183
5,[15.6038745],13.600106364067681,12.579765309193876
6,[17.77349375],17.335388239063754,13.437431824960782
7,[15.41013089],13.36216809424657,11.238743814439248
8,[19.96352587],16.751280174656223,15.37774354881141
9,[16.26359631],13.051350607944585,11.677813982099774
10,[17.66480007],16.501496594856057,14.734915564883256
11,[19.46069549],18.297392014832663,16.530810984859862
12,[16.21046813],15.047164655845126,13.280583625872321
13,[17.0881037],15.040140899412625,13.810303991534472
14,[4.33972742],3.1295405140826653,1.8780465876791217
15,[1.43165121],7.993133124786878,2.739735870314293
16,[0.68849832],3.52726518924909,2.184244676333009
17,[0.25396801],14.964502482384225,3.180180865185689
18,[4.64145436],9.676953462530902,1.7115698554826348
19,[3.89975071],6.514673910756409,0.8756415168955196
20,[3.47237254],2.2621856392953448,1.0106917128918012
21,[4.76719334],6.6425851711047725,1.4893936331461717
22,[4.6597114],6.6666660477168715,1.6356022016978486
23,[1.03699769],8.387786643987061,3.134389389514477
24,[1.11678491],13.851851450743718,3.482600964746487
25,[4.98759182],10.755205920719083,0.4018094997831998
26,[2.46031652],6.964467806287954,1.7110705518153688
27,[1.12887437],3.0868891348763454,1.7438686219602637
28,[4.93858081],6.676862665924807,1.6607811072463354
29,[3.78295371],6.49131450975719,0.7588445118994258
30,[2.91291495],6.506491878690632,0.36898354541135614
31,[2.83013576],10.039217182692834,0.34837256487230217
32,[1.85921687],7.336691579326714,1.4226816315305815
33,[2.26481781],10.327244801680683,0.9136905086068254
34,[4.08634153],11.295956097686716,0.513044347161749
35,[0.51003263],12.082029985509498,2.6684756924356376
36,[4.58578232],11.009175528458112,0.26473017076582916
37,[0.21935594],12.372706678306,2.9591523852321444
38,[2.87274299],1.86515627152054,0.4110621632848628
39,[0.90249493],8.293413513924708,2.379403566128576
40,[3.17850832],9.969542669718372,0.24862381954528923
41,[4.47071723],6.583289950224166,1.192917528743136
42,[3.2777997],6.427912497217977,0.8935873719291676
43,[1.27112435],13.697512011091835,3.328261525094603
44,[2.9828951],1.8871866919281814,0.5212142653230702
45,[4.59938588],10.988129489389667,0.013603551998893515
46,[3.87270538],6.509264843959258,0.8485961829097701
47,[1.45497272],2.760790782766299,1.4177702698502168
48,[3.43414888],6.421553543885092,0.4100396825389456
49,[2.16660696],10.425455651744093,1.011901358670233
50,[1.50799186],2.7077716428137686,1.364751129897686
51,[1.78236061],7.6424237236370205,1.9422327831998512
52,[1.27059724],2.9451662633169398,1.6021457504008585
53,[0.09038608],12.501676539454007,3.0881222463801477
54,[4.85792393],3.647737023460491,2.3962430970569475
55,[2.91857027],6.505360816462753,0.3633282342719646
56,[0.31118075],9.191044914824621,2.819166645728698
57,[3.12964812],6.463145244995422,0.04671144826698104
58,[3.02963325],11.942864974663472,1.5697526290078252
59,[1.38447727],12.902199892675052,1.9714970158709169
60,[2.23216983],6.963738616570265,1.049728668774133
61,[2.03304886],7.391735469935893,2.138338215463308
62,[4.68308437],3.4728974648248907,2.221403538421347
63,[2.11204411],7.083864338338697,1.1698543905425645
64,[4.98289503],9.608665327227897,2.0530105319976686
65,[3.26017415],11.791656526569112,1.3392117286324066
66,[2.46168083],1.9203364389761926,0.4110621632848628
67,[4.17138708],6.523423918861373,0.8935873719291676
68,[3.72570928],2.5155223713590495,1.264028444955506
69,[1.05236537],13.916270990089263,3.0339761569302834
