,0,1,2
0,[17.72735076],9.973791999311594,13.448821374004025
1,[15.85932658],13.263416605153944,12.581526871338646
2,[19.26465905],18.03168106183641,16.004484899135633
3,[15.90111705],9.24329851883155,11.315334729043066
4,[17.94350025],15.604419129580089,14.813852127633503
5,[15.6038745],13.395454499118353,12.474226380525549
6,[17.77349375],9.63623105735328,13.68715222254221
7,[15.41013089],11.025540993966933,11.32378936042929
8,[19.96352587],12.055482983794864,15.37774354881141
9,[16.26359631],11.458494435266738,11.677813982099774
10,[17.66480007],13.330460641694676,14.793274711586523
11,[19.46069549],18.297392014832667,16.547780532939385
12,[16.21046813],12.16699509048593,13.338942772575589
13,[17.0881037],14.373032473106367,13.810303991534472
14,[4.33972742],3.1295405140826653,1.509591661930283
15,[1.43165121],7.044224087724947,2.3513025007787833
16,[0.68849832],2.805759865944549,2.2594067072078445
17,[0.25396801],15.00432142388479,3.6187373655565134
18,[4.64145436],7.539389582330054,1.7699290021859033
19,[3.89975071],5.994138325656806,0.7701025882271919
20,[3.47237254],2.2621856392953448,0.5996295496069384
21,[4.76719334],6.273355471427748,1.4893936331461717
22,[4.6597114],5.994138325656806,1.530063273029521
23,[1.03699769],8.387786643987061,3.134389389514477
24,[1.11678491],10.925852910315964,3.482600964746487
25,[4.98759182],9.31579436944289,0.4018094997831998
26,[2.46031652],6.647841197291673,1.7110705518153688
27,[1.12887437],2.453459022446353,1.8190306528351
28,[4.93858081],6.128915491861947,1.6607811072463354
29,[3.78295371],6.467289365403504,0.6533055832310981
30,[2.91291495],6.107698204419793,0.5212339223466649
31,[2.83013576],10.039217182692834,0.34837256487230217
32,[1.85921687],6.854563952465222,1.2704312545952723
33,[2.26481781],7.188432545564292,0.8392529714976873
34,[4.08634153],11.295956097686716,0.49944079516285544
35,[0.51003263],8.26233493822206,2.644045592861255
36,[4.58578232],7.140955372936217,0.26473017076582916
37,[0.21935594],8.685717389778151,2.9591523852321444
38,[2.87274299],1.8381240063192201,0.11015210203820747
39,[0.90249493],8.205702213850543,2.5316539430638842
40,[3.17850832],7.246800375142584,0.14887507421827628
41,[4.47071723],6.37755688652438,1.192917528743136
42,[3.2777997],6.356561524170187,0.8935873719291676
43,[1.27112435],10.802381358594456,3.328261525094603
44,[2.9828951],1.4980861516995647,0.11015210203820747
45,[4.59938588],10.605559822241934,1.3303989508666407
46,[3.87270538],6.347959612705138,0.7430572542414424
47,[1.45497272],2.3172473004526326,1.4957599562947492
48,[3.43414888],6.180379059399435,0.3045007538706179
49,[2.16660696],7.149939377017672,0.9874712590958503
50,[1.50799186],2.2748319884906083,1.4427408163422184
51,[1.78236061],4.514518464186644,1.4954390972352674
52,[1.27059724],2.9451662633169398,1.6021457504008585
53,[0.09038608],8.814687250926157,3.0881222463801477
54,[4.85792393],3.647737023460491,2.3962430970569475
55,[2.91857027],6.505360816462753,0.5155786112072733
56,[0.31118075],2.8840883319506387,3.0639053695130634
57,[3.12964812],6.336628248757283,0.14675302614930485
58,[3.02963325],9.682518739254636,1.5561490770089317
59,[1.38447727],7.433259760902176,1.893322429354328
60,[2.23216983],6.556201582260063,0.8974782918388238
61,[2.03304886],6.989655328210025,2.138338215463308
62,[4.68308437],3.0293539825112252,1.8103413751364843
63,[2.11204411],6.86854685279598,1.3221047674778732
64,[4.98289503],8.698451670764397,2.069980080077192
65,[3.26017415],13.792970027726284,1.2105430842746676
66,[2.46168083],1.9203364389761926,0.486224194159699
67,[4.17138708],6.128915491861947,0.8935873719291676
68,[3.72570928],2.263453907738552,0.8529662816706431
69,[1.05236537],13.916270990089263,3.0339761569302834
