,0,1,2
0,[17.72735076],9.973791999311594,13.64100922540603
1,[15.85932658],13.811363779216801,12.581526871338646
2,[19.26465905],16.745015403104663,15.986859343604102
3,[15.90111705],9.24329851883155,11.565055126624493
4,[17.94350025],15.765724360834207,14.913867002703013
5,[15.6038745],13.246843048270065,12.474226380525549
6,[17.77349375],9.63623105735328,13.900788375077333
7,[15.41013089],8.321607436542857,11.32378936042929
8,[19.96352587],17.35807540604228,15.877184343974264
9,[16.26359631],11.458494435266738,12.177254777262629
10,[17.66480007],13.330460641694676,14.749057457393082
11,[19.46069549],18.297392014832667,16.547780532939385
12,[16.21046813],12.16699509048593,13.294725518382148
13,[17.0881037],14.373032473106367,13.810303991534472
14,[4.33972742],2.8565902881031286,1.466984424394259
15,[1.43165121],9.138534103549365,2.3513025007787833
16,[0.68849832],2.805759865944549,2.2943967783712163
17,[0.25396801],17.220642736871834,3.6187373655565134
18,[4.64145436],7.539389582330054,1.7257117479924626
19,[3.89975071],5.994138325656806,0.7212423890784261
20,[3.47237254],2.2621856392953448,0.5996295496069384
21,[4.76719334],5.133926193008823,1.4893936331461717
22,[4.6597114],5.994138325656806,1.4812030738807551
23,[1.03699769],8.387786643987061,2.2408020175853096
24,[1.11678491],8.590290113896007,3.482600964746487
25,[4.98759182],7.140955372936216,0.6090071243696071
26,[2.46031652],6.647841197291673,1.7110705518153688
27,[1.12887437],2.453459022446353,1.8540207239984712
28,[4.93858081],5.582086596525885,1.5044319342131574
29,[3.78295371],6.49131450975719,0.7533204583006086
30,[2.91291495],5.897572284819846,0.5212339223466649
31,[2.83013576],10.039217182692834,0.34837256487230217
32,[1.85921687],6.854563952465222,1.2704312545952723
33,[2.26481781],7.246253782918504,0.8392529714976873
34,[4.08634153],11.295956097686716,0.49944079516285544
35,[0.51003263],8.26233493822206,2.619615493286872
36,[4.58578232],7.140955372936217,0.4143952491728138
37,[0.21935594],8.685717389778151,2.9591523852321444
38,[2.87274299],1.4697415773876839,0.11015210203820747
39,[0.90249493],8.205702213850543,2.5316539430638842
40,[3.17850832],7.246800375142584,0.2556405547218521
41,[4.47071723],6.37755688652438,1.2105430842746676
42,[3.2777997],6.356561524170187,0.8935873719291676
43,[1.27112435],8.4668185621745,3.328261525094603
44,[2.9828951],1.4697415773876839,0.11015210203820747
45,[4.59938588],9.054617687651506,1.3392117286324066
46,[3.87270538],6.347959612705138,0.7430572542414424
47,[1.45497272],2.3172473004526326,1.5279223718884243
48,[3.43414888],6.180379059399435,0.2556405547218521
49,[2.16660696],7.149939377017672,0.9630411595214672
50,[1.50799186],2.2748319884906083,1.4749032319358935
51,[1.78236061],1.097635442442582,1.4778135417037357
52,[1.27059724],2.9451662633169398,1.6222317302565914
53,[0.09038608],8.814687250926157,3.3437628011019997
54,[4.85792393],3.647737023460491,2.3962430970569475
55,[2.91857027],6.484317159326649,0.5155786112072733
56,[0.31118075],2.9440504648810735,3.1611917898040565
57,[3.12964812],6.336628248757283,0.14675302614930485
58,[3.02963325],7.188689214310605,1.0567082818460762
59,[1.38447727],1.3002645090890028,1.8756968738227964
60,[2.23216983],6.556201582260063,0.8974782918388238
61,[2.03304886],6.989655328210025,2.138338215463308
62,[4.68308437],3.0293539825112252,1.8103413751364843
63,[2.11204411],6.86854685279598,1.243930180961284
64,[4.98289503],6.508476042119734,2.069980080077192
65,[3.26017415],9.823513496532584,1.0608780058676839
66,[2.46168083],1.9203364389761926,0.5212142653230702
67,[4.17138708],5.820409101012687,0.7372381988959895
68,[3.72570928],2.263453907738552,0.8529662816706431
69,[1.05236537],11.264333039322002,2.8473853383809096
