,0,1,2
0,[0.41408838],0.49738629991598327,0.1656240630186815
1,[0.18776328],0.6150970878337796,0.3244198876466211
2,[0.47237949],0.4610894691597724,0.05355127078615313
3,[0.15268073],0.7421472040611949,0.35038819499333385
4,[0.921545],0.8252847129698487,0.5334062112070348
5,[0.14432031],0.6676989418176487,0.4164877740753957
6,[0.53040785],0.30398300537184264,0.08644431003289715
7,[0.94049158],0.8442312932598698,0.5523527914970561
8,[0.53375835],0.45984880874540196,0.14561955778861396
9,[0.97369807],0.8403647228122111,0.48654657715442556
10,[0.36612777],0.4571590534037478,0.19468031125741214
11,[0.03884997],0.7731692842130684,0.5219581164708155
12,[0.68376551],0.42624549416882457,0.239801967555826
13,[0.59921026],0.4671325099254049,0.112058766131582
14,[0.64609279],0.5498325027198596,0.25795400095704585
15,[0.37880797],0.44955093294049436,0.18200011048532305
16,[0.95245783],0.8191244801371352,0.4653063344793497
17,[0.94820239],0.751843117084771,0.5154901027281642
18,[0.8897745],0.7121398977456104,0.5109665300353938
19,[0.79418816],0.5366681434279282,0.3502246168149297
20,[0.26615106],0.4335410706826276,0.21193559724822947
21,[0.03261154],0.8622163849194541,0.4704573758515931
22,[0.2037482],0.6910797318581988,0.2993207227903377
23,[0.46151534],0.3968410711230058,0.021864766481009656
24,[0.12014857],0.7507171608283043,0.45956386610844413
25,[0.19225261],0.5074395264336687,0.2858340529992705
26,[0.48101384],0.2940089067392096,0.03705029783152264
27,[0.09079614],0.8040317894152501,0.412272780347389
28,[0.25783671],0.5450236571989573,0.2543464570117987
29,[0.26305569],0.43663644343415753,0.2150309699997593
30,[0.81511517],0.6374805687437809,0.43630720103356435
31,[0.23009071],0.6647372174210668,0.27297820835320574
32,[0.86226772],0.6846331163635723,0.4834597486533557
33,[0.00146484],0.8933630878382448,0.5016040787703839
34,[0.13389566],0.6781235856527723,0.42691241791051937
35,[0.92013599],0.7237767259136334,0.4874237115570263
36,[0.6370677],0.45943310013111704,0.2582597324209005
37,[0.40390922],0.4199296953383832,0.10827394984285532
38,[0.29695463],0.5059057414887117,0.2152285413015531
39,[0.81662403],0.6202647648172788,0.38391175046067166
40,[0.82682041],0.6934870625998786,0.33966891694209295
41,[0.01299067],0.8578750610281345,0.5667217663082743
42,[0.20497931],0.6070399390058083,0.3558287712635554
43,[0.47515948],0.292838035421522,0.028268762948865267
44,[0.84348366],0.5859636422383104,0.3995201156253119
45,[0.56080808],0.4100306998540713,0.18200011048532305
46,[0.87172343],0.7754631374072802,0.48358463564446635
47,[0.4127676],0.3074994824033663,0.0653190607803879
48,[0.85587115],0.6782365467048821,0.47706317899466555
49,[0.790513],0.6942527068571754,0.40237420509436167
50,[0.68950026],0.49314099079915935,0.2567879764425523
51,[0.17615518],0.6267051887575252,0.33602798857036664
52,[0.37493737],0.45187329215036637,0.18587070916844306
53,[0.98921099],0.8558776334978659,0.5020594878400806
54,[0.94986664],0.8536063475981687,0.561727845835355
55,[0.31651288],0.4863474927792743,0.19567029259211577
56,[0.37280789],0.3314753088153856,0.1052787714670868
57,[0.63983919],0.44347991771518586,0.2071269033585788
58,[0.61214137],0.4788080180915772,0.12498987243379162
59,[0.60239651],0.43498375891713403,0.22358854225709424
60,[0.12023657],0.7506291688904154,0.45947587417055513
61,[0.562851],0.40083687630464376,0.13013871632386492
62,[0.56021462],0.45394957248002205,0.053565296887099434
63,[0.06308653],0.7397738410510545,0.449096640863896
64,[0.19333282],0.5063593124715627,0.2847538390371645
65,[0.30389809],0.5909298376426281,0.1991708285747671
66,[0.21548753],0.6553782026666776,0.3642249079468173
67,[0.19780341],0.6730623237251361,0.3819090290052759
68,[0.64661549],0.3890954814425423,0.20265195482954373
69,[0.61559483],0.422029029764406,0.1828825422967147
