,0,1,2
0,[0.41408838],0.5005639644079525,0.1656240630186815
1,[0.18776328],0.5896721065201141,0.33285094326921016
2,[0.47237949],0.4078785400236324,0.106251719727112
3,[0.15268073],0.30285194739128024,0.3810776239941541
4,[0.921545],0.7050253731562519,0.6176469109940083
5,[0.14432031],0.5173701370674952,0.3722734783102456
6,[0.53040785],0.27355931707319386,0.06889250549567305
7,[0.94049158],0.7022118557882384,0.5743638114371946
8,[0.53375835],0.39479605042151517,0.22986025757558737
9,[0.97369807],0.8403647228122111,0.5121827303399612
10,[0.36612777],0.4286471519403018,0.15046601549226202
11,[0.03884997],0.6017464109838311,0.47774382070566535
12,[0.68376551],0.3033447607308846,0.2222501630186019
13,[0.59921026],0.4413822769626323,0.15165915606149738
14,[0.64609279],0.4666928233562303,0.27996502089718445
15,[0.37880797],0.4829509319919595,0.18200011048532305
16,[0.95245783],0.779404311151508,0.5078339027034842
17,[0.94820239],0.7980220318474337,0.510400524999078
18,[0.8897745],0.5640879064689457,0.5109665300353938
19,[0.79418816],0.39168288013816754,0.3326728122777056
20,[0.26615106],0.4784799800344014,0.2148627755424486
21,[0.03261154],0.753742143032075,0.47477454912928063
22,[0.2037482],0.73876449078414,0.3007107177738061
23,[0.46151534],0.3359314516650159,0.06889250549567305
24,[0.12014857],0.7357158068797627,0.45956386610844413
25,[0.19225261],0.6804559882727629,0.28876123129348963
26,[0.48101384],0.33111093940563663,0.03705029783152264
27,[0.09079614],0.32760578153290226,0.4429622093482093
28,[0.25783671],0.4490725439353668,0.21454277614909723
29,[0.26305569],0.4556994093555061,0.2150309699997593
30,[0.81511517],0.6588813079590103,0.43824250037512436
31,[0.23009071],0.5957588090333651,0.2772953816308933
32,[0.86226772],0.5420824813633154,0.4834597486533557
33,[0.00146484],0.3990708202712982,0.5322935077712042
34,[0.13389566],0.6631734333701751,0.4263189527954251
35,[0.92013599],0.6398118124708454,0.4586206504364111
36,[0.6370677],0.5164433330688792,0.2601950317624605
37,[0.40390922],0.35897390056150813,0.12649862773690346
38,[0.29695463],0.44453757372846636,0.23345321919560125
39,[0.81662403],0.7091053155391253,0.38391175046067166
40,[0.82682041],0.6304336151871064,0.4127320369106866
41,[0.01299067],0.919755787536066,0.5472239432267801
42,[0.20497931],0.6010745630529045,0.3406286548767802
43,[0.47515948],0.326957013260221,0.02760837345024003
44,[0.84348366],0.5587988076146556,0.3988597261266867
45,[0.56080808],0.4214986260961022,0.18200011048532305
46,[0.87172343],0.658110177587899,0.4102080825964164
47,[0.4127676],0.3676715180939791,0.06824623907460703
48,[0.85587115],0.6010514127567286,0.4417827735616241
49,[0.790513],0.5931418331478152,0.3289976520463117
50,[0.68950026],0.4262752040472499,0.2855910375631675
51,[0.17615518],0.6313256564030416,0.3576031657093057
52,[0.37493737],0.4651081133768146,0.17067059278166785
53,[0.98921099],0.9200836261293539,0.5751226078086742
54,[0.94986664],0.8601127777220148,0.5066327028093722
55,[0.31651288],0.4021316123996204,0.1558666117294143
56,[0.37280789],0.3678976505293681,0.1052787714670868
57,[0.63983919],0.3865463455800711,0.235929964479194
58,[0.61214137],0.4586903795804652,0.19805299240238528
59,[0.60239651],0.39827170336667156,0.18830813682405279
60,[0.12023657],0.6947217882352736,0.43997805108906096
61,[0.562851],0.41009011882403057,0.15894177744448013
62,[0.56021462],0.41018576003224166,0.11266350989850904
63,[0.06308653],0.689413509093934,0.45752769648648506
64,[0.19333282],0.6255639934899582,0.2818266607429454
65,[0.30389809],0.3028519473912802,0.22986025757558737
66,[0.21548753],0.7259577301238519,0.3447270848653231
67,[0.19780341],0.6730623237251361,0.36241120592378173
68,[0.64661549],0.4539955863449004,0.20265195482954373
69,[0.61559483],0.4522851796023103,0.2116856034173299
