,0,1,2
0,[0.41408838],0.3621219305851163,0.11799472190117655
1,[0.18776328],0.5488154409533859,0.34264456554066924
2,[0.47237949],0.3767347704660997,0.004042078385993297
3,[0.15268073],0.33125310822216714,0.37940237437170865
4,[0.921545],0.7267180929930745,0.5074566249420429
5,[0.14432031],0.5452035278480469,0.36139053520115794
6,[0.53040785],0.3280381896889344,0.06889250549567305
7,[0.94049158],0.7002684517034249,0.5277239842293145
8,[0.53375835],0.4061347723621448,0.15495037695666347
9,[0.97369807],0.7188732592035432,0.5596096971230192
10,[0.36612777],0.4038384156468166,0.19408684614231786
11,[0.03884997],0.5711760814746167,0.4421638714958904
12,[0.68376551],0.5705884050203773,0.2696771298016599
13,[0.59921026],0.2911569581849135,0.18512188610017566
14,[0.64609279],0.4921284512957896,0.23332519368930438
15,[0.37880797],0.2722190573822655,0.15159987771177252
16,[0.95245783],0.7691049076615097,0.5396902334451938
17,[0.94820239],0.4984666013061698,0.534114008390607
18,[0.8897745],0.6078578300030473,0.4763465141009776
19,[0.79418816],0.5350342489863502,0.3326728122777056
20,[0.26615106],0.35151828140598385,0.2642567877438231
21,[0.03261154],0.7934971911141633,0.4977963056075224
22,[0.2037482],0.6915612083352485,0.32665965254626705
23,[0.46151534],0.3481634326553568,0.06889250549567305
24,[0.12014857],0.5603263674396679,0.4102592753684937
25,[0.19225261],0.29614659445160346,0.28876123129348963
26,[0.48101384],0.3744021309916111,0.04321197668582755
27,[0.09079614],0.6252417386739296,0.43961171010331834
28,[0.25783671],0.44031202198110647,0.2759216341507378
29,[0.26305569],0.4753059640315672,0.24265515439466567
30,[0.81511517],0.4113510269669892,0.40168718509914814
31,[0.23009071],0.5162960414324962,0.3003171381091351
32,[0.86226772],0.4885672749959601,0.44950012221756475
33,[0.00146484],0.6455064258002722,0.5322935077712042
34,[0.13389566],0.6570722415149224,0.3998626843818598
35,[0.92013599],0.4778872722091321,0.4586206504364111
36,[0.6370677],0.47501289229350496,0.17555236020480103
37,[0.40390922],0.37960884933773437,0.12649862773690346
38,[0.29695463],0.4042558806990365,0.23345321919560125
39,[0.81662403],0.49265834549167076,0.40385643512036495
40,[0.82682041],0.6536780507956598,0.4140528159079371
41,[0.01299067],0.6914333925608649,0.5190924251907694
42,[0.20497931],0.5059818503275391,0.32542853849000486
43,[0.47515948],0.41131628342970367,0.0373576200973893
44,[0.84348366],0.5846668619221882,0.3819683110880878
45,[0.56080808],0.35335766934373003,0.09929273826922358
46,[0.87172343],0.5694489315757837,0.4339215659879454
47,[0.4127676],0.4219500291580355,0.11764025127598154
48,[0.85587115],0.6274921648020491,0.4417827735616241
49,[0.790513],0.6351003660068918,0.37642461882936973
50,[0.68950026],0.48431940238313886,0.2767326611022456
51,[0.17615518],0.39101528256362805,0.30485865426304026
52,[0.37493737],0.46395093342024724,0.15882097563978348
53,[0.98921099],0.6517994257317088,0.5276956410256162
54,[0.94986664],0.7741074383903029,0.535778259570363
55,[0.31651288],0.44038152320726487,0.18627078609125747
56,[0.37280789],0.2971949985773482,0.15759996196268045
57,[0.63983919],0.4313430505917455,0.23150077624873305
58,[0.61214137],0.3849639673822004,0.19805299240238528
59,[0.60239651],0.3209287112031488,0.18962891582130326
60,[0.12023657],0.602791552294544,0.41352178267549566
61,[0.562851],0.2737198776963016,0.14876262198630774
62,[0.56021462],0.3709958555503605,0.14612623993718732
63,[0.06308653],0.5093190229452479,0.4120729499681314
64,[0.19333282],0.44589972875906136,0.2876810173313836
65,[0.30389809],0.47687899636342373,0.2281850079531419
66,[0.21548753],0.6489162429488893,0.31659556682931234
67,[0.19780341],0.6640117350189995,0.33427968788777096
68,[0.64661549],0.5183651758291228,0.23252711707537765
69,[0.61559483],0.32069581626125837,0.20282722695640798
