,0,1,2
0,[0.41408838],0.3834485711651686,0.11799472190117655
1,[0.18776328],0.5488154409533859,0.34264456554066924
2,[0.47237949],0.3767347704660997,0.010864146738923441
3,[0.15268073],0.511776239125153,0.3810776239941541
4,[0.921545],0.7616726149986055,0.5125462026711292
5,[0.14432031],0.3981976178899783,0.3860875413018452
6,[0.53040785],0.33051568882703003,0.06889250549567305
7,[0.94049158],0.5539490051149206,0.5277239842293145
8,[0.53375835],0.37827585796330804,0.14239975196922894
9,[0.97369807],0.5876260803420212,0.5596096971230192
10,[0.36612777],0.2988886317598382,0.19408684614231786
11,[0.03884997],0.6355378145823731,0.4668608775965777
12,[0.68376551],0.5705884050203773,0.2696771298016599
13,[0.59921026],0.3443476256914769,0.18512188610017566
14,[0.64609279],0.4921284512957896,0.23775438191976533
15,[0.37880797],0.2904001681188194,0.15159987771177252
16,[0.95245783],0.7259749587187588,0.5396902334451938
17,[0.94820239],0.5509219816545764,0.534114008390607
18,[0.8897745],0.48821428232176867,0.47700690359960285
19,[0.79418816],0.5159840557416027,0.3326728122777056
20,[0.26615106],0.36983677930663433,0.2642567877438231
21,[0.03261154],0.6763904541060345,0.4977963056075224
22,[0.2037482],0.7158376026312326,0.32665965254626705
23,[0.46151534],0.3947531180029193,0.06889250549567305
24,[0.12014857],0.4623891981097673,0.4102592753684937
25,[0.19225261],0.3310846628639832,0.28876123129348963
26,[0.48101384],0.3744021309916111,0.019498493294298536
27,[0.09079614],0.6690024279886827,0.43961171010331834
28,[0.25783671],0.41399635152760794,0.2759216341507378
29,[0.26305569],0.45658473360180596,0.21795814829397842
30,[0.81511517],0.49999421684278245,0.4010267956005229
31,[0.23009071],0.45435098016299136,0.3003171381091351
32,[0.86226772],0.48856727499596014,0.4488397327189395
33,[0.00146484],0.48780105374179283,0.5322935077712042
34,[0.13389566],0.48691105380194577,0.3998626843818598
35,[0.92013599],0.4778872722091321,0.4586206504364111
36,[0.6370677],0.4404809369401853,0.17555236020480103
37,[0.40390922],0.35604644117612094,0.12649862773690346
38,[0.29695463],0.4432059174694561,0.23345321919560125
39,[0.81662403],0.4678701354454464,0.3794825622302107
40,[0.82682041],0.5966516686565418,0.41339242640931184
41,[0.01299067],0.5501166229483528,0.5190924251907694
42,[0.20497931],0.4534834287045834,0.32710378811245033
43,[0.47515948],0.39516940241600984,0.0373576200973893
44,[0.84348366],0.5846668619221883,0.3819683110880878
45,[0.56080808],0.330663601942642,0.09929273826922358
46,[0.87172343],0.4281164819527552,0.4339215659879454
47,[0.4127676],0.3636457456066876,0.09294324517529429
48,[0.85587115],0.5820003366140062,0.4417827735616241
49,[0.790513],0.5017801120569219,0.3527111354378407
50,[0.68950026],0.3651198942516493,0.2767326611022456
51,[0.17615518],0.42605091187625604,0.30193147596882114
52,[0.37493737],0.38009833211379235,0.15882097563978348
53,[0.98921099],0.6517994257317088,0.5514091244171452
54,[0.94986664],0.7741074383903029,0.535778259570363
55,[0.31651288],0.34276962775609227,0.18627078609125747
56,[0.37280789],0.2068541588672736,0.15759996196268045
57,[0.63983919],0.38313470884333023,0.2270715880182721
58,[0.61214137],0.3991245839821027,0.1987133819010105
59,[0.60239651],0.26936390323771253,0.18896852632267802
60,[0.12023657],0.4537760873941634,0.41352178267549566
61,[0.562851],0.24564833850065143,0.14876262198630774
62,[0.56021462],0.3709958555503605,0.14612623993718732
63,[0.06308653],0.394365263685979,0.4120729499681314
64,[0.19333282],0.4783778429386588,0.2876810173313836
65,[0.30389809],0.5444240497970192,0.2281850079531419
66,[0.21548753],0.5863010818304064,0.31492031720686686
67,[0.19780341],0.6365477040578611,0.33595493751021643
68,[0.64661549],0.4625907890569253,0.23252711707537765
69,[0.61559483],0.32069581626125837,0.20282722695640798
