,0,1,2
0,[0.41408838],0.34483088701200904,0.11631947227873107
1,[0.18776328],0.38867107374407184,0.34264456554066924
2,[0.47237949],0.38481957266475564,0.010864146738923441
3,[0.15268073],0.546293629462265,0.3810776239941541
4,[0.921545],0.7616726149986055,0.5125462026711292
5,[0.14432031],0.5452035278480469,0.36139053520115794
6,[0.53040785],0.35408107353930907,0.06889250549567305
7,[0.94049158],0.6310694387463127,0.5277239842293145
8,[0.53375835],0.37827585796330804,0.1298491269817944
9,[0.97369807],0.60040762971635,0.5596096971230192
10,[0.36612777],0.2988886317598382,0.19408684614231786
11,[0.03884997],0.6355378145823731,0.49155788369726494
12,[0.68376551],0.5705884050203773,0.2696771298016599
13,[0.59921026],0.37001109044784936,0.18512188610017566
14,[0.64609279],0.4921284512957896,0.2421835701502263
15,[0.37880797],0.29433211162267775,0.15159987771177252
16,[0.95245783],0.6538019060853351,0.5383694544479434
17,[0.94820239],0.30636503677065363,0.534114008390607
18,[0.8897745],0.5867637615239634,0.4756861246023524
19,[0.79418816],0.5729072970983866,0.3326728122777056
20,[0.26615106],0.4227215120217299,0.2642567877438231
21,[0.03261154],0.7155667871875282,0.4977963056075224
22,[0.2037482],0.5671929877108565,0.32665965254626705
23,[0.46151534],0.3947531180029193,0.06889250549567305
24,[0.12014857],0.5537514121953612,0.4102592753684937
25,[0.19225261],0.43037529468046765,0.28876123129348963
26,[0.48101384],0.3965354756198824,0.012676424941368392
27,[0.09079614],0.686924620163598,0.43961171010331834
28,[0.25783671],0.41399635152760794,0.2759216341507378
29,[0.26305569],0.42743926761430034,0.21795814829397842
30,[0.81511517],0.27632172648635195,0.4010267956005229
31,[0.23009071],0.433074383823148,0.3003171381091351
32,[0.86226772],0.352323373304208,0.40075237643725625
33,[0.00146484],0.7992792812827874,0.5322935077712042
34,[0.13389566],0.5873700910216441,0.3998626843818598
35,[0.92013599],0.6073498335886921,0.4586206504364111
36,[0.6370677],0.4249198438471842,0.22297932698785905
37,[0.40390922],0.3816145298198616,0.12649862773690346
38,[0.29695463],0.4496115713376231,0.23345321919560125
39,[0.81662403],0.5415766958580573,0.40385643512036495
40,[0.82682041],0.5966516686565418,0.41339242640931184
41,[0.01299067],0.6976400506183644,0.5190924251907694
42,[0.20497931],0.3876901447945693,0.32542853849000486
43,[0.47515948],0.43625163407315865,0.013644136705860288
44,[0.84348366],0.5846668619221883,0.3819683110880878
45,[0.56080808],0.32801719473688545,0.09929273826922358
46,[0.87172343],0.4281164819527551,0.4576350493794744
47,[0.4127676],0.2951637121038259,0.09294324517529429
48,[0.85587115],0.5480087241949837,0.4417827735616241
49,[0.790513],0.5833860848631254,0.3527111354378407
50,[0.68950026],0.3778342068704668,0.2767326611022456
51,[0.17615518],0.42605091187625604,0.30193147596882114
52,[0.37493737],0.33514983214382815,0.15882097563978348
53,[0.98921099],0.6517994257317087,0.5751226078086742
54,[0.94986664],0.6855978510267611,0.48835129278730494
55,[0.31651288],0.4328688802217413,0.18627078609125747
56,[0.37280789],0.2491912795507396,0.15759996196268045
57,[0.63983919],0.2629399015075741,0.23150077624873305
58,[0.61214137],0.3646730103078782,0.19805299240238528
59,[0.60239651],0.35692724589471475,0.18962891582130326
60,[0.12023657],0.4537760873941634,0.41352178267549566
61,[0.562851],0.23814757956464877,0.14876262198630774
62,[0.56021462],0.44971735715716016,0.14612623993718732
63,[0.06308653],0.394365263685979,0.4120729499681314
64,[0.19333282],0.4458997287590615,0.2876810173313836
65,[0.30389809],0.4986094720989451,0.22986025757558737
66,[0.21548753],0.49671030190094845,0.31492031720686686
67,[0.19780341],0.6071721720153945,0.33595493751021643
68,[0.64661549],0.44358164934486605,0.23252711707537765
69,[0.61559483],0.27671566945987414,0.20282722695640798
