,0,1,2
0,[0.41408838],0.3244359574633001,0.11631947227873107
1,[0.18776328],0.38357193599758943,0.34264456554066924
2,[0.47237949],0.28978147254385955,0.0027799899669368466
3,[0.15268073],0.5656952149344485,0.3810776239941541
4,[0.921545],0.7616726149986055,0.5087774039392934
5,[0.14432031],0.5831540698326124,0.3366935291004707
6,[0.53040785],0.31909439111809274,0.09260598888720206
7,[0.94049158],0.7373441228963342,0.5277239842293145
8,[0.53375835],0.3635143820076204,0.1298491269817944
9,[0.97369807],0.4817691812006015,0.5596096971230192
10,[0.36612777],0.45770379815790097,0.1791834623130898
11,[0.03884997],0.600467097052093,0.4421638714958904
12,[0.68376551],0.5885875807644958,0.2222501630186019
13,[0.59921026],0.3443476256914769,0.19021146382926185
14,[0.64609279],0.39294576333503956,0.23775438191976533
15,[0.37880797],0.37429635144322826,0.15159987771177252
16,[0.95245783],0.4774355165936985,0.5383694544479434
17,[0.94820239],0.6142127236390504,0.534114008390607
18,[0.8897745],0.4437452213222933,0.4756861246023524
19,[0.79418816],0.4935765296322823,0.3326728122777056
20,[0.26615106],0.35151828140598385,0.2642567877438231
21,[0.03261154],0.8234929083947021,0.4977963056075224
22,[0.2037482],0.5784754130738355,0.32833490216871253
23,[0.46151534],0.33406834235407834,0.06889250549567305
24,[0.12014857],0.6244009258649147,0.4102592753684937
25,[0.19225261],0.4602525294495223,0.28876123129348963
26,[0.48101384],0.3965354756198824,0.012676424941368392
27,[0.09079614],0.6016763539616508,0.43961171010331834
28,[0.25783671],0.477033699391459,0.2759216341507378
29,[0.26305569],0.5484207689231055,0.26735216049535293
30,[0.81511517],0.38485221300340955,0.4010267956005229
31,[0.23009071],0.56637552466834,0.3003171381091351
32,[0.86226772],0.352323373304208,0.4481793432203143
33,[0.00146484],0.7992792812827872,0.5322935077712042
34,[0.13389566],0.5109702663643152,0.3998626843818598
35,[0.92013599],0.5101767775765872,0.4586206504364111
36,[0.6370677],0.42022410240606334,0.22297932698785905
37,[0.40390922],0.3816145298198616,0.12649862773690346
38,[0.29695463],0.5651945364862458,0.23345321919560125
39,[0.81662403],0.5108417156672235,0.3794825622302107
40,[0.82682041],0.622655073316956,0.4127320369106866
41,[0.01299067],0.76891225322853,0.5174171755683239
42,[0.20497931],0.5449132611333753,0.32542853849000486
43,[0.47515948],0.3598994386851961,0.013644136705860288
44,[0.84348366],0.5846668619221883,0.3819683110880878
45,[0.56080808],0.38518481556147705,0.09929273826922358
46,[0.87172343],0.5722604134720134,0.4576350493794744
47,[0.4127676],0.2718506969473546,0.06824623907460703
48,[0.85587115],0.5827744563506302,0.4417827735616241
49,[0.790513],0.570734462527302,0.3289976520463117
50,[0.68950026],0.316433564329198,0.2767326611022456
51,[0.17615518],0.33779505660988746,0.299004297674602
52,[0.37493737],0.33514983214382815,0.157145726017338
53,[0.98921099],0.8386686148879056,0.5751226078086742
54,[0.94986664],0.7807004339130594,0.512064776178834
55,[0.31651288],0.44661086379102305,0.18627078609125747
56,[0.37280789],0.28736100211818266,0.10820594976130593
57,[0.63983919],0.3851845983499878,0.235929964479194
58,[0.61214137],0.3963269453853141,0.19805299240238528
59,[0.60239651],0.35692724589471486,0.1940581040517642
60,[0.12023657],0.674340729090402,0.4118465330530502
61,[0.562851],0.2167566612729092,0.14876262198630774
62,[0.56021462],0.3951768536366315,0.14612623993718732
63,[0.06308653],0.5246148147474744,0.4179273065565696
64,[0.19333282],0.5060302080012697,0.2876810173313836
65,[0.30389809],0.4732208191812731,0.2281850079531419
66,[0.21548753],0.6130354136396428,0.31492031720686686
67,[0.19780341],0.5843497634027264,0.33595493751021643
68,[0.64661549],0.45643057895904926,0.23252711707537765
69,[0.61559483],0.3156657062302936,0.20282722695640798
