,0,1,2
0,[0.41408838],0.3834485711651686,0.11631947227873107
1,[0.18776328],0.38357193599758943,0.34264456554066924
2,[0.47237949],0.30080135119513157,0.0027799899669368466
3,[0.15268073],0.5409217051126587,0.3810776239941541
4,[0.921545],0.7402234365710616,0.5087774039392934
5,[0.14432031],0.43614815987454386,0.36139053520115794
6,[0.53040785],0.3568765051597646,0.11631947227873107
7,[0.94049158],0.7534118539572077,0.5277239842293145
8,[0.53375835],0.3635143820076204,0.1298491269817944
9,[0.97369807],0.6752524589497445,0.5596096971230192
10,[0.36612777],0.3527540142709225,0.19408684614231786
11,[0.03884997],0.5499257375291944,0.4421638714958904
12,[0.68376551],0.5885875807644958,0.2459636464101309
13,[0.59921026],0.2818967872070183,0.19530104155834804
14,[0.64609279],0.38081540996638336,0.23332519368930438
15,[0.37880797],0.3948036875573403,0.15159987771177252
16,[0.95245783],0.6392664453628519,0.5390298439465686
17,[0.94820239],0.4757138239612523,0.5347743978892322
18,[0.8897745],0.5629685530593747,0.4756861246023524
19,[0.79418816],0.4935765296322823,0.3326728122777056
20,[0.26615106],0.45354890201838477,0.2642567877438231
21,[0.03261154],0.7916221802465034,0.4977963056075224
22,[0.2037482],0.5784754130738355,0.32665965254626705
23,[0.46151534],0.37458981152420456,0.06889250549567305
24,[0.12014857],0.5575465635426735,0.4102592753684937
25,[0.19225261],0.365963730575405,0.28876123129348963
26,[0.48101384],0.35264829233231676,0.012676424941368392
27,[0.09079614],0.6375876197887018,0.43961171010331834
28,[0.25783671],0.47508472827579257,0.2759216341507378
29,[0.26305569],0.4789267443738435,0.26735216049535293
30,[0.81511517],0.38485221300340955,0.3535998288174649
31,[0.23009071],0.6183497659475922,0.3003171381091351
32,[0.86226772],0.352323373304208,0.40075237643725625
33,[0.00146484],0.7992792812827872,0.5322935077712042
34,[0.13389566],0.4030812265993605,0.3998626843818598
35,[0.92013599],0.4701445726147144,0.4586206504364111
36,[0.6370677],0.42022410240606334,0.22297932698785905
37,[0.40390922],0.3816145298198616,0.12649862773690346
38,[0.29695463],0.4664608059963461,0.23345321919560125
39,[0.81662403],0.48331552610728534,0.40385643512036495
40,[0.82682041],0.5908190613418662,0.4127320369106866
41,[0.01299067],0.6145028127132719,0.5190924251907694
42,[0.20497931],0.602330326794898,0.32710378811245033
43,[0.47515948],0.4177048633181911,0.013644136705860288
44,[0.84348366],0.5625918690714062,0.40568179447961683
45,[0.56080808],0.3112397802664931,0.09929273826922358
46,[0.87172343],0.5068048524293328,0.4576350493794744
47,[0.4127676],0.2632737439414311,0.06824623907460703
48,[0.85587115],0.5827744563506302,0.4417827735616241
49,[0.790513],0.4224914817197728,0.3289976520463117
50,[0.68950026],0.28974894060918865,0.2767326611022456
51,[0.17615518],0.36720847383675914,0.299004297674602
52,[0.37493737],0.33514983214382815,0.15882097563978348
53,[0.98921099],0.7966005788343983,0.5751226078086742
54,[0.94986664],0.7807004339130594,0.48835129278730494
55,[0.31651288],0.3615687249578401,0.2138949704861639
56,[0.37280789],0.34270753433863177,0.1329029558619932
57,[0.63983919],0.27482733262841624,0.2270715880182721
58,[0.61214137],0.3963269453853141,0.1987133819010105
59,[0.60239651],0.34666958741193665,0.18962891582130326
60,[0.12023657],0.6868773950595203,0.4118465330530502
61,[0.562851],0.2554755201170874,0.14876262198630774
62,[0.56021462],0.3951768536366315,0.14678662943581255
63,[0.06308653],0.5331917677533979,0.4179273065565696
64,[0.19333282],0.4476224688270065,0.2876810173313836
65,[0.30389809],0.4732208191812731,0.22650975833069642
66,[0.21548753],0.6143147275713808,0.31659556682931234
67,[0.19780341],0.47837660663721504,0.33595493751021643
68,[0.64661549],0.4625907890569253,0.23252711707537765
69,[0.61559483],0.30425329755240355,0.20725641518686894
