,0,1,2
0,[0.41408838],0.3834485711651687,0.11631947227873107
1,[0.18776328],0.38357193599758943,0.34264456554066924
2,[0.47237949],0.27365097399518146,0.0027799899669368466
3,[0.15268073],0.5484708144669808,0.3810776239941541
4,[0.921545],0.7402234365710616,0.5087774039392934
5,[0.14432031],0.5831540698326124,0.3366935291004707
6,[0.53040785],0.3712973115344905,0.11631947227873107
7,[0.94049158],0.7534118539572077,0.5277239842293145
8,[0.53375835],0.3635143820076204,0.1298491269817944
9,[0.97369807],0.7037958941790353,0.5596096971230192
10,[0.36612777],0.3817670981219445,0.1791834623130898
11,[0.03884997],0.5813498279437752,0.4421638714958904
12,[0.68376551],0.5885875807644958,0.2696771298016599
13,[0.59921026],0.2818967872070183,0.19021146382926185
14,[0.64609279],0.3654177725594405,0.23266480419067914
15,[0.37880797],0.3384990159790345,0.15159987771177252
16,[0.95245783],0.6392664453628519,0.5383694544479434
17,[0.94820239],0.6335234549766426,0.5347743978892322
18,[0.8897745],0.7182214434102809,0.4756861246023524
19,[0.79418816],0.5729072970983866,0.3326728122777056
20,[0.26615106],0.5227288180286835,0.2642567877438231
21,[0.03261154],0.7916221802465034,0.47309929950683516
22,[0.2037482],0.5849397805195304,0.32665965254626705
23,[0.46151534],0.4082353714308214,0.06889250549567305
24,[0.12014857],0.5575465635426735,0.4102592753684937
25,[0.19225261],0.5083209236686153,0.28876123129348963
26,[0.48101384],0.362234751893713,0.019498493294298536
27,[0.09079614],0.6016763539616508,0.43961171010331834
28,[0.25783671],0.4155397668304337,0.2759216341507378
29,[0.26305569],0.5484207689231055,0.26735216049535293
30,[0.81511517],0.37118268289910905,0.3773133122089939
31,[0.23009071],0.5052331114050197,0.3003171381091351
32,[0.86226772],0.5263626798390424,0.40075237643725625
33,[0.00146484],0.79842819207132,0.5322935077712042
34,[0.13389566],0.5035402638190588,0.3998626843818598
35,[0.92013599],0.6193985009344731,0.4586206504364111
36,[0.6370677],0.43307707113763233,0.22297932698785905
37,[0.40390922],0.3365929433590423,0.12649862773690346
38,[0.29695463],0.44166375683774745,0.23345321919560125
39,[0.81662403],0.48331552610728534,0.4031960456217397
40,[0.82682041],0.5908190613418662,0.4127320369106866
41,[0.01299067],0.7401032026574546,0.5190924251907694
42,[0.20497931],0.4833479187342607,0.32542853849000486
43,[0.47515948],0.40612136822719813,0.013644136705860288
44,[0.84348366],0.5625918690714062,0.3819683110880878
45,[0.56080808],0.35293936311124785,0.12300622166075259
46,[0.87172343],0.5068048524293328,0.4576350493794744
47,[0.4127676],0.40453596824410215,0.06824623907460703
48,[0.85587115],0.5288208425460074,0.4417827735616241
49,[0.790513],0.6565495444344356,0.3289976520463117
50,[0.68950026],0.37888780962904967,0.2767326611022456
51,[0.17615518],0.4093815266505114,0.299004297674602
52,[0.37493737],0.4159211191679012,0.15882097563978348
53,[0.98921099],0.7966005788343982,0.5751226078086742
54,[0.94986664],0.6636094235748893,0.48835129278730494
55,[0.31651288],0.3272574635863163,0.2138949704861639
56,[0.37280789],0.432540636622644,0.10820594976130593
57,[0.63983919],0.2606106032990235,0.2270715880182721
58,[0.61214137],0.3963269453853141,0.19937377139963575
59,[0.60239651],0.32351913085522055,0.18962891582130326
60,[0.12023657],0.6331389301302636,0.41352178267549566
61,[0.562851],0.2554755201170874,0.14876262198630774
62,[0.56021462],0.32201339406532126,0.14678662943581255
63,[0.06308653],0.5393524814630424,0.4426243126572569
64,[0.19333282],0.4476224688270065,0.2876810173313836
65,[0.30389809],0.3096968212329195,0.22650975833069642
66,[0.21548753],0.5891251599396397,0.31492031720686686
67,[0.19780341],0.47837660663721504,0.33595493751021643
68,[0.64661549],0.28690752377711604,0.23252711707537765
69,[0.61559483],0.3410619030362733,0.20725641518686894
