,0,1,2
0,[0.41408838],0.4395751023421363,0.11631947227873107
1,[0.18776328],0.39200831537496245,0.34264456554066924
2,[0.47237949],0.2958386567875978,0.0027799899669368466
3,[0.15268073],0.5409217051126587,0.3810776239941541
4,[0.921545],0.7402234365710616,0.5087774039392934
5,[0.14432031],0.5139927544659464,0.3366935291004707
6,[0.53040785],0.2808057530716116,0.09260598888720206
7,[0.94049158],0.6982275271270602,0.5277239842293145
8,[0.53375835],0.3635143820076204,0.12099075052087249
9,[0.97369807],0.6019555158149285,0.5596096971230192
10,[0.36612777],0.3817670981219445,0.19408684614231786
11,[0.03884997],0.6004670970520931,0.4421638714958904
12,[0.68376551],0.5885875807644958,0.2459636464101309
13,[0.59921026],0.3276277011270316,0.19021146382926185
14,[0.64609279],0.42481560549265157,0.23332519368930438
15,[0.37880797],0.3384990159790345,0.15159987771177252
16,[0.95245783],0.5238546955119896,0.5383694544479434
17,[0.94820239],0.6300408321962131,0.5354347873878574
18,[0.8897745],0.7514473124517329,0.4756861246023524
19,[0.79418816],0.4935765296322823,0.3326728122777056
20,[0.26615106],0.4386170362180188,0.2642567877438231
21,[0.03261154],0.7916221802465034,0.4977963056075224
22,[0.2037482],0.6168105086677291,0.32665965254626705
23,[0.46151534],0.45128823256669215,0.06889250549567305
24,[0.12014857],0.6346168408235334,0.4102592753684937
25,[0.19225261],0.4649718853970654,0.28876123129348963
26,[0.48101384],0.373808406693544,0.014066419924836815
27,[0.09079614],0.6016763539616508,0.43961171010331834
28,[0.25783671],0.4743940371644381,0.2759216341507378
29,[0.26305569],0.5484207689231055,0.26735216049535293
30,[0.81511517],0.37118268289910905,0.4010267956005229
31,[0.23009071],0.42265511299087216,0.3003171381091351
32,[0.86226772],0.5263626798390424,0.4481793432203143
33,[0.00146484],0.8071096855539082,0.5322935077712042
34,[0.13389566],0.5035402638190588,0.3998626843818598
35,[0.92013599],0.5745384797374513,0.4586206504364111
36,[0.6370677],0.4299066159740622,0.22297932698785905
37,[0.40390922],0.3365929433590423,0.12649862773690346
38,[0.29695463],0.44166375683774745,0.23345321919560125
39,[0.81662403],0.48331552610728534,0.4025356561231145
40,[0.82682041],0.47810975169334896,0.41339242640931184
41,[0.01299067],0.8162455366719957,0.5174171755683239
42,[0.20497931],0.4833479187342607,0.32542853849000486
43,[0.47515948],0.37692692501600844,0.013644136705860288
44,[0.84348366],0.5625918690714062,0.3819683110880878
45,[0.56080808],0.42657706785762056,0.09929273826922358
46,[0.87172343],0.6264484001106113,0.4576350493794744
47,[0.4127676],0.42770260252596903,0.06824623907460703
48,[0.85587115],0.5827744563506302,0.4417827735616241
49,[0.790513],0.4653201516006149,0.37642461882936973
50,[0.68950026],0.4375598703816344,0.2767326611022456
51,[0.17615518],0.3943764315508977,0.299004297674602
52,[0.37493737],0.4159211191679012,0.15882097563978348
53,[0.98921099],0.7966005788343983,0.5751226078086742
54,[0.94986664],0.520172477470252,0.48835129278730494
55,[0.31651288],0.39585625696366167,0.2138949704861639
56,[0.37280789],0.3891164829060413,0.10820594976130593
57,[0.63983919],0.2606106032990235,0.2270715880182721
58,[0.61214137],0.3963269453853141,0.19937377139963575
59,[0.60239651],0.3566016086145104,0.18962891582130326
60,[0.12023657],0.534836349926705,0.41352178267549566
61,[0.562851],0.23627176091439578,0.14876262198630774
62,[0.56021462],0.32201339406532126,0.14678662943581255
63,[0.06308653],0.5331917677533979,0.4426243126572569
64,[0.19333282],0.534914248828733,0.2876810173313836
65,[0.30389809],0.30782181036525974,0.2281850079531419
66,[0.21548753],0.5891251599396397,0.31659556682931234
67,[0.19780341],0.5568857324415881,0.33595493751021643
68,[0.64661549],0.37541711114065796,0.23252711707537765
69,[0.61559483],0.3410619030362733,0.2116856034173299
