,0,1,2
0,[0.41408838],0.4395751023421363,0.11631947227873107
1,[0.18776328],0.3835719359975894,0.34264456554066924
2,[0.47237949],0.31646258241756337,0.0027799899669368466
3,[0.15268073],0.5409217051126587,0.3810776239941541
4,[0.921545],0.692440991936204,0.5087774039392934
5,[0.14432031],0.44819947055593234,0.3366935291004707
6,[0.53040785],0.35708753476367533,0.11631947227873107
7,[0.94049158],0.6982275271270602,0.5270635947306893
8,[0.53375835],0.3635143820076204,0.12541993875133345
9,[0.97369807],0.49616691410966585,0.5596096971230192
10,[0.36612777],0.3817670981219445,0.18085871193553527
11,[0.03884997],0.5968568820075174,0.4421638714958904
12,[0.68376551],0.5885875807644958,0.2459636464101309
13,[0.59921026],0.2770624403936886,0.19530104155834804
14,[0.64609279],0.41668518644935054,0.23266480419067914
15,[0.37880797],0.3384990159790345,0.15159987771177252
16,[0.95245783],0.48765378340127896,0.5383694544479434
17,[0.94820239],0.6514724122361791,0.5354347873878574
18,[0.8897745],0.739315511889365,0.4756861246023524
19,[0.79418816],0.5129699585448122,0.3326728122777056
20,[0.26615106],0.4386170362180188,0.2642567877438231
21,[0.03261154],0.8160629058494455,0.4977963056075224
22,[0.2037482],0.6168105086677291,0.32665965254626705
23,[0.46151534],0.4512882325666922,0.06889250549567305
24,[0.12014857],0.6346168408235334,0.4102592753684937
25,[0.19225261],0.4652536869415802,0.28876123129348963
26,[0.48101384],0.373808406693544,0.014066419924836815
27,[0.09079614],0.5893397550614785,0.43961171010331834
28,[0.25783671],0.5127523656117804,0.2759216341507378
29,[0.26305569],0.5484207689231055,0.26735216049535293
30,[0.81511517],0.37118268289910905,0.4010267956005229
31,[0.23009071],0.4941956377022171,0.3003171381091351
32,[0.86226772],0.45729856984295897,0.4488397327189395
33,[0.00146484],0.8435543190088041,0.5322935077712042
34,[0.13389566],0.5128798243818189,0.3998626843818598
35,[0.92013599],0.5315456423395826,0.4586206504364111
36,[0.6370677],0.4299066159740622,0.22297932698785905
37,[0.40390922],0.29386337231068244,0.12649862773690346
38,[0.29695463],0.5259907771982416,0.23345321919560125
39,[0.81662403],0.44398498520693847,0.4025356561231145
40,[0.82682041],0.47810975169334896,0.4127320369106866
41,[0.01299067],0.7531748336039055,0.49272016946763664
42,[0.20497931],0.5904131488371713,0.32542853849000486
43,[0.47515948],0.4316310250448267,0.008212063336398567
44,[0.84348366],0.5625918690714062,0.3819683110880878
45,[0.56080808],0.3076816325785737,0.12300622166075259
46,[0.87172343],0.7089731073601276,0.4576350493794744
47,[0.4127676],0.4016793775990882,0.06824623907460703
48,[0.85587115],0.6551637961853165,0.4417827735616241
49,[0.790513],0.4664340588021972,0.37642461882936973
50,[0.68950026],0.4375598703816344,0.2767326611022456
51,[0.17615518],0.4056941381390464,0.299004297674602
52,[0.37493737],0.4159211191679012,0.15882097563978348
53,[0.98921099],0.786387084393799,0.5751226078086742
54,[0.94986664],0.520172477470252,0.48835129278730494
55,[0.31651288],0.45951740091119103,0.2138949704861639
56,[0.37280789],0.2794067609248182,0.10820594976130593
57,[0.63983919],0.28636052230992454,0.2270715880182721
58,[0.61214137],0.3963269453853141,0.1987133819010105
59,[0.60239651],0.3566016086145104,0.1940581040517642
60,[0.12023657],0.5410189158278851,0.41352178267549566
61,[0.562851],0.2562739870331544,0.14876262198630774
62,[0.56021462],0.32201339406532126,0.1474470189344378
63,[0.06308653],0.47784523553294883,0.4179273065565696
64,[0.19333282],0.5060302080012699,0.2876810173313836
65,[0.30389809],0.42203354336594057,0.2281850079531419
66,[0.21548753],0.5891251599396397,0.31659556682931234
67,[0.19780341],0.5568857324415881,0.33595493751021643
68,[0.64661549],0.41697476858346255,0.23252711707537765
69,[0.61559483],0.3410619030362733,0.20282722695640798
