,0,1,2
0,[0.41408838],0.4354763485473871,0.1656240630186815
1,[0.18776328],0.4030355065017007,0.29325055333929473
2,[0.47237949],0.3795352057685408,0.058291113521981464
3,[0.15268073],0.4803811279109775,0.3810776239941541
4,[0.921545],0.8347274897456385,0.57581987610384
5,[0.14432031],0.23170180552091915,0.3722734783102456
6,[0.53040785],0.2502962740615063,0.0932663783858273
7,[0.94049158],0.5873563711560784,0.549132985677671
8,[0.53375835],0.39992717236437275,0.14239975196922894
9,[0.97369807],0.6447855453252276,0.5358962137314902
10,[0.36612777],0.36851667269809335,0.19468031125741214
11,[0.03884997],0.3119082219032055,0.47774382070566535
12,[0.68376551],0.21044247516230116,0.24662403590875615
13,[0.59921026],0.37601671918288393,0.18512188610017566
14,[0.64609279],0.4223125277652988,0.18457744790899588
15,[0.37880797],0.37503835358794263,0.153275127334218
16,[0.95245783],0.646523716459118,0.4841204193119552
17,[0.94820239],0.6930545054417867,0.534114008390607
18,[0.8897745],0.5308620374274937,0.49398671681749834
19,[0.79418816],0.20582880284864835,0.3326728122777056
20,[0.26615106],0.48906690467978003,0.2148627755424486
21,[0.03261154],0.7513859228942779,0.5011468048524134
22,[0.2037482],0.5357055863236345,0.3007107177738061
23,[0.46151534],0.2588611743841561,0.06889250549567305
24,[0.12014857],0.6382325190550187,0.44006604302694996
25,[0.19225261],0.314436304322834,0.28876123129348963
26,[0.48101384],0.3101224927111306,0.012676424941368392
27,[0.09079614],0.4600926711471133,0.4136627753308574
28,[0.25783671],0.3404853389535701,0.24355695552747203
29,[0.26305569],0.4773405993077673,0.21795814829397842
30,[0.81511517],0.5567257580861561,0.44017779971668436
31,[0.23009071],0.36256123394931017,0.2772953816308933
32,[0.86226772],0.5088566123218634,0.46647993543546024
33,[0.00146484],0.7213579147904601,0.5322935077712042
34,[0.13389566],0.5854110362458746,0.4263189527954251
35,[0.92013599],0.5162052178215559,0.4586206504364111
36,[0.6370677],0.4248655847393884,0.24061952970437978
37,[0.40390922],0.32492675228992834,0.12649862773690346
38,[0.29695463],0.4065756495704786,0.23345321919560125
39,[0.81662403],0.594539932819665,0.40385643512036495
40,[0.82682041],0.47289902237029785,0.3653050701276286
41,[0.01299067],0.6794575181101414,0.5339958090199975
42,[0.20497931],0.49824686875268737,0.3558287712635554
43,[0.47515948],0.3578386895281686,0.06107110348891831
44,[0.84348366],0.5441619584475086,0.3751462427351577
45,[0.56080808],0.38827275705465025,0.16502029726742756
46,[0.87172343],0.2548954868426627,0.4102080825964164
47,[0.4127676],0.28704644356569065,0.09294324517529429
48,[0.85587115],0.46558116802682303,0.4594229762781448
49,[0.790513],0.5868076540165663,0.35337152493646595
50,[0.68950026],0.3948968879442322,0.2855910375631675
51,[0.17615518],0.5965064939614113,0.3283037316919538
52,[0.37493737],0.39973169492931687,0.15547047639489253
53,[0.98921099],0.7683186726022442,0.5751226078086742
54,[0.94986664],0.680976190744381,0.4829192194178432
55,[0.31651288],0.31942209703433566,0.15725660671288272
56,[0.37280789],0.2139936295462636,0.10820594976130593
57,[0.63983919],0.24109722285776208,0.23150077624873305
58,[0.61214137],0.3760093636307021,0.15062602561932725
59,[0.60239651],0.35048925873181397,0.19339771455313898
60,[0.12023657],0.5899323331115494,0.43997805108906096
61,[0.562851],0.29455196975688425,0.10133565520324972
62,[0.56021462],0.367743003340981,0.14612623993718732
63,[0.06308653],0.47792036333877014,0.45752769648648506
64,[0.19333282],0.4885775936447526,0.2876810173313836
65,[0.30389809],0.39992717236437275,0.2281850079531419
66,[0.21548753],0.4629495491518988,0.34502381742287025
67,[0.19780341],0.6107269287412246,0.33427968788777096
68,[0.64661549],0.35797750900241654,0.20338156031438692
69,[0.61559483],0.2360742275546403,0.20725641518686894
