,0,1,2
0,[0.41408838],0.3957640828214143,0.11631947227873107
1,[0.18776328],0.35214784558300843,0.34264456554066924
2,[0.47237949],0.30709765849229453,0.0027799899669368466
3,[0.15268073],0.38077036266887954,0.3810776239941541
4,[0.921545],0.6430997155366761,0.5087774039392934
5,[0.14432031],0.5831540698326124,0.3366935291004707
6,[0.53040785],0.34346246375656475,0.06889250549567305
7,[0.94049158],0.7292137038530332,0.5264032052320641
8,[0.53375835],0.38755025529356174,0.12033036102224726
9,[0.97369807],0.6559582272949416,0.5596096971230192
10,[0.36612777],0.39008478447629874,0.1642800784838616
11,[0.03884997],0.5968568820075174,0.4421638714958904
12,[0.68376551],0.5156764973888324,0.2696771298016599
13,[0.59921026],0.31680999759894757,0.19021146382926185
14,[0.64609279],0.4320828238562934,0.23332519368930438
15,[0.37880797],0.3254273850325836,0.15159987771177252
16,[0.95245783],0.47212281598064526,0.5383694544479434
17,[0.94820239],0.6300408321962131,0.5354347873878574
18,[0.8897745],0.6346359820989671,0.45197264121082337
19,[0.79418816],0.4742883502399466,0.3326728122777056
20,[0.26615106],0.44402698292375076,0.2642567877438231
21,[0.03261154],0.7456811974910857,0.4977963056075224
22,[0.2037482],0.4424426535560121,0.32665965254626705
23,[0.46151534],0.4804336985541978,0.06889250549567305
24,[0.12014857],0.6699416821575501,0.4102592753684937
25,[0.19225261],0.526852611904997,0.33815524349486414
26,[0.48101384],0.37716661769407894,0.019498493294298536
27,[0.09079614],0.46103826875521936,0.43961171010331834
28,[0.25783671],0.4104153412731881,0.2759216341507378
29,[0.26305569],0.5484207689231057,0.26735216049535293
30,[0.81511517],0.37118268289910905,0.4010267956005229
31,[0.23009071],0.545989061128324,0.3003171381091351
32,[0.86226772],0.5263626798390424,0.4488397327189395
33,[0.00146484],0.6592701678343407,0.5306182581487587
34,[0.13389566],0.5139708782552541,0.39651218513696884
35,[0.92013599],0.6158616767227814,0.4586206504364111
36,[0.6370677],0.4001239523427431,0.22297932698785905
37,[0.40390922],0.2211267639001285,0.12649862773690346
38,[0.29695463],0.40090909211112874,0.23345321919560125
39,[0.81662403],0.48742158396503266,0.4025356561231145
40,[0.82682041],0.49945924949889087,0.4127320369106866
41,[0.01299067],0.7531748336039055,0.4680231633669494
42,[0.20497931],0.4013154814834259,0.32710378811245033
43,[0.47515948],0.40612136822719813,0.013644136705860288
44,[0.84348366],0.5625918690714062,0.42939527787114584
45,[0.56080808],0.3555242187660051,0.12300622166075259
46,[0.87172343],0.5731825794680244,0.4576350493794744
47,[0.4127676],0.44713959678977655,0.06824623907460703
48,[0.85587115],0.48422497714843554,0.4417827735616241
49,[0.790513],0.40421128506476595,0.37642461882936973
50,[0.68950026],0.36401754992191515,0.2767326611022456
51,[0.17615518],0.5373920007707793,0.30193147596882114
52,[0.37493737],0.348548517870144,0.15882097563978348
53,[0.98921099],0.786387084393799,0.5514091244171452
54,[0.94986664],0.4006233930007005,0.48835129278730494
55,[0.31651288],0.2989273114449361,0.2138949704861639
56,[0.37280789],0.37542242911001056,0.10820594976130593
57,[0.63983919],0.29508415672252697,0.2270715880182721
58,[0.61214137],0.3963269453853141,0.19805299240238528
59,[0.60239651],0.30202799113673134,0.18962891582130326
60,[0.12023657],0.48728045089862837,0.41352178267549566
61,[0.562851],0.26237358037973363,0.14876262198630774
62,[0.56021462],0.38219694809476024,0.1474470189344378
63,[0.06308653],0.3592812612291043,0.4426243126572569
64,[0.19333282],0.5060302080012699,0.2876810173313836
65,[0.30389809],0.3465054267167893,0.22650975833069642
66,[0.21548753],0.5683737448159631,0.3182708164517578
67,[0.19780341],0.3673076689596377,0.33595493751021643
68,[0.64661549],0.43595058583549645,0.23252711707537765
69,[0.61559483],0.3489875518185458,0.20282722695640798
