,0,1,2
0,[0.41408838],0.333989597342781,0.11631947227873107
1,[0.18776328],0.2685889383606333,0.34264456554066924
2,[0.47237949],0.3297113889510004,0.0027799899669368466
3,[0.15268073],0.4670758590305857,0.3810776239941541
4,[0.921545],0.7173683248494027,0.5087774039392934
5,[0.14432031],0.5831540698326124,0.3366935291004707
6,[0.53040785],0.34316949891709114,0.06889250549567305
7,[0.94049158],0.7292137038530332,0.5264032052320641
8,[0.53375835],0.38755025529356174,0.12099075052087249
9,[0.97369807],0.6367192178893749,0.5596096971230192
10,[0.36612777],0.290570945405484,0.1642800784838616
11,[0.03884997],0.5968568820075174,0.4421638714958904
12,[0.68376551],0.5343396134505889,0.2696771298016599
13,[0.59921026],0.31680999759894757,0.19530104155834804
14,[0.64609279],0.4320828238562934,0.23332519368930438
15,[0.37880797],0.3358127355256232,0.15159987771177252
16,[0.95245783],0.6380664285126704,0.5383694544479434
17,[0.94820239],0.6300408321962131,0.5354347873878574
18,[0.8897745],0.7145913669574354,0.45197264121082337
19,[0.79418816],0.5335332117814796,0.35638629566923463
20,[0.26615106],0.43803282297677404,0.2642567877438231
21,[0.03261154],0.7989014234448264,0.4977963056075224
22,[0.2037482],0.4100536864322974,0.32665965254626705
23,[0.46151534],0.34868464065641835,0.06889250549567305
24,[0.12014857],0.6699416821575501,0.4102592753684937
25,[0.19225261],0.3842136172672719,0.33815524349486414
26,[0.48101384],0.3995083705552144,0.019498493294298536
27,[0.09079614],0.5023191432625234,0.43961171010331834
28,[0.25783671],0.4810648549427416,0.2759216341507378
29,[0.26305569],0.5484207689231055,0.26735216049535293
30,[0.81511517],0.37118268289910905,0.4010267956005229
31,[0.23009071],0.4764950365790619,0.3003171381091351
32,[0.86226772],0.5263626798390425,0.44950012221756475
33,[0.00146484],0.5254331885913371,0.5306182581487587
34,[0.13389566],0.45598436479098214,0.39651218513696884
35,[0.92013599],0.6158616767227814,0.4586206504364111
36,[0.6370677],0.40762125933547944,0.22297932698785905
37,[0.40390922],0.22707289237030728,0.12649862773690346
38,[0.29695463],0.3392474472845559,0.23345321919560125
39,[0.81662403],0.48742158396503266,0.4025356561231145
40,[0.82682041],0.49945924949889087,0.4127320369106866
41,[0.01299067],0.58690390482526,0.4680231633669494
42,[0.20497931],0.4013154814834259,0.3287790377348958
43,[0.47515948],0.40612136822719813,0.013644136705860288
44,[0.84348366],0.5625918690714062,0.42939527787114584
45,[0.56080808],0.32539617102140406,0.1467197050522816
46,[0.87172343],0.5731825794680244,0.4576350493794744
47,[0.4127676],0.4479051498708439,0.06824623907460703
48,[0.85587115],0.5288208425460074,0.4417827735616241
49,[0.790513],0.4343473764094152,0.37642461882936973
50,[0.68950026],0.4106164942831107,0.2767326611022456
51,[0.17615518],0.33039461246884355,0.30485865426304026
52,[0.37493737],0.348548517870144,0.15882097563978348
53,[0.98921099],0.746695153393863,0.5276956410256162
54,[0.94986664],0.6202032892820399,0.48835129278730494
55,[0.31651288],0.280914636748474,0.2138949704861639
56,[0.37280789],0.37542242911001056,0.10820594976130593
57,[0.63983919],0.19263441673767354,0.2270715880182721
58,[0.61214137],0.39513798824150237,0.19805299240238528
59,[0.60239651],0.32923540306178606,0.18830813682405279
60,[0.12023657],0.48728045089862837,0.41352178267549566
61,[0.562851],0.2236547215355555,0.14876262198630774
62,[0.56021462],0.4003627161546824,0.1474470189344378
63,[0.06308653],0.3943662333168746,0.4179273065565696
64,[0.19333282],0.5060302080012699,0.2876810173313836
65,[0.30389809],0.3446304158491295,0.2281850079531419
66,[0.21548753],0.6150497596176595,0.3182708164517578
67,[0.19780341],0.42918839546756915,0.33595493751021643
68,[0.64661549],0.36116705935123977,0.23252711707537765
69,[0.61559483],0.27164838858414747,0.20282722695640798
