,0,1,2
0,[0.41408838],0.45850954404324007,0.13289810573040473
1,[0.18776328],0.40913050387161637,0.33285094326921016
2,[0.47237949],0.3712564410049464,0.010864146738923441
3,[0.15268073],0.525187301964553,0.37940237437170865
4,[0.921545],0.7697132867276235,0.57581987610384
5,[0.14432031],0.49755751299381357,0.33083917251203243
6,[0.53040785],0.3092062309624278,0.06889250549567305
7,[0.94049158],0.8476790660791698,0.5616836106651055
8,[0.53375835],0.39992717236437275,0.14239975196922894
9,[0.97369807],0.6447855453252276,0.5596096971230192
10,[0.36612777],0.45098890480143733,0.194383578699865
11,[0.03884997],0.5530961926927644,0.5213646513557212
12,[0.68376551],0.3895736595186873,0.27033751930028516
13,[0.59921026],0.3082169088412092,0.13769491931711764
14,[0.64609279],0.3802002788157209,0.18457744790899588
15,[0.37880797],0.3381578710416281,0.15159987771177252
16,[0.95245783],0.6956689466255591,0.49094248766488535
17,[0.94820239],0.7872043283193496,0.534114008390607
18,[0.8897745],0.5308620374274937,0.47700690359960285
19,[0.79418816],0.4221883389344069,0.3326728122777056
20,[0.26615106],0.5136583896296557,0.2148627755424486
21,[0.03261154],0.8702132297297049,0.5143749390591961
22,[0.2037482],0.6803382114252908,0.2714112837564543
23,[0.46151534],0.34020501020442123,0.06889250549567305
24,[0.12014857],0.6982843753582061,0.41360977461338466
25,[0.19225261],0.4395397263780785,0.28876123129348963
26,[0.48101384],0.3357726587377988,0.005854356588438248
27,[0.09079614],0.45152163554026803,0.4119875257084119
28,[0.25783671],0.44516089419347926,0.24355695552747203
29,[0.26305569],0.5117153213632429,0.21795814829397842
30,[0.81511517],0.6233596806941211,0.40677676282823433
31,[0.23009071],0.6030594227204873,0.25092312590776056
32,[0.86226772],0.5088566123218634,0.44950012221756475
33,[0.00146484],0.8644790470107818,0.5322935077712042
34,[0.13389566],0.5141903793879659,0.3998626843818598
35,[0.92013599],0.6416948917753974,0.4586206504364111
36,[0.6370677],0.5163766636639439,0.2582597324209005
37,[0.40390922],0.3369334129618241,0.12649862773690346
38,[0.29695463],0.37332186710763504,0.23345321919560125
39,[0.81662403],0.6941645800683462,0.35510868934005646
40,[0.82682041],0.5086460312484397,0.3890185535191576
41,[0.01299067],0.8961904028237871,0.5207676748132148
42,[0.20497931],0.49068082372890504,0.3406286548767802
43,[0.47515948],0.4323091814188317,0.061731492987543546
44,[0.84348366],0.5429910871298208,0.36832417438222753
45,[0.56080808],0.38827275705465025,0.18200011048532305
46,[0.87172343],0.7219126189275669,0.4339215659879454
47,[0.4127676],0.41237430896663374,0.11764025127598154
48,[0.85587115],0.5834623360495521,0.47706317899466555
49,[0.790513],0.6286115342706236,0.3777453978266202
50,[0.68950026],0.46306142614844037,0.2855910375631675
51,[0.17615518],0.5764449810875851,0.32662848206950834
52,[0.37493737],0.37371839232170895,0.1278462919999861
53,[0.98921099],0.7603573678599318,0.5459770510476835
54,[0.94986664],0.817617014156031,0.48835129278730494
55,[0.31651288],0.41614629852658486,0.15864660169635114
56,[0.37280789],0.26133528781755,0.1329029558619932
57,[0.63983919],0.381883789475835,0.235929964479194
58,[0.61214137],0.31584651672543196,0.15062602561932725
59,[0.60239651],0.36880036839059377,0.19848729228222517
60,[0.12023657],0.5904596095213733,0.42674991688227837
61,[0.562851],0.38864094039648667,0.14876262198630774
62,[0.56021462],0.465464488761579,0.16570174199526805
63,[0.06308653],0.6385851366752027,0.44429956227970235
64,[0.19333282],0.6480181961092897,0.2876810173313836
65,[0.30389809],0.5361261270733506,0.22986025757558737
66,[0.21548753],0.6216298984793887,0.3453205499804174
67,[0.19780341],0.6861408518224823,0.33595493751021643
68,[0.64661549],0.39698207475199865,0.1742360035533962
69,[0.61559483],0.3730727947144049,0.20725641518686894
