,0,1,2
0,[0.41408838],0.4636086817897224,0.11966997152362202
1,[0.18776328],0.40913050387161637,0.34264456554066924
2,[0.47237949],0.3705135033379543,0.023582106008913084
3,[0.15268073],0.5728978478741814,0.3810776239941541
4,[0.921545],0.6147654778109752,0.5466076290582044
5,[0.14432031],0.2801609471815224,0.3736634732937141
6,[0.53040785],0.30354921085814646,0.06889250549567305
7,[0.94049158],0.6329313369475681,0.549132985677671
8,[0.53375835],0.38755025529356174,0.1298491269817944
9,[0.97369807],0.576522429905079,0.5596096971230192
10,[0.36612777],0.316883345190966,0.19408684614231786
11,[0.03884997],0.34979905768446196,0.48176426142580586
12,[0.68376551],0.49190538119724786,0.2696771298016599
13,[0.59921026],0.3218346030782328,0.16140840270864665
14,[0.64609279],0.3824590944912092,0.18457744790899588
15,[0.37880797],0.3236260371602714,0.12690287161108527
16,[0.95245783],0.5372668213475246,0.5146559710564144
17,[0.94820239],0.6656463941987558,0.534114008390607
18,[0.8897745],0.3946181357357416,0.47700690359960285
19,[0.79418816],0.4853035277011225,0.3272407389082439
20,[0.26615106],0.5018688315746428,0.23955978164313585
21,[0.03261154],0.6283847695684106,0.5011468048524134
22,[0.2037482],0.5877237980885944,0.3007107177738061
23,[0.46151534],0.3765017197303081,0.06889250549567305
24,[0.12014857],0.5323661717119643,0.41360977461338466
25,[0.19225261],0.24203728297344718,0.28876123129348963
26,[0.48101384],0.27270954550454796,0.012676424941368392
27,[0.09079614],0.3720752491144209,0.3843633413135056
28,[0.25783671],0.3807670605357475,0.27257113490584683
29,[0.26305569],0.4451807589077018,0.21795814829397842
30,[0.81511517],0.45807348231644146,0.4112059510586953
31,[0.23009071],0.6193308462651637,0.2772953816308933
32,[0.86226772],0.4346912023887281,0.4488397327189395
33,[0.00146484],0.7349834915852617,0.5322935077712042
34,[0.13389566],0.4884606256848653,0.3981874347594143
35,[0.92013599],0.6989211739922621,0.4586206504364111
36,[0.6370677],0.4815575012223136,0.2601950317624605
37,[0.40390922],0.4238285840467329,0.12649862773690346
38,[0.29695463],0.36770858887340746,0.23345321919560125
39,[0.81662403],0.7091053155391253,0.35510868934005646
40,[0.82682041],0.4931326622153838,0.4127320369106866
41,[0.01299067],0.7548560348236972,0.5207676748132148
42,[0.20497931],0.3713549424049556,0.3558287712635554
43,[0.47515948],0.4355170148050872,0.06107110348891831
44,[0.84348366],0.4486583228193556,0.3751462427351577
45,[0.56080808],0.32232584407634357,0.16502029726742756
46,[0.87172343],0.6905710945471126,0.4576350493794744
47,[0.4127676],0.33988034540787593,0.09294324517529429
48,[0.85587115],0.33775398887380953,0.46008336577677006
49,[0.790513],0.6286115342706236,0.35337152493646595
50,[0.68950026],0.4301868537891373,0.2855910375631675
51,[0.17615518],0.2135899241807076,0.299004297674602
52,[0.37493737],0.3344921393473614,0.10607646419351802
53,[0.98921099],0.8493888017615978,0.5276956410256162
54,[0.94986664],0.4941493410086425,0.48835129278730494
55,[0.31651288],0.436392139280149,0.15864660169635114
56,[0.37280789],0.3797716206192744,0.15759996196268045
57,[0.63983919],0.3732773906137731,0.23150077624873305
58,[0.61214137],0.23356086700868364,0.15062602561932725
59,[0.60239651],0.3755620286676141,0.1940581040517642
60,[0.12023657],0.5830265341237821,0.41352178267549566
61,[0.562851],0.37423773240933855,0.14876262198630774
62,[0.56021462],0.465464488761579,0.14612623993718732
63,[0.06308653],0.4115225413117341,0.4179273065565696
64,[0.19333282],0.25191735469688464,0.2876810173313836
65,[0.30389809],0.4338156808614747,0.22986025757558737
66,[0.21548753],0.6017775973247922,0.3447270848653231
67,[0.19780341],0.32217795933342774,0.34918307171699914
68,[0.64661549],0.3863731129845349,0.20338156031438692
69,[0.61559483],0.4064809097538992,0.20282722695640798
