,0,1,2
0,[0.41408838],0.3325357381031663,0.11799472190117655
1,[0.18776328],0.5240419311315959,0.34264456554066924
2,[0.47237949],0.4125124329795291,0.010864146738923441
3,[0.15268073],0.5515887485461674,0.37940237437170865
4,[0.921545],0.5212751783442103,0.5270321270001237
5,[0.14432031],0.2829511157357647,0.3630657848236034
6,[0.53040785],0.20034381647796068,0.06889250549567305
7,[0.94049158],0.6697356721107376,0.5277239842293145
8,[0.53375835],0.3972941358088838,0.14239975196922894
9,[0.97369807],0.5631381465864649,0.5596096971230192
10,[0.36612777],0.316883345190966,0.194383578699865
11,[0.03884997],0.47322740552126585,0.4421638714958904
12,[0.68376551],0.45221345019731185,0.2222501630186019
13,[0.59921026],0.3311891631467862,0.16140840270864665
14,[0.64609279],0.5045053683666006,0.2082909313005249
15,[0.37880797],0.3379754408156551,0.12690287161108527
16,[0.95245783],0.6443006973435403,0.5383694544479434
17,[0.94820239],0.5649452056816294,0.534114008390607
18,[0.8897745],0.4302276294582744,0.45197264121082337
19,[0.79418816],0.31408731715638405,0.3326728122777056
20,[0.26615106],0.5082229316425809,0.2642567877438231
21,[0.03261154],0.7685289885132254,0.5011468048524134
22,[0.2037482],0.6135610639935487,0.3007107177738061
23,[0.46151534],0.36324128626292973,0.06889250549567305
24,[0.12014857],0.6764895400428467,0.4119345249909392
25,[0.19225261],0.5655649182345478,0.28876123129348963
26,[0.48101384],0.37434619716445994,0.019498493294298536
27,[0.09079614],0.4628432862960583,0.3902176979019438
28,[0.25783671],0.44031202198110647,0.2742463845282923
29,[0.26305569],0.402791386979354,0.21795814829397842
30,[0.81511517],0.43324097961952734,0.40677676282823433
31,[0.23009071],0.5353236046497102,0.3003171381091351
32,[0.86226772],0.4986999808885688,0.44950012221756475
33,[0.00146484],0.9461469845106688,0.5322935077712042
34,[0.13389566],0.5590089410216323,0.3981874347594143
35,[0.92013599],0.6236432531909453,0.4586206504364111
36,[0.6370677],0.4902600264389213,0.22297932698785905
37,[0.40390922],0.39168458658142546,0.12649862773690346
38,[0.29695463],0.33510477702986463,0.23345321919560125
39,[0.81662403],0.4771899299154413,0.35510868934005646
40,[0.82682041],0.5947026975408752,0.4127320369106866
41,[0.01299067],0.694162219902037,0.5207676748132148
42,[0.20497931],0.4303675561068241,0.3558287712635554
43,[0.47515948],0.3070003157251906,0.0373576200973893
44,[0.84348366],0.5789593014531965,0.3819683110880878
45,[0.56080808],0.41830530168385194,0.09929273826922358
46,[0.87172343],0.695187476626978,0.4576350493794744
47,[0.4127676],0.29433021187295616,0.11764025127598154
48,[0.85587115],0.4489049485861566,0.4519619290197965
49,[0.790513],0.6286115342706236,0.3777453978266202
50,[0.68950026],0.4704529037977565,0.2767326611022456
51,[0.17615518],0.46480211096816504,0.30485865426304026
52,[0.37493737],0.36110958190537823,0.1703738602241207
53,[0.98921099],0.8316890915987859,0.5276956410256162
54,[0.94986664],0.7178916803261802,0.48835129278730494
55,[0.31651288],0.38425495588253483,0.15864660169635114
56,[0.37280789],0.4466727230728512,0.15759996196268045
57,[0.63983919],0.38191555709578007,0.235929964479194
58,[0.61214137],0.37880700222749064,0.17433950901085626
59,[0.60239651],0.3371884328689031,0.1940581040517642
60,[0.12023657],0.49109727119699437,0.4118465330530502
61,[0.562851],0.3390307780434204,0.14876262198630774
62,[0.56021462],0.4282857771171941,0.14612623993718732
63,[0.06308653],0.43707715206016146,0.4179273065565696
64,[0.19333282],0.39864598015322467,0.2876810173313836
65,[0.30389809],0.44166346202443824,0.22986025757558737
66,[0.21548753],0.6058783481940077,0.3182708164517578
67,[0.19780341],0.647227020514866,0.33595493751021643
68,[0.64661549],0.4441961872536838,0.23252711707537765
69,[0.61559483],0.3156657062302936,0.20282722695640798
