,0,1,2
0,[0.41408838],0.3325357381031663,0.11966997152362202
1,[0.18776328],0.5488154409533859,0.317947559439982
2,[0.47237949],0.3784068537766161,0.010864146738923441
3,[0.15268073],0.5030586437566129,0.3777271247492632
4,[0.921545],0.6575190800359625,0.5074566249420429
5,[0.14432031],0.5452035278480469,0.3860875413018452
6,[0.53040785],0.3226170024904718,0.06889250549567305
7,[0.94049158],0.6878225157340578,0.5277239842293145
8,[0.53375835],0.43017064564808616,0.15495037695666347
9,[0.97369807],0.5409481360385738,0.5596096971230192
10,[0.36612777],0.3724236074468357,0.19408684614231786
11,[0.03884997],0.45630331918717787,0.4668608775965777
12,[0.68376551],0.5705884050203773,0.2696771298016599
13,[0.59921026],0.29873617204883596,0.18512188610017566
14,[0.64609279],0.4921284512957896,0.23332519368930438
15,[0.37880797],0.2722190573822655,0.153275127334218
16,[0.95245783],0.7325679542415153,0.5390298439465686
17,[0.94820239],0.5405821632605079,0.534114008390607
18,[0.8897745],0.5583852054703755,0.4756861246023524
19,[0.79418816],0.5187158754003297,0.3326728122777056
20,[0.26615106],0.4227215120217299,0.2642567877438231
21,[0.03261154],0.731491701004295,0.4977963056075224
22,[0.2037482],0.6915612083352485,0.3019626464455798
23,[0.46151534],0.3481634326553569,0.06889250549567305
24,[0.12014857],0.4841840334251268,0.4102592753684937
25,[0.19225261],0.3659844589324643,0.28876123129348963
26,[0.48101384],0.38007582744573565,0.019498493294298536
27,[0.09079614],0.490622097064844,0.43961171010331834
28,[0.25783671],0.41603562768512237,0.2742463845282923
29,[0.26305569],0.3771174664985902,0.26735216049535293
30,[0.81511517],0.2881771828306977,0.4010267956005229
31,[0.23009071],0.45435098016299136,0.3003171381091351
32,[0.86226772],0.45832380171224674,0.44950012221756475
33,[0.00146484],0.7992792812827874,0.5322935077712042
34,[0.13389566],0.6522678870907396,0.3998626843818598
35,[0.92013599],0.6450341714826847,0.4586206504364111
36,[0.6370677],0.41176572309252046,0.17555236020480103
37,[0.40390922],0.421929836999289,0.12649862773690346
38,[0.29695463],0.4042558806990365,0.23345321919560125
39,[0.81662403],0.5517470358468517,0.40385643512036495
40,[0.82682041],0.5364341329177063,0.41339242640931184
41,[0.01299067],0.6408410605073371,0.5207676748132148
42,[0.20497931],0.5576337968117192,0.34033192231923304
43,[0.47515948],0.44844562505987007,0.06107110348891831
44,[0.84348366],0.5724528713293504,0.3819683110880878
45,[0.56080808],0.34289795209187834,0.09929273826922358
46,[0.87172343],0.6023865742689593,0.4576350493794744
47,[0.4127676],0.3460096096571317,0.11764025127598154
48,[0.85587115],0.556326410549338,0.4417827735616241
49,[0.790513],0.6351003660068918,0.37708500832799496
50,[0.68950026],0.5185940087906606,0.2767326611022456
51,[0.17615518],0.313612155046817,0.30485865426304026
52,[0.37493737],0.46395093342024724,0.15882097563978348
53,[0.98921099],0.8517190704419001,0.5276956410256162
54,[0.94986664],0.7861650343007442,0.512064776178834
55,[0.31651288],0.39589187498337564,0.15864660169635114
56,[0.37280789],0.3139689663208261,0.15759996196268045
57,[0.63983919],0.4171263212623527,0.235929964479194
58,[0.61214137],0.38998991192746096,0.19805299240238528
59,[0.60239651],0.29873943528017904,0.1940581040517642
60,[0.12023657],0.6433418862394046,0.41352178267549566
61,[0.562851],0.3390307780434204,0.14876262198630774
62,[0.56021462],0.3951768536366315,0.14612623993718732
63,[0.06308653],0.4692641744457765,0.4120729499681314
64,[0.19333282],0.44589972875906136,0.2876810173313836
65,[0.30389809],0.2933390436146565,0.22986025757558737
66,[0.21548753],0.5922624353620976,0.3182708164517578
67,[0.19780341],0.6071721720153945,0.3326044382653255
68,[0.64661549],0.367574121017036,0.23252711707537765
69,[0.61559483],0.32069581626125837,0.20725641518686894
