,0,1,2
0,[17.72735076],16.76149260268972,15.61530664578985
1,[15.85932658],15.215382275537497,13.473260663711747
2,[19.26465905],16.76263533014505,14.729607492682096
3,[15.90111705],15.257172754343895,13.515051142518146
4,[17.94350025],16.977642098140628,15.831456141240757
5,[15.6038745],13.926340474588718,12.131501959106123
6,[17.77349375],15.271470035022281,13.23844219755933
7,[15.41013089],14.766186590567264,13.024064978741515
8,[19.96352587],18.475834150561877,17.09078287893834
9,[16.26359631],14.586062278102366,12.791223762619769
10,[17.66480007],16.698941914993856,15.552755958093986
11,[19.46069549],16.95867177016684,14.925643932703892
12,[16.21046813],15.566523828837205,13.824402217011457
13,[17.0881037],15.60041197218296,14.215360700559422
14,[4.33972742],7.6501530092459955,1.466984424394259
15,[1.43165121],8.278591822884334,1.8285229428535936
16,[0.68849832],8.193961690024954,3.094455387751619
17,[0.25396801],9.45627501665172,3.006206136620979
18,[4.64145436],9.714800410693435,0.10640280332666574
19,[3.89975071],9.86314114006522,0.7206694062850216
20,[3.47237254],6.4028957597475324,0.31058116181167206
21,[4.76719334],9.689652614913937,0.23214178222416582
22,[4.6597114],9.51081776130999,2.547667286636776
23,[1.03699769],12.635789850236144,1.9109073394351936
24,[1.11678491],12.168219272414182,3.5036352053203856
25,[4.98759182],9.645572917366135,0.4525402699631753
26,[2.46031652],7.496429736254795,0.7998576243546696
27,[1.12887437],7.753585635652212,2.654079333378874
28,[4.93858081],9.655375120093904,0.40352925632432957
29,[3.78295371],6.465011992109867,0.31058116181167206
30,[2.91291495],10.910382341699949,0.4918589718962414
31,[2.83013576],6.361148937379199,0.9528179489546345
32,[1.85921687],11.813570668083546,1.0886881572825962
33,[2.26481781],7.613728962500375,0.9953563347639678
34,[4.08634153],6.525689556818961,0.6139689853571397
35,[0.51003263],13.162754906775145,2.4378723959741957
36,[4.58578232],6.625577715851532,1.1134097805199952
37,[0.21935594],12.316333430939643,2.2423248946110035
38,[2.87274299],7.366598955275951,0.3874311534934205
39,[0.90249493],11.633194434049532,1.5591858977208914
40,[3.17850832],10.166826046661631,1.4419117953634477
41,[4.47071723],9.748947835794542,0.14970288493163775
42,[3.2777997],7.437767466172135,0.40505670902495217
43,[1.27112435],12.401663184644562,1.6767806738436117
44,[2.9828951],10.868394256303905,0.5968291853863548
45,[4.59938588],9.723214106922997,0.04330008160497112
46,[3.87270538],6.482962326311936,0.40033283282201637
47,[1.45497272],8.255270303374378,1.8052014233436373
48,[3.43414888],7.46903730077877,0.5614058820581302
49,[2.16660696],11.118397221127477,2.4538131540336807
50,[1.50799186],7.374468143589633,2.2749618413162964
51,[1.78236061],11.8904269298861,1.1655444190851514
52,[1.27059724],11.265092123444635,1.1910835871159957
53,[0.09038608],13.582401460719655,2.8575189499187057
54,[4.85792393],9.671506496593743,0.3228723738251267
55,[2.91857027],10.366433918942665,1.701849851848869
56,[0.31118075],13.361606781872904,2.6367242710719543
57,[3.12964812],10.196142166150889,1.4907719945122135
58,[3.02963325],10.840351365656026,0.6435673364661492
59,[1.38447727],11.151212093373154,1.077203557044513
60,[2.23216983],6.650290177343258,1.5507838750699219
61,[2.03304886],7.752790334443558,1.227125288002609
62,[4.68308437],9.5061431665261,2.5710402605562273
63,[2.11204411],10.42364525846352,0.3496367221348802
64,[4.98289503],9.668394293653636,2.596829123136805
65,[3.26017415],7.4342423550658285,0.3874311534934205
66,[2.46168083],10.082867402350463,0.3496367221348802
67,[4.17138708],9.808813867157337,0.4490330417456061
68,[3.72570928],7.527349380701272,0.8529662816706431
69,[1.05236537],11.483323995009982,1.4093154586813426
