,0,1,2
0,[17.72735076],12.610994871672235,14.54884243303383
1,[15.85932658],14.378222224339561,12.946411620652134
2,[19.26465905],13.345040907981053,15.465451720579255
3,[15.90111705],10.680561741090798,12.871483806051996
4,[17.94350025],15.31331566385548,14.160546544402404
5,[15.6038745],11.075209598282235,13.339056689983607
6,[17.77349375],12.15210867188284,14.047784475835645
7,[15.41013089],10.287772810069495,12.380497642275365
8,[19.96352587],14.741669853212594,16.83387775075083
9,[16.26359631],11.602987041093153,13.998778493497255
10,[17.66480007],12.560954321515544,14.690698310689815
11,[19.46069549],16.410421183267072,15.560944776236145
12,[16.21046813],15.448905325525004,13.945650314933857
13,[17.0881037],12.441332110509457,13.95845557237191
14,[4.33972742],7.772445694585565,0.5567737129756485
15,[1.43165121],7.648164833773909,1.6246204044730328
16,[0.68849832],3.740707346840922,2.2943967783712163
17,[0.25396801],8.909799581266487,3.023831692152511
18,[4.64145436],9.714800410693437,0.7417036468589195
19,[3.89975071],7.103550319913927,0.27163636453941553
20,[3.47237254],5.850020010676202,0.21219839611351787
21,[4.76719334],1.224607562892089,0.8944879597421691
22,[4.6597114],7.730497719267575,0.8767576897984228
23,[1.03699769],6.506447506845379,1.8815725794112144
24,[1.11678491],12.09899177908688,3.0546021635747795
25,[4.98759182],3.777024927507713,0.8162047489560136
26,[2.46031652],7.14472077145344,0.8174831798862012
27,[1.12887437],7.331386703820582,2.343498171567202
28,[4.93858081],3.583679585064464,0.8522392813072095
29,[3.78295371],5.523818971876764,0.31058116181167206
30,[2.91291495],5.614999759136907,0.3648847493134868
31,[2.83013576],5.904946151458619,0.9528179489546345
32,[1.85921687],3.8894118566494256,1.0593533972586169
33,[2.26481781],7.2757984484562,0.19549871040929823
34,[4.08634153],3.7283479352849014,0.6139689853571397
35,[0.51003263],4.2596670514558195,2.472862467137567
36,[4.58578232],4.150515899347189,1.325608176633513
37,[0.21935594],9.122304683065884,3.379684973534657
38,[2.87274299],6.979750183108941,0.40505670902495217
39,[0.90249493],4.234180227695001,1.5591858977208914
40,[3.17850832],1.0944525788708508,0.9078332076278
41,[4.47071723],3.912303200453773,0.1309898133738292
42,[3.2777997],6.7023019446323335,0.8174831798862012
43,[1.27112435],3.1857650571366944,3.199592880736864
44,[2.9828951],3.9378812504785214,0.0699801423267421
45,[4.59938588],3.9605312755559403,0.8736766004551839
46,[3.87270538],1.4452168718068625,0.08975167101034431
47,[1.45497272],8.042884760300515,1.822826978875169
48,[3.43414888],6.979750183108942,0.3778772669452706
49,[2.16660696],8.07818503046909,2.0047801122880746
50,[1.50799186],6.962661265347947,2.2749618413162964
51,[1.78236061],4.252907314673775,1.6900119378172536
52,[1.27059724],8.560573504792021,2.6291534668155627
53,[0.09038608],6.973410022577484,2.8281841898947264
54,[4.85792393],3.7574205220521746,0.686536852817965
55,[2.91857027],7.475827346008475,0.9811804455638473
56,[0.31118075],3.943293040335405,2.6395519266416505
57,[3.12964812],4.267302760297837,0.9566934067765658
58,[3.02963325],8.382528978507189,0.8430721293109529
59,[1.38447727],4.111011558202756,1.5984178223675833
60,[2.23216983],6.156277689573528,1.028004317144732
61,[2.03304886],7.582197078109429,1.4011000165673186
62,[4.68308437],6.920229220936015,1.5045760478002062
63,[2.11204411],6.967217233906352,0.3496367221348802
64,[4.98289503],5.816199506384684,1.828816812026762
65,[3.26017415],6.944955237396,0.017625555531531667
66,[2.46168083],4.4639630217637585,1.438069879699567
67,[4.17138708],3.8959613889376863,0.27163636453941553
68,[3.72570928],3.66134816886773,0.10212026525313966
69,[1.05236537],6.954982513895031,1.8605495816776707
