,0,1,2
0,[17.72735076],11.743923600729056,14.54884243303383
1,[15.85932658],14.378222224339561,12.946411620652134
2,[19.26465905],14.245832842410318,15.908684757087514
3,[15.90111705],10.44441408587578,12.175407777499355
4,[17.94350025],12.20143478959024,14.07079487339206
5,[15.6038745],11.762634258125436,13.371704672364373
6,[17.77349375],13.052900606312102,14.495694048481337
7,[15.41013089],10.051625154854474,11.684421613722725
8,[19.96352587],14.741669853212594,16.70335172544492
9,[16.26359631],12.290411700936353,14.031426475878018
10,[17.66480007],12.149085728240772,14.746229801823386
11,[19.46069549],15.329954077058167,15.560944776236145
12,[16.21046813],15.448905325525004,13.97829829731462
13,[17.0881037],12.441332110509457,13.827929547066002
14,[4.33972742],7.772445694585565,0.5567737129756485
15,[1.43165121],7.774027987222233,1.5512438913983806
16,[0.68849832],3.740707346840922,2.2943967783712163
17,[0.25396801],8.909799581266487,3.023831692152511
18,[4.64145436],9.714800410693435,0.9157450816029806
19,[3.89975071],3.651220689716083,0.27163636453941553
20,[3.47237254],6.554956013097117,0.2938642222706602
21,[4.76719334],1.403704085219053,0.8944879597421691
22,[4.6597114],7.445135226331017,0.8767576897984228
23,[1.03699769],6.57894335745672,1.8759172682718228
24,[1.11678491],14.283140931905342,2.876261208310051
25,[4.98759182],3.7378176395033536,0.8162047489560136
26,[2.46031652],7.14472077145344,0.8174831798862012
27,[1.12887437],7.636204086315715,2.343498171567202
28,[4.93858081],3.583679585064464,0.8522392813072095
29,[3.78295371],5.991744121298355,0.08975167101034431
30,[2.91291495],8.180938424586028,0.21673316847604696
31,[2.83013576],6.37287130088021,1.0425696199649788
32,[1.85921687],3.8894118566494256,1.0536980861192253
33,[2.26481781],7.107494700750533,0.19549871040929823
34,[4.08634153],3.7283479352849014,0.6139689853571397
35,[0.51003263],4.2596670514558195,2.472862467137567
36,[4.58578232],1.5583948561407177,1.325608176633513
37,[0.21935594],9.324443025644246,3.2530166075028046
38,[2.87274299],6.979750183108941,0.40505670902495217
39,[0.90249493],9.919530162353107,1.5591858977208914
40,[3.17850832],3.6864840625106474,0.7212423890784261
41,[4.47071723],3.200387513757603,0.21515998509389878
42,[3.2777997],7.1376130150462584,0.8174831798862012
43,[1.27112435],5.786748945046641,3.1340979740499497
44,[2.9828951],3.9378812504785214,0.0699801423267421
45,[4.59938588],3.576584362296334,0.8450543855812
46,[3.87270538],1.3393255368077654,0.08975167101034431
47,[1.45497272],13.868060768549464,1.8140142011094031
48,[3.43414888],6.979750183108942,0.3045007538706179
49,[2.16660696],10.343188129660174,1.919734566298033
50,[1.50799186],7.430586414769539,2.3647135123266407
51,[1.78236061],4.517071959808204,1.5839127397604946
52,[1.27059724],5.807563633540115,2.6291534668155627
53,[0.09038608],7.045905873188826,2.822528878755335
54,[4.85792393],3.7574205220521746,0.7715823988080066
55,[2.91857027],3.9119282544937724,0.9541351115780978
56,[0.31118075],3.943293040335405,2.607389511047975
57,[3.12964812],4.267302760297837,0.9566934067765658
58,[3.02963325],8.710887099043237,0.8430721293109529
59,[1.38447727],7.03200108848516,1.5984178223675833
60,[2.23216983],6.156277689573528,1.028004317144732
61,[2.03304886],10.408471186451795,1.6926604161798315
62,[4.68308437],6.920229220936015,1.5045760478002062
63,[2.11204411],3.851491453855803,0.3496367221348802
64,[4.98289503],4.59233441347762,1.722720886295237
65,[3.26017415],6.944955237396,0.17397472856470975
66,[2.46168083],4.621931622494463,1.438069879699567
67,[4.17138708],7.007359853303664,0.4456777992834766
68,[3.72570928],3.66134816886773,0.1469961007583116
69,[1.05236537],10.087272442480238,1.8662048928170623
