,0,1,2
0,[17.72735076],12.153850390588364,14.744455658331901
1,[15.85932658],14.378222224339561,12.946411620652134
2,[19.26465905],13.987291386530597,15.986859343604102
3,[15.90111705],10.44441408587578,12.118163347751388
4,[17.94350025],14.86105214575286,14.160546544402404
5,[15.6038745],11.762634258125438,13.339056689983607
6,[17.77349375],13.052900606312102,14.495694048481337
7,[15.41013089],10.051625154854474,11.627177183974757
8,[19.96352587],14.741669853212594,16.83387775075083
9,[16.26359631],12.080691976696736,13.998778493497255
10,[17.66480007],12.17168834440525,14.535151944486731
11,[19.46069549],16.32091680472857,15.560944776236145
12,[16.21046813],15.117590458771923,13.945650314933857
13,[17.0881037],12.441332110509457,13.95845557237191
14,[4.33972742],5.820383834640994,0.5567737129756485
15,[1.43165121],7.774027987222233,1.8285229428535936
16,[0.68849832],7.316743701432607,2.3411349294510106
17,[0.25396801],8.909799581266487,3.023831692152511
18,[4.64145436],9.714800410693435,1.4133003450930088
19,[3.89975071],3.8055371694776845,0.27163636453941553
20,[3.47237254],6.554956013097117,0.2533367320637048
21,[4.76719334],1.3286225305234542,0.8944879597421691
22,[4.6597114],7.906470938111705,0.8767576897984228
23,[1.03699769],6.44699899675399,1.8815725794112144
24,[1.11678491],11.347516507177598,2.782965799035364
25,[4.98759182],0.9264838925073716,0.8162047489560136
26,[2.46031652],7.14472077145344,0.8174831798862012
27,[1.12887437],7.355963334226206,2.343498171567202
28,[4.93858081],3.577350411292393,0.8522392813072095
29,[3.78295371],1.4760289381477165,0.08975167101034431
30,[2.91291495],8.180938424586028,0.2908089588947669
31,[2.83013576],1.094901758565863,1.0425696199649788
32,[1.85921687],3.8894118566494256,1.0536980861192253
33,[2.26481781],1.0863860617416055,0.19549871040929823
34,[4.08634153],9.14188693383916,0.6330808191315436
35,[0.51003263],4.2596670514558195,2.472862467137567
36,[4.58578232],6.763758457669269,1.325608176633513
37,[0.21935594],9.547124981748244,3.2530166075028046
38,[2.87274299],6.979750183108941,0.40505670902495217
39,[0.90249493],3.7122678660138213,1.5591858977208914
40,[3.17850832],3.8944306236266613,0.7212423890784261
41,[4.47071723],1.2025243464072384,0.29933015681396835
42,[3.2777997],4.318905632196304,0.40505670902495217
43,[1.27112435],5.786748945046641,3.0686030673630347
44,[2.9828951],3.9378812504785214,0.0699801423267421
45,[4.59938588],3.7418178385904652,0.7266804996968723
46,[3.87270538],5.412574398601484,0.027045333985749487
47,[1.45497272],10.682774518074504,1.8052014233436373
48,[3.43414888],6.979750183108942,0.3045007538706179
49,[2.16660696],7.288988966692516,1.733143747748659
50,[1.50799186],1.9035465533085838,2.3647135123266407
51,[1.78236061],4.5045618222690305,1.6517882702684454
52,[1.27059724],5.807563633540115,2.6291534668155627
53,[0.09038608],4.226508004476694,2.8281841898947264
54,[4.85792393],1.028500853747898,0.9581732173573805
55,[2.91857027],4.258597200949921,0.8071390108197862
56,[0.31118075],3.943293040335405,2.6045618554782792
57,[3.12964812],4.267302760297837,0.9566934067765658
58,[3.02963325],8.710887099043237,0.8430721293109529
59,[1.38447727],3.83462921976434,1.8756968738227964
60,[2.23216983],6.055211783134794,1.028004317144732
61,[2.03304886],5.0209224518307405,1.6926604161798315
62,[4.68308437],6.682761450613997,1.5045760478002062
63,[2.11204411],9.692379032339725,0.3496367221348802
64,[4.98289503],5.572724174968952,1.5487461577305273
65,[3.26017415],6.944955237396,0.17397472856470975
66,[2.46168083],4.3749499883521565,1.438069879699567
67,[4.17138708],7.007359853303664,0.4456777992834766
68,[3.72570928],3.7265678392897383,0.16051876775118634
69,[1.05236537],6.457697615430294,1.8662048928170623
