,0,1,2
0,[17.72735076],12.668058442699609,14.80878048951925
1,[15.85932658],14.308522350785031,12.986583580363599
2,[19.26465905],14.28965263354782,15.986859343604102
3,[15.90111705],9.5091625067565,12.118163347751388
4,[17.94350025],11.569806865085084,14.913867002703013
5,[15.6038745],11.762634258125438,13.143557979574311
6,[17.77349375],12.572324141349938,14.495694048481337
7,[15.41013089],9.116373575735196,11.627177183974757
8,[19.96352587],14.741669853212594,16.83387775075083
9,[16.26359631],11.645805629142071,13.433460549762732
10,[17.66480007],12.17168834440525,14.486291745337965
11,[19.46069549],16.8162968006398,15.734986210980207
12,[16.21046813],15.11759045877192,13.297553173951844
13,[17.0881037],12.441332110509457,13.95845557237191
14,[4.33972742],4.314095365597534,0.5567737129756485
15,[1.43165121],7.739233041509292,1.8461484983851253
16,[0.68849832],7.944909887502108,2.490010003669287
17,[0.25396801],8.909799581266487,3.006206136620979
18,[4.64145436],9.714800410693437,1.3636546542486716
19,[3.89975071],3.8055371694776845,0.18659081854937387
20,[3.47237254],1.3490213967868576,0.2533367320637048
21,[4.76719334],1.14952600819649,0.8944879597421691
22,[4.6597114],7.58512990327579,1.0606704855782425
23,[1.03699769],6.360546125142658,1.8759172682718228
24,[1.11678491],8.037960400589721,2.782965799035364
25,[4.98759182],4.406323559332408,0.8162047489560136
26,[2.46031652],10.350030093571984,0.7998576243546696
27,[1.12887437],7.954657704875561,2.343498171567202
28,[4.93858081],3.5516166824208453,0.8522392813072095
29,[3.78295371],1.0850178098653689,0.057244429747967285
30,[2.91291495],8.180938424586028,0.3648847493134868
31,[2.83013576],1.094901758565863,0.9528179489546345
32,[1.85921687],3.5201458841970017,1.056525741688921
33,[2.26481781],3.4802339105460605,0.19549871040929823
34,[4.08634153],6.437850482024883,0.6521926529059479
35,[0.51003263],4.2596670514558195,2.472862467137567
36,[4.58578232],6.763758457669269,1.325608176633513
37,[0.21935594],9.547124981748244,3.2530166075028046
38,[2.87274299],7.151023060667358,0.3874311534934205
39,[0.90249493],3.9241385454655457,1.5591858977208914
40,[3.17850832],3.8437632772139203,0.547200954334365
41,[4.47071723],3.912303200453773,0.47767111207869695
42,[3.2777997],4.364681848782902,0.2949046069867447
43,[1.27112435],2.5490820019045377,2.8577399509278747
44,[2.9828951],3.9378812504785214,0.0699801423267421
45,[4.59938588],3.7418178385904652,0.7266804996968723
46,[3.87270538],5.617601353895652,0.21363615253512336
47,[1.45497272],4.934520526854278,1.723535597186495
48,[3.43414888],7.1476890100107795,0.2800706542962348
49,[2.16660696],7.39062982875938,1.733143747748659
50,[1.50799186],1.9035465533085838,2.319837676821469
51,[1.78236061],7.259878598497027,1.6517882702684454
52,[1.27059724],5.303047931410133,2.1635516324589887
53,[0.09038608],4.226508004476694,2.9392471721618714
54,[4.85792393],1.028500853747898,0.9581732173573805
55,[2.91857027],6.743670437225278,0.40687016762075157
56,[0.31118075],7.008763268678199,2.6017341999085835
57,[3.12964812],7.2016269449474635,0.9566934067765658
58,[3.02963325],8.710887099043237,0.7533204583006086
59,[1.38447727],3.83462921976434,2.0878952699363142
60,[2.23216983],6.306452937634814,1.028004317144732
61,[2.03304886],2.0033720654016807,1.6926604161798315
62,[4.68308437],6.682761450613997,1.4549303569558694
63,[2.11204411],6.612382581550767,0.3496367221348802
64,[4.98289503],4.9096871588633935,1.5105224901817191
65,[3.26017415],7.341044416123582,0.46553512817722265
66,[2.46168083],4.3749499883521565,0.7984933167782833
67,[4.17138708],4.397812814816335,0.4456777992834766
68,[3.72570928],3.7265678392897383,0.1469961007583116
69,[1.05236537],3.96224376761244,1.9305297240044128
