,0,1,2
0,[17.72735076],9.391593065323717,14.80878048951925
1,[15.85932658],14.308522350785031,12.986583580363599
2,[19.26465905],14.28965263354782,15.986859343604102
3,[15.90111705],9.5091625067565,12.073287512246216
4,[17.94350025],11.569806865085084,14.913867002703013
5,[15.6038745],11.762634258125438,13.143557979574311
6,[17.77349375],12.57232414134994,14.495694048481337
7,[15.41013089],9.116373575735196,11.582301348469585
8,[19.96352587],14.611231322631403,16.83387775075083
9,[16.26359631],11.645805629142071,13.433460549762732
10,[17.66480007],12.17168834440525,14.486291745337965
11,[19.46069549],16.495867650559624,15.988322943043912
12,[16.21046813],15.132961711132433,13.297553173951844
13,[17.0881037],12.310893579928267,13.95845557237191
14,[4.33972742],4.314095365597534,0.5567737129756485
15,[1.43165121],7.739233041509292,2.002497671418303
16,[0.68849832],10.590424493827129,2.571675829826429
17,[0.25396801],8.675933368600752,3.006206136620979
18,[4.64145436],9.714800410693437,1.3636546542486716
19,[3.89975071],3.8055371694776845,0.18659081854937387
20,[3.47237254],1.3490213967868574,0.2533367320637048
21,[4.76719334],3.7312821473211075,0.8944879597421691
22,[4.6597114],7.58512990327579,1.225562519158903
23,[1.03699769],6.360546125142658,1.8759172682718228
24,[1.11678491],8.037960400589721,2.782965799035364
25,[4.98759182],4.619498646100874,0.8587275219510344
26,[2.46031652],10.350030093571984,0.7998576243546696
27,[1.12887437],4.799460230211302,2.343498171567202
28,[4.93858081],3.577350411292393,0.9455346905818964
29,[3.78295371],1.0850178098653689,0.18391279577981967
30,[2.91291495],8.653610997008611,0.3648847493134868
31,[2.83013576],1.094901758565863,0.9528179489546345
32,[1.85921687],6.236577935493375,1.0593533972586169
33,[2.26481781],3.4802339105460605,0.5653179437345233
34,[4.08634153],6.437850482024883,0.6521926529059479
35,[0.51003263],4.588698246145294,2.472862467137567
36,[4.58578232],6.97400671916827,1.325608176633513
37,[0.21935594],9.547124981748244,3.5063533395665094
38,[2.87274299],7.151023060667358,0.3874311534934205
39,[0.90249493],3.9241385454655457,1.5591858977208914
40,[3.17850832],3.880883065628384,0.547200954334365
41,[4.47071723],0.9736027703578282,0.5709665213533839
42,[3.2777997],4.364681848782902,0.2949046069867447
43,[1.27112435],2.5490820019045377,2.815217177932854
44,[2.9828951],3.9378812504785214,0.0699801423267421
45,[4.59938588],3.7418178385904652,0.7266804996968723
46,[3.87270538],5.617601353895652,0.21363615253512336
47,[1.45497272],4.934520526854278,1.723535597186495
48,[3.43414888],7.1476890100107795,0.2556405547218521
49,[2.16660696],7.39062982875938,1.733143747748659
50,[1.50799186],1.9035465533085838,2.3647135123266407
51,[1.78236061],7.259878598497027,1.6517882702684454
52,[1.27059724],5.303047931410133,2.1635516324589887
53,[0.09038608],4.520743974874054,2.9392471721618714
54,[4.85792393],0.5081846486683517,0.9581732173573805
55,[2.91857027],7.168365687556687,0.25993805648542123
56,[0.31118075],7.008763268678199,2.6017341999085835
57,[3.12964812],7.2016269449474635,0.9566934067765658
58,[3.02963325],8.888791593066902,0.7533204583006086
59,[1.38447727],6.3592926897933495,2.0878952699363142
60,[2.23216983],6.306452937634814,1.028004317144732
61,[2.03304886],2.0033720654016807,1.5468802163735753
62,[4.68308437],6.682761450613997,1.5045760478002062
63,[2.11204411],6.612382581550767,0.7180916478837189
64,[4.98289503],4.9096871588633935,1.5105224901817191
65,[3.26017415],7.341044416123582,0.5227795579251899
66,[2.46168083],4.374949988352156,0.7984933167782833
67,[4.17138708],4.397812814816335,0.4456777992834766
68,[3.72570928],3.7265678392897383,0.1469961007583116
69,[1.05236537],3.96224376761244,1.9305297240044128
