,0,1,2
0,[17.72735076],12.66805844269961,14.811608145088947
1,[15.85932658],14.753405677993928,13.399010051224849
2,[19.26465905],16.066044013873494,15.53894977095841
3,[15.90111705],9.444525779042175,12.028411676741044
4,[17.94350025],15.060369023278298,14.913867002703013
5,[15.6038745],10.948956877494842,12.690959549001596
6,[17.77349375],12.845055072199676,14.495694048481337
7,[15.41013089],9.74671748195814,11.684421613722725
8,[19.96352587],13.744868459980506,17.050610919226877
9,[16.26359631],11.42459698522417,13.312863625782175
10,[17.66480007],12.17168834440525,14.535151944486731
11,[19.46069549],16.538083222026962,16.20052133915743
12,[16.21046813],14.557491553246962,13.227573031625102
13,[17.0881037],12.310893579928267,14.215360700559422
14,[4.33972742],4.161726019289259,0.8864667085617244
15,[1.43165121],4.900271254812525,2.002497671418303
16,[0.68849832],7.2994851215093535,2.3411349294510106
17,[0.25396801],8.881334911883695,3.180180865185689
18,[4.64145436],6.409421452959909,0.768748980844669
19,[3.89975071],4.419760897447228,0.27163636453941553
20,[3.47237254],3.6844427586537614,0.1945728405819862
21,[4.76719334],5.378123603010479,0.8674426257564196
22,[4.6597114],6.072386377224656,1.381911692192081
23,[1.03699769],6.360546125142658,1.8357453085603574
24,[1.11678491],13.116572592177311,2.608924364291303
25,[4.98759182],4.347028338451802,0.8162047489560136
26,[2.46031652],10.350030093571984,0.9738323529193793
27,[1.12887437],4.8129732266597545,2.049633949296542
28,[4.93858081],3.5039956981869267,0.8522392813072095
29,[3.78295371],3.469791587431859,0.31058116181167206
30,[2.91291495],4.928019720129197,0.3648847493134868
31,[2.83013576],4.091385880407274,0.924195734080651
32,[1.85921687],6.236577935493376,1.1236782284459674
33,[2.26481781],3.8173887165453615,0.7180772833087548
34,[4.08634153],6.283829964379445,0.30338782354546767
35,[0.51003263],3.745287806600728,2.4085376359502164
36,[4.58578232],6.763758457669269,0.8028286187083231
37,[0.21935594],9.193091098663242,3.2530166075028046
38,[2.87274299],9.944858562572016,0.28133522776189546
39,[0.90249493],6.344000434371871,1.5591858977208914
40,[3.17850832],3.880883065628384,0.547200954334365
41,[4.47071723],3.912303200453773,0.5980118553391334
42,[3.2777997],3.993675378884987,0.2215280939120925
43,[1.27112435],5.052301552156406,2.62862635938348
44,[2.9828951],4.067500678674925,0.0467381510797944
45,[4.59938588],3.5255114773596636,0.7266804996968723
46,[3.87270538],5.427037764104724,0.027045333985749487
47,[1.45497272],1.4189507469152485,1.723535597186495
48,[3.43414888],3.47757528161696,0.2556405547218521
49,[2.16660696],7.165170411779128,1.267541913392085
50,[1.50799186],4.048615152671646,2.2749618413162964
51,[1.78236061],7.556119213273178,1.6517882702684454
52,[1.27059724],4.93332299434025,1.883480978162754
53,[0.09038608],7.28504675425873,2.9392471721618714
54,[4.85792393],1.2094131875166831,0.9581732173573805
55,[2.91857027],7.00041450350483,0.35922943817409525
56,[0.31118075],7.35972030544396,2.6717143422353256
57,[3.12964812],7.2016269449474635,0.7701025882271919
58,[3.02963325],8.193181412082156,0.7981962938057809
59,[1.38447727],7.19138100349933,2.0878952699363142
60,[2.23216983],6.281210529608598,1.028004317144732
61,[2.03304886],4.697928669012266,1.4011000165673186
62,[4.68308437],5.787554448226208,1.5045760478002062
63,[2.11204411],7.123401818420061,1.243930180961284
64,[4.98289503],3.0035506887073664,1.096666990366828
65,[3.26017415],6.674032057254829,0.46553512817722265
66,[2.46168083],4.374949988352156,0.7984933167782833
67,[4.17138708],4.086956082079251,0.298681698525165
68,[3.72570928],4.223362232582515,0.1469961007583116
69,[1.05236537],4.529860443183409,1.9305297240044128
