,0,1,2
0,[17.72735076],16.549556855380427,15.61530664578985
1,[15.85932658],15.113135024585802,12.911421549488763
2,[19.26465905],16.099609668392596,14.793941814860965
3,[15.90111705],15.154925503392201,12.953212028295162
4,[17.94350025],15.596451474410808,15.027757640539853
5,[15.6038745],13.36956562940073,12.131501959106123
6,[17.77349375],14.608444373269828,13.302776519738199
7,[15.41013089],14.663939339615572,12.462225864518532
8,[19.96352587],18.475834150561877,17.09078287893834
9,[16.26359631],14.029287432914376,12.791223762619769
10,[17.66480007],16.487006167684562,15.552755958093986
11,[19.46069549],16.29564610841439,14.989978254882761
12,[16.21046813],15.464276577885514,13.262563102788473
13,[17.0881037],15.60041197218296,14.215360700559422
14,[4.33972742],9.79395663668245,1.3568323223560514
15,[1.43165121],7.973099254175027,1.8285229428535936
16,[0.68849832],8.03339596628329,2.7838742259399467
17,[0.25396801],9.150782447942413,3.006206136620979
18,[4.64145436],9.714800410693435,0.17073712550553566
19,[3.89975071],9.86314114006522,0.6996351657111228
20,[3.47237254],6.094161457211193,0.31058116181167206
21,[4.76719334],9.689652614913937,0.29647610440303573
22,[4.6597114],8.764049063649324,1.7439687859358721
23,[1.03699769],12.635789850236144,1.9692664861384621
24,[1.11678491],12.168219272414182,3.482600964746487
25,[4.98759182],9.645572917366135,0.5168745921420452
26,[2.46031652],7.274270830194892,0.7998576243546696
27,[1.12887437],7.593019911910547,2.654079333378874
28,[4.93858081],9.655375120093904,0.4678635785031995
29,[3.78295371],6.156277689573527,0.31058116181167206
30,[2.91291495],10.910382341699949,0.0933492178666393
31,[2.83013576],6.097362069059564,0.9528179489546345
32,[1.85921687],11.813570668083546,1.1470473039858646
33,[2.26481781],7.3430313395040105,0.9953563347639678
34,[4.08634153],6.216955254282621,0.6139689853571397
35,[0.51003263],13.162754906775145,2.496231542677464
36,[4.58578232],7.949907042916844,1.5795181525488289
37,[0.21935594],8.05071467069794,2.2423248946110035
38,[2.87274299],7.356756124367142,0.3874311534934205
39,[0.90249493],7.407807005050577,1.5591858977208914
40,[3.17850832],10.166826046661631,1.29220891043181
41,[4.47071723],9.748947835794542,0.12866864435773895
42,[3.2777997],7.437767466172135,0.40505670902495217
43,[1.27112435],12.0138798327623,3.199592880736864
44,[2.9828951],10.868394256303905,0.011620995623473629
45,[4.59938588],9.723214106922997,0.4279988011717073
46,[3.87270538],6.174228023775596,0.40033283282201637
47,[1.45497272],7.949777734665071,1.8052014233436373
48,[3.43414888],7.46903730077877,0.5614058820581302
49,[2.16660696],11.118397221127477,2.432778913459782
50,[1.50799186],7.213902419847969,2.2749618413162964
51,[1.78236061],11.8904269298861,1.2239035657884199
52,[1.27059724],7.186945618687638,1.1910835871159957
53,[0.09038608],13.582401460719655,2.915878096621974
54,[4.85792393],9.671506496593743,0.686536852817965
55,[2.91857027],15.45962955631525,1.4024818885102475
56,[0.31118075],13.361606781872904,2.6950834177752228
57,[3.12964812],10.196142166150889,1.4054034317594457
58,[3.02963325],10.840351365656026,0.08172822224316567
59,[1.38447727],7.118617600644747,1.077203557044513
60,[2.23216983],6.4897244536015934,1.5507838750699219
61,[2.03304886],7.482092711447194,1.227125288002609
62,[4.68308437],8.754699874081542,1.7673417598553232
63,[2.11204411],7.022349363385418,0.3496367221348802
64,[4.98289503],9.668394293653636,2.0349900089138213
65,[3.26017415],7.4342423550658285,0.3874311534934205
66,[2.46168083],7.092276707812395,0.3496367221348802
67,[4.17138708],9.808813867157337,0.4279988011717073
68,[3.72570928],12.538350341428679,0.17404143474406109
69,[1.05236537],7.317884741626844,1.7777703844301813
