,0,1,2
0,[17.72735076],16.549556855380427,14.80878048951925
1,[15.85932658],15.113135024585802,12.876431478325392
2,[19.26465905],15.980448416149192,14.793941814860965
3,[15.90111705],15.154925503392201,12.918221957131792
4,[17.94350025],16.550265639422427,15.027757640539853
5,[15.6038745],13.307449397038397,12.425366181376782
6,[17.77349375],14.574296948168719,13.302776519738199
7,[15.41013089],14.663939339615572,12.42723579335516
8,[19.96352587],18.475834150561877,17.50320934979959
9,[16.26359631],13.967171200552041,13.085087984890428
10,[17.66480007],16.27156545627566,15.203119235959107
11,[19.46069549],16.17648485617099,14.989978254882761
12,[16.21046813],15.464276577885514,13.227573031625102
13,[17.0881037],15.60041197218296,14.627787171420671
14,[4.33972742],11.109415023229733,1.3568323223560514
15,[1.43165121],7.895613023476342,1.4410917893601731
16,[0.68849832],7.78215481178327,2.7838742259399467
17,[0.25396801],9.073296217243728,2.6187749831275586
18,[4.64145436],9.31384438823582,0.17073712550553566
19,[3.89975071],7.305960754545988,0.6996351657111228
20,[3.47237254],6.094161457211193,0.2938642222706602
21,[4.76719334],7.261881056998187,0.29647610440303573
22,[4.6597114],8.531024796136025,1.7089787147725009
23,[1.03699769],12.635789850236144,1.9926355616783593
24,[1.11678491],9.56695918934715,3.482600964746487
25,[4.98759182],7.305960754545988,0.5168745921420452
26,[2.46031652],7.274270830194892,0.41242647086124906
27,[1.12887437],7.341778757410526,2.343498171567202
28,[4.93858081],7.296158551818221,0.4678635785031995
29,[3.78295371],6.156277689573527,0.6044453840823323
30,[2.91291495],10.910382341699949,0.1167182934065365
31,[2.83013576],6.0546348385525395,0.6422367871429624
32,[1.85921687],11.813570668083546,1.1704163795257618
33,[2.26481781],7.3430313395040105,0.6079251812705473
34,[4.08634153],6.216955254282621,0.6139689853571397
35,[0.51003263],13.162754906775145,2.5196006182173614
36,[4.58578232],7.560326905584934,1.5795181525488289
37,[0.21935594],4.662967500408471,2.699214328746723
38,[2.87274299],7.356756124367142,0.41242647086124906
39,[0.90249493],4.116456302896382,2.0160753318566114
40,[3.17850832],7.599843458414631,1.29220891043181
41,[4.47071723],7.20258583611758,0.12866864435773895
42,[3.2777997],7.437767466172135,0.8174831798862012
43,[1.27112435],9.412619749695267,3.199592880736864
44,[2.9828951],10.868394256303905,0.0467381510797944
45,[4.59938588],7.382340082634568,0.4279988011717073
46,[3.87270538],6.174228023775596,0.6941970550926766
47,[1.45497272],7.872291503966386,1.4177702698502168
48,[3.43414888],7.46903730077877,0.9738323529193793
49,[2.16660696],8.517137138060445,2.432778913459782
50,[1.50799186],6.962661265347947,1.9643806795046244
51,[1.78236061],11.8904269298861,1.247272641328317
52,[1.27059724],3.969215378654423,1.6479730212517154
53,[0.09038608],13.582401460719655,2.9392471721618714
54,[4.85792393],7.314835462267192,0.686536852817965
55,[2.91857027],10.35720531951543,1.5521469669172312
56,[0.31118075],13.361606781872904,2.71845249331512
57,[3.12964812],7.629159577903889,1.3410691095805758
58,[3.02963325],10.840351365656026,0.0467381510797944
59,[1.38447727],8.072431765656372,1.5340929911802328
60,[2.23216983],6.339549205540306,1.2402027132582498
61,[2.03304886],7.482092711447194,0.8396941345091884
62,[4.68308437],8.521675606568245,1.7323516886919519
63,[2.11204411],3.969215378654424,0.8065261562705999
64,[4.98289503],9.668394293653636,1.99999993775045
65,[3.26017415],7.4342423550658285,0.4300383910294445
66,[2.46168083],4.109070067508375,0.4568894341357197
67,[4.17138708],9.501871301163622,0.4279988011717073
68,[3.72570928],7.493931984594157,0.267336844018748
69,[1.05236537],7.317884741626844,1.7777703844301813
