,0,1,2
0,[17.72735076],16.33411614397152,14.80878048951925
1,[15.85932658],14.887024155001447,12.876431478325392
2,[19.26465905],15.946170921329161,14.793941814860965
3,[15.90111705],14.928814633807846,12.918221957131792
4,[17.94350025],16.550265639422427,15.03058529610955
5,[15.6038745],13.307449397038397,12.384533268298211
6,[17.77349375],14.574296948168719,13.517936504832099
7,[15.41013089],14.437828470031217,12.42723579335516
8,[19.96352587],18.475834150561877,17.50320934979959
9,[16.26359631],13.967171200552041,13.044255071811858
10,[17.66480007],16.27156545627566,15.203119235959107
11,[19.46069549],16.142207361350955,14.989978254882761
12,[16.21046813],15.238165708301159,13.227573031625102
13,[17.0881037],15.60041197218296,14.627787171420671
14,[4.33972742],6.946500870625911,1.3918223935194227
15,[1.43165121],7.895613023476342,1.4410917893601731
16,[0.68849832],7.78215481178327,2.530842916747858
17,[0.25396801],9.073296217243728,2.6187749831275586
18,[4.64145436],9.31384438823582,0.38589711059943443
19,[3.89975071],7.296158551818219,0.6996351657111228
20,[3.47237254],6.094161457211193,0.2530313091920888
21,[4.76719334],7.406129534813873,0.5958062612170041
22,[4.6597114],8.531024796136025,1.7411411303661763
23,[1.03699769],12.245137492902014,1.9926355616783593
24,[1.11678491],9.290095745767458,3.482600964746487
25,[4.98759182],7.305960754545988,0.8162047489560136
26,[2.46031652],7.274270830194892,0.41242647086124906
27,[1.12887437],7.013671648194472,2.343498171567202
28,[4.93858081],7.296158551818221,0.4678635785031995
29,[3.78295371],6.156277689573527,0.5636124710037609
30,[2.91291495],10.910382341699949,0.1167182934065365
31,[2.83013576],6.03668450435047,0.6422367871429624
32,[1.85921687],11.813570668083546,1.1704163795257618
33,[2.26481781],7.3430313395040105,0.6079251812705473
34,[4.08634153],5.888848145066568,0.30338782354546767
35,[0.51003263],12.772102549441014,2.5196006182173614
36,[4.58578232],7.560326905584934,1.602887228088726
37,[0.21935594],4.662967500408471,2.699214328746723
38,[2.87274299],7.356756124367142,0.41242647086124906
39,[0.90249493],4.116456302896382,2.0160753318566114
40,[3.17850832],7.565565963594596,0.9928787536178416
41,[4.47071723],7.20258583611758,0.12866864435773895
42,[3.2777997],7.437767466172135,0.8174831798862012
43,[1.27112435],9.135756306115574,3.199592880736864
44,[2.9828951],10.868394256303905,0.0467381510797944
45,[4.59938588],7.121954023855963,0.6996351657111228
46,[3.87270538],6.174228023775596,0.40033283282201637
47,[1.45497272],7.872291503966386,1.4177702698502168
48,[3.43414888],7.46903730077877,0.9738323529193793
49,[2.16660696],8.24027369448075,2.432778913459782
50,[1.50799186],6.634554156131894,1.9643806795046244
51,[1.78236061],11.8904269298861,1.247272641328317
52,[1.27059724],3.969215378654423,1.6479730212517154
53,[0.09038608],13.191749103385524,2.9392471721618714
54,[4.85792393],7.280027175318381,0.7290596258129858
55,[2.91857027],7.652431373877474,1.4024818885102475
56,[0.31118075],12.970954424538775,2.71845249331512
57,[3.12964812],7.525784659475479,1.3410691095805758
58,[3.02963325],10.840351365656026,0.0467381510797944
59,[1.38447727],8.072431765656372,1.5662554067739083
60,[2.23216983],6.156277689573528,1.2402027132582498
61,[2.03304886],7.482092711447194,0.8396941345091884
62,[4.68308437],8.754699874081542,1.7645141042856274
63,[2.11204411],3.969215378654424,0.8065261562705999
64,[4.98289503],9.668394293653636,1.99999993775045
65,[3.26017415],7.4342423550658285,0.3874311534934205
66,[2.46168083],4.109070067508375,0.4568894341357197
67,[4.17138708],9.501871301163622,0.35686270299339107
68,[3.72570928],7.211311811766369,0.17404143474406109
69,[1.05236537],7.317884741626844,1.821987638623622
