,0,1,2
0,[17.72735076],13.055275579356504,14.597702632182596
1,[15.85932658],14.873028126536099,12.946411620652134
2,[19.26465905],13.345040907981053,15.178317517664976
3,[15.90111705],11.550267869373629,12.918221957131792
4,[17.94350025],15.936439604463407,14.913867002703013
5,[15.6038745],11.075209598282235,12.773738746249085
6,[17.77349375],12.15210867188284,13.68715222254221
7,[15.41013089],11.157478938352323,12.42723579335516
8,[19.96352587],15.142169387496253,17.09078287893834
9,[16.26359631],11.602987041093153,13.433460549762732
10,[17.66480007],13.005235029199813,15.203119235959107
11,[19.46069549],16.41042118326707,15.374353957686772
12,[16.21046813],15.238165708301157,13.297553173951844
13,[17.0881037],12.841831644793118,14.215360700559422
14,[4.33972742],3.909124089536153,0.9055785423361287
15,[1.43165121],7.730650127946158,1.5512438913983806
16,[0.68849832],10.179479051370198,2.3411349294510106
17,[0.25396801],8.909799581266487,3.006206136620979
18,[4.64145436],9.714800410693435,0.470067282319504
19,[3.89975071],7.296158551818219,0.5709665213533839
20,[3.47237254],6.094161457211194,0.21219839611351787
21,[4.76719334],6.483388639497997,0.8674426257564196
22,[4.6597114],8.05952891395705,1.6300781480990314
23,[1.03699769],9.216630311205604,1.945897410598565
24,[1.11678491],12.09899177908688,3.353932320388748
25,[4.98759182],5.889144877475715,0.8162047489560136
26,[2.46031652],7.155687364569348,0.7998576243546696
27,[1.12887437],7.261712190846123,2.343498171567202
28,[4.93858081],5.889144877475715,0.5988533918770287
29,[3.78295371],6.03668450435047,0.5227795579251899
30,[2.91291495],8.34444367625083,0.21673316847604696
31,[2.83013576],6.03668450435047,0.9528179489546345
32,[1.85921687],4.32280310296911,1.1236782284459674
33,[2.26481781],7.3430313395040105,0.6079251812705473
34,[4.08634153],8.047894253602013,0.6139689853571397
35,[0.51003263],12.762754919225056,2.472862467137567
36,[4.58578232],7.248489726040757,1.4561342019394212
37,[0.21935594],7.954318202562663,3.379684973534657
38,[2.87274299],7.155687364569348,0.3874311534934205
39,[0.90249493],7.451036904140755,2.0160753318566114
40,[3.17850832],7.3131894539467,0.9928787536178416
41,[4.47071723],3.912303200453773,0.1309898133738292
42,[3.2777997],7.104471905003736,0.8174831798862012
43,[1.27112435],6.471977505043265,3.199592880736864
44,[2.9828951],10.784464945515001,0.0699801423267421
45,[4.59938588],3.8542760479325624,0.8164321707072166
46,[3.87270538],3.726351347497787,0.11837388588432773
47,[1.45497272],7.872291503966386,1.8052014233436373
48,[3.43414888],6.979750183108942,0.5614058820581302
49,[2.16660696],8.274421119581858,2.304110269102043
50,[1.50799186],6.634554156131894,2.2749618413162964
51,[1.78236061],11.8904269298861,1.4369806286251647
52,[1.27059724],4.558631932639002,2.6291534668155627
53,[0.09038608],9.683592826937709,2.892509021082077
54,[4.85792393],5.921407630475396,0.686536852817965
55,[2.91857027],7.492394640930991,1.2528168101032628
56,[0.31118075],9.506957083860309,2.6717143422353256
57,[3.12964812],7.421509571819305,1.0417389527666074
58,[3.02963325],10.27584558990496,0.10001487506951046
59,[1.38447727],1.9548541038118938,1.5984178223675833
60,[2.23216983],6.156277689573528,1.028004317144732
61,[2.03304886],7.482092711447194,1.2359380657683747
62,[4.68308437],8.754699874081542,1.6534511220184824
63,[2.11204411],6.967217233906352,0.8708509874579504
64,[4.98289503],9.668394293653636,1.9532617866706556
65,[3.26017415],6.944955237396,0.3874311534934205
66,[2.46168083],4.4639630217637585,0.7984933167782833
67,[4.17138708],9.010112120692067,0.041647398725048745
68,[3.72570928],6.798967129774981,0.17404143474406109
69,[1.05236537],7.217705234768279,1.8662048928170623
