,0,1,2
0,[17.72735076],15.178206397072461,14.744455658331901
1,[15.85932658],10.895177928186492,11.986621197934644
2,[19.26465905],13.124375079454898,16.086150725292775
3,[15.90111705],11.639230529842134,11.81477552420592
4,[17.94350025],9.315106645950783,13.472783018052926
5,[15.6038745],13.603831773947778,12.24790021317152
6,[17.77349375],9.247104046624893,13.302776519738199
7,[15.41013089],10.20366515876104,12.132331186368415
8,[19.96352587],17.14542528818066,16.491153329331404
9,[16.26359631],13.512071677195014,13.085087984890428
10,[17.66480007],15.853614632703563,13.00508867145721
11,[19.46069549],13.894205903102982,14.989978254882761
12,[16.21046813],13.407414818625412,12.427514422244698
13,[17.0881037],14.362694529964784,13.305149989140812
14,[19.33972742],13.008878655068006,14.698273061120634
15,[1.43165121],7.235153576375623,1.7468571166964513
16,[0.68849832],8.945677433055238,3.952956039606632
17,[0.25396801],8.116287547580386,4.5132253252986825
18,[4.64145436],13.679649762912742,0.17073712550553566
19,[3.89975071],9.151519445901059,0.9168556143764968
20,[3.47237254],3.6710398695161657,0.40033283282201637
21,[4.76719334],7.332009805117522,0.10748194095409058
22,[4.6597114],7.100159733941287,1.3037371056754923
23,[1.03699769],10.207230951654012,3.548784638687291
24,[1.11678491],8.60304815808536,3.5246694458942835
25,[4.98759182],6.8373776991438575,1.3599286993973587
26,[2.46031652],7.439918629454286,1.6260250058253272
27,[1.12887437],4.690497688122877,2.7438310043892185
28,[4.93858081],8.370659510924801,0.35279848614435405
29,[3.78295371],7.536580640469651,0.8585006518550133
30,[2.91291495],6.8373776991438575,1.746796441505568
31,[2.83013576],6.757465615926191,1.0696149539507283
32,[1.85921687],3.7728650039788802,1.4185828354327121
33,[2.26481781],3.7728650039788802,1.0129818902954995
34,[4.08634153],3.9166274636590215,0.6139689853571397
35,[0.51003263],7.891123868081131,3.3897180815140637
36,[4.58578232],8.444949703969835,1.3079826211019814
37,[0.21935594],7.5803615111169504,4.42209842116949
38,[2.87274299],1.3528558599161336,0.483231295541541
39,[0.90249493],10.061648081560604,3.7572164622227877
40,[3.17850832],6.0980182537051215,0.2556405547218521
41,[4.47071723],7.257335206755002,0.319300352004368
42,[3.2777997],3.8606270586350404,0.1945728405819862
43,[1.27112435],3.9358358595873524,2.1630245250269056
44,[2.9828951],6.13777391991867,0.4512537800199228
45,[4.59938588],8.220182559854344,0.7266804996968723
46,[3.87270538],9.123711716230634,0.21363615253512336
47,[1.45497272],4.221105082441843,2.4177326522791716
48,[3.43414888],1.1228363863126496,0.15634917303317808
49,[2.16660696],4.73823626015205,1.3057655809408932
