,0,1,2
0,[17.72735076],14.758572989017035,14.25497821076317
1,[15.85932658],7.883841548732638,11.273544250236665
2,[19.26465905],16.96140577715583,15.830510170570923
3,[15.90111705],11.41756251815496,12.118163347751388
4,[17.94350025],11.434281659520561,13.472783018052926
5,[15.6038745],11.426612053334058,11.133157270944974
6,[17.77349375],8.756488609652715,14.339344875448157
7,[15.41013089],12.556705919255196,12.23162256805709
8,[19.96352587],14.25899115885331,16.090820496509387
9,[16.26359631],8.153929166529071,12.610169179983163
10,[17.66480007],10.28607905804204,13.00508867145721
11,[19.46069549],13.894205903102982,14.989978254882761
12,[16.21046813],7.886941698051703,12.124126598699231
13,[17.0881037],14.730524747415066,12.50232137043249
14,[19.33972742],16.86977352094028,14.86901018662617
15,[1.43165121],4.1801351652006655,2.002497671418303
16,[0.68849832],5.251124750663055,3.952956039606632
17,[0.25396801],11.42662253725271,4.405743384344592
18,[4.64145436],8.732872029926407,0.34613746663650957
19,[3.89975071],6.75956165619822,0.7212423890784261
20,[3.47237254],6.760975702343326,0.42737816680776586
21,[4.76719334],8.827984066863365,1.5886850148348457
22,[4.6597114],8.377805057503924,0.5733698662529552
23,[1.03699769],8.38565186667933,3.548784638687291
24,[1.11678491],4.7535638776724625,3.353932320388748
25,[4.98759182],6.639680567883426,0.9012502949460552
26,[2.46031652],6.964575945253751,1.2122224368791956
27,[1.12887437],6.690042577825167,2.7438310043892185
28,[4.93858081],4.1829104720807475,1.7104267980906727
29,[3.78295371],7.137732835687176,0.8585006518550133
30,[2.91291495],6.8075207057752065,1.42314697283404
31,[2.83013576],1.1412263803172795,1.2562057725001021
32,[1.85921687],4.925688935140265,1.5749320084658902
33,[2.26481781],9.241750985428316,1.6349328976852515
34,[4.08634153],4.170657531117825,0.6139689853571397
35,[0.51003263],4.767141383442303,3.3897180815140637
36,[4.58578232],2.491908968851118,1.3079826211019814
37,[0.21935594],8.876943727006452,4.768235887805999
38,[2.87274299],1.48430512486136,1.5979742377680881
39,[0.90249493],14.159084259164795,3.974897647046383
40,[3.17850832],6.071542417640926,0.2556405547218521
41,[4.47071723],9.631851414190168,0.11506509235884543
42,[3.2777997],8.058477041791136,1.321586173100875
43,[1.27112435],7.743910874931766,2.201248192575714
44,[2.9828951],9.213259123975408,1.6164907800876196
45,[4.59938588],10.764630611361932,0.013603551998893515
46,[3.87270538],5.454798316817387,0.08975167101034431
47,[1.45497272],2.0445827002663606,2.4177326522791716
48,[3.43414888],3.609011103575156,0.2556405547218521
49,[2.16660696],4.244785262140697,1.7060984137629096
