,0,1,2
0,[17.72735076],14.975826125338415,14.744455658331901
1,[15.85932658],10.895177928186492,12.076372868944988
2,[19.26465905],13.948915357651384,16.086150725292775
3,[15.90111705],13.38075811932517,11.81477552420592
4,[17.94350025],9.315106645950783,13.472783018052926
5,[15.6038745],11.149466856403649,11.556944367075479
6,[17.77349375],9.247104046624893,13.302776519738199
7,[15.41013089],10.20366515876104,12.132331186368415
8,[19.96352587],17.14542528818066,16.491153329331404
9,[16.26359631],13.512071677195014,13.2807012101885
10,[17.66480007],15.853614632703563,13.00508867145721
11,[19.46069549],13.894205903102982,14.989978254882761
12,[16.21046813],13.407414818625412,12.582805003150535
13,[17.0881037],14.199197893987545,12.50232137043249
14,[19.33972742],10.40789476715806,14.698273061120634
15,[1.43165121],7.235153576375623,1.8746773940573773
16,[0.68849832],8.945677433055238,3.952956039606632
17,[0.25396801],8.116287547580386,4.5132253252986825
18,[4.64145436],11.980911103376908,0.17073712550553566
19,[3.89975071],6.2422667315208065,0.9168556143764968
20,[3.47237254],6.840823177953854,0.40033283282201637
21,[4.76719334],7.332009805117522,0.10748194095409058
22,[4.6597114],6.771801613405238,0.07392907109009972
23,[1.03699769],7.102402761137857,3.548784638687291
24,[1.11678491],8.60304815808536,3.5246694458942835
25,[4.98759182],6.8373776991438575,1.0878411134954291
26,[2.46031652],7.0607661667815735,1.6260250058253272
27,[1.12887437],7.908661787424753,2.7438310043892185
28,[4.93858081],8.824714751507932,0.35279848614435405
29,[3.78295371],7.536580640469651,0.8585006518550133
30,[2.91291495],6.8373776991438575,1.746796441505568
31,[2.83013576],6.8375321824905955,1.0425696199649788
32,[1.85921687],6.338754490012596,1.3192914537440381
33,[2.26481781],6.338754490012596,0.9136905086068254
34,[4.08634153],6.840823177953854,0.6139689853571397
35,[0.51003263],7.301736258297278,3.3897180815140637
36,[4.58578232],6.206081954103732,1.3079826211019814
37,[0.21935594],11.252794333843912,4.440355459112899
38,[2.87274299],6.025496771688328,0.5614058820581302
39,[0.90249493],7.641545707430744,3.8646984031768783
40,[3.17850832],6.0980182537051215,0.03001366471189071
41,[4.47071723],7.536580640469651,0.17073712550553566
42,[3.2777997],6.206081954103732,0.7017237496715643
43,[1.27112435],4.072312752046727,2.1630245250269056
44,[2.9828951],6.13777391991867,0.32343350265899673
45,[4.59938588],8.220182559854344,0.7266804996968723
46,[3.87270538],6.457843670561982,0.08975167101034431
47,[1.45497272],7.647783105736716,2.4177326522791716
48,[3.43414888],1.4722078096519398,0.2556405547218521
49,[2.16660696],9.1773410823286,1.111192740358907
