,0,1,2
0,[0.51108756],0.46017541512611315,[0.05091214]
1,[0.64271925],0.4090997618328658,[0.23361949]
2,[0.20496425],0.5177584464014355,[0.3127942]
3,[0.04448066],0.5177584464014355,[0.47327779]
4,[0.61595194],0.48143410830901784,[0.13451783]
5,[0.95419094],0.512681513393154,[0.44150943]
6,[0.11123297],0.5019214512628789,[0.39068848]
7,[0.38848504],0.5076248897858524,[0.11913985]
8,[0.65328812],0.46017541512611315,[0.19311271]
9,[0.55830601],0.455752924297977,[0.10255309]
10,[0.45658054],0.5076248897858524,[0.05104435]
11,[0.72351831],0.455752924297977,[0.26776538]
12,[0.70480521],0.48143410830901784,[0.2233711]
13,[0.70689453],0.46017541512611315,[0.24671911]
14,[0.37320003],0.5623841353211355,[0.1891841]
15,[0.12090246],0.5227535622601768,[0.40185111]
16,[0.64527452],0.46017541512611315,[0.18509911]
17,[0.17531127],0.5076248897858524,[0.33231362]
18,[0.07444586],0.5227535622601768,[0.4483077]
19,[0.13838579],0.5076248897858524,[0.3692391]
20,[0.1943495],0.5623841353211355,[0.36803464]
21,[0.15499495],0.5623841353211355,[0.40738918]
22,[0.16373675],0.5019214512628789,[0.3381847]
23,[0.62392037],0.4090997618328658,[0.21482061]
24,[0.0333673],0.5076248897858524,[0.47425759]
25,[0.45575292],0.5227535622601768,[0.06700064]
26,[0.5089621],0.48143410830901784,[0.02752799]
27,[0.14127806],0.5623841353211355,[0.42110607]
28,[0.28164244],0.5227535622601768,[0.24111112]
29,[0.31682258],0.5227535622601768,[0.20593098]
30,[0.90922962],0.46017541512611315,[0.44905421]
31,[0.88102103],0.512681513393154,[0.36833951]
32,[0.17154481],0.5177584464014355,[0.34621363]
33,[0.39267636],0.5076248897858524,[0.11494853]
34,[0.06167824],0.5177584464014355,[0.45608021]
35,[0.3646795],0.5623841353211355,[0.19770464]
36,[0.72722409],0.4090997618328658,[0.31812432]
37,[0.56238414],0.4090997618328658,[0.15328437]
38,[0.87997668],0.48143410830901784,[0.39854258]
39,[0.91567748],0.455752924297977,[0.45992456]
40,[0.38616118],0.5623841353211355,[0.17622296]
41,[0.95705513],0.512681513393154,[0.44437362]
42,[0.51858224],0.48143410830901784,[0.03714813]
43,[0.6337776],0.46017541512611315,[0.17360219]
44,[0.05666415],0.5177584464014355,[0.4610943]
45,[0.09820885],0.5177584464014355,[0.41954959]
46,[0.49275534],0.469341522519856,[0.02341382]
47,[0.42759549],0.5019214512628789,[0.07432596]
48,[0.2760191],0.5623841353211355,[0.28636504]
49,[0.02956676],0.5227535622601768,[0.4931868]
50,[0.56956096],0.4090997618328658,[0.1604612]
51,[0.69750556],0.46017541512611315,[0.23733015]
52,[0.50628768],0.4827713204046063,[0.02351636]
53,[0.40909976],0.5623841353211355,[0.15328437]
54,[0.28048886],0.5019214512628789,[0.22143259]
55,[0.69552335],0.512681513393154,[0.18284184]
56,[0.42164184],0.5227535622601768,[0.10111172]
57,[0.95918084],0.4090997618328658,[0.55008108]
58,[0.55450279],0.512681513393154,[0.04182128]
59,[0.41144048],0.5019214512628789,[0.09048098]
60,[0.76772708],0.48143410830901784,[0.28629297]
61,[0.90368167],0.48143410830901784,[0.42224757]
62,[0.90903911],0.48143410830901784,[0.427605]
63,[0.0341579],0.5623841353211355,[0.52822623]
64,[0.5292055],0.46017541512611315,[0.06903008]
65,[0.52275356],0.455752924297977,[0.06700064]
66,[0.93814971],0.455752924297977,[0.48239679]
67,[0.26605417],0.5623841353211355,[0.29632997]
68,[0.4147461],0.5227535622601768,[0.10800747]
69,[0.09811081],0.5076248897858524,[0.40951408]
70,[0.84823383],0.4090997618328658,[0.43913407]
71,[0.10537631],0.5019214512628789,[0.39654514]
72,[0.51775845],0.512681513393154,[0.00507693]
73,[0.25045545],0.5227535622601768,[0.27229811]
74,[0.69628098],0.455752924297977,[0.24052806]
75,[0.03855457],0.5076248897858524,[0.46907032]
76,[0.99123778],0.4090997618328658,[0.58213802]
77,[0.65522144],0.512681513393154,[0.14253993]
78,[0.87012447],0.455752924297977,[0.41437154]
79,[0.89625892],0.512681513393154,[0.38357741]
80,[0.86656028],0.455752924297977,[0.41080735]
81,[0.93800197],0.4090997618328658,[0.52890221]
82,[0.76539551],0.46017541512611315,[0.30522009]
83,[0.36905894],0.5019214512628789,[0.13286252]
84,[0.09966435],0.5177584464014355,[0.41809409]
85,[0.82625421],0.48143410830901784,[0.3448201]
86,[0.24664753],0.5019214512628789,[0.25527392]
87,[0.59315252],0.4090997618328658,[0.18405276]
88,[0.10012448],0.5177584464014355,[0.41763396]
89,[0.52720355],0.512681513393154,[0.01452204]
90,[0.40686303],0.5227535622601768,[0.11589053]
91,[0.05494152],0.5019214512628789,[0.44697993]
92,[0.19579528],0.5076248897858524,[0.31182961]
93,[0.76810084],0.455752924297977,[0.31234791]
94,[0.47314113],0.5177584464014355,[0.04461731]
95,[0.61613817],0.512681513393154,[0.10345666]
96,[0.87616306],0.455752924297977,[0.42041013]
97,[0.51268151],0.5177584464014355,[0.00507693]
