,0,1,2
0,[0.51108756],0.4503683095143833,[0.06071925]
1,[0.64271925],0.5124349566019286,[0.1302843]
2,[0.20496425],0.512681513393154,[0.30771727]
3,[0.04448066],0.512681513393154,[0.46820086]
4,[0.61595194],0.48143410830901784,[0.13451783]
5,[0.95419094],0.5202560043308062,[0.43393494]
6,[0.11123297],0.5019214512628789,[0.39068848]
7,[0.38848504],0.45658053892777173,[0.0680955]
8,[0.65328812],0.4503683095143833,[0.20291981]
9,[0.55830601],0.455752924297977,[0.10255309]
10,[0.45658054],0.5185822355135932,[0.0620017]
11,[0.72351831],0.4181939671940423,[0.30532434]
12,[0.70480521],0.506287677690264,[0.19851753]
13,[0.70689453],0.414746096562549,[0.29214843]
14,[0.37320003],0.5457948173617417,[0.17259479]
15,[0.12090246],0.43869738106175626,[0.31779492]
16,[0.64527452],0.4503683095143833,[0.19490621]
17,[0.17531127],0.5185822355135932,[0.34327097]
18,[0.07444586],0.5110875586566217,[0.4366417]
19,[0.13838579],0.5185822355135932,[0.38019644]
20,[0.1943495],0.4324263430654214,[0.23807685]
21,[0.15499495],0.4324263430654214,[0.27743139]
22,[0.16373675],0.5019214512628789,[0.3381847]
23,[0.62392037],0.5124349566019286,[0.11148541]
24,[0.0333673],0.45658053892777173,[0.42321324]
25,[0.45575292],0.4181939671940423,[0.03755896]
26,[0.5089621],0.39267635834000403,[0.11628574]
27,[0.14127806],0.4181939671940423,[0.2769159]
28,[0.28164244],0.43869738106175626,[0.15705494]
29,[0.31682258],0.43869738106175626,[0.1218748]
30,[0.90922962],0.414746096562549,[0.49448352]
31,[0.88102103],0.47314113264567625,[0.4078799]
32,[0.17154481],0.5408531744153156,[0.36930836]
33,[0.39267636],0.5185822355135932,[0.12590588]
34,[0.06167824],0.512681513393154,[0.45100328]
35,[0.3646795],0.4324263430654214,[0.06774685]
36,[0.72722409],0.5124349566019286,[0.21478913]
37,[0.56238414],0.5124349566019286,[0.04994918]
38,[0.87997668],0.5177584464014355,[0.36221824]
39,[0.91567748],0.4181939671940423,[0.49748351]
40,[0.38616118],0.5457948173617417,[0.15963364]
41,[0.95705513],0.4181939671940423,[0.53886117]
42,[0.51858224],0.506287677690264,[0.01229456]
43,[0.6337776],0.4503683095143833,[0.18340929]
44,[0.05666415],0.49291132301941515,[0.43624717]
45,[0.09820885],0.4829482382574061,[0.38473938]
46,[0.49275534],0.4114404761492455,[0.08131487]
47,[0.42759549],0.5019214512628789,[0.07432596]
48,[0.2760191],0.5457948173617417,[0.26977572]
49,[0.02956676],0.43869738106175626,[0.40913062]
50,[0.56956096],0.5124349566019286,[0.057126]
51,[0.23020776],0.6552214422033023,[0.42501368]
52,[0.69750556],0.506287677690264,[0.19121788]
53,[0.50628768],0.5185822355135932,[0.01229456]
54,[0.40909976],0.5457948173617417,[0.13669506]
55,[0.28048886],0.5019214512628789,[0.22143259]
56,[0.69552335],0.47314113264567625,[0.22238222]
57,[0.42164184],0.435249510430263,[0.01360767]
58,[0.95918084],0.5124349566019286,[0.44674588]
59,[0.55450279],0.47314113264567625,[0.08136166]
60,[0.41144048],0.5019214512628789,[0.09048098]
61,[0.76772708],0.39267635834000403,[0.37505072]
62,[0.90368167],0.506287677690264,[0.397394]
63,[0.93475543],0.5931525221296756,[0.34160291]
64,[0.90903911],0.506287677690264,[0.40275143]
65,[0.0341579],0.4324263430654214,[0.39826844]
66,[0.5292055],0.506287677690264,[0.02291782]
67,[0.52275356],0.5757292671462985,[0.0529757]
68,[0.93814971],0.4181939671940423,[0.51995574]
69,[0.26605417],0.5457948173617417,[0.27974065]
70,[0.4147461],0.43869738106175626,[0.02395128]
71,[0.09811081],0.5185822355135932,[0.42047143]
72,[0.84823383],0.5124349566019286,[0.33579888]
73,[0.10537631],0.455752924297977,[0.35037662]
74,[0.51775845],0.5408531744153156,[0.02309473]
75,[0.25045545],0.455752924297977,[0.20529747]
76,[0.69628098],0.4181939671940423,[0.27808702]
77,[0.03855457],0.5227535622601768,[0.48419899]
78,[0.99123778],0.5124349566019286,[0.47880283]
79,[0.65522144],0.5202560043308062,[0.13496544]
80,[0.87012447],0.455752924297977,[0.41437154]
81,[0.89625892],0.47314113264567625,[0.42311779]
82,[0.86656028],0.4181939671940423,[0.44836631]
83,[0.93800197],0.5124349566019286,[0.42556701]
84,[0.76539551],0.4503683095143833,[0.3150272]
85,[0.36905894],0.5019214512628789,[0.13286252]
86,[0.09966435],0.49291132301941515,[0.39324697]
87,[0.82625421],0.506287677690264,[0.31996653]
88,[0.24664753],0.5185822355135932,[0.27193471]
89,[0.59315252],0.5425688487906561,[0.05058367]
90,[0.10012448],0.512681513393154,[0.41255703]
91,[0.52720355],0.47314113264567625,[0.05406242]
92,[0.40686303],0.43869738106175626,[0.03183435]
93,[0.05494152],0.5185822355135932,[0.46364072]
94,[0.19579528],0.5185822355135932,[0.32278695]
95,[0.76810084],0.5227535622601768,[0.24534727]
96,[0.47314113],0.512681513393154,[0.03954038]
97,[0.61613817],0.47314113264567625,[0.14299704]
98,[0.87616306],0.5227535622601768,[0.35340949]
99,[0.51268151],0.4221189811693051,[0.09056253]
