,0,1,2
0,[0.51108756],0.506287677690264,[0.00479988]
1,[0.64271925],0.455752924297977,[0.18696633]
2,[0.20496425],0.5227535622601768,[0.31778931]
3,[0.04448066],0.512681513393154,[0.46820086]
4,[0.61595194],0.455752924297977,[0.16019902]
5,[0.95419094],0.492755343869136,[0.4614356]
6,[0.11123297],0.5100248302690313,[0.39879186]
7,[0.38848504],0.512681513393154,[0.12419648]
8,[0.65328812],0.492755343869136,[0.16053278]
9,[0.55830601],0.492755343869136,[0.06555067]
10,[0.45658054],0.512681513393154,[0.05610097]
11,[0.72351831],0.506287677690264,[0.21723063]
12,[0.70480521],0.5089621018814409,[0.1958431]
13,[0.70689453],0.45658053892777173,[0.25031399]
14,[0.37320003],0.5110875586566217,[0.13788753]
15,[0.12090246],0.5185822355135932,[0.39767978]
16,[0.64527452],0.492755343869136,[0.15251918]
17,[0.17531127],0.512681513393154,[0.33737025]
18,[0.07444586],0.506287677690264,[0.43184182]
19,[0.13838579],0.5185822355135932,[0.38019644]
20,[0.1943495],0.512681513393154,[0.31833202]
21,[0.15499495],0.5089621018814409,[0.35396715]
22,[0.16373675],0.512681513393154,[0.34894476]
23,[0.62392037],0.492755343869136,[0.13116502]
24,[0.0333673],0.506287677690264,[0.47292038]
25,[0.45575292],0.47314113264567625,[0.01738821]
26,[0.5089621],0.47314113264567625,[0.03582097]
27,[0.14127806],0.492755343869136,[0.35147728]
28,[0.28164244],0.5110875586566217,[0.22944512]
29,[0.31682258],0.5089621018814409,[0.19213952]
30,[0.90922962],0.4829482382574061,[0.42628138]
31,[0.88102103],0.5110875586566217,[0.36993347]
32,[0.17154481],0.5185822355135932,[0.34703742]
33,[0.39267636],0.5089621018814409,[0.11628574]
34,[0.06167824],0.5110875586566217,[0.44940932]
35,[0.3646795],0.512681513393154,[0.14800202]
36,[0.72722409],0.47314113264567625,[0.25408295]
37,[0.56238414],0.45658053892777173,[0.1058036]
38,[0.87997668],0.5110875586566217,[0.36888913]
39,[0.91567748],0.455752924297977,[0.45992456]
40,[0.38616118],0.5089621018814409,[0.12280092]
41,[0.95705513],0.464860835786724,[0.4921943]
42,[0.51858224],0.506287677690264,[0.01229456]
43,[0.6337776],0.47314113264567625,[0.16063647]
44,[0.05666415],0.5110875586566217,[0.45442341]
45,[0.09820885],0.5089621018814409,[0.41075325]
46,[0.49275534],0.5089621018814409,[0.01620676]
47,[0.42759549],0.5110875586566217,[0.08349207]
48,[0.2760191],0.5292054994023478,[0.2531864]
49,[0.02956676],0.506287677690264,[0.47672092]
50,[0.56956096],0.492755343869136,[0.07680562]
51,[0.23020776],0.5181703409575144,[0.28796258]
52,[0.69750556],0.506287677690264,[0.19121788]
53,[0.50628768],0.5089621018814409,[0.00267442]
54,[0.40909976],0.5227535622601768,[0.1136538]
55,[0.28048886],0.512681513393154,[0.23219266]
56,[0.69552335],0.5110875586566217,[0.18443579]
57,[0.42164184],0.5089621018814409,[0.08732026]
58,[0.95918084],0.506287677690264,[0.45289316]
59,[0.55450279],0.45658053892777173,[0.09792226]
60,[0.41144048],0.5110875586566217,[0.09964708]
61,[0.76772708],0.45658053892777173,[0.31114654]
62,[0.90368167],0.4995215107797,[0.40416016]
63,[0.93475543],0.5089621018814409,[0.42579333]
64,[0.90903911],0.506287677690264,[0.40275143]
65,[0.0341579],0.506287677690264,[0.47212978]
66,[0.5292055],0.47314113264567625,[0.05606437]
67,[0.52275356],0.5110875586566217,[0.011666]
68,[0.93814971],0.47314113264567625,[0.46500858]
69,[0.26605417],0.512681513393154,[0.24662735]
70,[0.4147461],0.5089621018814409,[0.09421601]
71,[0.09811081],0.512681513393154,[0.41457071]
72,[0.84823383],0.506287677690264,[0.34194616]
73,[0.10537631],0.492755343869136,[0.38737904]
74,[0.51775845],0.5089621018814409,[0.00879634]
75,[0.25045545],0.4829482382574061,[0.23249278]
76,[0.69628098],0.45658053892777173,[0.23970044]
77,[0.03855457],0.5089621018814409,[0.47040753]
78,[0.99123778],0.5110875586566217,[0.48015022]
79,[0.65522144],0.492755343869136,[0.1624661]
80,[0.87012447],0.47314113264567625,[0.39698333]
81,[0.89625892],0.5110875586566217,[0.38517136]
82,[0.86656028],0.492755343869136,[0.37380493]
83,[0.93800197],0.506287677690264,[0.43171429]
84,[0.76539551],0.506287677690264,[0.25910783]
85,[0.36905894],0.512681513393154,[0.14362258]
86,[0.09966435],0.5110875586566217,[0.41142321]
87,[0.82625421],0.5076248897858524,[0.31862932]
88,[0.24664753],0.5177584464014355,[0.27111092]
89,[0.59315252],0.506287677690264,[0.08686484]
90,[0.10012448],0.512681513393154,[0.41255703]
91,[0.52720355],0.47314113264567625,[0.05406242]
92,[0.40686303],0.5089621018814409,[0.10209907]
93,[0.05494152],0.512681513393154,[0.45773999]
94,[0.19579528],0.512681513393154,[0.31688623]
95,[0.76810084],0.455752924297977,[0.31234791]
96,[0.47314113],0.5089621018814409,[0.03582097]
97,[0.61613817],0.5089621018814409,[0.10717607]
98,[0.87616306],0.47314113264567625,[0.40302192]
99,[0.51268151],0.45616673161287435,[0.05651478]
