,0,1,2
0,[0.51108756],0.506287677690264,[0.00479988]
1,[0.64271925],0.455752924297977,[0.18696633]
2,[0.20496425],0.5185822355135932,[0.31361799]
3,[0.04448066],0.5110875586566217,[0.4666069]
4,[0.61595194],0.47314113264567625,[0.14281081]
5,[0.95419094],0.506287677690264,[0.44790327]
6,[0.11123297],0.5089621018814409,[0.39772913]
7,[0.38848504],0.512681513393154,[0.12419648]
8,[0.65328812],0.506287677690264,[0.14700045]
9,[0.55830601],0.492755343869136,[0.06555067]
10,[0.45658054],0.512681513393154,[0.05610097]
11,[0.72351831],0.5076248897858524,[0.21589342]
12,[0.70480521],0.506287677690264,[0.19851753]
13,[0.70689453],0.45658053892777173,[0.25031399]
14,[0.37320003],0.512681513393154,[0.13948148]
15,[0.12090246],0.5185822355135932,[0.39767978]
16,[0.64527452],0.5089621018814409,[0.13631242]
17,[0.17531127],0.5089621018814409,[0.33365084]
18,[0.07444586],0.506287677690264,[0.43184182]
19,[0.13838579],0.5185822355135932,[0.38019644]
20,[0.1943495],0.512681513393154,[0.31833202]
21,[0.15499495],0.5089621018814409,[0.35396715]
22,[0.16373675],0.512681513393154,[0.34894476]
23,[0.62392037],0.47314113264567625,[0.15077924]
24,[0.0333673],0.506287677690264,[0.47292038]
25,[0.45575292],0.492755343869136,[0.03700242]
26,[0.5089621],0.492755343869136,[0.01620676]
27,[0.14127806],0.5076248897858524,[0.36634683]
28,[0.28164244],0.5110875586566217,[0.22944512]
29,[0.31682258],0.5076248897858524,[0.19080231]
30,[0.90922962],0.4995215107797,[0.40970811]
31,[0.88102103],0.512681513393154,[0.36833951]
32,[0.17154481],0.5185822355135932,[0.34703742]
33,[0.39267636],0.5110875586566217,[0.1184112]
34,[0.06167824],0.5110875586566217,[0.44940932]
35,[0.3646795],0.512681513393154,[0.14800202]
36,[0.72722409],0.45658053892777173,[0.27064355]
37,[0.56238414],0.45658053892777173,[0.1058036]
38,[0.87997668],0.512681513393154,[0.36729517]
39,[0.91567748],0.455752924297977,[0.45992456]
40,[0.38616118],0.5089621018814409,[0.12280092]
41,[0.95705513],0.455752924297977,[0.50130221]
42,[0.51858224],0.492755343869136,[0.02582689]
43,[0.6337776],0.45658053892777173,[0.17719706]
44,[0.05666415],0.5110875586566217,[0.45442341]
45,[0.09820885],0.5110875586566217,[0.41287871]
46,[0.49275534],0.5110875586566217,[0.01833221]
47,[0.42759549],0.5110875586566217,[0.08349207]
48,[0.2760191],0.5227535622601768,[0.24673446]
49,[0.02956676],0.512681513393154,[0.48311476]
50,[0.56956096],0.492755343869136,[0.07680562]
51,[0.23020776],0.5177584464014355,[0.28755069]
52,[0.69750556],0.506287677690264,[0.19121788]
53,[0.50628768],0.5089621018814409,[0.00267442]
54,[0.40909976],0.5227535622601768,[0.1136538]
55,[0.28048886],0.5110875586566217,[0.2305987]
56,[0.69552335],0.5089621018814409,[0.18656125]
57,[0.42164184],0.5089621018814409,[0.08732026]
58,[0.95918084],0.506287677690264,[0.45289316]
59,[0.55450279],0.47314113264567625,[0.08136166]
60,[0.41144048],0.5100248302690313,[0.09858435]
61,[0.76772708],0.45658053892777173,[0.31114654]
62,[0.90368167],0.5089621018814409,[0.39471957]
63,[0.93475543],0.506287677690264,[0.42846776]
64,[0.90903911],0.506287677690264,[0.40275143]
65,[0.0341579],0.5089621018814409,[0.4748042]
66,[0.5292055],0.47314113264567625,[0.05606437]
67,[0.52275356],0.492755343869136,[0.02999822]
68,[0.93814971],0.47314113264567625,[0.46500858]
69,[0.26605417],0.5110875586566217,[0.24503339]
70,[0.4147461],0.5089621018814409,[0.09421601]
71,[0.09811081],0.5110875586566217,[0.41297675]
72,[0.84823383],0.4829482382574061,[0.3652856]
73,[0.10537631],0.492755343869136,[0.38737904]
74,[0.51775845],0.5110875586566217,[0.00667089]
75,[0.25045545],0.4829482382574061,[0.23249278]
76,[0.69628098],0.492755343869136,[0.20352564]
77,[0.03855457],0.512681513393154,[0.47412695]
78,[0.99123778],0.5089621018814409,[0.48227568]
79,[0.65522144],0.492755343869136,[0.1624661]
80,[0.87012447],0.45658053892777173,[0.41354393]
81,[0.89625892],0.5076248897858524,[0.38863403]
82,[0.86656028],0.506287677690264,[0.3602726]
83,[0.93800197],0.5118845360248878,[0.42611743]
84,[0.76539551],0.506287677690264,[0.25910783]
85,[0.36905894],0.512681513393154,[0.14362258]
86,[0.09966435],0.5089621018814409,[0.40929775]
87,[0.82625421],0.506287677690264,[0.31996653]
88,[0.24664753],0.5177584464014355,[0.27111092]
89,[0.59315252],0.4995215107797,[0.09363101]
90,[0.10012448],0.512681513393154,[0.41255703]
91,[0.52720355],0.492755343869136,[0.03444821]
92,[0.40686303],0.4829482382574061,[0.07608521]
93,[0.05494152],0.5118845360248878,[0.45694302]
94,[0.19579528],0.5118845360248878,[0.31608925]
95,[0.76810084],0.455752924297977,[0.31234791]
96,[0.47314113],0.5089621018814409,[0.03582097]
97,[0.61613817],0.5089621018814409,[0.10717607]
98,[0.87616306],0.506287677690264,[0.36987538]
99,[0.51268151],0.492755343869136,[0.01992617]
