,0,1,2
0,[0.51108756],0.4829482382574061,[0.02813932]
1,[0.64271925],0.4995215107797,[0.14319774]
2,[0.20496425],0.5110875586566217,[0.30612331]
3,[0.04448066],0.5110875586566217,[0.4666069]
4,[0.61595194],0.506287677690264,[0.10966426]
5,[0.95419094],0.5152199798972947,[0.43897096]
6,[0.11123297],0.5100248302690313,[0.39879186]
7,[0.38848504],0.492755343869136,[0.10427031]
8,[0.65328812],0.4503683095143833,[0.20291981]
9,[0.55830601],0.455752924297977,[0.10255309]
10,[0.45658054],0.5185822355135932,[0.0620017]
11,[0.72351831],0.42164183782553555,[0.30187647]
12,[0.70480521],0.5185822355135932,[0.18622297]
13,[0.70689453],0.42164183782553555,[0.28525269]
14,[0.37320003],0.5228928949291201,[0.14969286]
15,[0.12090246],0.4246186621043129,[0.30371621]
16,[0.64527452],0.4829482382574061,[0.16232628]
17,[0.17531127],0.5089621018814409,[0.33365084]
18,[0.07444586],0.47314113264567625,[0.39869527]
19,[0.13838579],0.5292054994023478,[0.39081971]
20,[0.1943495],0.4742541340835565,[0.27990464]
21,[0.15499495],0.4742541340835565,[0.31925918]
22,[0.16373675],0.5100248302690313,[0.34628808]
23,[0.62392037],0.4995215107797,[0.12439886]
24,[0.0333673],0.492755343869136,[0.45938804]
25,[0.45575292],0.42164183782553555,[0.03411109]
26,[0.5089621],0.455752924297977,[0.05320918]
27,[0.14127806],0.43869738106175626,[0.29741932]
28,[0.28164244],0.455752924297977,[0.17411049]
29,[0.31682258],0.455752924297977,[0.13893034]
30,[0.90922962],0.42164183782553555,[0.48758778]
31,[0.88102103],0.506287677690264,[0.37473335]
32,[0.17154481],0.5813567417071808,[0.40981193]
33,[0.39267636],0.5292054994023478,[0.13652914]
34,[0.06167824],0.5110875586566217,[0.44940932]
35,[0.3646795],0.41834762410797804,[0.05366813]
36,[0.72722409],0.5259795308312623,[0.20124455]
37,[0.56238414],0.442088012655431,[0.12029612]
38,[0.87997668],0.5227535622601768,[0.35722312]
39,[0.91567748],0.41080456318393255,[0.50487292]
40,[0.38616118],0.5228928949291201,[0.13673172]
41,[0.95705513],0.42164183782553555,[0.5354133]
42,[0.51858224],0.5292054994023478,[0.01062326]
43,[0.6337776],0.4503683095143833,[0.18340929]
44,[0.05666415],0.47314113264567625,[0.41647698]
45,[0.09820885],0.5076248897858524,[0.40941604]
46,[0.49275534],0.4114404761492455,[0.08131487]
47,[0.42759549],0.4829482382574061,[0.05535275]
48,[0.2760191],0.5659725483029108,[0.28995345]
49,[0.02956676],0.4246186621043129,[0.3950519]
50,[0.56956096],0.5259795308312623,[0.04358143]
51,[0.23020776],0.527203554344647,[0.2969958]
52,[0.69750556],0.5185822355135932,[0.17892333]
53,[0.50628768],0.5110875586566217,[0.00479988]
54,[0.40909976],0.5659725483029108,[0.15687279]
55,[0.28048886],0.5019214512628789,[0.22143259]
56,[0.69552335],0.506287677690264,[0.18923567]
57,[0.42164184],0.455752924297977,[0.03411109]
58,[0.95918084],0.5259795308312623,[0.43320131]
59,[0.55450279],0.4275954863830903,[0.12690731]
60,[0.41144048],0.5100248302690313,[0.09858435]
61,[0.76772708],0.39267635834000403,[0.37505072]
62,[0.90368167],0.506287677690264,[0.397394]
63,[0.93475543],0.5177584464014355,[0.41699699]
64,[0.90903911],0.5185822355135932,[0.39045687]
65,[0.0341579],0.4742541340835565,[0.44009623]
66,[0.5292055],0.45658053892777173,[0.07262496]
67,[0.52275356],0.5931525221296756,[0.07039896]
68,[0.93814971],0.42164183782553555,[0.51650787]
69,[0.26605417],0.5238938674579705,[0.2578397]
70,[0.4147461],0.455752924297977,[0.04100683]
71,[0.09811081],0.5110875586566217,[0.41297675]
72,[0.84823383],0.5259795308312623,[0.3222543]
73,[0.10537631],0.4275954863830903,[0.32221918]
74,[0.51775845],0.5177175378266654,[4.09085748e-05]
75,[0.25045545],0.455752924297977,[0.20529747]
76,[0.69628098],0.4181939671940423,[0.27808702]
77,[0.03855457],0.5931525221296756,[0.55459795]
78,[0.99123778],0.5259795308312623,[0.46525825]
79,[0.65522144],0.5152199798972947,[0.14000146]
80,[0.87012447],0.455752924297977,[0.41437154]
81,[0.89625892],0.506287677690264,[0.38997124]
82,[0.86656028],0.41080456318393255,[0.45575571]
83,[0.93800197],0.5259795308312623,[0.41202244]
84,[0.76539551],0.4829482382574061,[0.28244727]
85,[0.36905894],0.5019214512628789,[0.13286252]
86,[0.09966435],0.5100248302690313,[0.41036048]
87,[0.82625421],0.5185822355135932,[0.30767197]
88,[0.24664753],0.5292054994023478,[0.28255797]
89,[0.59315252],0.5659725483029108,[0.02717997]
90,[0.10012448],0.5110875586566217,[0.41096308]
91,[0.52720355],0.4275954863830903,[0.09960807]
92,[0.40686303],0.455752924297977,[0.04888989]
93,[0.05494152],0.5185822355135932,[0.46364072]
94,[0.19579528],0.512681513393154,[0.31688623]
95,[0.76810084],0.48675568534970626,[0.28134515]
96,[0.47314113],0.5110875586566217,[0.03794643]
97,[0.61613817],0.47314113264567625,[0.14299704]
98,[0.87616306],0.4954497895235559,[0.38071327]
99,[0.51268151],0.4221189811693051,[0.09056253]
