,0,1,2
0,[0.51108756],0.4995215107797,[0.01156605]
1,[0.64271925],0.45616673161287435,[0.18655252]
2,[0.20496425],0.5152199798972947,[0.31025573]
3,[0.04448066],0.5110875586566217,[0.4666069]
4,[0.61595194],0.47314113264567625,[0.14281081]
5,[0.95419094],0.506287677690264,[0.44790327]
6,[0.11123297],0.5110875586566217,[0.39985459]
7,[0.38848504],0.512681513393154,[0.12419648]
8,[0.65328812],0.492755343869136,[0.16053278]
9,[0.55830601],0.4995215107797,[0.0587845]
10,[0.45658054],0.512681513393154,[0.05610097]
11,[0.72351831],0.492755343869136,[0.23076296]
12,[0.70480521],0.506287677690264,[0.19851753]
13,[0.70689453],0.45658053892777173,[0.25031399]
14,[0.37320003],0.512681513393154,[0.13948148]
15,[0.12090246],0.5177584464014355,[0.39685599]
16,[0.64527452],0.5089621018814409,[0.13631242]
17,[0.17531127],0.512681513393154,[0.33737025]
18,[0.07444586],0.506287677690264,[0.43184182]
19,[0.13838579],0.5185822355135932,[0.38019644]
20,[0.1943495],0.512681513393154,[0.31833202]
21,[0.15499495],0.5089621018814409,[0.35396715]
22,[0.16373675],0.5177584464014355,[0.35402169]
23,[0.62392037],0.47314113264567625,[0.15077924]
24,[0.0333673],0.5089621018814409,[0.4755948]
25,[0.45575292],0.492755343869136,[0.03700242]
26,[0.5089621],0.492755343869136,[0.01620676]
27,[0.14127806],0.5089621018814409,[0.36768404]
28,[0.28164244],0.512681513393154,[0.23103908]
29,[0.31682258],0.5089621018814409,[0.19213952]
30,[0.90922962],0.506287677690264,[0.40294194]
31,[0.88102103],0.5110875586566217,[0.36993347]
32,[0.17154481],0.5185822355135932,[0.34703742]
33,[0.39267636],0.512681513393154,[0.12000516]
34,[0.06167824],0.512681513393154,[0.45100328]
35,[0.3646795],0.5110875586566217,[0.14640806]
36,[0.72722409],0.47314113264567625,[0.25408295]
37,[0.56238414],0.45658053892777173,[0.1058036]
38,[0.87997668],0.5110875586566217,[0.36888913]
39,[0.91567748],0.47314113264567625,[0.44253635]
40,[0.38616118],0.5089621018814409,[0.12280092]
41,[0.95705513],0.45658053892777173,[0.50047459]
42,[0.51858224],0.492755343869136,[0.02582689]
43,[0.6337776],0.45658053892777173,[0.17719706]
44,[0.05666415],0.5089621018814409,[0.45229795]
45,[0.09820885],0.5110875586566217,[0.41287871]
46,[0.49275534],0.5100248302690313,[0.01726949]
47,[0.42759549],0.5110875586566217,[0.08349207]
48,[0.2760191],0.5206678988868849,[0.2446488]
49,[0.02956676],0.512681513393154,[0.48311476]
50,[0.56956096],0.492755343869136,[0.07680562]
51,[0.23020776],0.512681513393154,[0.28247375]
52,[0.69750556],0.492755343869136,[0.20475022]
53,[0.50628768],0.5089621018814409,[0.00267442]
54,[0.40909976],0.5206678988868849,[0.11156814]
55,[0.28048886],0.5110875586566217,[0.2305987]
56,[0.69552335],0.5076248897858524,[0.18789846]
57,[0.42164184],0.512681513393154,[0.09103968]
58,[0.95918084],0.492755343869136,[0.46642549]
59,[0.55450279],0.47314113264567625,[0.08136166]
60,[0.41144048],0.5110875586566217,[0.09964708]
61,[0.76772708],0.47314113264567625,[0.29458595]
62,[0.90368167],0.506287677690264,[0.397394]
63,[0.93475543],0.4995215107797,[0.43523392]
64,[0.90903911],0.506287677690264,[0.40275143]
65,[0.0341579],0.5089621018814409,[0.4748042]
66,[0.5292055],0.492755343869136,[0.03645016]
67,[0.52275356],0.492755343869136,[0.02999822]
68,[0.93814971],0.47314113264567625,[0.46500858]
69,[0.26605417],0.512681513393154,[0.24662735]
70,[0.4147461],0.5089621018814409,[0.09421601]
71,[0.09811081],0.512681513393154,[0.41457071]
72,[0.84823383],0.47314113264567625,[0.3750927]
73,[0.10537631],0.5089621018814409,[0.40358579]
74,[0.51775845],0.5089621018814409,[0.00879634]
75,[0.25045545],0.506287677690264,[0.25583222]
76,[0.69628098],0.506287677690264,[0.18999331]
77,[0.03855457],0.512681513393154,[0.47412695]
78,[0.99123778],0.5089621018814409,[0.48227568]
79,[0.65522144],0.492755343869136,[0.1624661]
80,[0.87012447],0.47314113264567625,[0.39698333]
81,[0.89625892],0.506287677690264,[0.38997124]
82,[0.86656028],0.506287677690264,[0.3602726]
83,[0.93800197],0.5089621018814409,[0.42903987]
84,[0.76539551],0.506287677690264,[0.25910783]
85,[0.36905894],0.512681513393154,[0.14362258]
86,[0.09966435],0.5110875586566217,[0.41142321]
87,[0.82625421],0.506287677690264,[0.31996653]
88,[0.24664753],0.5177584464014355,[0.27111092]
89,[0.59315252],0.4995215107797,[0.09363101]
90,[0.10012448],0.512681513393154,[0.41255703]
91,[0.52720355],0.492755343869136,[0.03444821]
92,[0.40686303],0.506287677690264,[0.09942465]
93,[0.05494152],0.5177584464014355,[0.46281693]
94,[0.19579528],0.5110875586566217,[0.31529228]
95,[0.76810084],0.45616673161287435,[0.3119341]
96,[0.47314113],0.5089621018814409,[0.03582097]
97,[0.61613817],0.4995215107797,[0.11661666]
98,[0.87616306],0.492755343869136,[0.38340771]
99,[0.51268151],0.492755343869136,[0.01992617]
