,0,1,2
0,[0.51108756],0.4995215107797,[0.01156605]
1,[0.64271925],0.492755343869136,[0.14996391]
2,[0.20496425],0.5110875586566217,[0.30612331]
3,[0.04448066],0.5110875586566217,[0.4666069]
4,[0.61595194],0.455752924297977,[0.16019902]
5,[0.95419094],0.5177584464014355,[0.4364325]
6,[0.11123297],0.5100248302690313,[0.39879186]
7,[0.38848504],0.5076248897858524,[0.11913985]
8,[0.65328812],0.464860835786724,[0.18842729]
9,[0.55830601],0.502718428631145,[0.05558758]
10,[0.45658054],0.5185822355135932,[0.0620017]
11,[0.72351831],0.4275954863830903,[0.29592282]
12,[0.70480521],0.5185822355135932,[0.18622297]
13,[0.70689453],0.4275954863830903,[0.27929904]
14,[0.37320003],0.5228928949291201,[0.14969286]
15,[0.12090246],0.42164183782553555,[0.30073938]
16,[0.64527452],0.506287677690264,[0.13898684]
17,[0.17531127],0.5185822355135932,[0.34327097]
18,[0.07444586],0.4644470284718266,[0.39000117]
19,[0.13838579],0.5185822355135932,[0.38019644]
20,[0.1943495],0.455752924297977,[0.26140343]
21,[0.15499495],0.492755343869136,[0.33776039]
22,[0.16373675],0.5100248302690313,[0.34628808]
23,[0.62392037],0.455752924297977,[0.16816744]
24,[0.0333673],0.506287677690264,[0.47292038]
25,[0.45575292],0.414746096562549,[0.04100683]
26,[0.5089621],0.492755343869136,[0.01620676]
27,[0.14127806],0.42164183782553555,[0.28036378]
28,[0.28164244],0.5177584464014355,[0.23611601]
29,[0.31682258],0.455752924297977,[0.13893034]
30,[0.90922962],0.492755343869136,[0.41647428]
31,[0.88102103],0.5100248302690313,[0.3709962]
32,[0.17154481],0.5931525221296756,[0.42160771]
33,[0.39267636],0.5185822355135932,[0.12590588]
34,[0.06167824],0.5110875586566217,[0.44940932]
35,[0.3646795],0.4275954863830903,[0.06291599]
36,[0.72722409],0.5227535622601768,[0.20447052]
37,[0.56238414],0.45658053892777173,[0.1058036]
38,[0.87997668],0.5206678988868849,[0.35930879]
39,[0.91567748],0.4068630298053161,[0.50881445]
40,[0.38616118],0.527203554344647,[0.14104238]
41,[0.95705513],0.4644470284718266,[0.4926081]
42,[0.51858224],0.5110875586566217,[0.00749468]
43,[0.6337776],0.464860835786724,[0.16891676]
44,[0.05666415],0.455752924297977,[0.39908877]
45,[0.09820885],0.5089621018814409,[0.41075325]
46,[0.49275534],0.455752924297977,[0.03700242]
47,[0.42759549],0.5110875586566217,[0.08349207]
48,[0.2760191],0.5623841353211355,[0.28636504]
49,[0.02956676],0.45616673161287435,[0.42659997]
50,[0.56956096],0.5185822355135932,[0.05097873]
51,[0.23020776],0.5282045268734974,[0.29799677]
52,[0.69750556],0.5110875586566217,[0.186418]
53,[0.50628768],0.5110875586566217,[0.00479988]
54,[0.40909976],0.5695609612846859,[0.1604612]
55,[0.28048886],0.5019214512628789,[0.22143259]
56,[0.69552335],0.4897144051679701,[0.20580895]
57,[0.42164184],0.5177584464014355,[0.09611661]
58,[0.95918084],0.5227535622601768,[0.43642727]
59,[0.55450279],0.45658053892777173,[0.09792226]
60,[0.41144048],0.5100248302690313,[0.09858435]
61,[0.76772708],0.45616673161287435,[0.31156035]
62,[0.90368167],0.506287677690264,[0.397394]
63,[0.93475543],0.5202560043308062,[0.41449943]
64,[0.90903911],0.5110875586566217,[0.39795155]
65,[0.0341579],0.455752924297977,[0.42159502]
66,[0.5292055],0.45658053892777173,[0.07262496]
67,[0.52275356],0.5931525221296756,[0.07039896]
68,[0.93814971],0.414746096562549,[0.52340361]
69,[0.26605417],0.512681513393154,[0.24662735]
70,[0.4147461],0.455752924297977,[0.04100683]
71,[0.09811081],0.5110875586566217,[0.41297675]
72,[0.84823383],0.5185822355135932,[0.3296516]
73,[0.10537631],0.492755343869136,[0.38737904]
74,[0.51775845],0.5227535622601768,[0.00499512]
75,[0.25045545],0.492755343869136,[0.24229989]
76,[0.69628098],0.4275954863830903,[0.2686855]
77,[0.03855457],0.5931525221296756,[0.55459795]
78,[0.99123778],0.5227535622601768,[0.46848422]
79,[0.65522144],0.5177584464014355,[0.137463]
80,[0.87012447],0.42164183782553555,[0.44848263]
81,[0.89625892],0.47314113264567625,[0.42311779]
82,[0.86656028],0.4275954863830903,[0.43896479]
83,[0.93800197],0.5227535622601768,[0.41524841]
84,[0.76539551],0.4995215107797,[0.265874]
85,[0.36905894],0.5100248302690313,[0.1409659]
86,[0.09966435],0.5177584464014355,[0.41809409]
87,[0.82625421],0.5110875586566217,[0.31516665]
88,[0.24664753],0.5457948173617417,[0.29914729]
89,[0.59315252],0.5623841353211355,[0.03076839]
90,[0.10012448],0.5100248302690313,[0.40990035]
91,[0.52720355],0.45658053892777173,[0.07062302]
92,[0.40686303],0.455752924297977,[0.04888989]
93,[0.05494152],0.5238938674579705,[0.46895235]
94,[0.19579528],0.5156318744533737,[0.31983659]
95,[0.76810084],0.4275954863830903,[0.34050535]
96,[0.47314113],0.5110875586566217,[0.03794643]
97,[0.61613817],0.5118845360248878,[0.10425363]
98,[0.87616306],0.455752924297977,[0.42041013]
99,[0.51268151],0.4221189811693051,[0.09056253]
