,0,1,2
0,[0.12316857],0.35556586061590667,[0.23239729]
1,[0.32686084],0.39045395158950286,[0.06359312]
2,[0.8883526],0.48895842511530774,[0.39939418]
3,[0.80930764],0.387787059263733,[0.42152058]
4,[0.12030858],0.5109018506049274,[0.39059328]
5,[0.20535597],0.5328452760945471,[0.32748931]
6,[0.73566143],0.48895842511530774,[0.246703]
7,[0.08681195],0.4257034850795772,[0.33889154]
8,[0.06939315],0.5328452760945471,[0.46345213]
9,[0.85746329],0.42635863937851937,[0.43110465]
10,[0.26718015],0.4257034850795772,[0.15852333]
11,[0.42570349],0.34478908071983805,[0.0809144]
12,[0.73693026],0.40461170442700567,[0.33231856]
13,[0.30830457],0.4257034850795772,[0.11739892]
14,[0.6802642],0.35556586061590667,[0.32469834]
15,[0.78187783],0.48358896621951075,[0.29828886]
16,[0.05891756],0.426567361403096,[0.3676498]
17,[0.83507683],0.42635863937851937,[0.40871819]
18,[0.93136641],0.387787059263733,[0.54357936]
19,[0.06502209],0.5109018506049274,[0.44587976]
20,[0.04619686],0.4257034850795772,[0.37950662]
21,[0.48895843],0.5328452760945471,[0.04388685]
22,[0.59055272],0.34693411121941115,[0.24361861]
23,[0.44852302],0.40461170442700567,[0.04391131]
24,[0.21475502],0.5072576453201088,[0.29250262]
25,[0.25322356],0.4220814216073681,[0.16885786]
26,[0.7503426],0.48895842511530774,[0.26138418]
27,[0.65509757],0.4257034850795772,[0.22939408]
28,[0.18809388],0.4257034850795772,[0.23760961]
29,[0.7294188],0.40461170442700567,[0.32480709]
30,[0.81472544],0.38008878252145617,[0.43463665]
31,[0.90355727],0.43230906430875715,[0.4712482]
32,[0.91338353],0.387787059263733,[0.52559647]
33,[0.06105482],0.35556586061590667,[0.29451104]
34,[0.24717862],0.4485230183791863,[0.2013444]
35,[0.88138859],0.48358896621951075,[0.39779962]
36,[0.02767865],0.5072576453201088,[0.47957899]
37,[0.91370847],0.48895842511530774,[0.42475004]
38,[0.45176134],0.4257034850795772,[0.02605785]
39,[0.98479484],0.34478908071983805,[0.64000576]
40,[0.53284528],0.48895842511530774,[0.04388685]
41,[0.08109998],0.5109018506049274,[0.42980187]
42,[0.31175432],0.4485230183791863,[0.1367687]
43,[0.96186325],0.38008878252145617,[0.58177447]
44,[0.1922243],0.5737749970243835,[0.3815507]
45,[0.33957698],0.5072576453201088,[0.16768067]
46,[0.0598507],0.5072576453201088,[0.44740694]
47,[0.0829327],0.4257034850795772,[0.34277078]
48,[0.573775],0.48895842511530774,[0.08481657]
49,[0.96270214],0.4485230183791863,[0.51417912]
50,[0.41285679],0.5072576453201088,[0.09440085]
51,[0.58659805],0.4257034850795772,[0.16089456]
52,[0.42635864],0.387787059263733,[0.03857158]
53,[0.27847261],0.4485230183791863,[0.17005041]
54,[0.80768525],0.42635863937851937,[0.38132661]
55,[0.31399985],0.4260310622290483,[0.11203122]
56,[0.03309488],0.4257034850795772,[0.39260861]
57,[0.69985232],0.35896087163781865,[0.34089145]
58,[0.77022509],0.40461170442700567,[0.36561338]
59,[0.10565944],0.4257034850795772,[0.32004404]
60,[0.02934341],0.468740721747247,[0.43939732]
61,[0.79122499],0.34478908071983805,[0.44643591]
62,[0.10674487],0.4485230183791863,[0.34177814]
63,[0.17739748],0.4485230183791863,[0.27112554]
64,[0.12731093],0.34693411121941115,[0.21962318]
65,[0.05200632],0.5328452760945471,[0.48083896]
66,[0.97416711],0.48895842511530774,[0.48520868]
67,[0.9427677],0.48358896621951075,[0.45917873]
68,[0.70594168],0.42635863937851937,[0.27958304]
69,[0.6850101],0.48895842511530774,[0.19605168]
70,[0.11722438],0.4260310622290483,[0.30880668]
71,[0.20836225],0.4220814216073681,[0.21371917]
72,[0.3386638],0.4220814216073681,[0.08341762]
73,[0.77862807],0.34478908071983805,[0.43383899]
74,[0.16115013],0.5072576453201088,[0.34610751]
75,[0.62440956],0.48358896621951075,[0.14082059]
76,[0.28152909],0.4220814216073681,[0.14055234]
77,[0.10708543],0.5737749970243835,[0.46668957]
78,[0.68622223],0.34478908071983805,[0.34143315]
79,[0.1970764],0.45176133526625706,[0.25468494]
80,[0.48358897],0.5109018506049274,[0.02731288]
81,[0.84648106],0.3386638043393938,[0.50781725]
82,[0.22632526],0.4257034850795772,[0.19937823]
83,[0.87053832],0.3386638043393938,[0.53187451]
84,[0.82458198],0.35896087163781865,[0.4656211]
85,[0.90247271],0.3386638043393938,[0.56380891]
86,[0.89697142],0.34693411121941115,[0.55003731]
87,[0.36271733],0.4260310622290483,[0.06331374]
88,[0.50725765],0.40873424888913146,[0.0985234]
89,[0.13151403],0.5533101365594653,[0.4217961]
90,[0.4046117],0.4485230183791863,[0.04391131]
91,[0.02746634],0.43711325172938176,[0.40964691]
92,[0.15761303],0.4257034850795772,[0.26809046]
93,[0.76848378],0.3386638043393938,[0.42981998]
94,[0.88043443],0.3386638043393938,[0.54177062]
95,[0.35520442],0.41381111472735077,[0.0586067]
96,[0.77184974],0.387787059263733,[0.38406268]
97,[0.87077184],0.38008878252145617,[0.49068305]
98,[0.35556586],0.4485230183791863,[0.09295716]
99,[0.24563467],0.35556586061590667,[0.10993119]
