,0,1,2
0,[0.12316857],0.5328452760945471,[0.40967671]
1,[0.32686084],0.42635863937851937,[0.0994978]
2,[0.8883526],0.4374408288788528,[0.45091177]
3,[0.80930764],0.35556586061590667,[0.45374178]
4,[0.12030858],0.45176133526625706,[0.33145276]
5,[0.20535597],0.5072576453201088,[0.30190168]
6,[0.73566143],0.3627173251762088,[0.3729441]
7,[0.08681195],0.45176133526625706,[0.36494939]
8,[0.06939315],0.48895842511530774,[0.41956528]
9,[0.85746329],0.45176133526625706,[0.40570195]
10,[0.26718015],0.4257034850795772,[0.15852333]
11,[0.42570349],0.3627173251762088,[0.06298616]
12,[0.73693026],0.35556586061590667,[0.3813644]
13,[0.30830457],0.4257034850795772,[0.11739892]
14,[0.6802642],0.35556586061590667,[0.32469834]
15,[0.78187783],0.4257034850795772,[0.35617434]
16,[0.05891756],0.48895842511530774,[0.43004087]
17,[0.83507683],0.4260310622290483,[0.40904577]
18,[0.93136641],0.4257034850795772,[0.50566293]
19,[0.06502209],0.5072576453201088,[0.44223555]
20,[0.04619686],0.4257034850795772,[0.37950662]
21,[0.48895843],0.5072576453201088,[0.01829922]
22,[0.59055272],0.3552044180994285,[0.23534831]
23,[0.44852302],0.45176133526625706,[0.00323832]
24,[0.21475502],0.48895842511530774,[0.2742034]
25,[0.25322356],0.41285679335125725,[0.15963323]
26,[0.7503426],0.42635863937851937,[0.32398396]
27,[0.65509757],0.40461170442700567,[0.25048586]
28,[0.18809388],0.4485230183791863,[0.26042914]
29,[0.7294188],0.3627173251762088,[0.36670147]
30,[0.81472544],0.40461170442700567,[0.41011373]
31,[0.90355727],0.4257034850795772,[0.47785378]
32,[0.91338353],0.4257034850795772,[0.48768004]
33,[0.06105482],0.4257034850795772,[0.36464866]
34,[0.24717862],0.4485230183791863,[0.2013444]
35,[0.88138859],0.41928013921541724,[0.46210845]
36,[0.02767865],0.5072576453201088,[0.47957899]
37,[0.91370847],0.4257034850795772,[0.48800498]
38,[0.45176134],0.4485230183791863,[0.00323832]
39,[0.98479484],0.3553851393576676,[0.6294097]
40,[0.53284528],0.43711325172938176,[0.09573202]
41,[0.08109998],0.45176133526625706,[0.37066135]
42,[0.31175432],0.4257034850795772,[0.11394917]
43,[0.96186325],0.4257034850795772,[0.53615977]
44,[0.1922243],0.4257034850795772,[0.23347918]
45,[0.33957698],0.5072576453201088,[0.16768067]
46,[0.0598507],0.45176133526625706,[0.39191063]
47,[0.0829327],0.41285679335125725,[0.32992409]
48,[0.573775],0.4257034850795772,[0.14807151]
49,[0.96270214],0.41285679335125725,[0.54984534]
50,[0.41285679],0.45176133526625706,[0.03890454]
51,[0.58659805],0.45176133526625706,[0.13483671]
52,[0.42635864],0.41285679335125725,[0.01350185]
53,[0.27847261],0.41285679335125725,[0.13438418]
54,[0.80768525],0.45176133526625706,[0.35592392]
55,[0.31399985],0.4257034850795772,[0.11170364]
56,[0.03309488],0.45176133526625706,[0.41866646]
57,[0.69985232],0.41928013921541724,[0.28057218]
58,[0.77022509],0.40461170442700567,[0.36561338]
59,[0.10565944],0.4257034850795772,[0.32004404]
60,[0.02934341],0.42635863937851937,[0.39701523]
61,[0.79122499],0.41285679335125725,[0.3783682]
62,[0.10674487],0.4485230183791863,[0.34177814]
63,[0.17739748],0.4257034850795772,[0.248306]
64,[0.12731093],0.41928013921541724,[0.29196921]
65,[0.05200632],0.48358896621951075,[0.43158265]
66,[0.97416711],0.40461170442700567,[0.5695554]
67,[0.9427677],0.41285679335125725,[0.52991091]
68,[0.70594168],0.4257034850795772,[0.28023819]
69,[0.6850101],0.4260310622290483,[0.25897904]
70,[0.11722438],0.42635863937851937,[0.30913426]
71,[0.20836225],0.48627369566740924,[0.27791145]
72,[0.3386638],0.48895842511530774,[0.15029462]
73,[0.77862807],0.35556586061590667,[0.42306221]
74,[0.16115013],0.5533101365594653,[0.39216]
75,[0.62440956],0.4485230183791863,[0.17588654]
76,[0.28152909],0.4485230183791863,[0.16699393]
77,[0.10708543],0.48895842511530774,[0.381873]
78,[0.68622223],0.41285679335125725,[0.27336543]
79,[0.1970764],0.48358896621951075,[0.28651257]
80,[0.48358897],0.4485230183791863,[0.03506595]
81,[0.84648106],0.3552044180994285,[0.49127664]
82,[0.22632526],0.45176133526625706,[0.22543608]
83,[0.87053832],0.40461170442700567,[0.46592661]
84,[0.82458198],0.4257034850795772,[0.39887849]
85,[0.90247271],0.3395769790680806,[0.56289573]
86,[0.89697142],0.4501421768227217,[0.44682925]
87,[0.36271733],0.42635863937851937,[0.06364131]
88,[0.50725765],0.4257034850795772,[0.08155416]
89,[0.13151403],0.5328452760945471,[0.40133124]
90,[0.4046117],0.3627173251762088,[0.04189438]
91,[0.02746634],0.4485230183791863,[0.42105668]
92,[0.15761303],0.4260310622290483,[0.26841803]
93,[0.76848378],0.35556586061590667,[0.41291792]
94,[0.88043443],0.3552044180994285,[0.52523001]
95,[0.35520442],0.48895842511530774,[0.13375401]
96,[0.77184974],0.40461170442700567,[0.36723803]
97,[0.87077184],0.4196077163648883,[0.45116412]
98,[0.35556586],0.40461170442700567,[0.04904584]
99,[0.24563467],0.4257034850795772,[0.18006882]
