,0,1,2
0,[0.12316857],0.4390599873223882,[0.31589142]
1,[0.32686084],0.45176133526625706,[0.1249005]
2,[0.8883526],0.42635863937851937,[0.46199396]
3,[0.80930764],0.3552044180994285,[0.45410322]
4,[0.12030858],0.48358896621951075,[0.36328039]
5,[0.20535597],0.48895842511530774,[0.28360246]
6,[0.73566143],0.41285679335125725,[0.32280463]
7,[0.08681195],0.4501421768227217,[0.36333023]
8,[0.06939315],0.4676751507428839,[0.398282]
9,[0.85746329],0.41285679335125725,[0.4446065]
10,[0.26718015],0.4257034850795772,[0.15852333]
11,[0.42570349],0.42635863937851937,[0.00065515]
12,[0.73693026],0.40461170442700567,[0.33231856]
13,[0.30830457],0.4257034850795772,[0.11739892]
14,[0.6802642],0.35556586061590667,[0.32469834]
15,[0.78187783],0.4260310622290483,[0.35584676]
16,[0.05891756],0.48627369566740924,[0.42735614]
17,[0.83507683],0.4257034850795772,[0.40937335]
18,[0.93136641],0.41285679335125725,[0.51850962]
19,[0.06502209],0.48895842511530774,[0.42393633]
20,[0.04619686],0.42635863937851937,[0.38016178]
21,[0.48895843],0.49542330576980975,[0.00646488]
22,[0.59055272],0.3552044180994285,[0.23534831]
23,[0.44852302],0.48358896621951075,[0.03506595]
24,[0.21475502],0.48895842511530774,[0.2742034]
25,[0.25322356],0.42635863937851937,[0.17313508]
26,[0.7503426],0.4374408288788528,[0.31290177]
27,[0.65509757],0.4257034850795772,[0.22939408]
28,[0.18809388],0.4485230183791863,[0.26042914]
29,[0.7294188],0.40873424888913146,[0.32068455]
30,[0.81472544],0.4257034850795772,[0.38902195]
31,[0.90355727],0.41285679335125725,[0.49070047]
32,[0.91338353],0.4257034850795772,[0.48768004]
33,[0.06105482],0.40461170442700567,[0.34355688]
34,[0.24717862],0.4485230183791863,[0.2013444]
35,[0.88138859],0.40461170442700567,[0.47677689]
36,[0.02767865],0.48895842511530774,[0.46127977]
37,[0.91370847],0.41285679335125725,[0.50085168]
38,[0.45176134],0.4257034850795772,[0.02605785]
39,[0.98479484],0.3627173251762088,[0.62207751]
40,[0.53284528],0.41285679335125725,[0.11998848]
41,[0.08109998],0.4485230183791863,[0.36742304]
42,[0.31175432],0.4374408288788528,[0.12568651]
43,[0.96186325],0.41285679335125725,[0.54900646]
44,[0.1922243],0.4257034850795772,[0.23347918]
45,[0.33957698],0.5072576453201088,[0.16768067]
46,[0.0598507],0.42635863937851937,[0.36650794]
47,[0.0829327],0.4257034850795772,[0.34277078]
48,[0.573775],0.4260310622290483,[0.14774393]
49,[0.96270214],0.40461170442700567,[0.55809043]
50,[0.41285679],0.42635863937851937,[0.01350185]
51,[0.58659805],0.45176133526625706,[0.13483671]
52,[0.42635864],0.4257034850795772,[0.00065515]
53,[0.27847261],0.4257034850795772,[0.14723087]
54,[0.80768525],0.42635863937851937,[0.38132661]
55,[0.31399985],0.42635863937851937,[0.11235879]
56,[0.03309488],0.4485230183791863,[0.41542814]
57,[0.69985232],0.40461170442700567,[0.29524061]
58,[0.77022509],0.40461170442700567,[0.36561338]
59,[0.10565944],0.4257034850795772,[0.32004404]
60,[0.02934341],0.42635863937851937,[0.39701523]
61,[0.79122499],0.4257034850795772,[0.36552151]
62,[0.10674487],0.48358896621951075,[0.37684409]
63,[0.17739748],0.41928013921541724,[0.24188266]
64,[0.12731093],0.41285679335125725,[0.28554586]
65,[0.05200632],0.45176133526625706,[0.39975502]
66,[0.97416711],0.40461170442700567,[0.5695554]
67,[0.9427677],0.4260310622290483,[0.51673664]
68,[0.70594168],0.41928013921541724,[0.28666154]
69,[0.6850101],0.3627173251762088,[0.32229278]
70,[0.11722438],0.42635863937851937,[0.30913426]
71,[0.20836225],0.48895842511530774,[0.28059618]
72,[0.3386638],0.42635863937851937,[0.08769484]
73,[0.77862807],0.40461170442700567,[0.37401636]
74,[0.16115013],0.48895842511530774,[0.32780829]
75,[0.62440956],0.42635863937851937,[0.19805092]
76,[0.28152909],0.4485230183791863,[0.16699393]
77,[0.10708543],0.48895842511530774,[0.381873]
78,[0.68622223],0.4257034850795772,[0.26051874]
79,[0.1970764],0.48358896621951075,[0.28651257]
80,[0.48358897],0.4485230183791863,[0.03506595]
81,[0.84648106],0.41285679335125725,[0.43362426]
82,[0.22632526],0.45176133526625706,[0.22543608]
83,[0.87053832],0.40461170442700567,[0.46592661]
84,[0.82458198],0.41285679335125725,[0.41172518]
85,[0.90247271],0.3552044180994285,[0.54726829]
86,[0.89697142],0.4501421768227217,[0.44682925]
87,[0.36271733],0.4257034850795772,[0.06298616]
88,[0.50725765],0.41285679335125725,[0.09440085]
89,[0.13151403],0.5328452760945471,[0.40133124]
90,[0.4046117],0.41285679335125725,[0.00824509]
91,[0.02746634],0.4485230183791863,[0.42105668]
92,[0.15761303],0.4260310622290483,[0.26841803]
93,[0.76848378],0.3552044180994285,[0.41327937]
94,[0.88043443],0.3627173251762088,[0.5177171]
95,[0.35520442],0.48895842511530774,[0.13375401]
96,[0.77184974],0.3627173251762088,[0.40913241]
97,[0.87077184],0.3627173251762088,[0.50805451]
98,[0.35556586],0.40461170442700567,[0.04904584]
99,[0.24563467],0.4485230183791863,[0.20288835]
