,0,1,2
0,[0.12316857],0.5109018506049274,[0.38773328]
1,[0.32686084],0.35556586061590667,[0.02870502]
2,[0.8883526],0.48895842511530774,[0.39939418]
3,[0.80930764],0.3627173251762088,[0.44659031]
4,[0.12030858],0.48358896621951075,[0.36328039]
5,[0.20535597],0.5328452760945471,[0.32748931]
6,[0.73566143],0.45497380279901506,[0.28068762]
7,[0.08681195],0.4257034850795772,[0.33889154]
8,[0.06939315],0.5328452760945471,[0.46345213]
9,[0.85746329],0.45176133526625706,[0.40570195]
10,[0.26718015],0.4257034850795772,[0.15852333]
11,[0.42570349],0.3627173251762088,[0.06298616]
12,[0.73693026],0.31175431899120587,[0.42517594]
13,[0.30830457],0.35914159289605774,[0.05083703]
14,[0.6802642],0.35556586061590667,[0.32469834]
15,[0.78187783],0.40461170442700567,[0.37726612]
16,[0.05891756],0.4485230183791863,[0.38960546]
17,[0.83507683],0.45176133526625706,[0.3833155]
18,[0.93136641],0.41285679335125725,[0.51850962]
19,[0.06502209],0.48358896621951075,[0.41856687]
20,[0.04619686],0.4257034850795772,[0.37950662]
21,[0.48895843],0.5328452760945471,[0.04388685]
22,[0.59055272],0.3386638043393938,[0.25188892]
23,[0.44852302],0.40461170442700567,[0.04391131]
24,[0.21475502],0.5200514607073279,[0.30529644]
25,[0.25322356],0.48895842511530774,[0.23573487]
26,[0.7503426],0.40461170442700567,[0.3457309]
27,[0.65509757],0.38008878252145617,[0.27500879]
28,[0.18809388],0.45176133526625706,[0.26366746]
29,[0.7294188],0.35556586061590667,[0.37385294]
30,[0.81472544],0.40461170442700567,[0.41011373]
31,[0.90355727],0.45176133526625706,[0.45179593]
32,[0.91338353],0.41285679335125725,[0.50052673]
33,[0.06105482],0.35556586061590667,[0.29451104]
34,[0.24717862],0.40461170442700567,[0.15743308]
35,[0.88138859],0.40461170442700567,[0.47677689]
36,[0.02767865],0.5405163211722461,[0.51283767]
37,[0.91370847],0.48358896621951075,[0.4301195]
38,[0.45176134],0.5109018506049274,[0.05914052]
39,[0.98479484],0.3386638043393938,[0.64613103]
40,[0.53284528],0.48895842511530774,[0.04388685]
41,[0.08109998],0.48358896621951075,[0.40248899]
42,[0.31175432],0.40461170442700567,[0.09285739]
43,[0.96186325],0.40461170442700567,[0.55725155]
44,[0.1922243],0.49810803521770824,[0.30588373]
45,[0.33957698],0.5200514607073279,[0.18047448]
46,[0.0598507],0.4795094902931829,[0.41965879]
47,[0.0829327],0.40461170442700567,[0.321679]
48,[0.573775],0.48627369566740924,[0.0875013]
49,[0.96270214],0.45176133526625706,[0.5109408]
50,[0.41285679],0.5200514607073279,[0.10719467]
51,[0.58659805],0.45176133526625706,[0.13483671]
52,[0.42635864],0.41285679335125725,[0.01350185]
53,[0.27847261],0.40461170442700567,[0.12613909]
54,[0.80768525],0.45176133526625706,[0.35592392]
55,[0.31399985],0.42635863937851937,[0.11235879]
56,[0.03309488],0.4260310622290483,[0.39293619]
57,[0.69985232],0.3627173251762088,[0.33713499]
58,[0.77022509],0.40461170442700567,[0.36561338]
59,[0.10565944],0.3627173251762088,[0.25705788]
60,[0.02934341],0.40461170442700567,[0.3752683]
61,[0.79122499],0.4257034850795772,[0.36552151]
62,[0.10674487],0.40461170442700567,[0.29786683]
63,[0.17739748],0.40461170442700567,[0.22721422]
64,[0.12731093],0.3552044180994285,[0.22789349]
65,[0.05200632],0.5328452760945471,[0.48083896]
66,[0.97416711],0.48627369566740924,[0.48789341]
67,[0.9427677],0.40461170442700567,[0.538156]
68,[0.70594168],0.45176133526625706,[0.25418034]
69,[0.6850101],0.3552044180994285,[0.32980568]
70,[0.11722438],0.41285679335125725,[0.29563241]
71,[0.20836225],0.3552044180994285,[0.14684217]
72,[0.3386638],0.35556586061590667,[0.01690206]
73,[0.77862807],0.3386638043393938,[0.43996426]
74,[0.16115013],0.5200514607073279,[0.35890133]
75,[0.62440956],0.48358896621951075,[0.14082059]
76,[0.28152909],0.48895842511530774,[0.20742934]
77,[0.10708543],0.5737749970243835,[0.46668957]
78,[0.68622223],0.3627173251762088,[0.3235049]
79,[0.1970764],0.5109018506049274,[0.31382546]
80,[0.48358897],0.5109018506049274,[0.02731288]
81,[0.84648106],0.33276232030143055,[0.51371874]
82,[0.22632526],0.4260310622290483,[0.1997058]
83,[0.87053832],0.33276232030143055,[0.537776]
84,[0.82458198],0.4257034850795772,[0.39887849]
85,[0.90247271],0.33276232030143055,[0.56971039]
86,[0.89697142],0.41285679335125725,[0.48411463]
87,[0.36271733],0.42635863937851937,[0.06364131]
88,[0.50725765],0.3627173251762088,[0.14454032]
89,[0.13151403],0.5737749970243835,[0.44226097]
90,[0.4046117],0.35556586061590667,[0.04904584]
91,[0.02746634],0.42635863937851937,[0.3988923]
92,[0.15761303],0.4260310622290483,[0.26841803]
93,[0.76848378],0.30830456716668186,[0.46017922]
94,[0.88043443],0.33276232030143055,[0.54767211]
95,[0.35520442],0.48895842511530774,[0.13375401]
96,[0.77184974],0.387787059263733,[0.38406268]
97,[0.87077184],0.38008878252145617,[0.49068305]
98,[0.35556586],0.40461170442700567,[0.04904584]
99,[0.24563467],0.4646704288201451,[0.21903576]
