,0,1,2
0,[0.12316857],0.5109018506049274,[0.38773328]
1,[0.32686084],0.40461170442700567,[0.07775087]
2,[0.8883526],0.48627369566740924,[0.40207891]
3,[0.80930764],0.3627173251762088,[0.44659031]
4,[0.12030858],0.48358896621951075,[0.36328039]
5,[0.20535597],0.5737749970243835,[0.36841903]
6,[0.73566143],0.45497380279901506,[0.28068762]
7,[0.08681195],0.42635863937851937,[0.33954669]
8,[0.06939315],0.5328452760945471,[0.46345213]
9,[0.85746329],0.4703598801907824,[0.38710341]
10,[0.26718015],0.4257034850795772,[0.15852333]
11,[0.42570349],0.3627173251762088,[0.06298616]
12,[0.73693026],0.31399984705596196,[0.42293041]
13,[0.30830457],0.35914159289605774,[0.05083703]
14,[0.6802642],0.35556586061590667,[0.32469834]
15,[0.78187783],0.426567361403096,[0.35531046]
16,[0.05891756],0.5072576453201088,[0.44834009]
17,[0.83507683],0.4703598801907824,[0.36471695]
18,[0.93136641],0.4257034850795772,[0.50566293]
19,[0.06502209],0.48358896621951075,[0.41856687]
20,[0.04619686],0.4257034850795772,[0.37950662]
21,[0.48895843],0.508217121157029,[0.0192587]
22,[0.59055272],0.3386638043393938,[0.25188892]
23,[0.44852302],0.40461170442700567,[0.04391131]
24,[0.21475502],0.5597216610859668,[0.34496664]
25,[0.25322356],0.48895842511530774,[0.23573487]
26,[0.7503426],0.48358896621951075,[0.26675364]
27,[0.65509757],0.35556586061590667,[0.29953171]
28,[0.18809388],0.45176133526625706,[0.26366746]
29,[0.7294188],0.35556586061590667,[0.37385294]
30,[0.81472544],0.4257034850795772,[0.38902195]
31,[0.90355727],0.45176133526625706,[0.45179593]
32,[0.91338353],0.4257034850795772,[0.48768004]
33,[0.06105482],0.38008878252145617,[0.31903396]
34,[0.24717862],0.4485230183791863,[0.2013444]
35,[0.88138859],0.426567361403096,[0.45482123]
36,[0.02767865],0.580186521550885,[0.55250787]
37,[0.91370847],0.48358896621951075,[0.4301195]
38,[0.45176134],0.48895842511530774,[0.03719709]
39,[0.98479484],0.3386638043393938,[0.64613103]
40,[0.53284528],0.48627369566740924,[0.04657158]
41,[0.08109998],0.48358896621951075,[0.40248899]
42,[0.31175432],0.40461170442700567,[0.09285739]
43,[0.96186325],0.40461170442700567,[0.55725155]
44,[0.1922243],0.41515759475329145,[0.22293329]
45,[0.33957698],0.5597216610859668,[0.22014468]
46,[0.0598507],0.5469278456987476,[0.48707714]
47,[0.0829327],0.3627173251762088,[0.27978462]
48,[0.573775],0.48627369566740924,[0.0875013]
49,[0.96270214],0.45176133526625706,[0.5109408]
50,[0.41285679],0.5597216610859668,[0.14686487]
51,[0.58659805],0.45176133526625706,[0.13483671]
52,[0.42635864],0.4257034850795772,[0.00065515]
53,[0.27847261],0.4485230183791863,[0.17005041]
54,[0.80768525],0.4703598801907824,[0.33732537]
55,[0.31399985],0.4257034850795772,[0.11170364]
56,[0.03309488],0.4485230183791863,[0.41542814]
57,[0.69985232],0.4257034850795772,[0.27414883]
58,[0.77022509],0.40461170442700567,[0.36561338]
59,[0.10565944],0.4257034850795772,[0.32004404]
60,[0.02934341],0.4485230183791863,[0.41917961]
61,[0.79122499],0.4257034850795772,[0.36552151]
62,[0.10674487],0.40461170442700567,[0.29786683]
63,[0.17739748],0.4485230183791863,[0.27112554]
64,[0.12731093],0.35556586061590667,[0.22825493]
65,[0.05200632],0.5109018506049274,[0.45889553]
66,[0.97416711],0.48627369566740924,[0.48789341]
67,[0.9427677],0.426567361403096,[0.51620034]
68,[0.70594168],0.45176133526625706,[0.25418034]
69,[0.6850101],0.48358896621951075,[0.20142114]
70,[0.11722438],0.40461170442700567,[0.28738732]
71,[0.20836225],0.4018637182393074,[0.19350147]
72,[0.3386638],0.40461170442700567,[0.0659479]
73,[0.77862807],0.3386638043393938,[0.43996426]
74,[0.16115013],0.5200514607073279,[0.35890133]
75,[0.62440956],0.4501421768227217,[0.17426738]
76,[0.28152909],0.5328452760945471,[0.25131619]
77,[0.10708543],0.5737749970243835,[0.46668957]
78,[0.68622223],0.3627173251762088,[0.3235049]
79,[0.1970764],0.5109018506049274,[0.31382546]
80,[0.48358897],0.5109018506049274,[0.02731288]
81,[0.84648106],0.3386638043393938,[0.50781725]
82,[0.22632526],0.42635863937851937,[0.20003338]
83,[0.87053832],0.33276232030143055,[0.537776]
84,[0.82458198],0.4260310622290483,[0.39855091]
85,[0.90247271],0.33276232030143055,[0.56971039]
86,[0.89697142],0.43068990586522177,[0.46628152]
87,[0.36271733],0.4257034850795772,[0.06298616]
88,[0.50725765],0.41285679335125725,[0.09440085]
89,[0.13151403],0.5737749970243835,[0.44226097]
90,[0.4046117],0.35556586061590667,[0.04904584]
91,[0.02746634],0.4485230183791863,[0.42105668]
92,[0.15761303],0.41515759475329145,[0.25754457]
93,[0.76848378],0.3268608362634673,[0.44162295]
94,[0.88043443],0.3386638043393938,[0.54177062]
95,[0.35520442],0.48895842511530774,[0.13375401]
96,[0.77184974],0.3627173251762088,[0.40913241]
97,[0.87077184],0.40461170442700567,[0.46616013]
98,[0.35556586],0.38366451480160724,[0.02809865]
99,[0.24563467],0.5737749970243835,[0.32814033]
