,0,1,2
0,[0.12316857],0.48895842511530774,[0.36578986]
1,[0.32686084],0.4260310622290483,[0.09917023]
2,[0.8883526],0.45176133526625706,[0.43659127]
3,[0.80930764],0.3553851393576676,[0.4539225]
4,[0.12030858],0.48358896621951075,[0.36328039]
5,[0.20535597],0.5533101365594653,[0.34795417]
6,[0.73566143],0.3627173251762088,[0.3729441]
7,[0.08681195],0.4390599873223882,[0.35224804]
8,[0.06939315],0.5533101365594653,[0.48391699]
9,[0.85746329],0.48895842511530774,[0.36850486]
10,[0.26718015],0.38366451480160724,[0.11648436]
11,[0.42570349],0.3627173251762088,[0.06298616]
12,[0.73693026],0.31399984705596196,[0.42293041]
13,[0.30830457],0.35556586061590667,[0.04726129]
14,[0.6802642],0.3552044180994285,[0.32505978]
15,[0.78187783],0.4485230183791863,[0.33335481]
16,[0.05891756],0.4676751507428839,[0.40875759]
17,[0.83507683],0.45176133526625706,[0.3833155]
18,[0.93136641],0.40873424888913146,[0.52263217]
19,[0.06502209],0.48895842511530774,[0.42393633]
20,[0.04619686],0.38366451480160724,[0.33746765]
21,[0.48895843],0.5328452760945471,[0.04388685]
22,[0.59055272],0.3386638043393938,[0.25188892]
23,[0.44852302],0.42818651984663136,[0.0203365]
24,[0.21475502],0.5865980460773864,[0.37184302]
25,[0.25322356],0.4220814216073681,[0.16885786]
26,[0.7503426],0.48895842511530774,[0.26138418]
27,[0.65509757],0.3627173251762088,[0.29238024]
28,[0.18809388],0.45176133526625706,[0.26366746]
29,[0.7294188],0.38366451480160724,[0.34575428]
30,[0.81472544],0.40461170442700567,[0.41011373]
31,[0.90355727],0.45176133526625706,[0.45179593]
32,[0.91338353],0.42635863937851937,[0.48702489]
33,[0.06105482],0.35556586061590667,[0.29451104]
34,[0.24717862],0.4485230183791863,[0.2013444]
35,[0.88138859],0.4485230183791863,[0.43286557]
36,[0.02767865],0.5865980460773864,[0.55891939]
37,[0.91370847],0.45497380279901506,[0.45873467]
38,[0.45176134],0.4660559922993485,[0.01429466]
39,[0.98479484],0.35914159289605774,[0.62565324]
40,[0.53284528],0.45176133526625706,[0.08108394]
41,[0.08109998],0.48358896621951075,[0.40248899]
42,[0.31175432],0.38366451480160724,[0.0719102]
43,[0.96186325],0.4257034850795772,[0.53615977]
44,[0.1922243],0.42635863937851937,[0.23413434]
45,[0.33957698],0.5737749970243835,[0.23419802]
46,[0.0598507],0.5865980460773864,[0.52674734]
47,[0.0829327],0.3627173251762088,[0.27978462]
48,[0.573775],0.48358896621951075,[0.09018603]
49,[0.96270214],0.4501421768227217,[0.51255996]
50,[0.41285679],0.5865980460773864,[0.17374125]
51,[0.58659805],0.45176133526625706,[0.13483671]
52,[0.42635864],0.466480565199843,[0.04012193]
53,[0.27847261],0.40461170442700567,[0.12613909]
54,[0.80768525],0.48895842511530774,[0.31872683]
55,[0.31399985],0.40461170442700567,[0.09061186]
56,[0.03309488],0.4501421768227217,[0.4170473]
57,[0.69985232],0.42635863937851937,[0.27349368]
58,[0.77022509],0.41515759475329145,[0.35506749]
59,[0.10565944],0.42635863937851937,[0.3206992]
60,[0.02934341],0.48895842511530774,[0.45961502]
61,[0.79122499],0.4257034850795772,[0.36552151]
62,[0.10674487],0.41928013921541724,[0.31253526]
63,[0.17739748],0.40461170442700567,[0.22721422]
64,[0.12731093],0.3553851393576676,[0.22807421]
65,[0.05200632],0.48895842511530774,[0.43695211]
66,[0.97416711],0.35556586061590667,[0.61860125]
67,[0.9427677],0.4485230183791863,[0.49424468]
68,[0.70594168],0.48895842511530774,[0.21698325]
69,[0.6850101],0.4501421768227217,[0.23486793]
70,[0.11722438],0.3627173251762088,[0.24549294]
71,[0.20836225],0.48895842511530774,[0.28059618]
72,[0.3386638],0.49810803521770824,[0.15944423]
73,[0.77862807],0.33276232030143055,[0.44586575]
74,[0.16115013],0.5328452760945471,[0.37169514]
75,[0.62440956],0.4485230183791863,[0.17588654]
76,[0.28152909],0.48627369566740924,[0.20474461]
77,[0.10708543],0.5737749970243835,[0.46668957]
78,[0.68622223],0.4257034850795772,[0.26051874]
79,[0.1970764],0.5328452760945471,[0.33576888]
80,[0.48358897],0.45176133526625706,[0.03182763]
81,[0.84648106],0.3386638043393938,[0.50781725]
82,[0.22632526],0.4257034850795772,[0.19937823]
83,[0.87053832],0.35556586061590667,[0.51497246]
84,[0.82458198],0.4485230183791863,[0.37605896]
85,[0.90247271],0.3268608362634673,[0.57561188]
86,[0.89697142],0.4485230183791863,[0.4484484]
87,[0.36271733],0.40461170442700567,[0.04189438]
88,[0.50725765],0.4196077163648883,[0.08764993]
89,[0.13151403],0.5533101365594653,[0.4217961]
90,[0.4046117],0.35556586061590667,[0.04904584]
91,[0.02746634],0.48627369566740924,[0.45880735]
92,[0.15761303],0.4257034850795772,[0.26809046]
93,[0.76848378],0.3386638043393938,[0.42981998]
94,[0.88043443],0.3386638043393938,[0.54177062]
95,[0.35520442],0.48895842511530774,[0.13375401]
96,[0.77184974],0.35556586061590667,[0.41628388]
97,[0.87077184],0.426567361403096,[0.44420448]
98,[0.35556586],0.3627173251762088,[0.00715146]
99,[0.24563467],0.48358896621951075,[0.2379543]
