,0,1,2
0,[0.12316857],0.5109018506049274,[0.38773328]
1,[0.32686084],0.42635863937851937,[0.0994978]
2,[0.8883526],0.4501421768227217,[0.43821042]
3,[0.80930764],0.35556586061590667,[0.45374178]
4,[0.12030858],0.45176133526625706,[0.33145276]
5,[0.20535597],0.5109018506049274,[0.30554588]
6,[0.73566143],0.3627173251762088,[0.3729441]
7,[0.08681195],0.42635863937851937,[0.33954669]
8,[0.06939315],0.5328452760945471,[0.46345213]
9,[0.85746329],0.45176133526625706,[0.40570195]
10,[0.26718015],0.40461170442700567,[0.13743155]
11,[0.42570349],0.3627173251762088,[0.06298616]
12,[0.73693026],0.3395769790680806,[0.39735328]
13,[0.30830457],0.3627173251762088,[0.05441276]
14,[0.6802642],0.3553851393576676,[0.32487906]
15,[0.78187783],0.4260310622290483,[0.35584676]
16,[0.05891756],0.4676751507428839,[0.40875759]
17,[0.83507683],0.42635863937851937,[0.40871819]
18,[0.93136641],0.40461170442700567,[0.52675471]
19,[0.06502209],0.48895842511530774,[0.42393633]
20,[0.04619686],0.40461170442700567,[0.35841484]
21,[0.48895843],0.5328452760945471,[0.04388685]
22,[0.59055272],0.3552044180994285,[0.23534831]
23,[0.44852302],0.42818651984663136,[0.0203365]
24,[0.21475502],0.5072576453201088,[0.29250262]
25,[0.25322356],0.4257034850795772,[0.17247993]
26,[0.7503426],0.48895842511530774,[0.26138418]
27,[0.65509757],0.38366451480160724,[0.27143305]
28,[0.18809388],0.4501421768227217,[0.2620483]
29,[0.7294188],0.3627173251762088,[0.36670147]
30,[0.81472544],0.40461170442700567,[0.41011373]
31,[0.90355727],0.45176133526625706,[0.45179593]
32,[0.91338353],0.42635863937851937,[0.48702489]
33,[0.06105482],0.40461170442700567,[0.34355688]
34,[0.24717862],0.4485230183791863,[0.2013444]
35,[0.88138859],0.41515759475329145,[0.466231]
36,[0.02767865],0.5072576453201088,[0.47957899]
37,[0.91370847],0.4260310622290483,[0.48767741]
38,[0.45176134],0.43711325172938176,[0.01464808]
39,[0.98479484],0.3627173251762088,[0.62207751]
40,[0.53284528],0.45176133526625706,[0.08108394]
41,[0.08109998],0.48358896621951075,[0.40248899]
42,[0.31175432],0.40461170442700567,[0.09285739]
43,[0.96186325],0.4257034850795772,[0.53615977]
44,[0.1922243],0.4260310622290483,[0.23380676]
45,[0.33957698],0.580186521550885,[0.24060954]
46,[0.0598507],0.5072576453201088,[0.44740694]
47,[0.0829327],0.38366451480160724,[0.30073181]
48,[0.573775],0.48358896621951075,[0.09018603]
49,[0.96270214],0.4485230183791863,[0.51417912]
50,[0.41285679],0.5072576453201088,[0.09440085]
51,[0.58659805],0.4676751507428839,[0.1189229]
52,[0.42635864],0.4257034850795772,[0.00065515]
53,[0.27847261],0.40461170442700567,[0.12613909]
54,[0.80768525],0.48895842511530774,[0.31872683]
55,[0.31399985],0.40461170442700567,[0.09061186]
56,[0.03309488],0.4485230183791863,[0.41542814]
57,[0.69985232],0.4257034850795772,[0.27414883]
58,[0.77022509],0.40461170442700567,[0.36561338]
59,[0.10565944],0.4257034850795772,[0.32004404]
60,[0.02934341],0.4501421768227217,[0.42079877]
61,[0.79122499],0.4257034850795772,[0.36552151]
62,[0.10674487],0.4257034850795772,[0.31895861]
63,[0.17739748],0.40461170442700567,[0.22721422]
64,[0.12731093],0.35556586061590667,[0.22825493]
65,[0.05200632],0.48895842511530774,[0.43695211]
66,[0.97416711],0.38008878252145617,[0.59407833]
67,[0.9427677],0.4501421768227217,[0.49262552]
68,[0.70594168],0.4390599873223882,[0.26688169]
69,[0.6850101],0.4485230183791863,[0.23648708]
70,[0.11722438],0.40461170442700567,[0.28738732]
71,[0.20836225],0.48895842511530774,[0.28059618]
72,[0.3386638],0.5072576453201088,[0.16859384]
73,[0.77862807],0.35556586061590667,[0.42306221]
74,[0.16115013],0.5597216610859668,[0.39857153]
75,[0.62440956],0.4485230183791863,[0.17588654]
76,[0.28152909],0.48627369566740924,[0.20474461]
77,[0.10708543],0.5737749970243835,[0.46668957]
78,[0.68622223],0.4257034850795772,[0.26051874]
79,[0.1970764],0.48895842511530774,[0.29188203]
80,[0.48358897],0.4374408288788528,[0.04614814]
81,[0.84648106],0.34693411121941115,[0.49954694]
82,[0.22632526],0.4257034850795772,[0.19937823]
83,[0.87053832],0.35556586061590667,[0.51497246]
84,[0.82458198],0.4257034850795772,[0.39887849]
85,[0.90247271],0.3391203917037372,[0.56335232]
86,[0.89697142],0.4485230183791863,[0.4484484]
87,[0.36271733],0.40461170442700567,[0.04189438]
88,[0.50725765],0.41285679335125725,[0.09440085]
89,[0.13151403],0.5737749970243835,[0.44226097]
90,[0.4046117],0.35556586061590667,[0.04904584]
91,[0.02746634],0.48895842511530774,[0.46149208]
92,[0.15761303],0.4257034850795772,[0.26809046]
93,[0.76848378],0.34739069858375454,[0.42109309]
94,[0.88043443],0.34693411121941115,[0.53350032]
95,[0.35520442],0.48895842511530774,[0.13375401]
96,[0.77184974],0.35914159289605774,[0.41270814]
97,[0.87077184],0.426567361403096,[0.44420448]
98,[0.35556586],0.3627173251762088,[0.00715146]
99,[0.24563467],0.508217121157029,[0.26258245]
