,0,1,2
0,[0.01862279],0.5040274002661176,0.4854046152141368
1,[0.30483661],0.6350884511462543,0.33025184582744993
2,[0.78937121],0.4339024713246944,0.3554687368251277
3,[0.39959092],0.5040274002661176,0.10443647761231278
4,[0.86013892],0.438140993998161,0.42199792365533495
5,[0.70429793],0.438140993998161,0.2661569385269307
6,[0.91160761],0.438140993998161,0.4734666148891159
7,[0.87655407],0.438140993998161,0.4384130747545154
8,[0.02297788],0.6350884511462543,0.6121105706614905
9,[0.13550954],0.5040274002661176,0.3685178635301869
10,[0.36235757],0.6350884511462543,0.27273087751343805
11,[0.40477326],0.5378254397822252,0.13305218264323315
12,[0.69940393],0.454420245597274,0.24498368323277153
13,[0.5616469],0.5092155739163572,0.052431326180156335
14,[0.31115144],0.6350884511462543,0.32393701079650294
15,[0.46194054],0.6882535714481788,0.22631303539410008
16,[0.0342038],0.5378254397822252,0.5036216440481607
17,[0.65267662],0.4339024713246944,0.21877415048642246
18,[0.01576364],0.6882535714481788,0.6724899282486092
19,[0.47669107],0.46547732892176147,0.011213736420755682
20,[0.05895064],0.6882535714481788,0.6293029336273274
21,[0.16144107],0.5378254397822252,0.37638437331907226
22,[0.26816535],0.5040274002661176,0.23586204653145348
23,[0.28121965],0.5378254397822252,0.2566057895868362
24,[0.84495455],0.454420245597274,0.39053430458872773
25,[0.45233255],0.5140065375724411,0.0616739827053292
26,[0.23036523],0.5040274002661176,0.27366216626328244
27,[0.73103647],0.438140993998161,0.2928954753089794
28,[0.31333106],0.6350884511462543,0.321757393978624
29,[0.53136374],0.438140993998161,0.09322274119155716
30,[0.94186533],0.438140993998161,0.5037243364369883
31,[0.68009288],0.5092155739163572,0.17087730317764982
32,[0.42497438],0.5140065375724411,0.08903215386001617
33,[0.15607076],0.5378254397822252,0.38175467821109044
34,[0.00401443],0.5140065375724411,0.5099921059085689
35,[0.88905416],0.5494348526640556,0.3396193105175065
36,[0.88965071],0.5494348526640556,0.34021585902884166
37,[0.45442025],0.6350884511462543,0.18066820554898033
38,[0.74081894],0.438140993998161,0.30267794208684606
39,[0.93541979],0.4339024713246944,0.501517321954824
40,[0.95284052],0.5494348526640556,0.40340567154939866
41,[0.89214037],0.5494348526640556,0.3427055158737856
42,[0.73957797],0.5494348526640556,0.19014312095826957
43,[0.18782896],0.5378254397822252,0.3499964753567133
44,[0.63752715],0.454420245597274,0.18310690551372721
45,[0.73981401],0.4339024713246944,0.30591153938443183
46,[0.38917429],0.6350884511462543,0.24591416379469644
47,[0.11774294],0.5040274002661176,0.38628446481805134
48,[0.9036483],0.438140993998161,0.46550730451606803
49,[0.75419259],0.5494348526640556,0.204757737808837
50,[0.94995214],0.5092155739163572,0.4407365617039881
51,[0.35000943],0.6882535714481788,0.33824413731867964
52,[0.57146889],0.5092155739163572,0.062253316182111385
53,[0.7626784],0.454420245597274,0.30825815427059844
54,[0.04700254],0.6350884511462543,0.5880859143155922
55,[0.81467257],0.4339024713246944,0.3807701036200182
56,[0.84294747],0.5092155739163572,0.33373189835331485
57,[0.84544719],0.5494348526640556,0.29601233958707573
58,[0.67117288],0.454420245597274,0.21675263147980595
59,[0.51400654],0.5092155739163572,0.004790963656083891
60,[0.23567993],0.6882535714481788,0.45257364582285875
61,[0.17698077],0.6350884511462543,0.45810768385460665
62,[0.91204938],0.5494348526640556,0.3626145223784757
63,[0.92822572],0.5092155739163572,0.4190101429120543
64,[0.71410224],0.454420245597274,0.259681996586135
65,[0.02403875],0.6350884511462543,0.6110497043656208
66,[0.59039855],0.5092155739163572,0.08118297823046017
67,[0.50921557],0.5140065375724411,0.004790963656083891
68,[0.63508845],0.454420245597274,0.18066820554898033
69,[0.14249587],0.5040274002661176,0.36153152874852634
70,[0.36152345],0.6882535714481788,0.32673012068597296
71,[0.16016903],0.5140065375724411,0.35383750653364576
72,[0.72114835],0.4339024713246944,0.2872458769088293
73,[0.00343699],0.6882535714481788,0.6848165792957506
74,[0.46269183],0.5140065375724411,0.05131470379173653
75,[0.05691716],0.5040274002661176,0.44711024039385083
76,[0.78436717],0.5494348526640556,0.23493231783500157
77,[0.63692917],0.6007592548382019,0.03616991443583051
78,[0.04049898],0.5040274002661176,0.46352842463132193
79,[0.53782544],0.4339024713246944,0.1039229684575308
80,[0.05511995],0.5378254397822252,0.48270548541037694
81,[0.43390247],0.5378254397822252,0.1039229684575308
82,[0.083967],0.5140065375724411,0.4300395404317069
83,[0.95550185],0.454420245597274,0.501081607114958
84,[0.04255205],0.6882535714481788,0.6457015257761042
85,[0.26231309],0.5140065375724411,0.25169344690787654
86,[0.83645821],0.454420245597274,0.3820379687922508
87,[0.68692855],0.5092155739163572,0.1777129739662071
88,[0.28582719],0.5140065375724411,0.22817934322227662
89,[0.70335128],0.4339024713246944,0.26944881240764096
90,[0.3440022],0.5140065375724411,0.17000433869575116
91,[0.27042857],0.5378254397822252,0.26739687056803063
92,[0.93165784],0.454420245597274,0.4772375965815584
93,[0.7559455],0.5092155739163572,0.2467299236833822
94,[0.7110925],0.4339024713246944,0.27719002382367974
95,[0.77780651],0.4339024713246944,0.343904036794633
96,[0.35942184],0.6882535714481788,0.3288317348028844
97,[0.19640302],0.5378254397822252,0.3414224182347977
