,0,1,2
0,[0.01862279],0.5140065375724411,0.4953837525204603
1,[0.30483661],0.5714688900984686,0.26663228477966416
2,[0.78937121],0.4623161849173916,0.32705502323243046
3,[0.39959092],0.5313637351897181,0.13177281253591333
4,[0.86013892],0.41228265318311486,0.44785626447038107
5,[0.70429793],0.4523325548671119,0.25196537765797977
6,[0.91160761],0.46269183378070455,0.4489157751065723
7,[0.87655407],0.46269183378070455,0.41386223497197183
8,[0.02297788],0.566557895097491,0.5435800146127272
9,[0.13550954],0.47669106534251715,0.34118152860658646
10,[0.36235757],0.5903985521468174,0.22804097851400107
11,[0.40477326],0.5378254397822252,0.13305218264323315
12,[0.69940393],0.47669106534251715,0.2227128634875284
13,[0.5616469],0.47669106534251715,0.08495583475399637
14,[0.31115144],0.5616469000965135,0.25049545974676213
15,[0.46194054],0.5345945874859717,0.07265405143189296
16,[0.0342038],0.5378254397822252,0.5036216440481607
17,[0.65267662],0.5092155739163572,0.14346104789475966
18,[0.01576364],0.49295331962943717,0.4771896764298676
19,[0.47669107],0.46269183378070455,0.013999231561812597
20,[0.05895064],0.5616469000965135,0.5026962622756621
21,[0.16144107],0.5378254397822252,0.37638437331907226
22,[0.26816535],0.5313637351897181,0.26319838145505403
23,[0.28121965],0.5378254397822252,0.2566057895868362
24,[0.84495455],0.48595370384853087,0.35900084633747087
25,[0.45233255],0.5140065375724411,0.0616739827053292
26,[0.23036523],0.47669106534251715,0.246325831339682
27,[0.73103647],0.4623161849173916,0.26872028438974876
28,[0.31333106],0.5378254397822252,0.22449438261459487
29,[0.53136374],0.47669106534251715,0.05467266984720098
30,[0.94186533],0.46269183378070455,0.47917349665444475
31,[0.68009288],0.47669106534251715,0.20340181175148986
32,[0.42497438],0.5140065375724411,0.08903215386001617
33,[0.15607076],0.5903985521468174,0.4343277905756826
34,[0.00401443],0.5378254397822252,0.533811008118353
35,[0.88905416],0.46969144956161085,0.4193627136199512
36,[0.88965071],0.4619405360540787,0.4277101756388185
37,[0.45442025],0.5313637351897181,0.07694348959244413
38,[0.74081894],0.47669106534251715,0.2641278707424899
39,[0.93541979],0.47669106534251715,0.45872872793700126
40,[0.95284052],0.46269183378070455,0.49014869043274967
41,[0.89214037],0.4619405360540787,0.4301998324837625
42,[0.73957797],0.4619405360540787,0.27763743756824644
43,[0.18782896],0.5378254397822252,0.3499964753567133
44,[0.63752715],0.5116110557443991,0.1259160953666021
45,[0.73981401],0.454420245597274,0.2853937651118522
46,[0.38917429],0.5378254397822252,0.1486511524306673
47,[0.11774294],0.5092155739163572,0.39147263846829095
48,[0.9036483],0.5092155739163572,0.3944327245978718
49,[0.75419259],0.5140065375724411,0.24018605290045147
50,[0.94995214],0.5092155739163572,0.4407365617039881
51,[0.35000943],0.5313637351897181,0.181354301060219
52,[0.57146889],0.46269183378070455,0.10877705631776402
53,[0.7626784],0.4619405360540787,0.30073786381379375
54,[0.04700254],0.5378254397822252,0.49082290295156306
55,[0.81467257],0.45337640023219294,0.3612961747125196
56,[0.84294747],0.5092155739163572,0.33373189835331485
57,[0.84544719],0.5092155739163572,0.3362316183347741
58,[0.67117288],0.47669106534251715,0.1944818117345628
59,[0.51400654],0.5092155739163572,0.004790963656083891
60,[0.23567993],0.5313637351897181,0.2956838095643981
61,[0.17698077],0.5378254397822252,0.3608446724905775
62,[0.91204938],0.46969144956161085,0.4423579254809204
63,[0.92822572],0.4523325548671119,0.4758931619612996
64,[0.71410224],0.4623161849173916,0.2517860572660174
65,[0.72780346],0.454420245597274,0.2733832165490391
66,[0.02403875],0.566557895097491,0.5425191483168574
67,[0.59039855],0.5092155739163572,0.08118297823046017
68,[0.50921557],0.5313637351897181,0.022148161273360945
69,[0.63508845],0.46969144956161085,0.1653970015846435
70,[0.34881667],0.5313637351897181,0.18254706242069485
71,[0.14249587],0.5140065375724411,0.37151066605484984
72,[0.36152345],0.6360088102101433,0.2744853594479375
73,[0.16016903],0.5378254397822252,0.37765640874342987
74,[0.72114835],0.46269183378070455,0.25845651445281914
75,[0.00343699],0.5313637351897181,0.5279267430372899
76,[0.46269183],0.5092155739163572,0.046523740135652636
77,[0.05691716],0.47669106534251715,0.4197739054702504
78,[0.78436717],0.4619405360540787,0.32242663444497843
79,[0.63692917],0.46269183378070455,0.17423733549332787
80,[0.04049898],0.5345945874859717,0.494095611851176
81,[0.53782544],0.454420245597274,0.08340519418495118
82,[0.05511995],0.5345945874859717,0.4794746331141234
83,[0.43390247],0.5497361699393694,0.11583369861467496
84,[0.083967],0.5140065375724411,0.4300395404317069
85,[0.95550185],0.5140065375724411,0.4414953151397909
86,[0.04255205],0.47669106534251715,0.43413901967044255
87,[0.26231309],0.5140065375724411,0.25169344690787654
88,[0.83645821],0.46269183378070455,0.3737663806088203
89,[0.68692855],0.49295331962943717,0.19397522825312713
90,[0.28582719],0.5092155739163572,0.22338837956619273
91,[0.70335128],0.454420245597274,0.24893103813506134
92,[0.3440022],0.5259159886773331,0.1819137898006432
93,[0.27042857],0.5378254397822252,0.26739687056803063
94,[0.93165784],0.47669106534251715,0.45496677683631526
95,[0.7559455],0.5140065375724411,0.2419389600272983
96,[0.7110925],0.47669106534251715,0.234401429805857
97,[0.77780651],0.4623161849173916,0.31549032320193576
98,[0.35942184],0.5616469000965135,0.20222506345121916
99,[0.19640302],0.5313637351897181,0.33496071364229063
