,0,1,2
0,[0.01862279],0.5345945874859717,0.5159718024339909
1,[0.30483661],0.5546471649403468,0.24981055962154242
2,[0.78937121],0.47669106534251715,0.31268014280730494
3,[0.39959092],0.5616469000965135,0.16205597744270872
4,[0.86013892],0.4619405360540787,0.39819838159941723
5,[0.70429793],0.454420245597274,0.24987768692781764
6,[0.91160761],0.4619405360540787,0.4496670728331982
7,[0.87655407],0.47669106534251715,0.39986300341015923
8,[0.02297788],0.5616469000965135,0.5386690196117497
9,[0.13550954],0.49295331962943717,0.3574437828935065
10,[0.36235757],0.5616469000965135,0.19928932646369724
11,[0.40477326],0.5313637351897181,0.1265904780507261
12,[0.69940393],0.47669106534251715,0.2227128634875284
13,[0.5616469],0.5092155739163572,0.052431326180156335
14,[0.31115144],0.5616469000965135,0.25049545974676213
15,[0.46194054],0.5313637351897181,0.06942319913563944
16,[0.0342038],0.5378254397822252,0.5036216440481607
17,[0.65267662],0.5140065375724411,0.13867008423867577
18,[0.01576364],0.5092155739163572,0.4934519307167876
19,[0.47669107],0.5092155739163572,0.03252450857384004
20,[0.05895064],0.5378254397822252,0.4788748019613738
21,[0.16144107],0.5616469000965135,0.4002058336333606
22,[0.26816535],0.5313637351897181,0.26319838145505403
23,[0.28121965],0.5313637351897181,0.25014408499432916
24,[0.84495455],0.4623161849173916,0.3826383652686101
25,[0.45233255],0.5140065375724411,0.0616739827053292
26,[0.23036523],0.47669106534251715,0.246325831339682
27,[0.73103647],0.47669106534251715,0.25434540396462324
28,[0.31333106],0.5714688900984686,0.25813783293083825
29,[0.53136374],0.5092155739163572,0.022148161273360945
30,[0.94186533],0.46269183378070455,0.47917349665444475
31,[0.68009288],0.47669106534251715,0.20340181175148986
32,[0.42497438],0.5140065375724411,0.08903215386001617
33,[0.15607076],0.5714688900984686,0.4153981285273338
34,[0.00401443],0.5140065375724411,0.5099921059085689
35,[0.88905416],0.47669106534251715,0.4123630978390449
36,[0.88965071],0.46269183378070455,0.42695887791219267
37,[0.45442025],0.5313637351897181,0.07694348959244413
38,[0.74081894],0.5092155739163572,0.23160336216864985
39,[0.93541979],0.47669106534251715,0.45872872793700126
40,[0.95284052],0.46269183378070455,0.49014869043274967
41,[0.89214037],0.47669106534251715,0.415449303195324
42,[0.73957797],0.47669106534251715,0.262886908279808
43,[0.18782896],0.5378254397822252,0.3499964753567133
44,[0.63752715],0.5140065375724411,0.12352061353856014
45,[0.73981401],0.454420245597274,0.2853937651118522
46,[0.38917429],0.5378254397822252,0.1486511524306673
47,[0.11774294],0.5313637351897181,0.4136207997416519
48,[0.9036483],0.49295331962943717,0.41069497888479184
49,[0.75419259],0.49295331962943717,0.2612392708434554
50,[0.94995214],0.5092155739163572,0.4407365617039881
51,[0.35000943],0.5378254397822252,0.18781600565272605
52,[0.57146889],0.47669106534251715,0.09477782475595142
53,[0.7626784],0.4619405360540787,0.30073786381379375
54,[0.04700254],0.5378254397822252,0.49082290295156306
55,[0.81467257],0.4523325548671119,0.3623400200776007
56,[0.84294747],0.5092155739163572,0.33373189835331485
57,[0.84544719],0.4619405360540787,0.3835066561970526
58,[0.67117288],0.46269183378070455,0.2084810432963754
59,[0.51400654],0.5092155739163572,0.004790963656083891
60,[0.23567993],0.5378254397822252,0.30214551415690516
61,[0.17698077],0.5378254397822252,0.3608446724905775
62,[0.91204938],0.46969144956161085,0.4423579254809204
63,[0.92822572],0.4623161849173916,0.46590953191101986
64,[0.71410224],0.4619405360540787,0.2521617061293303
65,[0.72780346],0.4619405360540787,0.2658629260922344
66,[0.02403875],0.5616469000965135,0.53760815331588
67,[0.59039855],0.5092155739163572,0.08118297823046017
68,[0.50921557],0.5313637351897181,0.022148161273360945
69,[0.63508845],0.47669106534251715,0.1583973858037372
70,[0.34881667],0.5313637351897181,0.18254706242069485
71,[0.14249587],0.5313637351897181,0.3888678636721269
72,[0.36152345],0.5616469000965135,0.2001234493343077
73,[0.16016903],0.5313637351897181,0.3711947041509228
74,[0.72114835],0.47669106534251715,0.24445728289100654
75,[0.00343699],0.5378254397822252,0.534388447629797
76,[0.46269183],0.5140065375724411,0.05131470379173653
77,[0.05691716],0.47669106534251715,0.4197739054702504
78,[0.78436717],0.47669106534251715,0.30767610515654
79,[0.63692917],0.46269183378070455,0.17423733549332787
80,[0.04049898],0.5313637351897181,0.4908647595549225
81,[0.53782544],0.46269183378070455,0.07513360600152064
82,[0.05511995],0.5313637351897181,0.4762437808178699
83,[0.43390247],0.5616469000965135,0.12774442877181913
84,[0.083967],0.5140065375724411,0.4300395404317069
85,[0.95550185],0.4619405360540787,0.4935613166581533
86,[0.04255205],0.5313637351897181,0.48881168951764353
87,[0.26231309],0.5226851363810796,0.26037204571651507
88,[0.83645821],0.5092155739163572,0.32724264047316765
89,[0.68692855],0.5092155739163572,0.1777129739662071
90,[0.28582719],0.5140065375724411,0.22817934322227662
91,[0.70335128],0.48595370384853087,0.21739757988380448
92,[0.3440022],0.5378254397822252,0.19382324090553527
93,[0.27042857],0.5378254397822252,0.26739687056803063
94,[0.93165784],0.47669106534251715,0.45496677683631526
95,[0.7559455],0.5140065375724411,0.2419389600272983
96,[0.7110925],0.4619405360540787,0.24915195909429544
97,[0.77780651],0.46269183378070455,0.31511467433862284
98,[0.35942184],0.5378254397822252,0.17840360313693082
99,[0.19640302],0.5313637351897181,0.33496071364229063
