,0,1,2
0,[0.01862279],0.47669106534251715,0.45806828029053637
1,[0.30483661],0.5378254397822252,0.23298883446342078
2,[0.78937121],0.5378254397822252,0.2515457683675969
3,[0.39959092],0.40334701632869724,0.0037560936748924356
4,[0.86013892],0.37179656076524736,0.48834235688824856
5,[0.70429793],0.37179656076524736,0.3325013717598443
6,[0.91160761],0.47669106534251715,0.4349165435447597
7,[0.87655407],0.37179656076524736,0.504757507987429
8,[0.02297788],0.5378254397822252,0.5148475592974614
9,[0.13550954],0.47669106534251715,0.34118152860658646
10,[0.36235757],0.6363078011286278,0.27395022749581155
11,[0.40477326],0.6363078011286278,0.2315345439896358
12,[0.69940393],0.5497361699393694,0.14966775889067618
13,[0.5616469],0.5140065375724411,0.047640362524072444
14,[0.31115144],0.5345945874859717,0.22344314713622027
15,[0.46194054],0.6369291692740324,0.17498863321995373
16,[0.0342038],0.6139628516289093,0.5797590558948448
17,[0.65267662],0.5226851363810796,0.12999148543003725
18,[0.01576364],0.5116110557443991,0.49584741254482956
19,[0.47669107],0.4619405360540787,0.014750529288438452
20,[0.05895064],0.5240799777204929,0.46512933989964145
21,[0.16144107],0.6363078011286278,0.4748667346654749
22,[0.26816535],0.47669106534251715,0.20852571160785305
23,[0.28121965],0.6363078011286278,0.35508815093323887
24,[0.84495455],0.5140065375724411,0.33094801261356066
25,[0.45233255],0.5378254397822252,0.08549288491511331
26,[0.23036523],0.4311413782172547,0.20077614421441953
27,[0.73103647],0.4619405360540787,0.2690959332530617
28,[0.31333106],0.5714688900984686,0.25813783293083825
29,[0.53136374],0.47669106534251715,0.05467266984720098
30,[0.94186533],0.44311751309590314,0.49874781733924617
31,[0.68009288],0.46269183378070455,0.21740104331330246
32,[0.42497438],0.5140065375724411,0.08903215386001617
33,[0.15607076],0.5760227261216655,0.41995196455053074
34,[0.00401443],0.5140065375724411,0.5099921059085689
35,[0.88905416],0.4619405360540787,0.42711362712748335
36,[0.88965071],0.5040274002661176,0.38562331142677964
37,[0.45442025],0.6350884511462543,0.18066820554898033
38,[0.74081894],0.47669106534251715,0.2641278707424899
39,[0.93541979],0.5226851363810796,0.4127346568984388
40,[0.95284052],0.5040274002661176,0.44881312394733663
41,[0.89214037],0.3805571867080053,0.5115831818298359
42,[0.73957797],0.46269183378070455,0.2768861398416206
43,[0.18782896],0.6139628516289093,0.4261338872033974
44,[0.63752715],0.5140065375724411,0.12352061353856014
45,[0.73981401],0.47669106534251715,0.2631229453666091
46,[0.38917429],0.6032786706223614,0.2141043832708035
47,[0.11774294],0.4311413782172547,0.31339844276918843
48,[0.9036483],0.5140065375724411,0.38964176094178793
49,[0.75419259],0.40477325713899204,0.3494193333339005
50,[0.94995214],0.5140065375724411,0.4359455980479042
51,[0.35000943],0.6369291692740324,0.2869197351445333
52,[0.57146889],0.5092155739163572,0.062253316182111385
53,[0.7626784],0.454420245597274,0.30825815427059844
54,[0.04700254],0.6032786706223614,0.5562761337916993
55,[0.81467257],0.4858639555534598,0.3288086193912528
56,[0.84294747],0.5140065375724411,0.32894093469723096
57,[0.84544719],0.48557805498521794,0.35986913726591335
58,[0.67117288],0.454420245597274,0.21675263147980595
59,[0.51400654],0.5378254397822252,0.02381890220978411
60,[0.23567993],0.6032786706223614,0.36759874499704137
61,[0.17698077],0.5714688900984686,0.3944881228068209
62,[0.91204938],0.46269183378070455,0.4493575412618267
63,[0.92822572],0.5092155739163572,0.4190101429120543
64,[0.71410224],0.5140065375724411,0.20009570461096793
65,[0.72780346],0.4619405360540787,0.2658629260922344
66,[0.02403875],0.6350884511462543,0.6110497043656208
67,[0.59039855],0.5140065375724411,0.07639201457437628
68,[0.50921557],0.5378254397822252,0.028609865865868
69,[0.63508845],0.39697377224527497,0.23811467890097937
70,[0.34881667],0.5608811436682677,0.2120644708992444
71,[0.14249587],0.49295331962943717,0.3504574481118459
72,[0.36152345],0.6369291692740324,0.2754057185118266
73,[0.16016903],0.5378254397822252,0.37765640874342987
74,[0.72114835],0.48263310325720626,0.23851524497631743
75,[0.00343699],0.6350884511462543,0.6316514589938261
76,[0.46269183],0.5116110557443991,0.04891922196369458
77,[0.05691716],0.4311413782172547,0.3742242183449879
78,[0.78436717],0.46269183378070455,0.3216753367183526
79,[0.63692917],0.46269183378070455,0.17423733549332787
80,[0.04049898],0.5465053176431158,0.5060063420083202
81,[0.53782544],0.5140065375724411,0.02381890220978411
82,[0.05511995],0.5616469000965135,0.5065269457246653
83,[0.43390247],0.5378254397822252,0.1039229684575308
84,[0.083967],0.5378254397822252,0.453858442641491
85,[0.95550185],0.4961228426897496,0.4593790100224824
86,[0.04255205],0.5240799777204929,0.48152793204841826
87,[0.26231309],0.5092155739163572,0.24690248325179265
88,[0.83645821],0.5497361699393694,0.2867220444501555
89,[0.68692855],0.5140065375724411,0.17292201031012322
90,[0.28582719],0.5092155739163572,0.22338837956619273
91,[0.70335128],0.4858639555534598,0.21748732817887556
92,[0.3440022],0.5092155739163572,0.16521337503966727
93,[0.27042857],0.6363078011286278,0.3658792319144333
94,[0.93165784],0.4961228426897496,0.4355349994890828
95,[0.7559455],0.5140065375724411,0.2419389600272983
96,[0.7110925],0.4858639555534598,0.22522853959491435
97,[0.77780651],0.4858639555534598,0.2919425525658676
98,[0.35942184],0.6369291692740324,0.27750733262873806
99,[0.19640302],0.49702778448521134,0.30062476293778384
