,0,1,2
0,[0.01862279],0.5378254397822252,0.5192026547302444
1,[0.30483661],0.5378254397822252,0.23298883446342078
2,[0.78937121],0.5092155739163572,0.2801556342334649
3,[0.39959092],0.5616469000965135,0.16205597744270872
4,[0.86013892],0.47669106534251715,0.3834478523109788
5,[0.70429793],0.4619405360540787,0.24235739647101295
6,[0.91160761],0.47669106534251715,0.4349165435447597
7,[0.87655407],0.46969144956161085,0.40686261919106553
8,[0.02297788],0.5378254397822252,0.5148475592974614
9,[0.13550954],0.47669106534251715,0.34118152860658646
10,[0.36235757],0.5378254397822252,0.1754678661494089
11,[0.40477326],0.5378254397822252,0.13305218264323315
12,[0.69940393],0.46269183378070455,0.236712095049341
13,[0.5616469],0.49295331962943717,0.06869358046707635
14,[0.31115144],0.5616469000965135,0.25049545974676213
15,[0.46194054],0.5313637351897181,0.06942319913563944
16,[0.0342038],0.5226851363810796,0.4884813406470151
17,[0.65267662],0.5092155739163572,0.14346104789475966
18,[0.01576364],0.5140065375724411,0.4982428943728715
19,[0.47669107],0.5116110557443991,0.034919990401881984
20,[0.05895064],0.5378254397822252,0.4788748019613738
21,[0.16144107],0.5616469000965135,0.4002058336333606
22,[0.26816535],0.5313637351897181,0.26319838145505403
23,[0.28121965],0.5313637351897181,0.25014408499432916
24,[0.84495455],0.4619405360540787,0.38301401413192304
25,[0.45233255],0.5140065375724411,0.0616739827053292
26,[0.23036523],0.47669106534251715,0.246325831339682
27,[0.73103647],0.5092155739163572,0.2218208953907832
28,[0.31333106],0.5616469000965135,0.2483158429288832
29,[0.53136374],0.47669106534251715,0.05467266984720098
30,[0.94186533],0.46269183378070455,0.47917349665444475
31,[0.68009288],0.46269183378070455,0.21740104331330246
32,[0.42497438],0.5140065375724411,0.08903215386001617
33,[0.15607076],0.5378254397822252,0.38175467821109044
34,[0.00401443],0.5313637351897181,0.527349303525846
35,[0.88905416],0.4623161849173916,0.4267379782641704
36,[0.88965071],0.46269183378070455,0.42695887791219267
37,[0.45442025],0.5378254397822252,0.08340519418495118
38,[0.74081894],0.47669106534251715,0.2641278707424899
39,[0.93541979],0.47669106534251715,0.45872872793700126
40,[0.95284052],0.46269183378070455,0.49014869043274967
41,[0.89214037],0.49295331962943717,0.399187048908404
42,[0.73957797],0.5092155739163572,0.23036239970596795
43,[0.18782896],0.5378254397822252,0.3499964753567133
44,[0.63752715],0.5092155739163572,0.12831157719464403
45,[0.73981401],0.4619405360540787,0.2778734746550475
46,[0.38917429],0.5345945874859717,0.14542030013441376
47,[0.11774294],0.5313637351897181,0.4136207997416519
48,[0.9036483],0.47669106534251715,0.42695723317171186
49,[0.75419259],0.49295331962943717,0.2612392708434554
50,[0.94995214],0.5092155739163572,0.4407365617039881
51,[0.35000943],0.5378254397822252,0.18781600565272605
52,[0.57146889],0.47669106534251715,0.09477782475595142
53,[0.7626784],0.47669106534251715,0.2859873345253553
54,[0.04700254],0.5345945874859717,0.48759205065530953
55,[0.81467257],0.45818039082567635,0.3564921841190362
56,[0.84294747],0.5092155739163572,0.33373189835331485
57,[0.84544719],0.5092155739163572,0.3362316183347741
58,[0.67117288],0.47669106534251715,0.1944818117345628
59,[0.51400654],0.5092155739163572,0.004790963656083891
60,[0.23567993],0.5313637351897181,0.2956838095643981
61,[0.17698077],0.5313637351897181,0.35438296789807044
62,[0.91204938],0.46269183378070455,0.4493575412618267
63,[0.92822572],0.4619405360540787,0.4662851807743328
64,[0.71410224],0.4619405360540787,0.2521617061293303
65,[0.72780346],0.46269183378070455,0.26511162836560853
66,[0.02403875],0.5313637351897181,0.5073249884090846
67,[0.59039855],0.46269183378070455,0.1277067183661128
68,[0.50921557],0.5378254397822252,0.028609865865868
69,[0.63508845],0.47669106534251715,0.1583973858037372
70,[0.34881667],0.5140065375724411,0.1651898648034178
71,[0.14249587],0.5313637351897181,0.3888678636721269
72,[0.36152345],0.5378254397822252,0.17630198902001937
73,[0.16016903],0.5140065375724411,0.35383750653364576
74,[0.72114835],0.46269183378070455,0.25845651445281914
75,[0.00343699],0.5378254397822252,0.534388447629797
76,[0.46269183],0.5313637351897181,0.06867190140901358
77,[0.05691716],0.5616469000965135,0.5047297402242468
78,[0.78436717],0.46969144956161085,0.3146757209374463
79,[0.63692917],0.47669106534251715,0.16023810393151527
80,[0.04049898],0.5378254397822252,0.49732646414742954
81,[0.53782544],0.5092155739163572,0.028609865865868
82,[0.05511995],0.5313637351897181,0.4762437808178699
83,[0.43390247],0.5378254397822252,0.1039229684575308
84,[0.083967],0.5313637351897181,0.44739673804898394
85,[0.95550185],0.4619405360540787,0.4935613166581533
86,[0.04255205],0.5313637351897181,0.48881168951764353
87,[0.26231309],0.5140065375724411,0.25169344690787654
88,[0.83645821],0.4623161849173916,0.3741420294721332
89,[0.68692855],0.47669106534251715,0.21023748254004715
90,[0.28582719],0.5226851363810796,0.23685794203091515
91,[0.70335128],0.5092155739163572,0.19413570981597816
92,[0.3440022],0.5313637351897181,0.1873615363130282
93,[0.27042857],0.5378254397822252,0.26739687056803063
94,[0.93165784],0.46269183378070455,0.46896600839812785
95,[0.7559455],0.5092155739163572,0.2467299236833822
96,[0.7110925],0.4619405360540787,0.24915195909429544
97,[0.77780651],0.46269183378070455,0.31511467433862284
98,[0.35942184],0.5378254397822252,0.17840360313693082
99,[0.19640302],0.5313637351897181,0.33496071364229063
