,0,1,2
0,[0.01862279],0.5714688900984686,0.5528461050464878
1,[0.30483661],0.5313637351897181,0.22652712987091372
2,[0.78937121],0.47669106534251715,0.31268014280730494
3,[0.39959092],0.5313637351897181,0.13177281253591333
4,[0.86013892],0.3995909226538048,0.4605479949996911
5,[0.70429793],0.40477325713899204,0.2995246753860996
6,[0.91160761],0.46269183378070455,0.4489157751065723
7,[0.87655407],0.3995909226538048,0.4769631460988716
8,[0.02297788],0.5259159886773331,0.5029381081925693
9,[0.13550954],0.49295331962943717,0.3574437828935065
10,[0.36235757],0.6363078011286278,0.27395022749581155
11,[0.40477326],0.5378254397822252,0.13305218264323315
12,[0.69940393],0.46269183378070455,0.236712095049341
13,[0.5616469],0.5140065375724411,0.047640362524072444
14,[0.31115144],0.5345945874859717,0.22344314713622027
15,[0.46194054],0.6369291692740324,0.17498863321995373
16,[0.0342038],0.5903985521468174,0.5561947564127528
17,[0.65267662],0.5092155739163572,0.14346104789475966
18,[0.01576364],0.5092155739163572,0.4934519307167876
19,[0.47669107],0.48557805498521794,0.008886989642700793
20,[0.05895064],0.5378267188344773,0.4788760810136259
21,[0.16144107],0.6363078011286278,0.4748667346654749
22,[0.26816535],0.5714688900984686,0.30330353636380447
23,[0.28121965],0.5378254397822252,0.2566057895868362
24,[0.84495455],0.46269183378070455,0.3822627164052972
25,[0.45233255],0.5140065375724411,0.0616739827053292
26,[0.23036523],0.47669106534251715,0.246325831339682
27,[0.73103647],0.47669106534251715,0.25434540396462324
28,[0.31333106],0.5616469000965135,0.2483158429288832
29,[0.53136374],0.5378254397822252,0.006461704592507056
30,[0.94186533],0.47669106534251715,0.46517426509263216
31,[0.68009288],0.5092155739163572,0.17087730317764982
32,[0.42497438],0.5140065375724411,0.08903215386001617
33,[0.15607076],0.6526766218111169,0.4966058602399821
34,[0.00401443],0.5140065375724411,0.5099921059085689
35,[0.88905416],0.47669106534251715,0.4123630978390449
36,[0.88965071],0.46269183378070455,0.42695887791219267
37,[0.45442025],0.5497361699393694,0.09531592434209535
38,[0.74081894],0.5313637351897181,0.2094552008952889
39,[0.93541979],0.5092155739163572,0.4262042193631612
40,[0.95284052],0.46269183378070455,0.49014869043274967
41,[0.89214037],0.43076572935394175,0.4613746391838994
42,[0.73957797],0.4619405360540787,0.27763743756824644
43,[0.18782896],0.5497361699393694,0.36190720551385747
44,[0.63752715],0.46269183378070455,0.17483531733029667
45,[0.73981401],0.4619405360540787,0.2778734746550475
46,[0.38917429],0.566557895097491,0.1773836077459331
47,[0.11774294],0.46969144956161085,0.3519485141135446
48,[0.9036483],0.5092155739163572,0.3944327245978718
49,[0.75419259],0.5514163126440934,0.20277627782879915
50,[0.94995214],0.5116110557443991,0.43834107987594617
51,[0.35000943],0.5616469000965135,0.21163746596701438
52,[0.57146889],0.46269183378070455,0.10877705631776402
53,[0.7626784],0.45818039082567635,0.3044980090421961
54,[0.04700254],0.5616469000965135,0.5146443632658514
55,[0.81467257],0.44311751309590314,0.37155506184880943
56,[0.84294747],0.5116110557443991,0.3313364165252729
57,[0.84544719],0.4619405360540787,0.3835066561970526
58,[0.67117288],0.45818039082567635,0.2129924862514036
59,[0.51400654],0.5235205068492912,0.00951396927685011
60,[0.23567993],0.6369291692740324,0.4012492436487124
61,[0.17698077],0.5378254397822252,0.3608446724905775
62,[0.91204938],0.46969144956161085,0.4423579254809204
63,[0.92822572],0.46969144956161085,0.45853426726680063
64,[0.71410224],0.5092155739163572,0.20488666826705182
65,[0.72780346],0.47669106534251715,0.25111239680379593
66,[0.02403875],0.5616469000965135,0.53760815331588
67,[0.59039855],0.5116110557443991,0.07878749640241822
68,[0.50921557],0.5378254397822252,0.028609865865868
69,[0.63508845],0.44311751309590314,0.1919709380503512
70,[0.34881667],0.5465053176431158,0.19768864487409255
71,[0.14249587],0.49295331962943717,0.3504574481118459
72,[0.36152345],0.6369291692740324,0.2754057185118266
73,[0.16016903],0.5313637351897181,0.3711947041509228
74,[0.72114835],0.4523325548671119,0.2688157933664118
75,[0.00343699],0.6350884511462543,0.6316514589938261
76,[0.46269183],0.5092155739163572,0.046523740135652636
77,[0.05691716],0.46269183378070455,0.4057746739084378
78,[0.78436717],0.4619405360540787,0.32242663444497843
79,[0.63692917],0.4619405360540787,0.17498863321995373
80,[0.04049898],0.5616469000965135,0.5211479244617179
81,[0.53782544],0.46269183378070455,0.07513360600152064
82,[0.05511995],0.5497361699393694,0.4946162155675211
83,[0.43390247],0.5378254397822252,0.1039229684575308
84,[0.083967],0.5259159886773331,0.44194899153659895
85,[0.95550185],0.45818039082567635,0.4973214618865556
86,[0.04255205],0.5714688900984686,0.528916844426394
87,[0.26231309],0.5092155739163572,0.24690248325179265
88,[0.83645821],0.46269183378070455,0.3737663806088203
89,[0.68692855],0.5116110557443991,0.17531749213816517
90,[0.28582719],0.5092155739163572,0.22338837956619273
91,[0.70335128],0.5378254397822252,0.16552584395011016
92,[0.3440022],0.5140065375724411,0.17000433869575116
93,[0.27042857],0.6350884511462543,0.3646598819320598
94,[0.93165784],0.45818039082567635,0.47347745135315605
95,[0.7559455],0.5116110557443991,0.24433444185534026
96,[0.7110925],0.4523325548671119,0.25875994028126226
97,[0.77780651],0.4441613584609842,0.3336451496583432
98,[0.35942184],0.6360088102101433,0.27658697356484896
99,[0.19640302],0.5092155739163572,0.3128125523689297
