,0,1,2
0,[0.01862279],0.5546471649403468,0.536024379888366
1,[0.30483661],0.5226851363810796,0.2178485310622752
2,[0.78937121],0.47669106534251715,0.31268014280730494
3,[0.39959092],0.5313637351897181,0.13177281253591333
4,[0.86013892],0.4311413782172547,0.42899753943624125
5,[0.70429793],0.40477325713899204,0.2995246753860996
6,[0.91160761],0.46269183378070455,0.4489157751065723
7,[0.87655407],0.4311413782172547,0.4454126905354217
8,[0.02297788],0.5497361699393694,0.5267582894546056
9,[0.13550954],0.5092155739163572,0.3737060371804265
10,[0.36235757],0.6350884511462543,0.27273087751343805
11,[0.40477326],0.5378254397822252,0.13305218264323315
12,[0.69940393],0.47669106534251715,0.2227128634875284
13,[0.5616469],0.5092155739163572,0.052431326180156335
14,[0.31115144],0.5497361699393694,0.23858472958961796
15,[0.46194054],0.5616469000965135,0.09970636404243483
16,[0.0342038],0.5641119959645213,0.5299082002304568
17,[0.65267662],0.47669106534251715,0.1759855564685997
18,[0.01576364],0.5092155739163572,0.4934519307167876
19,[0.47669107],0.4619405360540787,0.014750529288438452
20,[0.05895064],0.566557895097491,0.5076072572766396
21,[0.16144107],0.6350884511462543,0.4736473846831014
22,[0.26816535],0.5546471649403468,0.2864818112056827
23,[0.28121965],0.5378254397822252,0.2566057895868362
24,[0.84495455],0.46269183378070455,0.3822627164052972
25,[0.45233255],0.5140065375724411,0.0616739827053292
26,[0.23036523],0.47669106534251715,0.246325831339682
27,[0.73103647],0.47669106534251715,0.25434540396462324
28,[0.31333106],0.5714688900984686,0.25813783293083825
29,[0.53136374],0.47669106534251715,0.05467266984720098
30,[0.94186533],0.47669106534251715,0.46517426509263216
31,[0.68009288],0.48595370384853087,0.19413917324547614
32,[0.42497438],0.5140065375724411,0.08903215386001617
33,[0.15607076],0.6526766218111169,0.4966058602399821
34,[0.00401443],0.5313637351897181,0.527349303525846
35,[0.88905416],0.4693158006982979,0.4197383624832641
36,[0.88965071],0.4623161849173916,0.4273345267755056
37,[0.45442025],0.5313637351897181,0.07694348959244413
38,[0.74081894],0.5313637351897181,0.2094552008952889
39,[0.93541979],0.5092155739163572,0.4262042193631612
40,[0.95284052],0.4619405360540787,0.4908999881593755
41,[0.89214037],0.4623161849173916,0.42982418362044955
42,[0.73957797],0.4619405360540787,0.27763743756824644
43,[0.18782896],0.566557895097491,0.3787289306719791
44,[0.63752715],0.5092155739163572,0.12831157719464403
45,[0.73981401],0.4619405360540787,0.2778734746550475
46,[0.38917429],0.5714688900984686,0.18229460274691067
47,[0.11774294],0.47669106534251715,0.3589481298944509
48,[0.9036483],0.5092155739163572,0.3944327245978718
49,[0.75419259],0.5514163126440934,0.20277627782879915
50,[0.94995214],0.5140065375724411,0.4359455980479042
51,[0.35000943],0.5313637351897181,0.181354301060219
52,[0.57146889],0.46269183378070455,0.10877705631776402
53,[0.7626784],0.45818039082567635,0.3044980090421961
54,[0.04700254],0.5616469000965135,0.5146443632658514
55,[0.81467257],0.4339024713246944,0.3807701036200182
56,[0.84294747],0.5092155739163572,0.33373189835331485
57,[0.84544719],0.4619405360540787,0.3835066561970526
58,[0.67117288],0.454420245597274,0.21675263147980595
59,[0.51400654],0.5497361699393694,0.03572963236692828
60,[0.23567993],0.5714688900984686,0.33578896447314854
61,[0.17698077],0.5378254397822252,0.3608446724905775
62,[0.91204938],0.46969144956161085,0.4423579254809204
63,[0.92822572],0.46269183378070455,0.46553388304770693
64,[0.71410224],0.4693158006982979,0.24478644148511108
65,[0.72780346],0.47669106534251715,0.25111239680379593
66,[0.02403875],0.5714688900984686,0.547430143317835
67,[0.59039855],0.5092155739163572,0.08118297823046017
68,[0.50921557],0.5140065375724411,0.004790963656083891
69,[0.63508845],0.45337640023219294,0.1817120509140614
70,[0.34881667],0.5313637351897181,0.18254706242069485
71,[0.14249587],0.47669106534251715,0.3341951938249259
72,[0.36152345],0.5616469000965135,0.2001234493343077
73,[0.16016903],0.5378254397822252,0.37765640874342987
74,[0.72114835],0.4523325548671119,0.2688157933664118
75,[0.00343699],0.5616469000965135,0.5582099079440853
76,[0.46269183],0.5140065375724411,0.05131470379173653
77,[0.05691716],0.46969144956161085,0.4127742896893441
78,[0.78436717],0.4619405360540787,0.32242663444497843
79,[0.63692917],0.4619405360540787,0.17498863321995373
80,[0.04049898],0.6350884511462543,0.5945894755114587
81,[0.53782544],0.46269183378070455,0.07513360600152064
82,[0.05511995],0.5378254397822252,0.48270548541037694
83,[0.43390247],0.5378254397822252,0.1039229684575308
84,[0.083967],0.5497361699393694,0.46576917279863517
85,[0.95550185],0.4879735368132599,0.4675283158989721
86,[0.04255205],0.5092155739163572,0.4666635282442826
87,[0.26231309],0.5116110557443991,0.2492979650798346
88,[0.83645821],0.46269183378070455,0.3737663806088203
89,[0.68692855],0.5140065375724411,0.17292201031012322
90,[0.28582719],0.5092155739163572,0.22338837956619273
91,[0.70335128],0.5378254397822252,0.16552584395011016
92,[0.3440022],0.5140065375724411,0.17000433869575116
93,[0.27042857],0.5864569454642398,0.3160283762500452
94,[0.93165784],0.4879735368132599,0.4436843053655725
95,[0.7559455],0.5140065375724411,0.2419389600272983
96,[0.7110925],0.44311751309590314,0.267974982052471
97,[0.77780651],0.4339024713246944,0.343904036794633
98,[0.35942184],0.5616469000965135,0.20222506345121916
99,[0.19640302],0.49295331962943717,0.29655029808200967
