,0,1,2
0,[17.72735076],16.27376428671022,13.92814342832031
1,[15.85932658],14.591643763866003,12.876431478325392
2,[19.26465905],17.996976236131456,16.281763950590847
3,[15.90111705],13.86688914694746,12.466968177111868
4,[17.94350025],16.675817439323417,14.960605153782808
5,[15.6038745],14.222373149130926,11.018092178586127
6,[17.77349375],15.58368022620042,14.554152517091438
7,[15.41013089],13.956544421733478,11.610923563343569
8,[19.96352587],17.773712347632475,16.744184638523492
9,[16.26359631],14.99591349572911,13.2807012101885
10,[17.66480007],16.283298713092105,13.079017742547311
11,[19.46069549],17.27088196134498,16.241354252236
12,[16.21046813],14.756881660003419,12.41126080161351
13,[17.0881037],15.706602340977287,12.50232137043249
14,[19.33972742],17.305499512171718,15.905578542336128
15,[16.43165121],15.050149851057691,11.845868880512896
16,[15.68849832],14.673637913103756,12.419511392407806
17,[15.25396801],13.800381543212552,11.454760684822643
18,[19.64145436],18.37377154677603,16.658559261235418
19,[18.89975071],16.865522804192164,15.465601834356574
20,[18.47237254],16.4381446373844,15.038223667548808
21,[4.76719334],11.385382088680384,1.3330444601129936
22,[4.6597114],10.517987869366264,0.07392907109009972
23,[1.03699769],16.757509621423157,3.0493438435244355
24,[1.11678491],16.67772239548346,2.969556617584738
25,[4.98759182],11.253142996036974,1.553442947852003
26,[2.46031652],11.893948377336292,2.1993948720782823
27,[1.12887437],12.728126058247407,3.298361350005566
28,[4.93858081],10.35066622033371,0.35279848614435405
29,[3.78295371],11.97592586713189,0.3488048293604802
30,[2.91291495],12.60719695618774,0.8700387517071451
31,[2.83013576],10.455106028095479,0.43885116879521036
32,[1.85921687],13.660895042306967,1.9237368378263704
33,[2.26481781],10.794296794336194,1.0041691125297336
34,[4.08634153],13.708165777898722,1.1034464329258706
35,[0.51003263],17.28447467796216,3.5763089000634376
36,[4.58578232],10.562345312020327,0.07392907109009972
37,[0.21935594],14.134908964370911,4.440355459112899
38,[2.87274299],14.9217643128628,1.213598534964078
39,[0.90249493],12.086751476183458,2.3664919922649403
40,[3.17850832],10.246082489172098,0.09047860392290819
41,[4.47071723],9.958290817368468,1.2513759973532386
42,[3.2777997],10.196874323117097,0.05845846861010262
43,[1.27112435],17.983642651631353,1.948216883383625
44,[2.9828951],14.811612210824592,1.1034464329258706
45,[4.59938588],13.195121430736972,1.6164907800876196
46,[3.87270538],11.946585211654988,0.1469961007583116
47,[1.45497272],12.899292176325257,3.20473867106725
48,[3.43414888],12.185208764748177,0.3488048293604802
49,[2.16660696],15.627900344196755,1.919734566298033
50,[1.50799186],16.286515442760486,2.578349664861764
51,[1.78236061],13.73775130410952,2.000593099628926
52,[1.27059724],12.586403186687999,3.156638478446161
53,[0.09038608],13.76661435533101,4.336849647089172
54,[4.85792393],13.272009983117778,1.1322146521014416
55,[2.91857027],10.402045323063351,0.3504166604083294
56,[0.31118075],14.043084146672163,4.348530641414151
57,[3.12964812],12.390463787711694,0.6533055832310981
58,[3.02963325],11.496034758225683,1.6300781480990314
59,[1.38447727],14.135634636228582,2.3984764317479863
60,[2.23216983],13.287942079550518,1.5507838750699219
61,[2.03304886],10.956197549686893,1.2359380657683747
62,[4.68308437],10.092455719986727,0.8838770430866854
63,[2.11204411],14.912430661001125,2.547667286636776
64,[4.98289503],10.324077686223289,0.39711270966172396
65,[3.26017415],10.2003994342234,0.032020135312805564
66,[2.46168083],11.892584069759906,2.198030564501896
67,[4.17138708],11.707639852834856,0.4456777992834766
68,[3.72570928],10.666880776066233,0.7015264463746593
69,[1.05236537],12.804635058253348,3.374870350011508
