,0,1,2
0,[17.72735076],13.093655762038178,14.467176606876688
1,[15.85932658],14.450416557599212,12.729678452176087
2,[19.26465905],17.88109211207124,16.281763950590847
3,[15.90111705],12.89354977240273,11.81477552420592
4,[17.94350025],15.471044014301473,15.070757255821015
5,[15.6038745],9.473185010180192,12.574241255595059
6,[17.77349375],12.848105575096644,14.495694048481337
7,[15.41013089],12.725280795748166,11.537425512964413
8,[19.96352587],14.248529134642302,16.70335172544492
9,[16.26359631],14.99591349572911,13.233963059108705
10,[17.66480007],9.658527656327761,14.635166819556241
11,[19.46069549],13.846264825612309,16.20052133915743
12,[16.21046813],14.756881660003419,12.484758851992666
13,[17.0881037],10.066876686918736,14.05847044744142
14,[19.33972742],12.996168389454695,15.556773712975648
15,[16.43165121],13.992441531428408,11.96093397287174
16,[15.68849832],11.599026259646015,12.428324170173571
17,[15.25396801],11.989406344871727,11.993793863379022
18,[19.64145436],17.293304440567123,15.76874898084467
19,[18.89975071],15.840475819318183,15.465601834356574
20,[18.47237254],12.302284489624839,14.689418838188327
21,[4.76719334],6.820212806650514,1.1586420454327535
22,[4.6597114],10.924318156157925,1.3995372477236128
23,[1.03699769],13.743358170258954,2.223176462053778
24,[1.11678491],14.323125386403555,2.012863210808172
25,[4.98759182],8.65935669870035,1.204638118491523
26,[2.46031652],11.837624792613234,1.7110705518153688
27,[1.12887437],9.436775356093213,2.596834903630907
28,[4.93858081],4.311468064725822,1.0658754338423329
29,[3.78295371],6.820212806650511,0.6877635263494777
30,[2.91291495],9.539757857640721,1.5578022780566227
31,[2.83013576],7.223636611089377,0.4476639465609762
32,[1.85921687],10.418879183065618,2.740169008533587
33,[2.26481781],4.031554420495313,1.0129818902954995
34,[4.08634153],9.200415827052135,0.21363615253512336
35,[0.51003263],11.774499011451264,3.27292107651797
36,[4.58578232],10.113880333098123,0.11506509235884543
37,[0.21935594],13.630393262240926,3.952031138849986
38,[2.87274299],9.68355111812785,0.39624393125918633
39,[0.90249493],11.009975536930492,2.4534793565472954
40,[3.17850832],6.595030261113729,0.09929138168867402
41,[4.47071723],6.434182114193061,0.5980118553391334
42,[3.2777997],7.044571032464987,0.09929138168867402
43,[1.27112435],7.279738559116522,2.006675351993728
44,[2.9828951],9.510662080752022,0.3642664157375681
45,[4.59938588],6.326941787958319,0.513044347161749
46,[3.87270538],5.772312288522811,0.298681698525165
47,[1.45497272],10.766233437836906,3.1308095999771504
48,[3.43414888],9.592037583862288,0.3488048293604802
49,[2.16660696],10.449239544438939,1.6163467427525653
50,[1.50799186],11.263095558941545,2.578349664861764
51,[1.78236061],8.072671785670796,2.303980923174393
52,[1.27059724],9.32339705884569,2.4551120320715016
53,[0.09038608],13.040470555910474,4.08100099999799
54,[4.85792393],9.167760641775303,1.1322146521014416
55,[2.91857027],10.095721266483093,1.2528168101032628
56,[0.31118075],11.463599167838824,4.348530641414151
57,[3.12964812],6.956916319198536,0.9566934067765658
58,[3.02963325],11.477669794685934,1.6300781480990314
59,[1.38447727],11.024279893633452,2.369854216874003
60,[2.23216983],7.657260122305405,1.5507838750699219
61,[2.03304886],10.69477466053075,1.7499048459277988
62,[4.68308437],6.918613601338608,0.8103789927075296
63,[2.11204411],9.343321721756809,2.4737382155466765
64,[4.98289503],4.329193754132769,1.1101896573597028
65,[3.26017415],9.982610582265774,0.017625555531531667
66,[2.46168083],11.813161527827562,2.1241014934117963
67,[4.17138708],7.044571032464987,0.9112129274606993
68,[3.72570928],7.360362079028269,0.8600730484562904
69,[1.05236537],12.270887118248343,3.119021702920325
