,0,1,2
0,[17.72735076],13.3086650466663,14.467176606876688
1,[15.85932658],14.061528225528495,12.729678452176087
2,[19.26465905],14.538447303634385,16.281763950590847
3,[15.90111705],12.686236101260736,11.81477552420592
4,[17.94350025],15.47104401430147,15.070757255821015
5,[15.6038745],9.473185010180192,12.685304237862205
6,[17.77349375],12.848105575096644,14.495694048481337
7,[15.41013089],12.725280795748166,11.32378936042929
8,[19.96352587],14.248529134642302,16.70335172544492
9,[16.26359631],14.99591349572911,13.233963059108705
10,[17.66480007],9.658527656327761,14.635166819556241
11,[19.46069549],13.846264825612309,16.20052133915743
12,[16.21046813],14.756881660003419,12.484758851992666
13,[17.0881037],10.066876686918736,14.169533429708565
14,[19.33972742],12.996168389454695,15.556773712975648
15,[16.43165121],13.681211716026624,11.96093397287174
16,[15.68849832],11.599026259646015,12.428324170173571
17,[15.25396801],11.989406344871727,11.993793863379022
18,[19.64145436],17.293304440567123,15.555112828309547
19,[18.89975071],15.840475819318183,15.465601834356574
20,[18.47237254],12.302284489624839,14.689418838188327
21,[4.76719334],6.820212806650514,1.1586420454327535
22,[4.6597114],8.9181584203466,1.3995372477236128
23,[1.03699769],11.116568533451117,2.223176462053778
24,[1.11678491],14.323125386403555,2.012863210808172
25,[4.98759182],4.886350517883843,1.204638118491523
26,[2.46031652],11.837624792613234,0.8174831798862012
27,[1.12887437],9.436775356093213,2.596834903630907
28,[4.93858081],4.4949858924333705,1.3586517344069007
29,[3.78295371],6.820212806650511,0.6877635263494777
30,[2.91291495],7.16822830733337,1.5578022780566227
31,[2.83013576],6.92019756372341,0.4476639465609762
32,[1.85921687],10.418879183065618,2.740169008533587
33,[2.26481781],4.031554420495313,1.0129818902954995
34,[4.08634153],9.200415827052135,0.38437570280401
35,[0.51003263],11.774499011451264,3.27292107651797
36,[4.58578232],7.989458603469474,0.11506509235884543
37,[0.21935594],13.630393262240926,3.0584437669208184
38,[2.87274299],9.747965421260794,0.3874311534934205
39,[0.90249493],11.009975536930492,2.3753047700307066
40,[3.17850832],6.595030261113729,0.09929138168867402
41,[4.47071723],6.434182114193061,0.38437570280401
42,[3.2777997],6.7411319850990195,0.09929138168867402
43,[1.27112435],7.279738559116522,2.006675351993728
44,[2.9828951],9.362321351380237,0.27727905145521303
45,[4.59938588],6.015381332346994,0.513044347161749
46,[3.87270538],5.772312288522811,0.5980118553391334
47,[1.45497272],7.771021520641071,3.1308095999771504
48,[3.43414888],9.592037583862288,0.3488048293604802
49,[2.16660696],10.449239544438939,1.6163467427525653
50,[1.50799186],11.263095558941545,2.962725367665774
51,[1.78236061],8.072671785670796,2.303980923174393
52,[1.27059724],8.839743747564281,2.4551120320715016
53,[0.09038608],13.040470555910474,4.08100099999799
54,[4.85792393],9.167760641775303,1.0749702223534743
55,[2.91857027],10.095721266483093,1.2528168101032628
56,[0.31118075],11.463599167838824,4.311566105869102
57,[3.12964812],6.956916319198536,0.9566934067765658
58,[3.02963325],11.477669794685934,1.6300781480990314
59,[1.38447727],13.395939626758212,2.049671602387506
60,[2.23216983],7.657260122305405,1.5507838750699219
61,[2.03304886],13.929999587012125,1.7499048459277988
62,[4.68308437],6.918613601338608,0.5967428401724062
63,[2.11204411],7.0064373990122615,2.1664852717858265
64,[4.98289503],4.329193754132769,1.1101896573597028
65,[3.26017415],9.554308455086446,0.017625555531531667
66,[2.46168083],10.097200206181407,2.1241014934117963
67,[4.17138708],7.044571032464987,0.9112129274606993
68,[3.72570928],7.360362079028269,0.745007956097445
69,[1.05236537],12.270887118248343,3.119021702920325
