,0,1,2
0,[17.72735076],12.890134959316725,14.467176606876688
1,[15.85932658],14.547229776257222,12.729678452176087
2,[19.26465905],14.538447303634385,16.13501092444154
3,[15.90111705],12.516085292816834,11.81477552420592
4,[17.94350025],15.768697158367345,15.070757255821015
5,[15.6038745],9.473185010180192,12.73113150871306
6,[17.77349375],13.236999800881886,14.513319604012867
7,[15.41013089],8.985881018146276,11.32378936042929
8,[19.96352587],13.629517104630043,16.70335172544492
9,[16.26359631],11.977712486859879,13.233963059108705
10,[17.66480007],9.984543285947568,14.635166819556241
11,[19.46069549],13.227252795600048,16.20052133915743
12,[16.21046813],12.329754915005944,12.484758851992666
13,[17.0881037],10.066876686918736,14.13737101411489
14,[19.33972742],12.996168389454695,15.905578542336128
15,[16.43165121],12.746868860029469,11.96093397287174
16,[15.68849832],11.599026259646015,12.428324170173571
17,[15.25396801],8.513122767701901,11.993793863379022
18,[19.64145436],16.606560531301433,15.555112828309547
19,[18.89975071],15.907328619541326,15.465601834356574
20,[18.47237254],12.302284489624839,14.718041053062311
21,[4.76719334],6.820212806650514,1.3330444601129936
22,[4.6597114],9.186949419956273,1.4648002603765669
23,[1.03699769],7.62964940007871,2.3971511906184877
24,[1.11678491],11.108944159242197,2.0372933103825552
25,[4.98759182],4.419843839157598,1.553442947852003
26,[2.46031652],12.139994601649471,0.8174831798862012
27,[1.12887437],9.245300337400044,2.596834903630907
28,[4.93858081],6.359583128952791,1.2128715346006445
29,[3.78295371],6.820212806650511,0.3488048293604802
30,[2.91291495],7.16822830733337,1.5578022780566227
31,[2.83013576],3.652936919823169,0.4476639465609762
32,[1.85921687],11.343549902266515,2.611500364175848
33,[2.26481781],4.031554420495313,1.0129818902954995
34,[4.08634153],7.480226651612296,0.38437570280401
35,[0.51003263],11.910669372892674,3.27292107651797
36,[4.58578232],7.989458603469474,0.11506509235884543
37,[0.21935594],10.797026583858852,3.0584437669208184
38,[2.87274299],12.714364303266832,0.40505670902495217
39,[0.90249493],7.630097903837148,2.5316539430638842
40,[3.17850832],6.595030261113729,0.09929138168867402
41,[4.47071723],6.434182114193061,0.38437570280401
42,[3.2777997],3.65293691982317,0.09929138168867402
43,[1.27112435],7.279738559116522,2.1630245250269056
44,[2.9828951],9.362321351380237,0.4512537800199228
45,[4.59938588],6.015381332346994,0.513044347161749
46,[3.87270538],5.772312288522811,0.5980118553391334
47,[1.45497272],8.018011649389162,3.1308095999771504
48,[3.43414888],6.515168659864395,0.3488048293604802
49,[2.16660696],6.985455446536642,1.6163467427525653
50,[1.50799186],8.23181134535801,2.962725367665774
51,[1.78236061],8.072671785670796,2.000593099628926
52,[1.27059724],6.863385860011635,2.0072024594258107
53,[0.09038608],11.640998206130213,4.08100099999799
54,[4.85792393],11.161405222384191,1.0749702223534743
55,[2.91857027],12.61555175185713,1.2528168101032628
56,[0.31118075],11.166753329469552,4.274601570324052
57,[3.12964812],7.330521155199838,0.9992161797715866
58,[3.02963325],9.447411572766919,1.5561490770089317
59,[1.38447727],9.79888061758022,2.049671602387506
60,[2.23216983],7.268258327493283,1.5507838750699219
61,[2.03304886],10.62808125462607,1.7499048459277988
62,[4.68308437],4.632597258635153,0.5967428401724062
63,[2.11204411],6.7344684447100835,2.4737382155466765
64,[4.98289503],3.4742734400679587,1.1101896573597028
65,[3.26017415],9.554308455086447,0.09580014204812048
66,[2.46168083],9.744463603480558,2.1241014934117963
67,[4.17138708],7.044571032464987,0.9112129274606993
68,[3.72570928],5.57407731271409,0.745007956097445
69,[1.05236537],10.871414768468082,3.119021702920325
