,0,1,2
0,[17.72735076],12.890134959316725,14.380189242594334
1,[15.85932658],14.415506756544477,12.729678452176087
2,[19.26465905],17.314081339043376,16.086150725292775
3,[15.90111705],12.516085292816834,11.81477552420592
4,[17.94350025],13.181897162175613,15.11336449335704
5,[15.6038745],9.473185010180192,12.773738746249085
6,[17.77349375],12.289953413929634,14.513319604012867
7,[15.41013089],8.985881018146276,11.32378936042929
8,[19.96352587],13.874942162230564,16.70335172544492
9,[16.26359631],14.862798356847042,13.18395562157395
10,[17.66480007],9.984543285947568,14.635166819556241
11,[19.46069549],13.47267785320057,16.20052133915743
12,[16.21046813],11.789109435159308,12.484758851992666
13,[17.0881037],9.197170558635907,14.05847044744142
14,[19.33972742],12.996168389454695,15.905578542336128
15,[16.43165121],12.816796204456443,11.845868880512896
16,[15.68849832],11.599026259646015,12.428324170173571
17,[15.25396801],8.513122767701901,11.897993721330902
18,[19.64145436],13.64777216832924,15.555112828309547
19,[18.89975071],16.081498817032916,15.465601834356574
20,[18.47237254],12.302284489624839,14.746663267936295
21,[4.76719334],6.820212806650514,0.9842396307525134
22,[4.6597114],6.714804089003484,1.3995372477236128
23,[1.03699769],6.915768691797565,2.3971511906184877
24,[1.11678491],4.416118342172315,2.1433892361140803
25,[4.98759182],3.9055927410702096,1.553442947852003
26,[2.46031652],9.483236830728675,1.6260250058253272
27,[1.12887437],7.259918628614161,2.596834903630907
28,[4.93858081],6.359583128952791,1.3586517344069007
29,[3.78295371],6.820212806650511,0.3488048293604802
30,[2.91291495],9.273148965618123,1.1734265752526127
31,[2.83013576],3.652936919823169,0.4476639465609762
32,[1.85921687],11.343549902266515,2.3121702073618797
33,[2.26481781],1.3356727748460242,1.0129818902954995
34,[4.08634153],7.480226651612296,0.38437570280401
35,[0.51003263],11.910669372892674,3.424614988290704
36,[4.58578232],5.604486116835566,0.11506509235884543
37,[0.21935594],10.797026583858852,3.5063533395665094
38,[2.87274299],6.8991641371510095,0.3874311534934205
39,[0.90249493],7.574642093546106,2.970210443434709
40,[3.17850832],6.572240781285544,0.09929138168867402
41,[4.47071723],6.434182114193061,0.5980118553391334
42,[3.2777997],6.303125560812608,0.09929138168867402
43,[1.27112435],7.279738559116522,2.454584924639419
44,[2.9828951],9.8876194683012,0.7714363945064195
45,[4.59938588],6.015381332346994,0.513044347161749
46,[3.87270538],2.6782988320589105,0.44834677693214964
47,[1.45497272],8.018011649389162,3.1308095999771504
48,[3.43414888],9.009094109843184,0.3488048293604802
49,[2.16660696],6.985455446536642,1.4419443280723252
50,[1.50799186],7.733465107557389,2.7705375162637695
51,[1.78236061],8.072671785670796,2.000593099628926
52,[1.27059724],6.985025835980098,2.1635516324589887
53,[0.09038608],10.462764666171859,3.69256763046248
54,[4.85792393],6.2159116062477,1.1322146521014416
55,[2.91857027],9.866166353110263,1.5521469669172312
56,[0.31118075],8.12612948227773,3.87318726096989
57,[3.12964812],4.2697582596555765,1.0417389527666074
58,[3.02963325],12.188447414254082,1.5561490770089317
59,[1.38447727],6.737731999826272,2.049671602387506
60,[2.23216983],10.55362082042984,2.353612493778245
61,[2.03304886],16.343062296982332,1.7499048459277988
62,[4.68308437],4.632597258635153,0.5967428401724062
63,[2.11204411],9.526702424738767,2.4737382155466765
64,[4.98289503],5.866992218059037,1.1101896573597028
65,[3.26017415],9.944406991365227,0.17397472856470975
66,[2.46168083],6.679160403459923,2.1241014934117963
67,[4.17138708],7.044571032464987,0.8935873719291676
68,[3.72570928],5.57407731271409,0.745007956097445
69,[1.05236537],9.693181228509726,2.7305883333848158
