,0,1,2
0,[17.72735076],12.890134959316725,14.001641478699465
1,[15.85932658],14.415506756544477,12.908593893919067
2,[19.26465905],17.314081339043376,16.086150725292775
3,[15.90111705],12.438643953616035,12.028411676741044
4,[17.94350025],13.314602920935197,15.11336449335704
5,[15.6038745],9.473185010180192,12.73113150871306
6,[17.77349375],12.273620248698204,14.504506826247102
7,[15.41013089],9.338013271716017,11.32378936042929
8,[19.96352587],14.005692652654847,16.70335172544492
9,[16.26359631],12.268530705815554,13.085087984890428
10,[17.66480007],9.984543285947568,14.486291745337965
11,[19.46069549],13.603428343624852,16.20052133915743
12,[16.21046813],11.789109435159308,12.484758851992666
13,[17.0881037],9.197170558635907,14.05847044744142
14,[19.33972742],13.14542998766378,15.905578542336128
15,[16.43165121],12.816796204456443,11.845868880512896
16,[15.68849832],11.348716327432772,12.428324170173571
17,[15.25396801],8.513122767701901,11.674038935008056
18,[19.64145436],13.64777216832924,15.555112828309547
19,[18.89975071],16.081498817032916,15.465601834356574
20,[18.47237254],12.513024106848684,14.746663267936295
21,[4.76719334],7.300789271612679,0.9842396307525134
22,[4.6597114],6.714804089003484,1.225562519158903
23,[1.03699769],6.915768691797565,2.3971511906184877
24,[1.11678491],4.416118342172315,2.161014791645612
25,[4.98759182],4.684815130886916,1.553442947852003
26,[2.46031652],9.483236830728675,1.7110705518153688
27,[1.12887437],7.259918628614161,2.596834903630907
28,[4.93858081],6.241320293114518,1.2128715346006445
29,[3.78295371],6.9694744048595965,0.6533055832310981
30,[2.91291495],9.273148965618123,1.1734265752526127
31,[2.83013576],6.048267289678354,0.4476639465609762
32,[1.85921687],11.343549902266515,2.3121702073618797
33,[2.26481781],1.3356727748460244,1.0129818902954995
34,[4.08634153],7.480226651612296,0.38437570280401
35,[0.51003263],11.910669372892674,3.5763089000634376
36,[4.58578232],5.604486116835565,0.013603551998893515
37,[0.21935594],10.797026583858852,3.653349440324821
38,[2.87274299],6.8991641371510095,0.30576532733627815
39,[0.90249493],7.574642093546105,3.1838465959698325
40,[3.17850832],6.572240781285544,0.2556405547218521
41,[4.47071723],8.651241305778301,0.5980118553391334
42,[3.2777997],6.303125560812608,0.017625555531531667
43,[1.27112435],7.631753056903524,2.815217177932854
44,[2.9828951],7.841071317402955,1.1034464329258706
45,[4.59938588],6.312945759492971,0.513044347161749
46,[3.87270538],2.6782988320589105,0.298681698525165
47,[1.45497272],8.018011649389162,3.20473867106725
48,[3.43414888],8.983160530615574,0.3488048293604802
49,[2.16660696],6.985455446536642,1.0935671848273754
50,[1.50799186],10.066307193577565,2.962725367665774
51,[1.78236061],7.923410187461711,2.000593099628926
52,[1.27059724],6.985025835980098,2.1635516324589887
53,[0.09038608],10.462764666171859,3.6353232007145126
54,[4.85792393],6.215911606247701,1.4237750517139545
55,[2.91857027],12.220554314994821,1.6672120592760766
56,[0.31118075],5.596389982433488,3.4717729516157285
57,[3.12964812],4.2697582596555765,1.191404031173592
58,[3.02963325],9.089632233954976,1.5561490770089317
59,[1.38447727],10.306006022756701,1.893322429354328
60,[2.23216983],10.86430941000024,2.353612493778245
61,[2.03304886],16.343062296982332,1.7499048459277988
62,[4.68308437],4.9847295122048925,0.5967428401724062
63,[2.11204411],9.526702424738767,2.4737382155466765
64,[4.98289503],5.866992218059037,0.8115079588345377
65,[3.26017415],9.944406991365227,0.17397472856470975
66,[2.46168083],6.679160403459923,2.009036401052951
67,[4.17138708],7.293521201171815,0.8935873719291676
68,[3.72570928],5.57407731271409,0.4456777992834766
69,[1.05236537],9.693181228509726,2.6733439036368485
