,0,1,2
0,[17.72735076],16.27376428671022,14.001641478699465
1,[15.85932658],14.591643763866003,12.876431478325392
2,[19.26465905],17.996976236131456,16.281763950590847
3,[15.90111705],13.86688914694746,12.466968177111868
4,[17.94350025],16.675817439323417,14.960605153782808
5,[15.6038745],14.222373149130926,11.018092178586127
6,[17.77349375],15.531692614903335,14.513319604012867
7,[15.41013089],13.956544421733478,11.684421613722725
8,[19.96352587],17.721724736335393,16.70335172544492
9,[16.26359631],14.99591349572911,13.2807012101885
10,[17.66480007],16.283298713092105,13.079017742547311
11,[19.46069549],17.218894350047897,16.20052133915743
12,[16.21046813],14.756881660003419,12.484758851992666
13,[17.0881037],15.706602340977287,12.50232137043249
14,[19.33972742],17.305499512171718,15.905578542336128
15,[16.43165121],15.050149851057691,11.845868880512896
16,[15.68849832],13.446697181064039,12.41069861464204
17,[15.25396801],13.800381543212552,11.5282587352018
18,[19.64145436],18.37377154677603,16.658559261235418
19,[18.89975071],16.865522804192164,15.465601834356574
20,[18.47237254],16.4381446373844,15.038223667548808
21,[4.76719334],9.067841818312044,1.3330444601129936
22,[4.6597114],10.517987869366264,0.07392907109009972
23,[1.03699769],16.757509621423157,2.5709971401361527
24,[1.11678491],16.67772239548346,2.491209914196455
25,[4.98759182],9.02376212076424,1.553442947852003
26,[2.46031652],11.893948377336292,2.1993948720782823
27,[1.12887437],12.728126058247407,3.554209997096748
28,[4.93858081],10.35066622033371,0.35279848614435405
29,[3.78295371],9.264689744462544,0.3488048293604802
30,[2.91291495],9.692690139743116,0.8700387517071451
31,[2.83013576],10.455106028095479,0.4476639465609762
32,[1.85921687],10.746388225862342,1.9237368378263704
33,[2.26481781],10.794296794336194,1.0129818902954995
34,[4.08634153],13.708165777898722,1.1034464329258706
35,[0.51003263],17.28447467796216,3.0979621966751547
36,[4.58578232],10.562345312020327,0.07392907109009972
37,[0.21935594],14.134908964370911,4.440355459112899
38,[2.87274299],14.9217643128628,0.7352518315757952
39,[0.90249493],12.086751476183458,2.3753047700307066
40,[3.17850832],10.246082489172098,0.09929138168867402
41,[4.47071723],9.958290817368468,1.2105430842746676
42,[3.2777997],10.196874323117097,0.017625555531531667
43,[1.27112435],16.523382955831575,1.882953870730671
44,[2.9828951],14.811612210824592,0.6250997295375877
45,[4.59938588],13.195121430736972,1.3908638900776582
46,[3.87270538],11.538814724314364,0.1469961007583116
47,[1.45497272],12.899292176325257,3.20473867106725
48,[3.43414888],9.33445071033464,0.3488048293604802
49,[2.16660696],15.627900344196755,1.44138786290975
50,[1.50799186],16.286515442760486,2.100002961473481
51,[1.78236061],10.823244487664896,2.000593099628926
52,[1.27059724],12.586403186687999,3.412487125537343
53,[0.09038608],13.76661435533101,4.592698294180353
54,[4.85792393],9.987551984805368,1.1322146521014416
55,[2.91857027],10.402045323063351,0.35922943817409525
56,[0.31118075],14.043084146672163,4.348530641414151
57,[3.12964812],12.390463787711694,0.6533055832310981
58,[3.02963325],11.496034758225683,1.6300781480990314
59,[1.38447727],11.221127819783955,2.3984764317479863
60,[2.23216983],10.373435263105893,1.5507838750699219
61,[2.03304886],10.956197549686893,1.2447508435341406
62,[4.68308437],10.092455719986727,0.9573750934658412
63,[2.11204411],11.779924233434006,2.5593537735965013
64,[4.98289503],10.324077686223289,0.39711270966172396
65,[3.26017415],10.2003994342234,0.017625555531531667
66,[2.46168083],11.892584069759906,2.198030564501896
67,[4.17138708],11.299869365494231,0.4456777992834766
68,[3.72570928],10.666880776066233,0.9573750934658412
69,[1.05236537],12.804635058253348,3.6307189971026896
