,0,1,2
0,[17.72735076],12.890134959316725,14.001641478699465
1,[15.85932658],14.415506756544477,12.940756309512743
2,[19.26465905],17.314081339043376,16.086150725292775
3,[15.90111705],12.438643953616033,12.028411676741044
4,[17.94350025],13.3146029209352,15.11336449335704
5,[15.6038745],9.473185010180192,12.73113150871306
6,[17.77349375],14.870779569338557,14.495694048481337
7,[15.41013089],9.338013271716015,11.32378936042929
8,[19.96352587],11.32095655166734,16.68572616991339
9,[16.26359631],12.268530705815554,13.085087984890428
10,[17.66480007],9.984543285947568,14.445458832259394
11,[19.46069549],13.281850830884952,16.20052133915743
12,[16.21046813],11.437302234455533,12.484758851992666
13,[17.0881037],9.197170558635907,13.810303991534472
14,[19.33972742],13.14542998766378,16.061927715369308
15,[16.43165121],13.312176200367674,12.34530967567575
16,[15.68849832],11.348716327432772,12.419511392407806
17,[15.25396801],8.513122767701901,11.5282587352018
18,[19.64145436],13.64777216832924,15.555112828309547
19,[18.89975071],16.055565237805304,15.465601834356574
20,[18.47237254],13.338762910416005,15.038223667548808
21,[4.76719334],7.300789271612677,0.9842396307525134
22,[4.6597114],6.714804089003484,0.5733698662529552
23,[1.03699769],7.240099943414604,3.0493438435244355
24,[1.11678491],7.299698556985883,2.161014791645612
25,[4.98759182],6.384055145013768,1.204638118491523
26,[2.46031652],9.483236830728675,1.6260250058253272
27,[1.12887437],4.3997215348835965,2.654079333378874
28,[4.93858081],6.2413202931145175,1.2128715346006445
29,[3.78295371],7.466981069032238,0.6533055832310981
30,[2.91291495],9.174896276711223,0.9597904227174894
31,[2.83013576],6.048267289678354,0.4476639465609762
32,[1.85921687],11.343549902266515,2.0134885088367147
33,[2.26481781],4.606108210729526,1.4608914629411904
34,[4.08634153],7.480226651612294,0.38437570280401
35,[0.51003263],11.910669372892674,3.5763089000634376
36,[4.58578232],5.604486116835565,0.013603551998893515
37,[0.21935594],7.4874235527998705,3.653349440324821
38,[2.87274299],6.673242281705728,0.2569051281875123
39,[0.90249493],7.574642093546105,3.268892141959874
40,[3.17850832],6.6664204737735515,0.547200954334365
41,[4.47071723],8.6087175586777,0.5980118553391334
42,[3.2777997],6.303125560812608,0.15634917303317808
43,[1.27112435],8.251896408563407,2.815217177932854
44,[2.9828951],7.841071317402955,1.1034464329258706
45,[4.59938588],6.512537606533305,0.513044347161749
46,[3.87270538],3.6942672563565297,0.298681698525165
47,[1.45497272],7.947451952160293,3.1308095999771504
48,[3.43414888],8.983160530615574,0.3488048293604802
49,[2.16660696],6.985455446536642,1.267541913392085
50,[1.50799186],10.066307193577565,2.962725367665774
51,[1.78236061],7.406020307809234,2.000593099628926
52,[1.27059724],4.207299920666266,2.4551120320715016
53,[0.09038608],10.462764666171859,3.6353232007145126
54,[4.85792393],6.026643908050183,1.4237750517139545
55,[2.91857027],3.6074495213109925,1.609679513096654
56,[0.31118075],8.532393187068932,3.4717729516157285
57,[3.12964812],4.225678562107774,1.4561342019394212
58,[3.02963325],9.617718401763764,1.141753827836118
59,[1.38447727],10.306006022756701,1.893322429354328
60,[2.23216983],7.397062070872717,2.353612493778245
61,[2.03304886],16.343062296982332,1.7499048459277988
62,[4.68308437],4.984729512204892,0.5967428401724062
63,[2.11204411],6.686806149880539,2.4737382155466765
64,[4.98289503],5.866992218059037,0.8115079588345377
65,[3.26017415],9.944406991365227,0.17397472856470975
66,[2.46168083],6.679160403459923,2.009036401052951
67,[4.17138708],7.203988411859619,0.8935873719291676
68,[3.72570928],5.57407731271409,0.36063225329343496
69,[1.05236537],9.693181228509726,2.7305883333848158
