,0,1,2
0,[17.72735076],12.890134959316725,14.001641478699465
1,[15.85932658],14.415506756544477,12.940756309512743
2,[19.26465905],17.314081339043376,16.086150725292775
3,[15.90111705],12.98667775532275,12.118163347751388
4,[17.94350025],13.3146029209352,15.11336449335704
5,[15.6038745],9.024720031257992,12.73113150871306
6,[17.77349375],14.870779569338557,14.495694048481337
7,[15.41013089],9.78155675402968,11.32378936042929
8,[19.96352587],11.32095655166734,16.68572616991339
9,[16.26359631],12.268530705815554,13.003422158733287
10,[17.66480007],10.528233784610592,14.486291745337965
11,[19.46069549],13.281850830884952,16.20052133915743
12,[16.21046813],11.437302234455533,12.484758851992666
13,[17.0881037],9.141396675625055,13.810303991534472
14,[19.33972742],16.77766834562459,15.905578542336128
15,[16.43165121],13.672348871323152,12.558945828210874
16,[15.68849832],11.348716327432772,12.41069861464204
17,[15.25396801],8.513122767701901,11.5282587352018
18,[19.64145436],17.246479107448806,15.76874898084467
19,[18.89975071],16.798858732381085,15.465601834356574
20,[18.47237254],15.854202566565467,15.038223667548808
21,[4.76719334],7.0313317683331125,0.9842396307525134
22,[4.6597114],5.866594348911471,0.5733698662529552
23,[1.03699769],7.240099943414606,3.0493438435244355
24,[1.11678491],4.463597266272949,2.608924364291303
25,[4.98759182],6.384055145013767,0.9012502949460552
26,[2.46031652],9.483236830728675,1.6260250058253272
27,[1.12887437],6.984508800201501,2.654079333378874
28,[4.93858081],5.489877000669961,0.9590573575747712
29,[3.78295371],7.466981069032241,0.7533204583006086
30,[2.91291495],9.174896276711223,0.9597904227174894
31,[2.83013576],3.8790477051224825,0.9528179489546345
32,[1.85921687],13.526254948118488,2.0134885088367147
33,[2.26481781],4.606108210729526,1.4608914629411904
34,[4.08634153],7.480226651612294,0.38437570280401
35,[0.51003263],11.910669372892674,3.5763089000634376
36,[4.58578232],5.604486116835565,0.04376631154449662
37,[0.21935594],7.4874235527998705,3.5063533395665094
38,[2.87274299],6.673242281705728,0.28133522776189546
39,[0.90249493],7.574642093546106,3.268892141959874
40,[3.17850832],6.6664204737735515,0.6941970550926766
41,[4.47071723],5.670587939063941,0.5980118553391334
42,[3.2777997],6.132046249760291,0.15634917303317808
43,[1.27112435],11.214578244853534,2.454584924639419
44,[2.9828951],7.841071317402955,1.1034464329258706
45,[4.59938588],4.870470173529173,0.513044347161749
46,[3.87270538],3.6942672563565297,0.21363615253512336
47,[1.45497272],7.947451952160293,3.1308095999771504
48,[3.43414888],8.938801329414671,0.09622782816365083
49,[2.16660696],6.985455446536642,1.6163467427525653
50,[1.50799186],10.419694076883067,2.962725367665774
51,[1.78236061],7.406020307809234,2.000593099628926
52,[1.27059724],4.207299920666266,2.4551120320715016
53,[0.09038608],10.462764666171859,3.3437628011019997
54,[4.85792393],5.499413027212583,1.0749702223534743
55,[2.91857027],6.510966102283547,1.5521469669172312
56,[0.31118075],11.212796778573297,3.4717729516157285
57,[3.12964812],4.343181051533244,1.4697377539383147
58,[3.02963325],4.2771785979502,0.8430721293109529
59,[1.38447727],6.973774233554875,1.893322429354328
60,[2.23216983],7.397062070872718,2.2960799475988223
61,[2.03304886],13.875509746735464,1.7499048459277988
62,[4.68308437],5.146157314368849,0.8103789927075296
63,[2.11204411],6.686806149880539,2.4737382155466765
64,[4.98289503],5.866992218059037,0.8965535048245794
65,[3.26017415],3.4667481006862118,0.17397472856470975
66,[2.46168083],8.867043134984979,1.8593713226459672
67,[4.17138708],9.079743017309532,0.8935873719291676
68,[3.72570928],5.873624700435222,0.36063225329343496
69,[1.05236537],9.693181228509726,2.7305883333848158
