,0,1,2
0,[17.72735076],12.890134959316725,14.001641478699465
1,[15.85932658],14.415506756544477,12.940756309512743
2,[19.26465905],17.314081339043376,16.13501092444154
3,[15.90111705],12.513735052857424,12.118163347751388
4,[17.94350025],13.122745869958589,15.11336449335704
5,[15.6038745],11.571753638697206,12.73113150871306
6,[17.77349375],15.570069471266198,14.495694048481337
7,[15.41013089],9.781556754029683,11.537425512964413
8,[19.96352587],11.32095655166734,16.529376996880213
9,[16.26359631],13.5958453980368,13.003422158733287
10,[17.66480007],10.528233784610595,14.486291745337965
11,[19.46069549],13.281850830884952,16.20052133915743
12,[16.21046813],11.437302234455533,12.484758851992666
13,[17.0881037],9.141396675625055,13.810303991534472
14,[19.33972742],16.777668345624587,15.905578542336128
15,[16.43165121],13.672348871323152,12.34530967567575
16,[15.68849832],11.348716327432772,12.41069861464204
17,[15.25396801],8.513122767701901,11.5282587352018
18,[19.64145436],17.24647910744881,15.915745081602982
19,[18.89975071],16.798858732381085,15.621951007389754
20,[18.47237254],16.204183535751024,15.038223667548808
21,[4.76719334],7.0313317683331125,0.6808518072070457
22,[4.6597114],4.105458630998472,0.5733698662529552
23,[1.03699769],7.240099943414606,3.0493438435244355
24,[1.11678491],7.162279864616974,2.608924364291303
25,[4.98759182],3.775118193133139,0.8162047489560136
26,[2.46031652],12.479585423139993,1.6260250058253272
27,[1.12887437],6.984508800201501,2.7438310043892185
28,[4.93858081],8.00108570590611,0.8522392813072095
29,[3.78295371],7.466981069032241,0.7533204583006086
30,[2.91291495],6.413520134376104,0.8700387517071451
31,[2.83013576],3.8790477051224825,1.0425696199649788
32,[1.85921687],16.072190638553707,2.0134885088367147
33,[2.26481781],4.606108210729526,1.4608914629411904
34,[4.08634153],7.480226651612294,0.38437570280401
35,[0.51003263],11.91066937289267,3.6613544460534793
36,[4.58578232],5.604486116835565,0.07392907109009972
37,[0.21935594],7.6711491061215415,3.5063533395665094
38,[2.87274299],6.8991641371510095,0.3874311534934205
39,[0.90249493],7.574642093546106,3.268892141959874
40,[3.17850832],3.737719090632466,0.9078332076278
41,[4.47071723],5.547320076716,0.5980118553391334
42,[3.2777997],6.707130685436074,0.5949056734040026
43,[1.27112435],11.214578244853534,2.1630245250269056
44,[2.9828951],7.669796979992967,1.1034464329258706
45,[4.59938588],4.870470173529173,0.513044347161749
46,[3.87270538],6.040213251999705,0.21363615253512336
47,[1.45497272],10.883227296660717,3.1308095999771504
48,[3.43414888],8.93880132941467,0.15634917303317808
49,[2.16660696],6.2893752777305085,1.6163467427525653
50,[1.50799186],7.731806832392093,2.962725367665774
51,[1.78236061],7.406020307809234,1.6517882702684454
52,[1.27059724],1.448880982617208,2.4551120320715016
53,[0.09038608],10.462764666171859,3.3437628011019997
54,[4.85792393],5.499413027212583,1.0749702223534743
55,[2.91857027],6.314803777328765,1.2528168101032628
56,[0.31118075],11.45942655098018,3.4717729516157285
57,[3.12964812],4.343181051533244,1.4697377539383147
58,[3.02963325],4.2771785979502,0.8430721293109529
59,[1.38447727],6.9301238437056,1.893322429354328
60,[2.23216983],6.935939517072228,1.5507838750699219
61,[2.03304886],11.090159353009701,1.7499048459277988
62,[4.68308437],6.023654583649086,0.8103789927075296
63,[2.11204411],4.1884940249720355,2.4737382155466765
64,[4.98289503],5.169068253854769,0.8540307318295586
65,[3.26017415],3.4667481006862118,0.17397472856470975
66,[2.46168083],8.706477411243315,1.6671834712439617
67,[4.17138708],7.384823309349835,0.8935873719291676
68,[3.72570928],4.238011045603979,0.1469961007583116
69,[1.05236537],9.344407504117674,2.82034000439516
