,0,1,2
0,[17.72735076],12.890134959316725,14.001641478699465
1,[15.85932658],14.254136457432788,12.940756309512743
2,[19.26465905],17.314081339043376,16.13501092444154
3,[15.90111705],12.513735052857424,12.175407777499355
4,[17.94350025],13.122745869958589,15.11336449335704
5,[15.6038745],11.571753638697206,12.73113150871306
6,[17.77349375],15.570069471266198,14.495694048481337
7,[15.41013089],9.711629409602704,11.537425512964413
8,[19.96352587],11.32095655166734,16.2378165972677
9,[16.26359631],13.5958453980368,12.985796603201756
10,[17.66480007],13.72249754124661,14.535151944486731
11,[19.46069549],13.281850830884952,16.20052133915743
12,[16.21046813],11.20895146888831,12.484758851992666
13,[17.0881037],9.141396675625055,13.810303991534472
14,[19.33972742],16.777668345624587,16.061927715369308
15,[16.43165121],13.672348871323148,12.34530967567575
16,[15.68849832],11.348716327432772,12.41069861464204
17,[15.25396801],9.22396476712125,11.5282587352018
18,[19.64145436],17.246479107448806,15.915745081602982
19,[18.89975071],16.79885873238109,15.621951007389754
20,[18.47237254],16.204183535751024,15.038223667548808
21,[4.76719334],9.133764436193726,0.6808518072070457
22,[4.6597114],4.105458630998472,0.5733698662529552
23,[1.03699769],7.597493623658013,3.0493438435244355
24,[1.11678491],4.170158833860413,2.608924364291303
25,[4.98759182],3.775118193133139,0.8162047489560136
26,[2.46031652],12.479585423139993,1.119612552725636
27,[1.12887437],6.984508800201501,2.7438310043892185
28,[4.93858081],8.00108570590611,0.8522392813072095
29,[3.78295371],7.466981069032241,0.7533204583006086
30,[2.91291495],6.047861998245287,0.8700387517071451
31,[2.83013576],4.283052829745948,1.3412513184901438
32,[1.85921687],16.072190638553707,2.0134885088367147
33,[2.26481781],4.146363049476706,1.4608914629411904
34,[4.08634153],7.480226651612294,0.38437570280401
35,[0.51003263],12.212648861948587,3.6613544460534793
36,[4.58578232],5.1944516323712255,0.07392907109009972
37,[0.21935594],4.956983977477092,3.5063533395665094
38,[2.87274299],6.8991641371510095,0.34659824041484955
39,[0.90249493],7.574642093546106,3.418557220366859
40,[3.17850832],3.737719090632466,0.9078332076278
41,[4.47071723],5.547320076716,0.5980118553391334
42,[3.2777997],9.266595105683868,0.8935873719291676
43,[1.27112435],11.214578244853534,2.1630245250269056
44,[2.9828951],7.669796979992967,1.1034464329258706
45,[4.59938588],4.870470173529173,0.513044347161749
46,[3.87270538],6.040213251999705,0.03332002588840588
47,[1.45497272],10.883227296660717,2.631368804814295
48,[3.43414888],6.775765348045988,0.15634917303317808
49,[2.16660696],6.2893752777305085,1.6163467427525653
50,[1.50799186],7.731806832392093,2.578349664861764
51,[1.78236061],7.406020307809234,1.6517882702684454
52,[1.27059724],4.71188711045952,2.4551120320715016
53,[0.09038608],10.462764666171859,3.3437628011019997
54,[4.85792393],5.499413027212583,1.0749702223534743
55,[2.91857027],3.916045004652961,1.2528168101032628
56,[0.31118075],11.45942655098018,3.4717729516157285
57,[3.12964812],4.343181051533244,1.4697377539383147
58,[3.02963325],4.2771785979502,0.8430721293109529
59,[1.38447727],10.218010681160791,1.893322429354328
60,[2.23216983],6.935939517072228,1.5507838750699219
61,[2.03304886],11.090159353009703,1.7499048459277988
62,[4.68308437],6.023654583649086,0.8103789927075296
63,[2.11204411],4.1884940249720355,2.416205669367254
64,[4.98289503],5.169068253854769,0.8115079588345377
65,[3.26017415],3.848224894747223,0.17397472856470975
66,[2.46168083],8.706477411243315,1.6246606982489409
67,[4.17138708],7.384823309349835,0.8935873719291676
68,[3.72570928],4.091942546493478,0.1469961007583116
69,[1.05236537],9.344407504117674,2.9271580806627218
