,0,1,2
0,[17.72735076],16.27376428671022,14.001641478699465
1,[15.85932658],14.591643763866003,12.876431478325392
2,[19.26465905],17.996976236131456,16.281763950590847
3,[15.90111705],13.86688914694746,12.292565762431629
4,[17.94350025],16.854913961650386,14.748589114980549
5,[15.6038745],14.222373149130926,12.574241255595059
6,[17.77349375],15.312763071612807,14.495694048481337
7,[15.41013089],13.956544421733478,11.684421613722725
8,[19.96352587],17.50279519304486,16.68572616991339
9,[16.26359631],14.99591349572911,13.2807012101885
10,[17.66480007],16.283298713092105,14.635166819556241
11,[19.46069549],16.99996480675737,16.1828957836259
12,[16.21046813],14.756881660003419,12.484758851992666
13,[17.0881037],15.706602340977287,14.05847044744142
14,[19.33972742],17.305499512171718,15.731176127655889
15,[16.43165121],15.050149851057691,13.402017957521826
16,[15.68849832],13.22776763777351,12.113245777940039
17,[15.25396801],13.800381543212552,11.5282587352018
18,[19.64145436],18.37377154677603,16.658559261235418
19,[18.89975071],16.865522804192164,15.291199419676335
20,[18.47237254],16.4381446373844,14.863821252868568
21,[4.76719334],9.067841818312044,1.1586420454327535
22,[4.6597114],10.517987869366264,1.6300781480990314
23,[1.03699769],13.98607787725177,2.1415106358966356
24,[1.11678491],13.906290651312073,2.061723409956938
25,[4.98759182],9.02376212076424,1.379040533171763
26,[2.46031652],11.837624792613234,2.1254658009881826
27,[1.12887437],12.728126058247407,3.298361350005566
28,[4.93858081],9.415684090203756,0.7671937353171678
29,[3.78295371],9.264689744462544,0.16947934849449853
30,[2.91291495],9.692690139743116,1.2139205148818837
31,[2.83013576],10.28640711242929,1.0425696199649788
32,[1.85921687],10.746388225862342,2.267618601001109
33,[2.26481781],10.794296794336194,1.0129818902954995
34,[4.08634153],11.651995813740022,1.1034464329258706
35,[0.51003263],14.513042933790775,2.6684756924356376
36,[4.58578232],10.562345312020327,1.5561490770089317
37,[0.21935594],14.070272236656583,4.366426388022799
38,[2.87274299],12.38015493471847,0.30576532733627815
39,[0.90249493],11.844642859328525,2.970210443434709
40,[3.17850832],10.246082489172098,0.09929138168867402
41,[4.47071723],9.958290817368468,1.192917528743136
42,[3.2777997],10.196874323117097,0.5949056734040026
43,[1.27112435],17.983642651631353,2.006675351993728
44,[2.9828951],12.314063673495545,0.19561322529807068
45,[4.59938588],11.344169205442972,1.6164907800876196
46,[3.87270538],11.538814724314364,0.298681698525165
47,[1.45497272],12.834655448610935,3.1308095999771504
48,[3.43414888],9.33445071033464,0.6926865925352188
49,[2.16660696],12.85646860002537,1.011901358670233
50,[1.50799186],13.515083698589098,1.6705164572339641
51,[1.78236061],10.823244487664896,2.344474862803664
52,[1.27059724],12.586403186687999,3.156638478446161
53,[0.09038608],13.76661435533101,4.336849647089172
54,[4.85792393],13.272009983117778,1.1322146521014416
55,[2.91857027],15.471553509614973,0.35922943817409525
56,[0.31118075],13.978447418957838,4.274601570324052
57,[3.12964812],12.390463787711694,0.6533055832310981
58,[3.02963325],11.496034758225683,1.5561490770089317
59,[1.38447727],11.221127819783955,2.742358194922725
60,[2.23216983],10.373435263105893,1.8946656382446605
61,[2.03304886],10.71408893283196,1.8396565169381431
62,[4.68308437],10.092455719986727,0.9573750934658412
63,[2.11204411],11.744956321706885,2.547667286636776
64,[4.98289503],9.380232711389858,0.8115079588345377
65,[3.26017415],10.2003994342234,0.6125312289355342
66,[2.46168083],11.836806208067403,2.1241014934117963
67,[4.17138708],11.299869365494231,0.298681698525165
68,[3.72570928],10.666880776066233,0.7015264463746593
69,[1.05236537],12.804635058253348,3.374870350011508
