,0,1,2
0,[17.72735076],16.596497320128297,14.001641478699465
1,[15.85932658],14.591643763866003,12.876431478325392
2,[19.26465905],17.996976236131456,16.281763950590847
3,[15.90111705],13.05683620654417,12.118163347751388
4,[17.94350025],16.581963735670847,14.960605153782808
5,[15.6038745],14.10878266585035,11.018092178586127
6,[17.77349375],12.848105575096644,14.504506826247102
7,[15.41013089],13.956544421733478,11.684421613722725
8,[19.96352587],14.600131272242288,16.694538947679156
9,[16.26359631],14.99591349572911,13.2807012101885
10,[17.66480007],16.169708229811533,13.079017742547311
11,[19.46069549],14.097300885954798,16.191708561391664
12,[16.21046813],14.756881660003419,12.484758851992666
13,[17.0881037],15.593011857696712,12.50232137043249
14,[19.33972742],16.495446571768433,15.556773712975648
15,[16.43165121],14.936559367777118,11.845868880512896
16,[15.68849832],13.247625914111245,12.419511392407806
17,[15.25396801],13.800381543212552,11.5282587352018
18,[19.64145436],18.37377154677603,16.658559261235418
19,[18.89975071],16.05546986378888,15.116797004996094
20,[18.47237254],15.62809169698111,14.689418838188327
21,[4.76719334],8.882932054615917,0.9842396307525134
22,[4.6597114],10.517987869366264,0.07392907109009972
23,[1.03699769],11.247533954912258,2.1415106358966356
24,[1.11678491],11.167746728972562,2.061723409956938
25,[4.98759182],8.928814201979915,1.204638118491523
26,[2.46031652],11.837624792613234,2.1993948720782823
27,[1.12887437],9.927797762507513,2.7438310043892185
28,[4.93858081],10.35066622033371,0.35279848614435405
29,[3.78295371],9.079779980766421,0.8164321707072166
30,[2.91291495],9.291646456776723,1.6864709224143617
31,[2.83013576],10.28640711242929,0.7451167832629775
32,[1.85921687],10.238851710141438,2.740169008533587
33,[2.26481781],10.555713288587565,1.236936676618345
34,[4.08634153],9.907267573365004,1.1034464329258706
35,[0.51003263],11.774499011451264,2.6684756924356376
36,[4.58578232],10.562345312020327,0.07392907109009972
37,[0.21935594],14.070272236656583,4.440355459112899
38,[2.87274299],14.9217643128628,0.3874311534934205
39,[0.90249493],11.758635181122637,2.6727576067327075
40,[3.17850832],12.48963870635188,0.09929138168867402
41,[4.47071723],9.257663082099537,1.192917528743136
42,[3.2777997],10.196874323117097,0.28864005893623546
43,[1.27112435],14.412678661757065,2.006675351993728
44,[2.9828951],10.127956859950178,0.3642664157375681
45,[4.59938588],10.695038477117103,0.9908345853874567
46,[3.87270538],9.769698224753698,0.1469961007583116
47,[1.45497272],12.834655448610935,3.20473867106725
48,[3.43414888],9.149540946638517,1.1652370000676968
49,[2.16660696],10.449239544438939,1.011901358670233
50,[1.50799186],10.844408603577175,1.6705164572339641
51,[1.78236061],10.626396561514392,2.688356625978403
52,[1.27059724],9.786074890948107,2.6021081328298132
53,[0.09038608],10.966286059591118,3.7823193014728242
54,[4.85792393],11.235995814935482,1.0749702223534743
55,[2.91857027],10.268720210751912,0.35922943817409525
56,[0.31118075],13.978447418957838,4.348530641414151
57,[3.12964812],12.346384090163893,0.6533055832310981
58,[3.02963325],11.496034758225683,1.6300781480990314
59,[1.38447727],10.713591304063051,2.7872340304278977
60,[2.23216983],9.865898747384989,2.3672160457771385
61,[2.03304886],10.69477466053075,1.5422036802361418
62,[4.68308437],8.209746242360541,0.9573750934658412
63,[2.11204411],11.744956321706885,2.547667286636776
64,[4.98289503],9.380232711389858,0.9608488080971203
65,[3.26017415],12.44063921065759,0.017625555531531667
66,[2.46168083],11.836806208067403,2.1241014934117963
67,[4.17138708],10.01815684873126,0.8935873719291676
68,[3.72570928],8.40122126105371,0.1469961007583116
69,[1.05236537],10.004306762513455,2.82034000439516
