,0,1,2
0,[17.72735076],13.799823166673637,14.001641478699465
1,[15.85932658],14.450416557599212,12.876431478325392
2,[19.26465905],17.996976236131456,16.281763950590847
3,[15.90111705],13.05683620654417,12.118163347751388
4,[17.94350025],16.581963735670847,14.960605153782808
5,[15.6038745],9.473185010180192,12.450158027641585
6,[17.77349375],12.848105575096644,14.504506826247102
7,[15.41013089],13.274046996626009,11.684421613722725
8,[19.96352587],14.262690925213374,16.70335172544492
9,[16.26359631],14.99591349572911,13.2807012101885
10,[17.66480007],10.528233784610592,14.511083591602766
11,[19.46069549],13.86042661618338,16.20052133915743
12,[16.21046813],14.756881660003419,12.484758851992666
13,[17.0881037],10.066876686918736,13.934387219487945
14,[19.33972742],13.473516898701138,15.556773712975648
15,[16.43165121],15.050149851057691,11.845868880512896
16,[15.68849832],13.247625914111245,12.428324170173571
17,[15.25396801],13.800381543212552,11.5282587352018
18,[19.64145436],17.989824633516424,16.585182748160765
19,[18.89975071],16.05546986378888,15.116797004996094
20,[18.47237254],15.854202566565467,14.689418838188327
21,[4.76719334],8.945510950953608,0.9842396307525134
22,[4.6597114],10.517987869366264,0.7367331594068562
23,[1.03699769],13.98607787725177,2.223176462053778
24,[1.11678491],11.167746728972562,2.061723409956938
25,[4.98759182],8.928814201979915,1.204638118491523
26,[2.46031652],11.837624792613234,2.162430336533233
27,[1.12887437],9.927797762507513,2.7438310043892185
28,[4.93858081],7.979346968939701,0.5599961107307614
29,[3.78295371],11.565991546654388,0.6877635263494777
30,[2.91291495],9.291646456776723,1.6796691464149145
31,[2.83013576],10.216522522346851,0.4476639465609762
32,[1.85921687],10.549540299711838,2.740169008533587
33,[2.26481781],10.396312301387429,1.0129818902954995
34,[4.08634153],9.813068737632472,1.0300699198512184
35,[0.51003263],11.774499011451264,2.75014151859278
36,[4.58578232],10.562345312020327,0.050730770179975515
37,[0.21935594],13.630393262240926,4.40339092356785
38,[2.87274299],12.610742712129529,0.3874311534934205
39,[0.90249493],11.758635181122637,2.6727576067327075
40,[3.17850832],12.489638706351878,0.09929138168867402
41,[4.47071723],9.257663082099537,1.1147429422265471
42,[3.2777997],10.037456943722464,0.017625555531531667
43,[1.27112435],14.38330253399027,2.006675351993728
44,[2.9828951],10.127956859950178,0.3642664157375681
45,[4.59938588],11.240724416475265,0.8164321707072166
46,[3.87270538],11.483141238659638,0.03332002588840588
47,[1.45497272],12.890429331621785,3.20473867106725
48,[3.43414888],11.845035410142772,1.0365683557099579
49,[2.16660696],10.449239544438939,1.0935671848273754
50,[1.50799186],10.844408603577177,2.4715315885942024
51,[1.78236061],11.003430044988843,2.4961687745763985
52,[1.27059724],9.786074890948107,2.6021081328298132
53,[0.09038608],10.43161727886375,3.7823193014728242
54,[4.85792393],11.161405222384191,1.0749702223534743
55,[2.91857027],10.43984415575314,0.35922943817409525
56,[0.31118075],13.65243178933803,4.348530641414151
57,[3.12964812],12.272961298286225,0.6533055832310981
58,[3.02963325],11.477669794685934,1.6300781480990314
59,[1.38447727],10.713591304063051,2.4433522672531587
60,[2.23216983],9.865898747384989,2.3672160457771385
61,[2.03304886],10.69477466053075,1.5755024312475587
62,[4.68308437],7.675077461633171,0.9573750934658412
63,[2.11204411],11.796055609933846,2.547667286636776
64,[4.98289503],7.961621279532753,1.1101896573597028
65,[3.26017415],12.44063921065759,0.017625555531531667
66,[2.46168083],11.836806208067403,2.1241014934117963
67,[4.17138708],9.383678515330487,0.8935873719291676
68,[3.72570928],8.058027499019508,0.5953428776904612
69,[1.05236537],9.662033841201618,2.82034000439516
