,0,1,2
0,[17.72735076],13.799823166673637,14.234409042788077
1,[15.85932658],14.450416557599212,12.876431478325392
2,[19.26465905],17.833718609457026,16.281763950590847
3,[15.90111705],13.05683620654417,12.073287512246216
4,[17.94350025],16.581963735670847,14.960605153782808
5,[15.6038745],9.473185010180192,12.574241255595059
6,[17.77349375],12.848105575096644,14.495694048481337
7,[15.41013089],13.274046996626009,11.610923563343569
8,[19.96352587],14.266216036319681,16.70335172544492
9,[16.26359631],14.99591349572911,13.233963059108705
10,[17.66480007],10.528233784610592,14.635166819556241
11,[19.46069549],13.863951727289688,16.20052133915743
12,[16.21046813],14.756881660003419,12.484758851992666
13,[17.0881037],10.066876686918736,14.05847044744142
14,[19.33972742],12.891921604985361,15.556773712975648
15,[16.43165121],14.936559367777118,11.845868880512896
16,[15.68849832],13.247625914111245,12.428324170173571
17,[15.25396801],13.800381543212552,11.5282587352018
18,[19.64145436],17.989824633516424,16.462946035937346
19,[18.89975071],16.05546986378888,15.465601834356574
20,[18.47237254],12.198037705155505,14.689418838188327
21,[4.76719334],6.71596602218118,0.9842396307525134
22,[4.6597114],10.517987869366264,1.3995372477236128
23,[1.03699769],13.743358170258954,2.223176462053778
24,[1.11678491],14.323125386403555,2.061723409956938
25,[4.98759182],8.928814201979915,1.204638118491523
26,[2.46031652],11.837624792613234,2.1254658009881826
27,[1.12887437],9.436775356093213,2.6989551688840465
28,[4.93858081],4.311468064725821,0.35279848614435405
29,[3.78295371],6.715966022181179,0.8164321707072166
30,[2.91291495],9.291646456776723,1.6728673704154682
31,[2.83013576],10.099244621350936,0.4476639465609762
32,[1.85921687],10.549540299711838,2.740169008533587
33,[2.26481781],7.675890966076996,1.0129818902954995
34,[4.08634153],9.813068737632472,0.9078332076278
35,[0.51003263],11.774499011451264,3.27292107651797
36,[4.58578232],10.113880333098123,0.11506509235884543
37,[0.21935594],13.630393262240926,4.366426388022799
38,[2.87274299],12.610742712129529,0.3874311534934205
39,[0.90249493],14.330307693363238,2.3753047700307066
40,[3.17850832],12.489638706351878,0.09929138168867402
41,[4.47071723],9.257663082099537,0.745007956097445
42,[3.2777997],9.741113464102153,0.017625555531531667
43,[1.27112435],14.38330253399027,2.006675351993728
44,[2.9828951],10.127956859950178,0.27727905145521303
45,[4.59938588],6.326941787958319,0.7266804996968723
46,[3.87270538],5.7768605602929615,0.2561589255301442
47,[1.45497272],12.890429331621785,3.1677741355222007
48,[3.43414888],9.592037583862288,0.3488048293604802
49,[2.16660696],10.449239544438939,1.6163467427525653
50,[1.50799186],10.844408603577177,2.578349664861764
51,[1.78236061],8.176918570140128,2.752690948157273
52,[1.27059724],9.32339705884569,2.5286100824506574
53,[0.09038608],13.040470555910474,3.7823193014728242
54,[4.85792393],9.167760641775303,1.0749702223534743
55,[2.91857027],10.10494986591033,0.35922943817409525
56,[0.31118075],13.65243178933803,4.348530641414151
57,[3.12964812],10.090256252434251,0.6533055832310981
58,[3.02963325],11.477669794685934,1.6300781480990314
59,[1.38447727],10.713591304063051,2.3984764317479863
60,[2.23216983],9.865898747384987,2.2385474014193996
61,[2.03304886],10.69477466053075,1.8396565169381431
62,[4.68308437],7.675077461633171,0.8838770430866854
63,[2.11204411],11.362162546481734,2.4737382155466765
64,[4.98289503],4.329193754132769,0.9608488080971203
65,[3.26017415],12.44063921065759,0.017625555531531667
66,[2.46168083],11.813161527827562,2.1241014934117963
67,[4.17138708],9.383678515330487,0.8935873719291676
68,[3.72570928],8.058027499019508,0.745007956097445
69,[1.05236537],12.270887118248343,2.82034000439516
