,0,1,2
0,[0.54547015],0.29034316801481064,0.00922859942723575
1,[0.17186532],0.6994833816489436,0.4107176758695732
2,[0.85293181],0.38871840535241464,0.36086850469806053
3,[0.18022341],0.5317561676778789,0.39432518816600015
4,[0.58870005],0.20770244622988998,0.05574003662935412
5,[0.1207749],0.5200048743824809,0.46180809019968094
6,[0.55469875],0.24393988386567705,0.00922859942723575
7,[0.08202618],0.5042884629051106,0.4925224209213265
8,[0.99270517],0.5231449098575517,0.4426207240000287
9,[0.25271926],0.2858120958738919,0.32986372949695175
10,[0.53296001],0.19612759968754373,0.03306713795794647
11,[0.8921391],0.4553715429867279,0.3466689464561479
12,[0.24209363],0.34586675300147535,0.33245497326733797
13,[0.41762074],0.19347701031085088,0.17107931105231788
14,[0.86794548],0.39446166486909207,0.33498547034400317
15,[0.28633024],0.42545227084007153,0.2796969103648298
16,[0.13769966],0.46986650674769487,0.41699908676785913
17,[0.0507936],0.4985741305685695,0.5237549966255117
18,[0.92829087],0.48369671937812664,0.395330858119876
19,[0.77995014],0.3617347911088546,0.23447999120891916
20,[0.69447451],0.415971561620008,0.16151449538653895
21,[0.95343867],0.5096397889677112,0.4613753626064745
22,[0.93194228],0.6421260794072579,0.4194306200621072
23,[0.20739954],0.46795293572415175,0.371166257683218
24,[0.22335698],0.41180802858351234,0.35520881249527847
25,[0.99751836],0.567316474966547,0.44281961448076923
26,[0.4920633],0.2959369019700401,0.09051968611454286
27,[0.22577487],0.4080417305598297,0.3289238758933102
28,[0.98771616],0.5765225964947238,0.4422460111802359
29,[0.75659074],0.6064670231194652,0.22363072774887338
30,[0.58258299],0.4018287559131375,0.027884240441035657
31,[0.56602715],0.330856388623136,0.020557000418773508
32,[0.37184337],0.3259422508478889,0.21073961722384504
33,[0.45296356],0.3310567288968967,0.11306358874690459
34,[0.81726831],0.45186393110078155,0.26256955549155825
35,[0.10200653],0.5583780876517338,0.4640206255126671
36,[0.91715646],0.3940105984385987,0.38419645149053794
37,[0.04387119],0.6007807750341186,0.5387118035214663
38,[0.5745486],0.32067197730444547,0.019849848498742606
39,[0.18049899],0.49062695174659615,0.4020840041434439
40,[0.63570166],0.34313723813280106,0.06967451297446048
41,[0.89414345],0.6621499073906236,0.348673295479596
42,[0.65555994],0.42501627823681576,0.2025963780590998
43,[0.25422487],0.35490020465585337,0.3243409245649016
44,[0.59657902],0.35824976557582033,0.10451571457989128
45,[0.91987718],0.5717756985607048,0.40736551624386597
46,[0.77454108],0.3304319500595036,0.2415810619509422
47,[0.29099454],0.3247298973378824,0.2835540539700434
48,[0.68682978],0.4097350650576844,0.19476647058387586
49,[0.43332139],0.3889970906823894,0.13696648251318855
