,0,1,2
0,[0.54547015],0.30850265796137377,0.00922859942723575
1,[0.17186532],0.7201583653346255,0.4107176758695732
2,[0.85293181],0.4301093654610897,0.3074616584517891
3,[0.18022341],0.39378643697572996,0.39432518816600015
4,[0.58870005],0.20770244622988998,0.05574003662935412
5,[0.1207749],0.5204884528088968,0.46180809019968094
6,[0.55469875],0.30745798357171095,0.00922859942723575
7,[0.08202618],0.5304632976067551,0.4925224209213265
8,[0.99270517],0.6056138462558293,0.44723502371364654
9,[0.25271926],0.3737118010813766,0.32986372949695175
10,[0.53296001],0.19612759968754373,0.03306713795794647
11,[0.8921391],0.46557661079177565,0.3466689464561479
12,[0.24209363],0.2897812351459786,0.33245497326733797
13,[0.41762074],0.2847728244948196,0.17107931105231788
14,[0.86794548],0.39446166486909207,0.33498547034400317
15,[0.28633024],0.3942172183389113,0.2796969103648298
16,[0.13769966],0.4632530791561056,0.41699908676785913
17,[0.0507936],0.450857429418844,0.5237549966255117
18,[0.92829087],0.487625153380663,0.395330858119876
19,[0.77995014],0.3617347911088546,0.23447999120891916
20,[0.69447451],0.415971561620008,0.18196284974008814
21,[0.95343867],0.5434241635522158,0.4613753626064745
22,[0.93194228],0.7732586964660596,0.4594288454565863
23,[0.20739954],0.46795293572415175,0.37518345365436456
24,[0.22335698],0.476236426291225,0.35520881249527847
25,[0.99751836],0.567316474966547,0.44281961448076923
26,[0.4920633],0.3597776148101902,0.09051968611454286
27,[0.22577487],0.37538444373154095,0.33458807638907906
28,[0.98771616],0.7533047694936432,0.4422460111802359
29,[0.75659074],0.5629109040596832,0.24407908210242257
30,[0.58258299],0.3410833144327713,0.027884240441035657
31,[0.56602715],0.3014581583020872,0.020557000418773508
32,[0.37184337],0.4853678050336282,0.2168566764457548
33,[0.45296356],0.37931120460884027,0.11732431250050701
34,[0.81726831],0.5159911184092835,0.26256955549155825
35,[0.10200653],0.495716509642243,0.4640206255126671
36,[0.91715646],0.4322179638369038,0.38419645149053794
37,[0.04387119],0.6493247164326817,0.5387118035214663
38,[0.5745486],0.3319055156455818,0.019849848498742606
39,[0.18049899],0.4285771960906608,0.4020840041434439
40,[0.63570166],0.25800073517724353,0.06967451297446048
41,[0.89414345],0.5141549222404795,0.348673295479596
42,[0.65555994],0.3508288013033723,0.2025963780590998
43,[0.25422487],0.3403346047833528,0.32032372859375513
44,[0.59657902],0.39001563722496635,0.06361900587279279
45,[0.91987718],0.6042792538787876,0.42781387059741527
46,[0.77454108],0.2820388563585252,0.2415810619509422
47,[0.29099454],0.2845087609923345,0.2835540539700434
48,[0.68682978],0.4057389954773935,0.23386621266573548
49,[0.43332139],0.38058588835682583,0.13696648251318855
