,0,1,2
0,[0.54547015],0.27807190487569217,0.00922859942723575
1,[0.17186532],0.7201583653346255,0.4107176758695732
2,[0.85293181],0.6035187262695652,0.3074616584517891
3,[0.18022341],0.2622727617140551,0.40847663933020295
4,[0.58870005],0.20770244622988998,0.05574003662935412
5,[0.1207749],0.4406852303908858,0.46180809019968094
6,[0.55469875],0.30745798357171095,0.00922859942723575
7,[0.08202618],0.5123593603838467,0.48826169716772405
8,[0.99270517],0.6291375469182698,0.44723502371364654
9,[0.25271926],0.41722544562119374,0.32986372949695175
10,[0.53296001],0.2760804029098905,0.03306713795794647
11,[0.8921391],0.41490706798053434,0.3466689464561479
12,[0.24209363],0.2814635180529483,0.33245497326733797
13,[0.41762074],0.2914851228966314,0.17107931105231788
14,[0.86794548],0.39446166486909207,0.33498547034400317
15,[0.28633024],0.4012481362500491,0.28821835787203465
16,[0.13769966],0.5848060648816666,0.4283274877593969
17,[0.0507936],0.445104652477261,0.5317893885678048
18,[0.92829087],0.45706489416180063,0.395330858119876
19,[0.77995014],0.40818074876764693,0.23447999120891916
20,[0.69447451],0.29535088766282397,0.16151449538653895
21,[0.95343867],0.6341546677675526,0.420478653899376
22,[0.93194228],0.7732586964660596,0.3927271969389715
23,[0.20739954],0.4096420420034274,0.37518345365436456
24,[0.22335698],0.494860499665488,0.35520881249527847
25,[0.99751836],0.505004383844282,0.44281961448076923
26,[0.4920633],0.41405090770443237,0.07396384666504496
27,[0.22577487],0.40289498478552,0.3487737243920528
28,[0.98771616],0.5140132980966043,0.4330174117530001
29,[0.75659074],0.4989718487664684,0.22363072774887338
30,[0.58258299],0.3851291010240674,0.02222003994526678
31,[0.56602715],0.227964491247245,0.03306713795794647
32,[0.37184337],0.41300446493067405,0.21073961722384504
33,[0.45296356],0.3405266618980778,0.11306358874690459
34,[0.81726831],0.4206746902531897,0.26256955549155825
35,[0.10200653],0.6066185932523792,0.4640206255126671
36,[0.91715646],0.44132642978363457,0.38419645149053794
37,[0.04387119],0.6976169356813015,0.5387118035214663
38,[0.5745486],0.24178565639237143,0.008521447507204849
39,[0.18049899],0.37588655068779253,0.4020840041434439
40,[0.63570166],0.3529712026551517,0.06967451297446048
41,[0.89414345],0.5837898111621228,0.348673295479596
42,[0.65555994],0.3737836071378017,0.12259992727014168
43,[0.25422487],0.39984733379369203,0.3283581205360482
44,[0.59657902],0.331766581091411,0.06361900587279279
45,[0.91987718],0.5839924606584083,0.42781387059741527
46,[0.77454108],0.3600672807710799,0.2415810619509422
47,[0.29099454],0.36769055457268357,0.2637042054713008
48,[0.68682978],0.4376384103597629,0.23386621266573548
49,[0.43332139],0.4015363502752919,0.14926159820908402
