,0,1,2
0,[0.54547015],0.27097288312895407,0.00922859942723575
1,[0.17186532],0.7201583653346255,0.4107176758695732
2,[0.85293181],0.5362183501993358,0.3074616584517891
3,[0.18022341],0.3875051457131411,0.40847663933020295
4,[0.58870005],0.19938472913685973,0.05574003662935412
5,[0.1207749],0.5995237565053089,0.46180809019968094
6,[0.55469875],0.2603169517170019,0.00922859942723575
7,[0.08202618],0.40540884048217335,0.4840009734141216
8,[0.99270517],0.6291375469182698,0.4426207240000287
9,[0.25271926],0.41722544562119374,0.3218293375546587
10,[0.53296001],0.2760804029098905,0.03306713795794647
11,[0.8921391],0.4977387014383467,0.3466689464561479
12,[0.24209363],0.2814635180529483,0.33245497326733797
13,[0.41762074],0.3483202250882134,0.17107931105231788
14,[0.86794548],0.3636368157669857,0.3178610330912124
15,[0.28633024],0.3544848637033818,0.28821835787203465
16,[0.13769966],0.5302580344992884,0.4283274877593969
17,[0.0507936],0.42890238411626297,0.5317893885678048
18,[0.92829087],0.45706489416180063,0.395330858119876
19,[0.77995014],0.34306865351826293,0.24073505997850564
20,[0.69447451],0.29535088766282397,0.16151449538653895
21,[0.95343867],0.6341546677675527,0.420478653899376
22,[0.93194228],0.7732586964660596,0.38647212816938503
23,[0.20739954],0.3685617333468392,0.37518345365436456
24,[0.22335698],0.494860499665488,0.35922600846642505
25,[0.99751836],0.6332892208659373,0.44281961448076923
26,[0.4920633],0.2819447803887959,0.07396384666504496
27,[0.22577487],0.40289498478552,0.34025227688484794
28,[0.98771616],0.5140132980966043,0.4330174117530001
29,[0.75659074],0.4989718487664684,0.22363072774887338
30,[0.58258299],0.3851291010240674,0.0165558394494979
31,[0.56602715],0.28106838622599917,0.03306713795794647
32,[0.37184337],0.34629601889822814,0.21073961722384504
33,[0.45296356],0.3405266618980778,0.11306358874690459
34,[0.81726831],0.4532138701734496,0.26256955549155825
35,[0.10200653],0.4707739896927661,0.4640206255126671
36,[0.91715646],0.5746011011761377,0.38419645149053794
37,[0.04387119],0.6976169356813015,0.5387118035214663
38,[0.5745486],0.33044521852760517,0.0002435277824558435
39,[0.18049899],0.45053095807414734,0.40820106336535367
40,[0.63570166],0.31692119085730946,0.08100291396599824
41,[0.89414345],0.5837898111621228,0.348673295479596
42,[0.65555994],0.37803565097616276,0.14304828162369088
43,[0.25422487],0.3651219783225773,0.3283581205360482
44,[0.59657902],0.31165336563991125,0.06361900587279279
45,[0.91987718],0.616005950189206,0.42781387059741527
46,[0.77454108],0.36006728077107986,0.2415810619509422
47,[0.29099454],0.385750079693051,0.2637042054713008
48,[0.68682978],0.3351343988778409,0.23386621266573548
49,[0.43332139],0.4015363502752919,0.14926159820908402
