,0,1,2
0,[0.54547015],0.2652874919991908,0.00922859942723575
1,[0.17186532],0.3409587394105361,0.4107176758695732
2,[0.85293181],0.42971594660066004,0.3074616584517891
3,[0.18022341],0.4519597145361673,0.35273660270084883
4,[0.58870005],0.23302768504627563,0.07618839098290331
5,[0.1207749],0.326451206071532,0.43958805025441416
6,[0.55469875],0.37981592417700405,0.0626354456735072
7,[0.08202618],0.6444512058039382,0.5005568128636195
8,[0.99270517],0.577056530645714,0.4380064242864108
9,[0.25271926],0.41237882592084596,0.32986372949695175
10,[0.53296001],0.2293884147131274,0.03306713795794647
11,[0.8921391],0.6114610240520866,0.3466689464561479
12,[0.24209363],0.31117255800998256,0.29086638780218665
13,[0.41762074],0.33793388677895064,0.17107931105231788
14,[0.86794548],0.4104749781819727,0.33498547034400317
15,[0.28633024],0.365598109183372,0.2992335680758553
16,[0.13769966],0.568605482088467,0.41699908676785913
17,[0.0507936],0.6078046407087264,0.5317893885678048
18,[0.92829087],0.45659731086180166,0.38282072058070304
19,[0.77995014],0.4775781467054797,0.21392299079014565
20,[0.69447451],0.34101948310230945,0.20241120409363744
21,[0.95343867],0.6004392839295012,0.4542218105242686
22,[0.93194228],0.3169888251254663,0.3659151277506115
23,[0.20739954],0.3179571458589997,0.37518345365436456
24,[0.22335698],0.4685586254153965,0.34528388824590717
25,[0.99751836],0.6013568538760429,0.4314912134892315
26,[0.4920633],0.37345549554671365,0.0626354456735072
27,[0.22577487],0.3215119829824141,0.33458807638907906
28,[0.98771616],0.5208737149354322,0.4422460111802359
29,[0.75659074],0.3161195533723813,0.21112059020970042
30,[0.58258299],0.42991587181012025,0.03711283986827141
31,[0.56602715],0.41043391464569634,0.0165558394494979
32,[0.37184337],0.41300446493067405,0.22473564568919346
33,[0.45296356],0.37023480226084315,0.12158503625410944
34,[0.81726831],0.4183353070143145,0.271798154918794
35,[0.10200653],0.4578593874471569,0.4640206255126671
36,[0.91715646],0.514886569588941,0.371686313951365
37,[0.04387119],0.7775030105214216,0.5417703331324212
38,[0.5745486],0.28142015780685137,0.008521447507204849
39,[0.18049899],0.4193594532367874,0.38412468795177956
40,[0.63570166],0.18665120420729925,0.06115306546725563
41,[0.89414345],0.5994883293811328,0.3281162950608225
42,[0.65555994],0.3546921608970496,0.16349663597724018
43,[0.25422487],0.49220604533731943,0.3243409245649016
44,[0.59657902],0.3433408449771956,0.05110886833361983
45,[0.91987718],0.70012125741778,0.42781387059741527
46,[0.77454108],0.352586176898695,0.2824777706580407
47,[0.29099454],0.32617460211508426,0.2528348369880965
48,[0.68682978],0.4414726358048694,0.23386621266573548
49,[0.43332139],0.3750782672662353,0.14926159820908402
