,0,1,2
0,[17.41095701 19.36237268 16.0616634 ],26.504851024536446,2.766315837527021
1,[15.20354812 16.98597231 16.16566099],24.829144346020332,3.127235421507931
2,[19.20870362 16.03541172 18.71234767],28.14292363218332,3.8916478382030175
3,[16.96077064 15.9112826  18.71769707],26.789326047434436,25.80616094701128
4,[15.3479104  19.42668602 19.763222  ],27.634572885297807,3.721891363608698
5,[19.65571717 17.07715477 15.1449083 ],26.44391665493736,4.867155023861911
6,[19.91013742 16.69818842 18.53343597],27.90169807878511,2.8308834015553135
7,[16.80938534 15.17552949 19.27529127],25.893134824965205,4.4532555451744384
8,[18.28626754 18.82841497 17.77043619],28.53564304210613,3.7633142825157835
9,[19.42546468 19.52098808 15.0521085 ],28.443815019244994,27.358138248797133
10,[15.37278368 16.22314605 15.66652376],24.165560316977512,3.545319709169806
11,[18.4896255  16.99102442 19.41561096],27.866499838451688,24.715371724549158
12,[15.90503755 17.16249586 15.09071601],24.041040843722833,2.1183509364620527
13,[18.45718931 17.34845326 15.64111095],25.709797956526597,3.1265862538381604
14,[19.45668526 19.59101812 15.36560497],27.74422100819904,24.611392951114443
15,[0.22723972 2.19286448 3.00860465],23.412375626429043,29.037070882246326
16,[1.55113517 3.40954121 1.04506575],17.281248702742083,25.707660196807243
17,[2.59802149 2.82994415 2.20583696],21.892694673646254,27.697068063364554
18,[0.68778079 1.06771596 0.66685946],23.57499260963072,29.382483145898767
19,[1.61148351 1.16943558 2.63749078],12.925254395661375,23.71069724717469
20,[2.82985581 2.19112642 1.60936312],22.455877662633718,28.28599923829606
21,[2.79820405 4.32672791 4.23641439],19.473449308400316,24.25017059212266
22,[0.53908583 1.58159742 2.04739329],13.866507605041814,24.433067561956882
23,[3.43544507 3.51117644 2.23098972],12.475254677398423,25.44872758914525
24,[2.10161039 4.01315296 2.69308783],16.080959323969974,24.069317865924347
25,[4.61750245 0.30953769 1.83791727],14.028967058040013,26.99865526507132
26,[4.85199386 3.49551974 4.4548779 ],12.466600548954542,23.356512106267747
27,[1.26776359 3.62763553 1.01747217],21.705846237363172,27.441188325543223
28,[2.68755912 1.18471502 2.1824608 ],21.61428278574428,27.30502342646882
29,[3.99012257 1.54204582 3.10758314],12.5662998943835,21.89723137881575
30,[2.19824059 4.56661853 3.29342952],12.6565782606188,24.976303084317216
31,[3.26815724 1.79228892 2.61470784],12.289679847569522,22.408251715230236
32,[0.22543656 0.47154831 4.60806097],18.04000241481358,26.283542231560755
33,[0.36522251 4.64708677 3.58507569],16.543722818828734,24.355992350743616
34,[3.11155273 3.77494857 0.70834954],20.945301244094825,26.492854484300107
35,[3.96911099 3.62701575 2.7071964 ],15.807154114163705,23.184461307071945
36,[2.41292247 2.38238805 2.23016415],12.845111995305487,26.671343827448368
37,[4.08035031 1.37175747 0.30981004],22.11616641946626,27.59000871370301
38,[4.80148171 2.29059065 3.78946032],12.5942167813695,20.61020574638658
39,[3.40579301 2.70888963 0.66416245],17.261395735272767,25.281386208208392
40,[1.26602817 2.21927797 2.79374953],13.392222215682589,27.12389115462955
41,[4.06932177 1.58914168 1.98522547],12.751622388633944,22.481103910756882
42,[4.45084124 4.12708104 0.53343542],21.759603248177108,27.015968548414527
43,[0.79887938 3.25609654 2.84532107],13.329137429805693,22.906949207272177
44,[4.92041837 3.74579506 4.01199815],19.988714354592098,24.796385382900993
45,[1.1415494  2.59356723 3.15054202],22.55874134305545,28.16363897436686
46,[0.01092681 2.56607383 2.24595084],14.428460982264832,28.011874008910333
47,[1.74678175 1.3684063  4.51041433],16.685124982084407,24.83083865779013
48,[0.1548723  1.62084545 1.43296374],14.407189256285125,24.98802797512788
49,[4.78568039 0.08266533 2.28661837],13.585909240670087,22.926947767399554
