,0,1,2
0,[17.41095701 19.36237268 16.0616634 ],21.153759008625432,2.558556295078548
1,[15.20354812 16.98597231 16.16566099],24.829144346020332,1.2746718639383325
2,[19.20870362 16.03541172 18.71234767],28.14292363218332,3.970224980849272
3,[16.96077064 15.9112826  18.71769707],26.789326047434436,26.064461252299253
4,[15.3479104  19.42668602 19.763222  ],22.380940738948073,4.011261980317461
5,[19.65571717 17.07715477 15.1449083 ],26.44391665493736,4.9787660423141
6,[19.91013742 16.69818842 18.53343597],28.565599698695745,2.8308834015553135
7,[16.80938534 15.17552949 19.27529127],25.893134824965205,4.524564908929313
8,[18.28626754 18.82841497 17.77043619],28.53564304210613,3.984661713309568
9,[19.42546468 19.52098808 15.0521085 ],28.443815019244994,27.614969384574813
10,[15.37278368 16.22314605 15.66652376],24.165560316977512,2.219284998462891
11,[18.4896255  16.99102442 19.41561096],27.5409912977334,3.2679328332551427
12,[15.90503755 17.16249586 15.09071601],25.019370895464156,1.9739189966681128
13,[18.45718931 17.34845326 15.64111095],20.758100582912896,2.4613478919331366
14,[19.45668526 19.59101812 15.36560497],27.407884421655258,3.9346459844117176
15,[0.22723972 2.19286448 3.00860465],28.06535935400429,27.043959179518865
16,[1.55113517 3.40954121 1.04506575],13.026002071002102,24.92636886537878
17,[2.59802149 2.82994415 2.20583696],16.94663493180114,27.565022188050197
18,[0.68778079 1.06771596 0.66685946],23.57499260963072,29.382483145898767
19,[1.61148351 1.16943558 2.63749078],12.925254395661375,22.967406058606652
20,[2.82985581 2.19112642 1.60936312],27.012962119247863,26.288680563721982
21,[2.79820405 4.32672791 4.23641439],19.473449308400316,24.25017059212266
22,[0.53908583 1.58159742 2.04739329],13.866507605041814,23.689768120436863
23,[3.43544507 3.51117644 2.23098972],12.475254677398423,26.783483788151287
24,[2.10161039 4.01315296 2.69308783],12.081211308849213,24.069317865924347
25,[4.61750245 0.30953769 1.83791727],14.028967058040013,28.32606501405395
26,[4.85199386 3.49551974 4.4548779 ],12.466600548954542,24.691152721642077
27,[1.26776359 3.62763553 1.01747217],21.705846237363172,27.441188325543223
28,[2.68755912 1.18471502 2.1824608 ],21.61428278574428,27.30502342646882
29,[3.99012257 1.54204582 3.10758314],12.5662998943835,21.155637841772094
30,[2.19824059 4.56661853 3.29342952],12.6565782606188,26.309211631723308
31,[3.26815724 1.79228892 2.61470784],12.289679847569522,21.665023843671722
32,[0.22543656 0.47154831 4.60806097],13.963766462334394,26.283542231560755
33,[0.36522251 4.64708677 3.58507569],12.70659635052478,24.355992350743616
34,[3.11155273 3.77494857 0.70834954],20.945301244094825,26.492854484300107
35,[3.96911099 3.62701575 2.7071964 ],12.15897100913695,23.184461307071945
36,[2.41292247 2.38238805 2.23016415],27.034601986802983,27.912973316674925
37,[4.08035031 1.37175747 0.30981004],22.11616641946626,27.59000871370301
38,[4.80148171 2.29059065 3.78946032],12.5942167813695,19.86904455767392
39,[3.40579301 2.70888963 0.66416245],13.352422787959199,25.281386208208392
40,[1.26602817 2.21927797 2.79374953],13.392222215682589,28.45862795117298
41,[4.06932177 1.58914168 1.98522547],12.751622388633944,21.73974499124217
42,[4.45084124 4.12708104 0.53343542],16.94047101148409,26.95036715050098
43,[0.79887938 3.25609654 2.84532107],13.329137429805693,22.165425737638188
44,[4.92041837 3.74579506 4.01199815],15.582163439734078,24.730394693463055
45,[1.1415494  2.59356723 3.15054202],17.753758825199245,28.097697256098787
46,[0.01092681 2.56607383 2.24595084],14.428460982264832,29.344488935985947
47,[1.74678175 1.3684063  4.51041433],12.679687391151102,24.83083865779013
48,[0.1548723  1.62084545 1.43296374],14.407189256285125,24.244743302774225
49,[4.78568039 0.08266533 2.28661837],13.585909240670087,22.191023262841068
