,0,1,2
0,[17.41095701 19.36237268 16.0616634 ],22.354450476414122,4.142101916449504
1,[15.20354812 16.98597231 16.16566099],20.8529458138152,1.7390448977665323
2,[19.20870362 16.03541172 18.71234767],23.135419597006315,3.158643539808715
3,[16.96077064 15.9112826  18.71769707],22.29113908717575,13.94207021638874
4,[15.3479104  19.42668602 19.763222  ],18.3662422348419,4.6684575154508225
5,[19.65571717 17.07715477 15.1449083 ],22.19691383051739,4.92272888456401
6,[19.91013742 16.69818842 18.53343597],23.460192499944046,3.3145146033492865
7,[16.80938534 15.17552949 19.27529127],21.80179959419619,4.4532555451744384
8,[18.28626754 18.82841497 17.77043619],18.17599546292349,4.196029886881027
9,[19.42546468 19.52098808 15.0521085 ],28.332278120525633,5.1105410159522915
10,[15.37278368 16.22314605 15.66652376],19.87517281923888,0.938667632148239
11,[18.4896255  16.99102442 19.41561096],22.5350085182154,4.876459803303167
12,[15.90503755 17.16249586 15.09071601],24.021569215799726,2.1889670910783012
13,[18.45718931 17.34845326 15.64111095],17.033710243774358,2.1197300937826484
14,[19.45668526 19.59101812 15.36560497],21.888830448887134,4.8170532364490635
15,[0.22723972 2.19286448 3.00860465],17.72320688521641,28.961373604886575
16,[1.55113517 3.40954121 1.04506575],8.39512256068753,24.694746275847777
17,[2.59802149 2.82994415 2.20583696],17.372367799844575,25.322867086836634
18,[0.68778079 1.06771596 0.66685946],14.021498066744147,28.759884451054514
19,[1.61148351 1.16943558 2.63749078],17.993241929249276,24.993697411621028
20,[2.82985581 2.19112642 1.60936312],12.569861084938822,26.342781259155277
21,[2.79820405 4.32672791 4.23641439],15.927030876637593,22.893240573571624
22,[0.53908583 1.58159742 2.04739329],8.059457724891425,24.752883532595426
23,[3.43544507 3.51117644 2.23098972],11.983538141512588,24.151990751989313
24,[2.10161039 4.01315296 2.69308783],7.347767061285571,25.001523707660986
25,[4.61750245 0.30953769 1.83791727],13.61548681060982,26.00464896725734
26,[4.85199386 3.49551974 4.4548779 ],8.218341906168705,22.734246623738855
27,[1.26776359 3.62763553 1.01747217],16.77063492547697,26.09076148460712
28,[2.68755912 1.18471502 2.1824608 ],16.446863716447474,25.947414216923438
29,[3.99012257 1.54204582 3.10758314],12.021772569741655,21.696808206447322
30,[2.19824059 4.56661853 3.29342952],12.416315593220048,23.681562897097127
31,[3.26815724 1.79228892 2.61470784],11.895574899219836,22.219818148316186
32,[0.22543656 0.47154831 4.60806097],13.116537742287582,23.776873854965007
33,[0.36522251 4.64708677 3.58507569],7.9984295512869705,24.355992350743616
34,[3.11155273 3.77494857 0.70834954],16.80602017045687,23.823946155238033
35,[3.96911099 3.62701575 2.7071964 ],7.388243632572474,23.446462812796494
36,[2.41292247 2.38238805 2.23016415],17.491921481948523,25.67052847663734
37,[4.08035031 1.37175747 0.30981004],17.15395017185216,26.238391188072335
38,[4.80148171 2.29059065 3.78946032],12.378914365211495,23.3644484410452
39,[3.40579301 2.70888963 0.66416245],12.61757064162474,26.94100517300477
40,[1.26602817 2.21927797 2.79374953],8.281694616719353,25.82716814224945
41,[4.06932177 1.58914168 1.98522547],3.518867308089251,22.25020510214821
42,[4.45084124 4.12708104 0.53343542],17.343956151819295,24.65834248052217
43,[0.79887938 3.25609654 2.84532107],13.000292067509369,27.14273941625011
44,[4.92041837 3.74579506 4.01199815],15.582163439734078,23.47569240707243
45,[1.1415494  2.59356723 3.15054202],17.753758825199245,27.126974938548535
46,[0.01092681 2.56607383 2.24595084],12.81853254788995,27.334852192729418
47,[1.74678175 1.3684063  4.51041433],12.106164276490416,25.43958870722094
48,[0.1548723  1.62084545 1.43296374],13.177909501945347,27.748907264926192
49,[4.78568039 0.08266533 2.28661837],17.745687666046678,24.099679077900912
