,0,1,2
0,[17.41095701 19.36237268 16.0616634 ],22.354450476414122,2.830385294171186
1,[15.20354812 16.98597231 16.16566099],20.8529458138152,1.4376283874480336
2,[19.20870362 16.03541172 18.71234767],23.135419597006315,3.158643539808715
3,[16.96077064 15.9112826  18.71769707],22.29113908717575,3.741674660802872
4,[15.3479104  19.42668602 19.763222  ],22.65683948361351,4.6684575154508225
5,[19.65571717 17.07715477 15.1449083 ],22.19691383051739,4.9787660423141
6,[19.91013742 16.69818842 18.53343597],23.460192499944046,3.3145146033492865
7,[16.80938534 15.17552949 19.27529127],21.476411211463812,12.792167114309818
8,[18.28626754 18.82841497 17.77043619],22.8460463904824,4.196029886881027
9,[19.42546468 19.52098808 15.0521085 ],28.332278120525633,5.1105410159522915
10,[15.37278368 16.22314605 15.66652376],19.87517281923888,2.5146332259261226
11,[18.4896255  16.99102442 19.41561096],22.5350085182154,4.876459803303167
12,[15.90503755 17.16249586 15.09071601],24.021569215799726,2.1889670910783012
13,[18.45718931 17.34845326 15.64111095],17.033710243774355,2.0528598033383534
14,[19.45668526 19.59101812 15.36560497],21.888830448887134,4.10246018391057
15,[0.22723972 2.19286448 3.00860465],17.974160189233928,26.989981154317608
16,[1.55113517 3.40954121 1.04506575],13.369099055422456,25.969257715921433
17,[2.59802149 2.82994415 2.20583696],16.592862981140872,25.753148742739537
18,[0.68778079 1.06771596 0.66685946],14.021498066744147,28.759884451054514
19,[1.61148351 1.16943558 2.63749078],18.004989007759583,24.894221173015268
20,[2.82985581 2.19112642 1.60936312],12.462620298991201,26.342781259155277
21,[2.79820405 4.32672791 4.23641439],15.927030876637593,22.897609686780388
22,[0.53908583 1.58159742 2.04739329],8.059457724891427,26.7305925873778
23,[3.43544507 3.51117644 2.23098972],12.164037140779408,24.301041704806316
24,[2.10161039 4.01315296 2.69308783],7.347767061285571,25.001523707660986
25,[4.61750245 0.30953769 1.83791727],18.18955064763626,26.00464896725734
26,[4.85199386 3.49551974 4.4548779 ],15.672777123085927,23.408619873118717
27,[1.26776359 3.62763553 1.01747217],16.77063492547697,26.08639958173123
28,[2.68755912 1.18471502 2.1824608 ],16.446863716447474,25.951785671561538
29,[3.99012257 1.54204582 3.10758314],12.021772569741655,21.696808206447322
30,[2.19824059 4.56661853 3.29342952],12.416315593220048,23.681562897097127
31,[3.26815724 1.79228892 2.61470784],11.895574899219836,22.219818148316186
32,[0.22543656 0.47154831 4.60806097],13.116537742287582,23.776873854965007
33,[0.36522251 4.64708677 3.58507569],7.998429551286972,24.962575893138222
34,[3.11155273 3.77494857 0.70834954],16.80602017045687,25.13944449590406
35,[3.96911099 3.62701575 2.7071964 ],16.013503813006782,23.446462812796494
36,[2.41292247 2.38238805 2.23016415],12.616178749051262,25.67052847663734
37,[4.08035031 1.37175747 0.30981004],17.15395017185216,24.924796771476842
38,[4.80148171 2.29059065 3.78946032],12.378914365211495,23.3644484410452
39,[3.40579301 2.70888963 0.66416245],11.570104702997407,26.320154476798443
40,[1.26602817 2.21927797 2.79374953],8.281694616719353,25.82716814224945
41,[4.06932177 1.58914168 1.98522547],3.518867308089251,22.25020510214821
42,[4.45084124 4.12708104 0.53343542],17.343956151819295,24.65834248052217
43,[0.79887938 3.25609654 2.84532107],13.000292067509369,25.46116136039687
44,[4.92041837 3.74579506 4.01199815],15.582163439734078,23.47569240707243
45,[1.1415494  2.59356723 3.15054202],17.146726611187297,26.22228249854429
46,[0.01092681 2.56607383 2.24595084],23.097605164034505,29.250579549992537
47,[1.74678175 1.3684063  4.51041433],12.106164276490416,25.366018896606338
48,[0.1548723  1.62084545 1.43296374],13.177909501945347,27.599849125607452
49,[4.78568039 0.08266533 2.28661837],17.247574828166716,24.099679077900912
