,0,1,2
0,[17.41095701 19.36237268 16.0616634 ],22.346887826029572,2.830385294171186
1,[15.20354812 16.98597231 16.16566099],20.8529458138152,1.7390448977665323
2,[19.20870362 16.03541172 18.71234767],23.135419597006315,3.970224980849272
3,[16.96077064 15.9112826  18.71769707],26.301660043014607,24.655985457016396
4,[15.3479104  19.42668602 19.763222  ],27.40521332884448,4.319997768594939
5,[19.65571717 17.07715477 15.1449083 ],22.19691383051739,22.68445115115066
6,[19.91013742 16.69818842 18.53343597],23.460192499944046,3.3145146033492865
7,[16.80938534 15.17552949 19.27529127],21.921084610035283,4.005079262683588
8,[18.28626754 18.82841497 17.77043619],22.8460463904824,4.196029886881027
9,[19.42546468 19.52098808 15.0521085 ],28.684731479233733,4.960704267225332
10,[15.37278368 16.22314605 15.66652376],19.87517281923888,2.5146332259261226
11,[18.4896255  16.99102442 19.41561096],22.5350085182154,5.355171183810652
12,[15.90503755 17.16249586 15.09071601],24.021569215799726,2.1889670910783012
13,[18.45718931 17.34845326 15.64111095],26.6237923233049,3.1265862538381604
14,[19.45668526 19.59101812 15.36560497],21.888830448887134,6.153126298952045
15,[0.22723972 2.19286448 3.00860465],12.37948794239757,28.905329824605715
16,[1.55113517 3.40954121 1.04506575],12.931665460343547,26.021538459535627
17,[2.59802149 2.82994415 2.20583696],16.592862981140872,25.753148742739537
18,[0.68778079 1.06771596 0.66685946],14.021498066744147,28.759884451054514
19,[1.61148351 1.16943558 2.63749078],17.35853820589179,24.894221173015268
20,[2.82985581 2.19112642 1.60936312],12.455466351724587,26.342781259155277
21,[2.79820405 4.32672791 4.23641439],15.627296338608057,23.050952951830883
22,[0.53908583 1.58159742 2.04739329],8.059457724891427,26.7305925873778
23,[3.43544507 3.51117644 2.23098972],12.164037140779408,24.301041704806316
24,[2.10161039 4.01315296 2.69308783],7.347767061285573,24.679936359278493
25,[4.61750245 0.30953769 1.83791727],17.46776991947508,25.206318752354214
26,[4.85199386 3.49551974 4.4548779 ],19.046978201116218,23.408619873118717
27,[1.26776359 3.62763553 1.01747217],16.77063492547697,26.08639958173123
28,[2.68755912 1.18471502 2.1824608 ],16.69505719587896,25.449399572577033
29,[3.99012257 1.54204582 3.10758314],17.187284319986176,22.63898720826344
30,[2.19824059 4.56661853 3.29342952],12.416315593220048,23.830373177983784
31,[3.26815724 1.79228892 2.61470784],21.09059574325267,23.151533467844466
32,[0.22543656 0.47154831 4.60806097],17.87458678054067,23.481561535048186
33,[0.36522251 4.64708677 3.58507569],7.9984295512869705,24.355992350743616
34,[3.11155273 3.77494857 0.70834954],21.466537571264166,25.095974413693497
35,[3.96911099 3.62701575 2.7071964 ],11.390195438154219,22.992016542991504
36,[2.41292247 2.38238805 2.23016415],12.616178749051262,25.373535598339394
37,[4.08035031 1.37175747 0.30981004],17.578752843763194,26.862850317067448
38,[4.80148171 2.29059065 3.78946032],8.327169689577104,23.833002559726886
39,[3.40579301 2.70888963 0.66416245],11.570104702997407,26.320154476798443
40,[1.26602817 2.21927797 2.79374953],8.281694616719353,25.82716814224945
41,[4.06932177 1.58914168 1.98522547],3.518867308089251,22.25020510214821
42,[4.45084124 4.12708104 0.53343542],12.32097740188802,23.860626422088327
43,[0.79887938 3.25609654 2.84532107],8.153874883575702,25.46116136039687
44,[4.92041837 3.74579506 4.01199815],19.788559569949168,22.799406142467298
45,[1.1415494  2.59356723 3.15054202],17.146726611187297,26.22228249854429
46,[0.01092681 2.56607383 2.24595084],22.949671805733182,29.250579549992537
47,[1.74678175 1.3684063  4.51041433],16.755173677501837,25.292451055341328
48,[0.1548723  1.62084545 1.43296374],19.293462573609123,27.599849125607452
49,[4.78568039 0.08266533 2.28661837],17.247574828166716,23.92128838803214
