,0,1,2
0,[17.41095701 19.36237268 16.0616634 ],22.415590907477583,3.774319969022938
1,[15.20354812 16.98597231 16.16566099],20.8529458138152,2.476087245552605
2,[19.20870362 16.03541172 18.71234767],22.68214854572931,3.8916478382030175
3,[16.96077064 15.9112826  18.71769707],13.071603618045696,24.964574516076663
4,[15.3479104  19.42668602 19.763222  ],22.136440934804202,4.208482250486472
5,[19.65571717 17.07715477 15.1449083 ],22.19691383051739,22.68445115115066
6,[19.91013742 16.69818842 18.53343597],23.460192499944046,4.855758594012921
7,[16.80938534 15.17552949 19.27529127],21.921084610035283,21.80989115434979
8,[18.28626754 18.82841497 17.77043619],17.8661295348413,3.984661713309568
9,[19.42546468 19.52098808 15.0521085 ],23.65032616647117,4.808798098851695
10,[15.37278368 16.22314605 15.66652376],15.532071566158885,2.22349160968562
11,[18.4896255  16.99102442 19.41561096],22.5350085182154,5.6795726125171875
12,[15.90503755 17.16249586 15.09071601],23.867528974328216,1.505313544154574
13,[18.45718931 17.34845326 15.64111095],22.181022775244415,2.0528598033383534
14,[19.45668526 19.59101812 15.36560497],22.82199783467262,3.441286628715329
15,[0.22723972 2.19286448 3.00860465],17.72320688521641,28.905329824605715
16,[1.55113517 3.40954121 1.04506575],12.341586662286495,26.170380639776628
17,[2.59802149 2.82994415 2.20583696],17.372367799844575,25.753148742739537
18,[0.68778079 1.06771596 0.66685946],18.805524381437305,28.32956401107632
19,[1.61148351 1.16943558 2.63749078],7.891536684748367,26.008207242624174
20,[2.82985581 2.19112642 1.60936312],12.21788334029695,25.764936360650786
21,[2.79820405 4.32672791 4.23641439],16.146664473568727,22.901978802334717
22,[0.53908583 1.58159742 2.04739329],8.059457724891427,24.201578748236624
23,[3.43544507 3.51117644 2.23098972],12.164037140779408,23.645242317692922
24,[2.10161039 4.01315296 2.69308783],7.347767061285573,24.374675758651414
25,[4.61750245 0.30953769 1.83791727],17.46776991947508,25.709778331542886
26,[4.85199386 3.49551974 4.4548779 ],15.88318274920319,22.05991112403245
27,[1.26776359 3.62763553 1.01747217],16.637005297039444,24.76939376837765
28,[2.68755912 1.18471502 2.1824608 ],16.02534474776806,25.947414216923438
29,[3.99012257 1.54204582 3.10758314],12.943805133274656,24.451699125479294
30,[2.19824059 4.56661853 3.29342952],12.416315593220048,26.271347854373825
31,[3.26815724 1.79228892 2.61470784],21.090595743252667,23.151533467844466
32,[0.22543656 0.47154831 4.60806097],13.043988914821986,24.731845005222613
33,[0.36522251 4.64708677 3.58507569],8.063422497929787,24.61601599874906
34,[3.11155273 3.77494857 0.70834954],21.466537571264166,25.117709376546646
35,[3.96911099 3.62701575 2.7071964 ],10.904169648804038,21.89045625700606
36,[2.41292247 2.38238805 2.23016415],12.279926042274306,25.67052847663734
37,[4.08035031 1.37175747 0.30981004],12.838384996370394,26.238391188072335
38,[4.80148171 2.29059065 3.78946032],12.378914365211495,23.3644484410452
39,[3.40579301 2.70888963 0.66416245],12.096417506285245,23.99063689369556
40,[1.26602817 2.21927797 2.79374953],8.046847461434897,25.82716814224945
41,[4.06932177 1.58914168 1.98522547],3.518867308089251,22.25020510214821
42,[4.45084124 4.12708104 0.53343542],16.497735168394616,23.860626422088327
43,[0.79887938 3.25609654 2.84532107],8.153874883575702,25.46116136039687
44,[4.92041837 3.74579506 4.01199815],19.789961739583028,22.853496555997815
45,[1.1415494  2.59356723 3.15054202],17.102108533124003,28.16363897436686
46,[0.01092681 2.56607383 2.24595084],27.74828846105219,26.866190954770495
47,[1.74678175 1.3684063  4.51041433],12.18046369293007,22.016189454228513
48,[0.1548723  1.62084545 1.43296374],19.293462573609123,27.599849125607452
49,[4.78568039 0.08266533 2.28661837],17.216828547360503,25.464367383358294
