,0,1,2
0,[17.41095701 19.36237268 16.0616634 ],22.415590907477583,4.569629301558338
1,[15.20354812 16.98597231 16.16566099],20.61284711846629,1.962086026699923
2,[19.20870362 16.03541172 18.71234767],22.875213775411726,2.8814206431781324
3,[16.96077064 15.9112826  18.71769707],12.755832480659633,25.296697998165605
4,[15.3479104  19.42668602 19.763222  ],22.684984142831564,3.9655441433458973
5,[19.65571717 17.07715477 15.1449083 ],26.369638666618677,4.867155023861911
6,[19.91013742 16.69818842 18.53343597],18.93058012181843,5.725795944758652
7,[16.80938534 15.17552949 19.27529127],25.56415361126013,4.17208309967785
8,[18.28626754 18.82841497 17.77043619],18.134924199634813,3.7633142825157835
9,[19.42546468 19.52098808 15.0521085 ],22.77676591803393,4.74362051731846
10,[15.37278368 16.22314605 15.66652376],15.532071566158885,2.5146332259261226
11,[18.4896255  16.99102442 19.41561096],22.535008518215403,25.67121491757373
12,[15.90503755 17.16249586 15.09071601],23.867528974328216,1.4761783720901351
13,[18.45718931 17.34845326 15.64111095],22.181022775244415,2.090626030489526
14,[19.45668526 19.59101812 15.36560497],22.82199783467262,3.6613421937034096
15,[0.22723972 2.19286448 3.00860465],13.02633173287983,28.961373604886575
16,[1.55113517 3.40954121 1.04506575],12.341586662286495,24.694746275847777
17,[2.59802149 2.82994415 2.20583696],21.83901173355283,25.64490539164566
18,[0.68778079 1.06771596 0.66685946],18.8055243814373,28.023835857877117
19,[1.61148351 1.16943558 2.63749078],7.661488731136961,24.714258221016188
20,[2.82985581 2.19112642 1.60936312],12.217883340296948,25.764936360650786
21,[2.79820405 4.32672791 4.23641439],16.146664473568727,22.901978802334717
22,[0.53908583 1.58159742 2.04739329],7.758696806979783,23.85033230664835
23,[3.43544507 3.51117644 2.23098972],11.91750778051411,22.72376376831276
24,[2.10161039 4.01315296 2.69308783],11.25021235934212,24.374675758651414
25,[4.61750245 0.30953769 1.83791727],13.416686227997369,23.84348837483989
26,[4.85199386 3.49551974 4.4548779 ],12.036131016028971,22.051169364388493
27,[1.26776359 3.62763553 1.01747217],16.637005297039444,25.427841581040774
28,[2.68755912 1.18471502 2.1824608 ],21.344158525182458,25.903801647173395
29,[3.99012257 1.54204582 3.10758314],8.041570143451292,27.478570799830997
30,[2.19824059 4.56661853 3.29342952],12.416315593220048,23.681562897097127
31,[3.26815724 1.79228892 2.61470784],20.993402831277457,23.151533467844466
32,[0.22543656 0.47154831 4.60806097],13.043988914821986,25.17884123037489
33,[0.36522251 4.64708677 3.58507569],12.342266044881026,24.355992350743616
34,[3.11155273 3.77494857 0.70834954],20.31903062163765,25.095974413693497
35,[3.96911099 3.62701575 2.7071964 ],10.764620175189638,21.89045625700606
36,[2.41292247 2.38238805 2.23016415],12.51089288056151,25.67052847663734
37,[4.08035031 1.37175747 0.30981004],12.838384996370394,26.247093536414628
38,[4.80148171 2.29059065 3.78946032],11.957568564558917,22.902043494004555
39,[3.40579301 2.70888963 0.66416245],11.915020651680905,25.542767455434515
40,[1.26602817 2.21927797 2.79374953],8.046847461434897,25.97621781740977
41,[4.06932177 1.58914168 1.98522547],3.518867308089251,24.773387990365414
42,[4.45084124 4.12708104 0.53343542],16.497735168394616,24.355011098894433
43,[0.79887938 3.25609654 2.84532107],7.934637201226025,25.19966327573787
44,[4.92041837 3.74579506 4.01199815],15.886260425208713,23.47569240707243
45,[1.1415494  2.59356723 3.15054202],17.102108533124003,28.087860282392544
46,[0.01092681 2.56607383 2.24595084],22.274465277154086,27.334852192729418
47,[1.74678175 1.3684063  4.51041433],12.030007700568843,24.83083865779013
48,[0.1548723  1.62084545 1.43296374],19.293462573609123,27.599849125607452
49,[4.78568039 0.08266533 2.28661837],12.33873291583544,25.464367383358294
