,0,1,2
0,[17.41095701 19.36237268 16.0616634 ],26.886335201087967,4.7621211798795615
1,[15.20354812 16.98597231 16.16566099],20.612847118466295,2.2050661114518437
2,[19.20870362 16.03541172 18.71234767],27.283967805676287,2.8814206431781324
3,[16.96077064 15.9112826  18.71769707],12.755832480659633,23.919201076366846
4,[15.3479104  19.42668602 19.763222  ],22.684984142831564,3.9655441433458973
5,[19.65571717 17.07715477 15.1449083 ],26.369638666618677,24.94674976753802
6,[19.91013742 16.69818842 18.53343597],22.944432670379467,5.263795574240206
7,[16.80938534 15.17552949 19.27529127],25.930586957628265,3.326340616459568
8,[18.28626754 18.82841497 17.77043619],18.134924199634813,3.984661713309568
9,[19.42546468 19.52098808 15.0521085 ],22.776765918033927,4.808798098851695
10,[15.37278368 16.22314605 15.66652376],15.532071566158885,0.938667632148239
11,[18.4896255  16.99102442 19.41561096],23.026903937208942,25.67121491757373
12,[15.90503755 17.16249586 15.09071601],20.55054460600223,1.8516579673370088
13,[18.45718931 17.34845326 15.64111095],22.181022775244415,2.056906370931926
14,[19.45668526 19.59101812 15.36560497],22.82199783467262,4.10246018391057
15,[0.22723972 2.19286448 3.00860465],13.536591381955258,28.961373604886575
16,[1.55113517 3.40954121 1.04506575],7.719296099756937,25.707660196807243
17,[2.59802149 2.82994415 2.20583696],16.94663493180114,25.753148742739537
18,[0.68778079 1.06771596 0.66685946],18.8055243814373,28.023835857877117
19,[1.61148351 1.16943558 2.63749078],7.661488731136961,24.894221173015268
20,[2.82985581 2.19112642 1.60936312],12.29065886496019,23.279181451043502
21,[2.79820405 4.32672791 4.23641439],16.40723399530129,23.050952951830883
22,[0.53908583 1.58159742 2.04739329],8.059457724891425,27.77170776043641
23,[3.43544507 3.51117644 2.23098972],11.91750778051411,25.50084029374252
24,[2.10161039 4.01315296 2.69308783],15.44945664813918,24.374675758651414
25,[4.61750245 0.30953769 1.83791727],13.093085279475726,23.84348837483989
26,[4.85199386 3.49551974 4.4548779 ],11.3017182747256,22.05991112403245
27,[1.26776359 3.62763553 1.01747217],12.237545103605708,26.39122482491854
28,[2.68755912 1.18471502 2.1824608 ],16.25980221822065,25.449399572577033
29,[3.99012257 1.54204582 3.10758314],8.107903958057921,27.478570799830997
30,[2.19824059 4.56661853 3.29342952],12.416315593220048,26.271347854373825
31,[3.26815724 1.79228892 2.61470784],20.993402831277457,23.151533467844466
32,[0.22543656 0.47154831 4.60806097],13.043988914821986,25.17884123037489
33,[0.36522251 4.64708677 3.58507569],12.79203524389981,23.34951198475661
34,[3.11155273 3.77494857 0.70834954],20.31903062163765,25.095974413693497
35,[3.96911099 3.62701575 2.7071964 ],10.904169648804038,22.992016542991504
36,[2.41292247 2.38238805 2.23016415],17.21415283017334,25.373535598339394
37,[4.08035031 1.37175747 0.30981004],17.496198802687992,26.247093536414628
38,[4.80148171 2.29059065 3.78946032],11.631940762153796,23.833002559726886
39,[3.40579301 2.70888963 0.66416245],6.96028178450031,26.94100517300477
40,[1.26602817 2.21927797 2.79374953],7.991987392465904,27.176003188394965
41,[4.06932177 1.58914168 1.98522547],8.18764030102458,25.08709614990037
42,[4.45084124 4.12708104 0.53343542],16.49773516839462,24.355011098894433
43,[0.79887938 3.25609654 2.84532107],2.8079275016449445,25.19966327573787
44,[4.92041837 3.74579506 4.01199815],11.534482140218387,23.922113635275807
45,[1.1415494  2.59356723 3.15054202],17.197818004980725,28.03175596073598
46,[0.01092681 2.56607383 2.24595084],22.167170683192097,27.334852192729418
47,[1.74678175 1.3684063  4.51041433],12.030007700568843,22.312968358227558
48,[0.1548723  1.62084545 1.43296374],14.020323580631194,25.73135784500073
49,[4.78568039 0.08266533 2.28661837],12.338732915835442,24.198296268447628
