,0,1,2
0,[17.41095701 19.36237268 16.0616634 ],26.886335201087967,4.957147137442688
1,[15.20354812 16.98597231 16.16566099],19.441061746743905,2.2050661114518437
2,[19.20870362 16.03541172 18.71234767],27.283967805676287,2.9706012539028746
3,[16.96077064 15.9112826  18.71769707],12.300639704537712,22.16020245019422
4,[15.3479104  19.42668602 19.763222  ],22.915426479691167,3.9655441433458973
5,[19.65571717 17.07715477 15.1449083 ],26.23767490649633,25.253824579766157
6,[19.91013742 16.69818842 18.53343597],23.01034614445603,4.855758594012921
7,[16.80938534 15.17552949 19.27529127],25.56415361126013,3.326340616459568
8,[18.28626754 18.82841497 17.77043619],18.134924199634813,3.984661713309568
9,[19.42546468 19.52098808 15.0521085 ],22.776765918033927,4.960704267225332
10,[15.37278368 16.22314605 15.66652376],15.532071566158885,2.219284998462891
11,[18.4896255  16.99102442 19.41561096],23.026903937208942,25.67121491757373
12,[15.90503755 17.16249586 15.09071601],20.310108017576738,2.011962326195645
13,[18.45718931 17.34845326 15.64111095],22.181022775244415,3.1265862538381604
14,[19.45668526 19.59101812 15.36560497],22.70861298536251,3.861486377551544
15,[0.22723972 2.19286448 3.00860465],13.536591381955258,27.097937810359706
16,[1.55113517 3.40954121 1.04506575],12.219053500521174,25.707660196807243
17,[2.59802149 2.82994415 2.20583696],17.25276178834277,27.565022188050197
18,[0.68778079 1.06771596 0.66685946],18.805524381437305,27.064261677669332
19,[1.61148351 1.16943558 2.63749078],8.083009942630435,25.582192763855016
20,[2.82985581 2.19112642 1.60936312],12.217883340296948,23.279181451043502
21,[2.79820405 4.32672791 4.23641439],16.40723399530129,23.050952951830883
22,[0.53908583 1.58159742 2.04739329],8.059457724891425,26.99258277214029
23,[3.43544507 3.51117644 2.23098972],11.91750778051411,23.645242317692922
24,[2.10161039 4.01315296 2.69308783],15.44945664813918,24.679936359278493
25,[4.61750245 0.30953769 1.83791727],8.089731240975718,22.917355963807342
26,[4.85199386 3.49551974 4.4548779 ],11.21137827556834,22.007562563023047
27,[1.26776359 3.62763553 1.01747217],17.27327091488865,26.39122482491854
28,[2.68755912 1.18471502 2.1824608 ],16.259802218220653,25.449399572577033
29,[3.99012257 1.54204582 3.10758314],7.785633522016494,27.09360200182683
30,[2.19824059 4.56661853 3.29342952],12.416315593220048,23.977824396645175
31,[3.26815724 1.79228892 2.61470784],20.993402831277457,23.151533467844466
32,[0.22543656 0.47154831 4.60806097],8.397517433470004,25.17884123037489
33,[0.36522251 4.64708677 3.58507569],12.342266044881026,24.355992350743616
34,[3.11155273 3.77494857 0.70834954],21.168394745151495,25.095974413693497
35,[3.96911099 3.62701575 2.7071964 ],10.764620175189638,22.992016542991504
36,[2.41292247 2.38238805 2.23016415],17.64493803161688,25.373535598339394
37,[4.08035031 1.37175747 0.30981004],17.496198802687992,26.247093536414628
38,[4.80148171 2.29059065 3.78946032],11.646895712737534,23.3644484410452
39,[3.40579301 2.70888963 0.66416245],7.170342929267972,25.891091355226656
40,[1.26602817 2.21927797 2.79374953],8.305770530951166,26.553880949180346
41,[4.06932177 1.58914168 1.98522547],7.895407253033747,25.23585937533995
42,[4.45084124 4.12708104 0.53343542],16.497735168394616,23.860626422088327
43,[0.79887938 3.25609654 2.84532107],3.0922987937398942,25.46116136039687
44,[4.92041837 3.74579506 4.01199815],11.534482140218387,24.368545925847446
45,[1.1415494  2.59356723 3.15054202],22.095317781893094,28.03175596073598
46,[0.01092681 2.56607383 2.24595084],22.88651913921629,27.334852192729418
47,[1.74678175 1.3684063  4.51041433],12.030007700568843,22.016189454228513
48,[0.1548723  1.62084545 1.43296374],14.020323580631194,27.547491917852728
49,[4.78568039 0.08266533 2.28661837],12.338732915835442,25.486005663233033
