,0,1,2
0,[17.41095701 19.36237268 16.0616634 ],26.886335201087963,4.7621211798795615
1,[15.20354812 16.98597231 16.16566099],15.196545215332984,1.6125615154710469
2,[19.20870362 16.03541172 18.71234767],27.283967805676287,2.9706012539028746
3,[16.96077064 15.9112826  18.71769707],12.300639704537712,21.87969899894237
4,[15.3479104  19.42668602 19.763222  ],22.915426479691167,5.086252931074741
5,[19.65571717 17.07715477 15.1449083 ],26.23767490649633,24.94674976753802
6,[19.91013742 16.69818842 18.53343597],23.65309540526775,5.826594159797498
7,[16.80938534 15.17552949 19.27529127],25.624166986368056,3.2797511166463917
8,[18.28626754 18.82841497 17.77043619],18.134924199634813,3.984661713309568
9,[19.42546468 19.52098808 15.0521085 ],22.776765918033927,4.808798098851695
10,[15.37278368 16.22314605 15.66652376],15.532071566158885,2.219284998462891
11,[18.4896255  16.99102442 19.41561096],23.372531358669494,24.262037552203008
12,[15.90503755 17.16249586 15.09071601],20.45131988963145,1.8516579673370088
13,[18.45718931 17.34845326 15.64111095],22.181022775244415,2.7515880608928525
14,[19.45668526 19.59101812 15.36560497],22.70861298536251,24.316237048862238
15,[0.22723972 2.19286448 3.00860465],13.536591381955258,26.52142222530481
16,[1.55113517 3.40954121 1.04506575],12.219053500521172,25.707660196807243
17,[2.59802149 2.82994415 2.20583696],17.25276178834277,25.699027050012493
18,[0.68778079 1.06771596 0.66685946],18.805524381437305,28.32956401107632
19,[1.61148351 1.16943558 2.63749078],8.083009942630435,26.31381124269889
20,[2.82985581 2.19112642 1.60936312],7.412895806657529,22.420347138217814
21,[2.79820405 4.32672791 4.23641439],11.812264472486913,23.050952951830883
22,[0.53908583 1.58159742 2.04739329],8.187171973910115,27.66353217835228
23,[3.43544507 3.51117644 2.23098972],11.76579922162425,26.393601327883033
24,[2.10161039 4.01315296 2.69308783],10.713772662623164,25.001523707660986
25,[4.61750245 0.30953769 1.83791727],8.08973124097572,25.65775755269804
26,[4.85199386 3.49551974 4.4548779 ],8.308138330559832,22.05991112403245
27,[1.26776359 3.62763553 1.01747217],17.27327091488865,26.39122482491854
28,[2.68755912 1.18471502 2.1824608 ],16.332707849793593,25.903801647173395
29,[3.99012257 1.54204582 3.10758314],7.785633522016494,27.037538878854
30,[2.19824059 4.56661853 3.29342952],11.55911542973573,23.681562897097127
31,[3.26815724 1.79228892 2.61470784],20.993402831277457,24.96757932566591
32,[0.22543656 0.47154831 4.60806097],13.253130471069113,24.731845005222613
33,[0.36522251 4.64708677 3.58507569],7.8899503114900735,24.48599835391759
34,[3.11155273 3.77494857 0.70834954],21.168394745151495,25.13944449590406
35,[3.96911099 3.62701575 2.7071964 ],6.975723873660577,23.647891122176386
36,[2.41292247 2.38238805 2.23016415],17.782476207943763,25.216233897426722
37,[4.08035031 1.37175747 0.30981004],12.838384996370394,26.238391188072335
38,[4.80148171 2.29059065 3.78946032],11.646895712737532,23.163460529112157
39,[3.40579301 2.70888963 0.66416245],6.639668451480719,25.891091355226656
40,[1.26602817 2.21927797 2.79374953],13.412844603338073,25.97621781740977
41,[4.06932177 1.58914168 1.98522547],12.097347977080117,25.08709614990037
42,[4.45084124 4.12708104 0.53343542],16.497735168394616,24.355011098894433
43,[0.79887938 3.25609654 2.84532107],3.0922987937398942,25.46116136039687
44,[4.92041837 3.74579506 4.01199815],11.534482140218387,24.368545925847446
45,[1.1415494  2.59356723 3.15054202],17.328044830895248,26.22228249854429
46,[0.01092681 2.56607383 2.24595084],28.119366778122732,26.708685376727324
47,[1.74678175 1.3684063  4.51041433],12.277022131545069,22.312968358227558
48,[0.1548723  1.62084545 1.43296374],13.978760107931507,27.547491917852728
49,[4.78568039 0.08266533 2.28661837],16.361390810518635,25.507644261752834
