,0,1,2
0,[17.41095701 19.36237268 16.0616634 ],26.886335201087963,4.569629301558338
1,[15.20354812 16.98597231 16.16566099],15.196545215332984,1.6125615154710469
2,[19.20870362 16.03541172 18.71234767],27.078632763986576,4.337302965690259
3,[16.96077064 15.9112826  18.71769707],12.300639704537712,21.87969899894237
4,[15.3479104  19.42668602 19.763222  ],18.21515231041121,5.05315313104699
5,[19.65571717 17.07715477 15.1449083 ],26.354809183554995,24.94674976753802
6,[19.91013742 16.69818842 18.53343597],23.65309540526775,5.956012550736802
7,[16.80938534 15.17552949 19.27529127],25.624166986368056,3.034732379223893
8,[18.28626754 18.82841497 17.77043619],18.044614820594468,3.7633142825157835
9,[19.42546468 19.52098808 15.0521085 ],22.776765918033927,5.418859484302423
10,[15.37278368 16.22314605 15.66652376],15.532071566158885,2.1773533461612486
11,[18.4896255  16.99102442 19.41561096],23.297439874541148,24.262037552203008
12,[15.90503755 17.16249586 15.09071601],20.45131988963145,1.505313544154574
13,[18.45718931 17.34845326 15.64111095],17.773401026763203,2.631587420955168
14,[19.45668526 19.59101812 15.36560497],22.70861298536251,4.213495835380156
15,[0.22723972 2.19286448 3.00860465],13.536591381955258,28.610017327868057
16,[1.55113517 3.40954121 1.04506575],12.219053500521172,26.170380639776628
17,[2.59802149 2.82994415 2.20583696],17.384548231148113,25.64490539164566
18,[0.68778079 1.06771596 0.66685946],19.427556541136738,28.023835857877117
19,[1.61148351 1.16943558 2.63749078],8.083009942630435,26.94114413525188
20,[2.82985581 2.19112642 1.60936312],7.568177541012503,22.420347138217814
21,[2.79820405 4.32672791 4.23641439],11.812264472486913,23.050952951830883
22,[0.53908583 1.58159742 2.04739329],8.187171973910116,27.19400212240816
23,[3.43544507 3.51117644 2.23098972],11.76579922162425,23.645242317692922
24,[2.10161039 4.01315296 2.69308783],15.44945664813918,24.679936359278493
25,[4.61750245 0.30953769 1.83791727],7.821071728647527,25.206318752354214
26,[4.85199386 3.49551974 4.4548779 ],12.343493001102974,22.05991112403245
27,[1.26776359 3.62763553 1.01747217],17.94873674304675,26.09512339195403
28,[2.68755912 1.18471502 2.1824608 ],16.33270784979359,25.903801647173395
29,[3.99012257 1.54204582 3.10758314],12.247650903376343,25.121502674650586
30,[2.19824059 4.56661853 3.29342952],16.12527090921298,23.681562897097127
31,[3.26815724 1.79228892 2.61470784],20.993402831277457,24.96757932566591
32,[0.22543656 0.47154831 4.60806097],8.897789684471487,24.731845005222613
33,[0.36522251 4.64708677 3.58507569],7.8899503114900735,24.355992350743616
34,[3.11155273 3.77494857 0.70834954],21.168394745151495,25.095974413693497
35,[3.96911099 3.62701575 2.7071964 ],10.943262520137761,23.49882337029909
36,[2.41292247 2.38238805 2.23016415],17.78247620794376,24.866336473607724
37,[4.08035031 1.37175747 0.30981004],12.838384996370394,26.086309338001417
38,[4.80148171 2.29059065 3.78946032],11.646895712737532,23.163460529112157
39,[3.40579301 2.70888963 0.66416245],11.506857691180189,25.089405035114616
40,[1.26602817 2.21927797 2.79374953],13.412844603338076,25.51284445295594
41,[4.06932177 1.58914168 1.98522547],12.097347977080117,25.034843396914283
42,[4.45084124 4.12708104 0.53343542],16.497735168394616,24.355011098894433
43,[0.79887938 3.25609654 2.84532107],2.823405541116491,25.561684317429197
44,[4.92041837 3.74579506 4.01199815],11.534482140218387,22.74531591648978
45,[1.1415494  2.59356723 3.15054202],17.328044830895248,25.487373197093603
46,[0.01092681 2.56607383 2.24595084],28.119366778122732,26.708685376727324
47,[1.74678175 1.3684063  4.51041433],11.933436164536202,21.963475686926945
48,[0.1548723  1.62084545 1.43296374],13.978760107931507,27.547491917852728
49,[4.78568039 0.08266533 2.28661837],21.2394864420437,25.507644261752834
