,0,1,2
0,[17.41095701 19.36237268 16.0616634 ],27.073250563545265,2.581346128340226
1,[15.20354812 16.98597231 16.16566099],15.196545215332984,1.6125615154710469
2,[19.20870362 16.03541172 18.71234767],18.136336665510903,4.337302965690259
3,[16.96077064 15.9112826  18.71769707],12.300639704537712,21.87969899894237
4,[15.3479104  19.42668602 19.763222  ],18.285157934571266,4.208482250486472
5,[19.65571717 17.07715477 15.1449083 ],25.735185234690114,24.94674976753802
6,[19.91013742 16.69818842 18.53343597],23.653095405267745,6.137027859128195
7,[16.80938534 15.17552949 19.27529127],25.62416698636805,3.2797511166463917
8,[18.28626754 18.82841497 17.77043619],18.044614820594468,3.7633142825157835
9,[19.42546468 19.52098808 15.0521085 ],23.24926965265772,4.929633589781999
10,[15.37278368 16.22314605 15.66652376],19.53864919817301,2.1773533461612486
11,[18.4896255  16.99102442 19.41561096],23.297439874541144,24.262037552203008
12,[15.90503755 17.16249586 15.09071601],20.45131988963145,1.4889966529332308
13,[18.45718931 17.34845326 15.64111095],21.59811333940983,2.631587420955168
14,[19.45668526 19.59101812 15.36560497],22.70861298536251,4.10246018391057
15,[0.22723972 2.19286448 3.00860465],13.536591381955258,26.52142222530481
16,[1.55113517 3.40954121 1.04506575],11.648000128464057,25.969257715921433
17,[2.59802149 2.82994415 2.20583696],17.384548231148113,25.699027050012493
18,[0.68778079 1.06771596 0.66685946],19.427556541136738,28.023835857877117
19,[1.61148351 1.16943558 2.63749078],7.762341045459726,26.94114413525188
20,[2.82985581 2.19112642 1.60936312],7.710847892339122,25.61583848371198
21,[2.79820405 4.32672791 4.23641439],16.09616981841166,22.901978802334717
22,[0.53908583 1.58159742 2.04739329],8.187171973910116,27.19400212240816
23,[3.43544507 3.51117644 2.23098972],12.240039967133928,23.645242317692922
24,[2.10161039 4.01315296 2.69308783],15.449456648139181,24.53235525388659
25,[4.61750245 0.30953769 1.83791727],7.821071728647527,25.683767748847007
26,[4.85199386 3.49551974 4.4548779 ],12.34349300110297,22.05991112403245
27,[1.26776359 3.62763553 1.01747217],17.94873674304675,26.08639958173123
28,[2.68755912 1.18471502 2.1824608 ],16.33270784979359,25.903801647173395
29,[3.99012257 1.54204582 3.10758314],12.247650903376343,27.037538878854
30,[2.19824059 4.56661853 3.29342952],16.556742544468168,23.681562897097127
31,[3.26815724 1.79228892 2.61470784],21.08250964911152,24.96757932566591
32,[0.22543656 0.47154831 4.60806097],8.897789684471485,24.731845005222613
33,[0.36522251 4.64708677 3.58507569],7.8899503114900735,24.355992350743616
34,[3.11155273 3.77494857 0.70834954],16.987887337084608,25.13944449590406
35,[3.96911099 3.62701575 2.7071964 ],11.12421649517073,23.184461307071945
36,[2.41292247 2.38238805 2.23016415],17.78247620794376,24.866336473607724
37,[4.08035031 1.37175747 0.30981004],12.838384996370394,26.247093536414628
38,[4.80148171 2.29059065 3.78946032],11.646895712737532,23.163460529112157
39,[3.40579301 2.70888963 0.66416245],7.089181923848216,25.185394442932044
40,[1.26602817 2.21927797 2.79374953],8.29185926112561,25.51284445295594
41,[4.06932177 1.58914168 1.98522547],11.53190633657477,25.034843396914283
42,[4.45084124 4.12708104 0.53343542],16.497735168394616,24.355011098894433
43,[0.79887938 3.25609654 2.84532107],2.823405541116491,25.46116136039687
44,[4.92041837 3.74579506 4.01199815],10.96797593034122,22.74531591648978
45,[1.1415494  2.59356723 3.15054202],17.328044830895248,25.487373197093603
46,[0.01092681 2.56607383 2.24595084],28.119366778122732,26.708685376727324
47,[1.74678175 1.3684063  4.51041433],11.933436164536202,22.312968358227558
48,[0.1548723  1.62084545 1.43296374],13.978760107931507,27.547491917852728
49,[4.78568039 0.08266533 2.28661837],21.239486442043702,25.507644261752834
