,0,1,2
0,[17.41095701 19.36237268 16.0616634 ],16.94596636413313,2.830385294171186
1,[15.20354812 16.98597231 16.16566099],23.79433776952934,3.961173923884568
2,[19.20870362 16.03541172 18.71234767],27.130989094778187,2.9706012539028746
3,[16.96077064 15.9112826  18.71769707],26.789326047434436,26.190071364684986
4,[15.3479104  19.42668602 19.763222  ],18.318481295495626,4.319997768594939
5,[19.65571717 17.07715477 15.1449083 ],26.263117129215686,3.308139840366767
6,[19.91013742 16.69818842 18.53343597],27.609664892377175,2.896420918306298
7,[16.80938534 15.17552949 19.27529127],25.63563809414154,3.564917535309799
8,[18.28626754 18.82841497 17.77043619],27.510275721775656,2.387623556971654
9,[19.42546468 19.52098808 15.0521085 ],28.443815019244994,27.73987462856424
10,[15.37278368 16.22314605 15.66652376],23.1361254499737,3.545319709169806
11,[18.4896255  16.99102442 19.41561096],27.10167834302614,3.1062214571779645
12,[15.90503755 17.16249586 15.09071601],20.523562220389262,2.1889670910783012
13,[18.45718931 17.34845326 15.64111095],16.731903192084054,2.056906370931926
14,[19.45668526 19.59101812 15.36560497],27.02661860563266,3.4507643453792785
15,[0.22723972 2.19286448 3.00860465],18.21080620690625,26.989981154317608
16,[1.55113517 3.40954121 1.04506575],8.088811075158956,27.368577720229315
17,[2.59802149 2.82994415 2.20583696],16.68077956195932,25.753148742739537
18,[0.68778079 1.06771596 0.66685946],29.599741712078366,29.071183597616425
19,[1.61148351 1.16943558 2.63749078],12.925254395661375,12.557965188186866
20,[2.82985581 2.19112642 1.60936312],17.270527677262432,26.342781259155277
21,[2.79820405 4.32672791 4.23641439],15.152173072126379,21.573955783381052
22,[0.53908583 1.58159742 2.04739329],13.866507605041814,13.279588399255026
23,[3.43544507 3.51117644 2.23098972],7.365361612657784,24.14761936750143
24,[2.10161039 4.01315296 2.69308783],7.347767061285571,24.60614545542956
25,[4.61750245 0.30953769 1.83791727],13.794623085352807,28.363780058268244
26,[4.85199386 3.49551974 4.4548779 ],12.003938989852283,24.729063466433587
27,[1.26776359 3.62763553 1.01747217],16.77063492547697,24.76939376837765
28,[2.68755912 1.18471502 2.1824608 ],16.577160106381378,24.627370214457653
29,[3.99012257 1.54204582 3.10758314],12.5662998943835,10.796203125393793
30,[2.19824059 4.56661853 3.29342952],12.542735727353913,26.347075631190606
31,[3.26815724 1.79228892 2.61470784],12.289679847569522,11.258468518387524
32,[0.22543656 0.47154831 4.60806097],8.59251760328748,26.816594591341122
33,[0.36522251 4.64708677 3.58507569],7.757947575095221,24.889262128076336
34,[3.11155273 3.77494857 0.70834954],16.06762014674087,23.823946155238033
35,[3.96911099 3.62701575 2.7071964 ],7.961004175013796,23.184461307071945
36,[2.41292247 2.38238805 2.23016415],7.563043719510125,27.969153762298063
37,[4.08035031 1.37175747 0.30981004],17.15395017185216,24.924796771476842
38,[4.80148171 2.29059065 3.78946032],12.5942167813695,9.527582113849904
39,[3.40579301 2.70888963 0.66416245],8.679911739251462,26.94100517300477
40,[1.26602817 2.21927797 2.79374953],13.389767046896944,28.45862795117298
41,[4.06932177 1.58914168 1.98522547],12.751622388633944,11.384964549261415
42,[4.45084124 4.12708104 0.53343542],16.796899521366665,25.085388107115833
43,[0.79887938 3.25609654 2.84532107],13.329137429805693,11.804827827549412
44,[4.92041837 3.74579506 4.01199815],19.788559569949168,22.853496555997815
45,[1.1415494  2.59356723 3.15054202],17.29547487413558,26.22228249854429
46,[0.01092681 2.56607383 2.24595084],14.346714646929343,26.866190954770495
47,[1.74678175 1.3684063  4.51041433],7.757617541925827,25.963730012976598
48,[0.1548723  1.62084545 1.43296374],14.407189256285125,13.83457459452891
49,[4.78568039 0.08266533 2.28661837],13.585909240670087,11.981504896030442
