,0,1,2
0,[17.41095701 19.36237268 16.0616634 ],16.94596636413313,3.4272416046752454
1,[15.20354812 16.98597231 16.16566099],23.79433776952934,2.654009303695991
2,[19.20870362 16.03541172 18.71234767],27.130989094778187,2.9706012539028746
3,[16.96077064 15.9112826  18.71769707],26.322312961678172,26.064461252299253
4,[15.3479104  19.42668602 19.763222  ],18.31848129549563,4.6684575154508225
5,[19.65571717 17.07715477 15.1449083 ],26.263117129215686,3.9959201386411487
6,[19.91013742 16.69818842 18.53343597],27.325754218777416,2.896420918306298
7,[16.80938534 15.17552949 19.27529127],25.63563809414154,3.564917535309799
8,[18.28626754 18.82841497 17.77043619],23.26759728750386,3.7633142825157835
9,[19.42546468 19.52098808 15.0521085 ],27.953582332237545,27.614969384574813
10,[15.37278368 16.22314605 15.66652376],23.1361254499737,2.2276988705880107
11,[18.4896255  16.99102442 19.41561096],22.49890565679937,3.1062214571779645
12,[15.90503755 17.16249586 15.09071601],20.523562220389262,2.1889670910783012
13,[18.45718931 17.34845326 15.64111095],16.731903192084054,2.408093851120273
14,[19.45668526 19.59101812 15.36560497],27.02661860563266,3.4507643453792785
15,[0.22723972 2.19286448 3.00860465],17.821484518287495,26.52142222530481
16,[1.55113517 3.40954121 1.04506575],8.088811075158956,27.368577720229315
17,[2.59802149 2.82994415 2.20583696],16.68077956195932,25.322867086836634
18,[0.68778079 1.06771596 0.66685946],28.71922213618558,29.382483145898767
19,[1.61148351 1.16943558 2.63749078],12.900412649269441,23.244823695991354
20,[2.82985581 2.19112642 1.60936312],17.14376853937685,25.533172637710827
21,[2.79820405 4.32672791 4.23641439],11.605638574071829,22.893240573571624
22,[0.53908583 1.58159742 2.04739329],13.493797706317341,26.99258277214029
23,[3.43544507 3.51117644 2.23098972],7.388787779320927,24.151990751989313
24,[2.10161039 4.01315296 2.69308783],7.347767061285571,24.53235525388659
25,[4.61750245 0.30953769 1.83791727],9.239216539156983,25.709778331542886
26,[4.85199386 3.49551974 4.4548779 ],8.218341906168705,24.653242069869542
27,[1.26776359 3.62763553 1.01747217],12.474269802096925,26.08639958173123
28,[2.68755912 1.18471502 2.1824608 ],12.272660632339491,25.947414216923438
29,[3.99012257 1.54204582 3.10758314],12.210683569218785,21.31582297244346
30,[2.19824059 4.56661853 3.29342952],7.957293146372082,26.271347854373825
31,[3.26815724 1.79228892 2.61470784],12.175599994095807,21.825571780680264
32,[0.22543656 0.47154831 4.60806097],8.59251760328748,26.74331453591661
33,[0.36522251 4.64708677 3.58507569],7.757947575095223,24.815951885690872
34,[3.11155273 3.77494857 0.70834954],11.860443603727598,25.13944449590406
35,[3.96911099 3.62701575 2.7071964 ],3.5993473310434134,23.184461307071945
36,[2.41292247 2.38238805 2.23016415],7.5630437195101266,25.737202551379184
37,[4.08035031 1.37175747 0.30981004],12.702578136017658,26.238391188072335
38,[4.80148171 2.29059065 3.78946032],12.463789469183922,23.498217676811045
39,[3.40579301 2.70888963 0.66416245],3.9257072317004065,26.212213908165694
40,[1.26602817 2.21927797 2.79374953],8.281694616719353,28.420714915421982
41,[4.06932177 1.58914168 1.98522547],12.751622388633944,25.034843396914283
42,[4.45084124 4.12708104 0.53343542],16.94047101148409,25.031667350896413
43,[0.79887938 3.25609654 2.84532107],13.032589526398098,25.46116136039687
44,[4.92041837 3.74579506 4.01199815],15.582163439734078,22.74531591648978
45,[1.1415494  2.59356723 3.15054202],17.753758825199245,26.16823759416208
46,[0.01092681 2.56607383 2.24595084],13.600093481099304,26.866190954770495
47,[1.74678175 1.3684063  4.51041433],7.757617541925827,25.43958870722094
48,[0.1548723  1.62084545 1.43296374],14.023502766939236,24.405304314480087
49,[4.78568039 0.08266533 2.28661837],13.022559733324963,22.349952704439673
