,0,1,2
0,[17.41095701 19.36237268 16.0616634 ],22.354450476414122,3.774319969022938
1,[15.20354812 16.98597231 16.16566099],20.78791813193546,1.26985327584445
2,[19.20870362 16.03541172 18.71234767],23.135419597006315,3.970224980849272
3,[16.96077064 15.9112826  18.71769707],22.29113908717575,3.909715062323813
4,[15.3479104  19.42668602 19.763222  ],18.31848129549563,5.05315313104699
5,[19.65571717 17.07715477 15.1449083 ],26.263117129215686,4.755697652565697
6,[19.91013742 16.69818842 18.53343597],23.460192499944046,3.3145146033492865
7,[16.80938534 15.17552949 19.27529127],21.745124649135498,3.4402401185101885
8,[18.28626754 18.82841497 17.77043619],18.50696219315599,4.196029886881027
9,[19.42546468 19.52098808 15.0521085 ],28.332278120525633,4.960704267225332
10,[15.37278368 16.22314605 15.66652376],19.87517281923888,2.1773533461612486
11,[18.4896255  16.99102442 19.41561096],22.93821861150662,4.876459803303167
12,[15.90503755 17.16249586 15.09071601],20.128079392119645,1.8516579673370088
13,[18.45718931 17.34845326 15.64111095],16.731903192084054,2.0259624826811193
14,[19.45668526 19.59101812 15.36560497],21.888830448887134,3.939070511245749
15,[0.22723972 2.19286448 3.00860465],17.202830894442336,27.097937810359706
16,[1.55113517 3.40954121 1.04506575],8.088811075158956,24.155988393912274
17,[2.59802149 2.82994415 2.20583696],21.83901173355283,25.322867086836634
18,[0.68778079 1.06771596 0.66685946],14.021498066744147,28.759884451054514
19,[1.61148351 1.16943558 2.63749078],12.574644514104653,24.894221173015268
20,[2.82985581 2.19112642 1.60936312],21.824550792659114,26.342781259155277
21,[2.79820405 4.32672791 4.23641439],11.605638574071829,22.893240573571624
22,[0.53908583 1.58159742 2.04739329],12.966453316204877,24.752883532595426
23,[3.43544507 3.51117644 2.23098972],11.983538141512588,25.44872758914525
24,[2.10161039 4.01315296 2.69308783],7.347767061285571,24.679936359278493
25,[4.61750245 0.30953769 1.83791727],8.820331896565907,25.709778331542886
26,[4.85199386 3.49551974 4.4548779 ],8.218341906168705,24.301301798897633
27,[1.26776359 3.62763553 1.01747217],16.77063492547697,26.09512339195403
28,[2.68755912 1.18471502 2.1824608 ],16.55573245202156,25.947414216923438
29,[3.99012257 1.54204582 3.10758314],12.021772569741655,21.696808206447322
30,[2.19824059 4.56661853 3.29342952],11.909593813305952,23.367754532134743
31,[3.26815724 1.79228892 2.61470784],11.895574899219836,22.219818148316186
32,[0.22543656 0.47154831 4.60806097],13.047752671501163,26.513410888699347
33,[0.36522251 4.64708677 3.58507569],7.757947575095223,23.34951198475661
34,[3.11155273 3.77494857 0.70834954],16.80602017045687,25.13944449590406
35,[3.96911099 3.62701575 2.7071964 ],7.388243632572474,23.446462812796494
36,[2.41292247 2.38238805 2.23016415],7.5630437195101266,25.99261151714784
37,[4.08035031 1.37175747 0.30981004],17.15395017185216,24.924796771476842
38,[4.80148171 2.29059065 3.78946032],11.957568564558917,23.163460529112157
39,[3.40579301 2.70888963 0.66416245],8.165891835246665,26.94100517300477
40,[1.26602817 2.21927797 2.79374953],8.281694616719353,25.82716814224945
41,[4.06932177 1.58914168 1.98522547],3.518867308089251,21.95271973507566
42,[4.45084124 4.12708104 0.53343542],21.26944551745758,24.97794836100065
43,[0.79887938 3.25609654 2.84532107],12.678507749442172,25.662209381985893
44,[4.92041837 3.74579506 4.01199815],15.582163439734078,22.74531591648978
45,[1.1415494  2.59356723 3.15054202],17.753758825199245,26.22228249854429
46,[0.01092681 2.56607383 2.24595084],13.600093481099304,29.250579549992537
47,[1.74678175 1.3684063  4.51041433],12.15382141108861,26.48796454901958
48,[0.1548723  1.62084545 1.43296374],13.177909501945347,27.599849125607452
49,[4.78568039 0.08266533 2.28661837],13.235355997339946,24.099679077900912
