,0,1,2
0,[0.54547015],0.36356266383140556,0.17362677735557364
1,[0.17186532],0.5786121939990062,0.45420416503359606
2,[0.85293181],0.5662614764384415,0.26736800032199004
3,[0.18022341],0.4810269345240422,0.35273660270084883
4,[0.58870005],0.2641009250569521,0.13385802819438525
5,[0.1207749],0.4949689444834916,0.4121851127922366
6,[0.55469875],0.369099823487747,0.1828553767828094
7,[0.08202618],0.7400638729066267,0.5735337627263168
8,[0.99270517],0.7751556905539725,0.41012218384537513
9,[0.25271926],0.5279007947194274,0.3733502186609746
10,[0.53296001],0.3006774299457039,0.07811799156503113
11,[0.8921391],0.5976273068419286,0.30657528832634884
12,[0.24209363],0.3860805049610341,0.27041803344863746
13,[0.41762074],0.24565881425765576,0.09489092006941457
14,[0.86794548],0.5040600080662909,0.4131034619090343
15,[0.28633024],0.5357598098573348,0.369229699677025
16,[0.13769966],0.47804418149270556,0.3952603498014504
17,[0.0507936],0.8282545674095777,0.5849080620927674
18,[0.92829087],0.7422014573001434,0.4105175948106329
19,[0.77995014],0.33080487508907963,0.2054015432829408
20,[0.69447451],0.36528322810031943,0.23963248695157008
21,[0.95343867],0.5387468790011924,0.3568596480265832
22,[0.93194228],0.4523985846574523,0.3573936802434067
23,[0.20739954],0.7162340659096452,0.510355504256037
24,[0.22335698],0.5455181621011114,0.4027124976304479
25,[0.99751836],0.8114289506274452,0.4797450881379348
26,[0.4920633],0.2217542126384516,0.01677292850438339
27,[0.22577487],0.3899689706181565,0.30718513892690147
28,[0.98771616],0.5730243738212253,0.39113714284661605
29,[0.75659074],0.5705013269291408,0.23881746443963026
30,[0.58258299],0.4496282174569304,0.05311867352496258
31,[0.56602715],0.2486442577759033,0.06967451297446048
32,[0.37184337],0.3062175526287181,0.16111663981640068
33,[0.45296356],0.4145908738405028,0.2025963780590998
34,[0.81726831],0.6311788916382344,0.29949502914872383
35,[0.10200653],0.648470983091598,0.5240629541261879
36,[0.91715646],0.5024646765923544,0.32057744561774515
37,[0.04387119],0.6132867255296436,0.5918304770464289
38,[0.5745486],0.24864425777590332,0.06115306546725563
39,[0.18049899],0.5712329595073228,0.4455704933074668
40,[0.63570166],0.4176848892644244,0.05311867352496258
41,[0.89414345],0.5482004468559027,0.3115604556113246
42,[0.65555994],0.36687898694044796,0.058980921397348895
43,[0.25422487],0.3646852680901448,0.2787351431286038
44,[0.59657902],0.37867517121991773,0.058980921397348895
45,[0.91987718],0.6978136387834354,0.5480338017067174
46,[0.77454108],0.6312169921329167,0.2620294163044914
47,[0.29099454],0.3924100271672768,0.2419654685048921
48,[0.68682978],0.464766238769896,0.31498640169317804
49,[0.43332139],0.3017265612797378,0.2023802717340466
