,0,1,2
0,[0.54547015],0.2360228104137742,0.053406846246271455
1,[0.17186532],0.7027347769905559,0.4247137043349216
2,[0.85293181],0.35249377688703043,0.28690465803301557
3,[0.18022341],0.28342765346549204,0.3652467402400218
4,[0.58870005],0.2560955399308684,0.05574003662935412
5,[0.1207749],0.45241642847932206,0.4339238497586453
6,[0.55469875],0.2908726635622868,0.0626354456735072
7,[0.08202618],0.7724055459441916,0.5036153424745744
8,[0.99270517],0.48099698641278266,0.41012218384537513
9,[0.25271926],0.5045715473751728,0.40284067935964907
10,[0.53296001],0.32332219262758377,0.040896708707098495
11,[0.8921391],0.38592168771986984,0.3175904985301695
12,[0.24209363],0.3959538472240756,0.30799082505497744
13,[0.41762074],0.28771321985362075,0.168020781441363
14,[0.86794548],0.49420473956473526,0.37588217905110166
15,[0.28633024],0.41775823105722887,0.3032507640470019
16,[0.13769966],0.6125599239302846,0.3952603498014504
17,[0.0507936],0.49174532446346236,0.5849080620927674
18,[0.92829087],0.6996085003816301,0.36226372016192954
19,[0.77995014],0.36785394999406984,0.22986569149530134
20,[0.69447451],0.4088329340693539,0.20241120409363744
21,[0.95343867],0.40723239225207886,0.38741151594142953
22,[0.93194228],0.6298900901766542,0.3659151277506115
23,[0.20739954],0.5092181375192443,0.40874080464952
24,[0.22335698],0.4463541122830147,0.37322203693177347
25,[0.99751836],0.5566927402615545,0.42723048973562905
26,[0.4920633],0.21438427837488866,0.053406846246271455
27,[0.22577487],0.37744188148345503,0.3289238758933102
28,[0.98771616],0.4298309730847837,0.42168901076146237
29,[0.75659074],0.43121116394616754,0.21276135926566897
30,[0.58258299],0.32009087257819385,0.01399602846534842
31,[0.56602715],0.33116301323105274,0.0165558394494979
32,[0.37184337],0.32218463714145223,0.1828553767828094
33,[0.45296356],0.3201452052467538,0.12158503625410944
34,[0.81726831],0.45225713007693447,0.24698043074641807
35,[0.10200653],0.5194315319832239,0.480576464962165
36,[0.91715646],0.44846505733428865,0.38419645149053794
37,[0.04387119],0.6629184929481987,0.544828862743376
38,[0.5745486],0.34280757166632236,0.008521447507204849
39,[0.18049899],0.5449865827303549,0.41608003260879234
40,[0.63570166],0.2988434031682088,0.05311867352496258
41,[0.89414345],0.4606978512158658,0.31959484755361767
42,[0.65555994],0.39966144867424735,0.12259992727014168
43,[0.25422487],0.37349280750571545,0.2912452806677768
44,[0.59657902],0.3281699797994713,0.05110886833361983
45,[0.91987718],0.6630882833123206,0.42781387059741527
46,[0.77454108],0.40542096527140686,0.2824777706580407
47,[0.29099454],0.330522349508366,0.25447560604406505
48,[0.68682978],0.3164686624596686,0.19476647058387586
49,[0.43332139],0.2762006994681152,0.14122720626679097
