,0,1,2
0,[0.54547015],0.31673392183439564,0.053406846246271455
1,[0.17186532],0.6949102479786331,0.4247137043349216
2,[0.85293181],0.3449340103490727,0.29718315824240227
3,[0.18022341],0.34797225209337607,0.3652467402400218
4,[0.58870005],0.2560955399308684,0.05574003662935412
5,[0.1207749],0.4850956022204501,0.4537736982573879
6,[0.55469875],0.31962240286814153,0.0626354456735072
7,[0.08202618],0.7038839727391143,0.5005568128636195
8,[0.99270517],0.48099698641278266,0.41012218384537513
9,[0.25271926],0.37779088864704236,0.40284067935964907
10,[0.53296001],0.3165863854410573,0.01251013753917296
11,[0.8921391],0.5449378812109196,0.32185122228377194
12,[0.24209363],0.47596900576455947,0.31260512476859537
13,[0.41762074],0.2877132198536207,0.17107931105231788
14,[0.86794548],0.519529978381121,0.35543382469755236
15,[0.28633024],0.42545227084007153,0.2962527498143277
16,[0.13769966],0.511555268391205,0.3952603498014504
17,[0.0507936],0.4243162776669268,0.558348725330286
18,[0.92829087],0.543828074454572,0.3679279206576984
19,[0.77995014],0.22157494708404385,0.23447999120891916
20,[0.69447451],0.4088329340693539,0.20241120409363744
21,[0.95343867],0.5702623800611306,0.3987399169329673
22,[0.93194228],0.5493219543047244,0.3659151277506115
23,[0.20739954],0.4448522700083125,0.389179482119713
24,[0.22335698],0.3643296755139397,0.36928255231005414
25,[0.99751836],0.5566927402615545,0.4314912134892315
26,[0.4920633],0.2692432172366111,0.053406846246271455
27,[0.22577487],0.33586802962021756,0.3289238758933102
28,[0.98771616],0.6044880286056957,0.42735321125723125
29,[0.75659074],0.5289138918035075,0.22363072774887338
30,[0.58258299],0.34526232776864413,0.01399602846534842
31,[0.56602715],0.2983421661139097,0.012538643478351319
32,[0.37184337],0.2867567905683611,0.1828553767828094
33,[0.45296356],0.32014520524675383,0.12158503625410944
34,[0.81726831],0.4486670632365207,0.24271970699281564
35,[0.10200653],0.6152272752827271,0.4765592689910184
36,[0.91715646],0.5902444781469122,0.38419645149053794
37,[0.04387119],0.6007807750341186,0.544828862743376
38,[0.5745486],0.3698333198019063,0.008521447507204849
39,[0.18049899],0.5528111117422777,0.41608003260879234
40,[0.63570166],0.40520128088176977,0.06115306546725563
41,[0.89414345],0.3262112866704735,0.3281162950608225
42,[0.65555994],0.45418347207049437,0.12259992727014168
43,[0.25422487],0.3673813258758215,0.2912452806677768
44,[0.59657902],0.3818527591073655,0.05110886833361983
45,[0.91987718],0.6162595413153106,0.40736551624386597
46,[0.77454108],0.33960044860541866,0.22907092441176924
47,[0.29099454],0.33052234950836595,0.2637042054713008
48,[0.68682978],0.34802429727837075,0.19476647058387586
49,[0.43332139],0.2762006994681152,0.14122720626679097
