,0,1,2
0,[0.54547015],0.31673392183439564,0.053406846246271455
1,[0.17186532],0.6949102479786331,0.4247137043349216
2,[0.85293181],0.22921662908136717,0.28690465803301557
3,[0.18022341],0.48594198279552503,0.3652467402400218
4,[0.58870005],0.2560955399308684,0.05574003662935412
5,[0.1207749],0.4850956022204501,0.4537736982573879
6,[0.55469875],0.24019255521431826,0.0626354456735072
7,[0.08202618],0.7038839727391143,0.49653961689247295
8,[0.99270517],0.48099698641278266,0.41012218384537513
9,[0.25271926],0.37779088864704236,0.38298240302191433
10,[0.53296001],0.24636052273453898,0.014193285583962822
11,[0.8921391],0.5379990635219729,0.32611194603737437
12,[0.24209363],0.47596900576455947,0.31260512476859537
13,[0.41762074],0.2877132198536207,0.17107931105231788
14,[0.86794548],0.519529978381121,0.33498547034400317
15,[0.28633024],0.42545227084007153,0.28821835787203465
16,[0.13769966],0.511555268391205,0.3952603498014504
17,[0.0507936],0.4243162776669268,0.5317893885678048
18,[0.92829087],0.6767155151705811,0.395330858119876
19,[0.77995014],0.22157494708404385,0.24699012874809212
20,[0.69447451],0.35274598699854376,0.20241120409363744
21,[0.95343867],0.6525083094040848,0.40796851636020304
22,[0.93194228],0.5493219543047244,0.3659151277506115
23,[0.20739954],0.44485227000831246,0.37824198326531944
24,[0.22335698],0.38229750291274894,0.3653430676883348
25,[0.99751836],0.5566927402615545,0.42723048973562905
26,[0.4920633],0.21797265921297723,0.053406846246271455
27,[0.22577487],0.29092090048237884,0.32430957617969225
28,[0.98771616],0.719194781150959,0.4330174117530001
29,[0.75659074],0.5289138918035075,0.26362895314335244
30,[0.58258299],0.34526232776864413,0.01399602846534842
31,[0.56602715],0.33116301323105274,0.008521447507204849
32,[0.37184337],0.34007856897288086,0.1828553767828094
33,[0.45296356],0.3521475496219699,0.11306358874690459
34,[0.81726831],0.4486670632365207,0.24271970699281564
35,[0.10200653],0.5801569676907902,0.4640206255126671
36,[0.91715646],0.5902444781469122,0.38419645149053794
37,[0.04387119],0.6007807750341186,0.5387118035214663
38,[0.5745486],0.3698333198019063,0.008521447507204849
39,[0.18049899],0.5449865827303549,0.41608003260879234
40,[0.63570166],0.40520128088176977,0.06115306546725563
41,[0.89414345],0.3262112866704735,0.348673295479596
42,[0.65555994],0.45418347207049437,0.16259815266462074
43,[0.25422487],0.3673813258758215,0.3004738800950125
44,[0.59657902],0.38185275910736544,0.05110886833361983
45,[0.91987718],0.6162595413153106,0.3869171618903168
46,[0.77454108],0.33960044860541866,0.22907092441176924
47,[0.29099454],0.330522349508366,0.2637042054713008
48,[0.68682978],0.4167884551903076,0.19476647058387586
49,[0.43332139],0.3172810081247034,0.14122720626679097
