,0,1,2
0,[0.54547015],0.3316111960353612,0.053406846246271455
1,[0.17186532],0.6870569465079444,0.4107176758695732
2,[0.85293181],0.4507476041773784,0.2982330590245533
3,[0.18022341],0.3978920550924965,0.3652467402400218
4,[0.58870005],0.20770244622988998,0.05574003662935412
5,[0.1207749],0.5031419048990969,0.44951297450378547
6,[0.55469875],0.30249093911964764,0.02173873696640871
7,[0.08202618],0.6130104866864184,0.5005568128636195
8,[0.99270517],0.48099698641278266,0.4141393798165217
9,[0.25271926],0.42282477161359766,0.38298240302191433
10,[0.53296001],0.27441800063122573,0.01251013753917296
11,[0.8921391],0.58477230605512,0.32611194603737437
12,[0.24209363],0.4524494013556838,0.31260512476859537
13,[0.41762074],0.3554853333751488,0.17107931105231788
14,[0.86794548],0.4599888773542718,0.33498547034400317
15,[0.28633024],0.3339248877642872,0.28821835787203465
16,[0.13769966],0.5906262804723861,0.3952603498014504
17,[0.0507936],0.5572037183829359,0.5317893885678048
18,[0.92829087],0.5441618066809355,0.395330858119876
19,[0.77995014],0.36246507262659106,0.23447999120891916
20,[0.69447451],0.4244763110401283,0.20241120409363744
21,[0.95343867],0.57786390201773,0.40796851636020304
22,[0.93194228],0.7226942152791876,0.38647212816938503
23,[0.20739954],0.39862718581420536,0.37824198326531944
24,[0.22335698],0.4799463074432985,0.3653430676883348
25,[0.99751836],0.5566927402615545,0.452048213908005
26,[0.4920633],0.21797265921297723,0.0626354456735072
27,[0.22577487],0.39538091504941275,0.3289238758933102
28,[0.98771616],0.719194781150959,0.4330174117530001
29,[0.75659074],0.481806564052812,0.26362895314335244
30,[0.58258299],0.3520918127888655,0.006117059221909749
31,[0.56602715],0.24721220300073776,0.008521447507204849
32,[0.37184337],0.35464416884538147,0.1927803010321807
33,[0.45296356],0.33038778996788165,0.12158503625410944
34,[0.81726831],0.5948010408495136,0.24698043074641807
35,[0.10200653],0.44504264564891366,0.4640206255126671
36,[0.91715646],0.6076256904186941,0.38419645149053794
37,[0.04387119],0.6268684811503565,0.5387118035214663
38,[0.5745486],0.30863412055294315,0.008521447507204849
39,[0.18049899],0.3712814553993706,0.41608003260879234
40,[0.63570166],0.36728454699457963,0.06115306546725563
41,[0.89414345],0.4914126511640937,0.348673295479596
42,[0.65555994],0.45418347207049437,0.2025963780590998
43,[0.25422487],0.3673813258758215,0.3004738800950125
44,[0.59657902],0.3510629650105204,0.05110886833361983
45,[0.91987718],0.624719110411533,0.3869171618903168
46,[0.77454108],0.355075556056362,0.2415810619509422
47,[0.29099454],0.3501482945578507,0.2637042054713008
48,[0.68682978],0.31502338602245705,0.19476647058387586
49,[0.43332139],0.3469491539990601,0.14122720626679097
