,0,1,2
0,[0.54547015],0.2950761002604391,0.053406846246271455
1,[0.17186532],0.7662821775839498,0.4107176758695732
2,[0.85293181],0.42839435724498776,0.2982330590245533
3,[0.18022341],0.39621268591044656,0.3698610399536396
4,[0.58870005],0.2454383893712783,0.05574003662935412
5,[0.1207749],0.5465132401882479,0.44525225075018304
6,[0.55469875],0.2737411998137929,0.02173873696640871
7,[0.08202618],0.5344332673065038,0.5005568128636195
8,[0.99270517],0.5873548641263436,0.4181565757876682
9,[0.25271926],0.3162105232659851,0.40284067935964907
10,[0.53296001],0.2081825755790332,0.01251013753917296
11,[0.8921391],0.49427936121493793,0.32611194603737437
12,[0.24209363],0.3947673021290064,0.31260512476859537
13,[0.41762074],0.3554853333751488,0.16496225183040814
14,[0.86794548],0.42488345467842714,0.33498547034400317
15,[0.28633024],0.31157500302961133,0.2796969103648298
16,[0.13769966],0.4533868312879735,0.4077704873406234
17,[0.0507936],0.5572037183829359,0.538787402800479
18,[0.92829087],0.4849112567180699,0.395330858119876
19,[0.77995014],0.42307930282321105,0.23447999120891916
20,[0.69447451],0.4244763110401283,0.20241120409363744
21,[0.95343867],0.6525083094040847,0.420478653899376
22,[0.93194228],0.7226942152791876,0.38647212816938503
23,[0.20739954],0.5074273094683158,0.389179482119713
24,[0.22335698],0.467458570808132,0.3653430676883348
25,[0.99751836],0.5132467112498434,0.452048213908005
26,[0.4920633],0.29323631744669204,0.07396384666504496
27,[0.22577487],0.3468359171085477,0.3289238758933102
28,[0.98771616],0.6618748971200843,0.4330174117530001
29,[0.75659074],0.5507998307556795,0.22363072774887338
30,[0.58258299],0.4059567991986831,0.0165558394494979
31,[0.56602715],0.24721220300073776,0.008521447507204849
32,[0.37184337],0.3829160937129023,0.202705225281552
33,[0.45296356],0.2758416037979349,0.12158503625410944
34,[0.81726831],0.5015367482630086,0.2512411545000205
35,[0.10200653],0.47166480395735305,0.4640206255126671
36,[0.91715646],0.6076256904186941,0.38419645149053794
37,[0.04387119],0.5986230398969983,0.5387118035214663
38,[0.5745486],0.3468796739530526,0.008521447507204849
39,[0.18049899],0.49831185518658005,0.41608003260879234
40,[0.63570166],0.25800073517724353,0.06541378922085805
41,[0.89414345],0.3858364884342957,0.348673295479596
42,[0.65555994],0.4141346118103845,0.18304650701817
43,[0.25422487],0.33461393090596936,0.3004738800950125
44,[0.59657902],0.3420077874487008,0.05110886833361983
45,[0.91987718],0.6271453593462496,0.3869171618903168
46,[0.77454108],0.37356287944206745,0.2415810619509422
47,[0.29099454],0.3501482945578506,0.2637042054713008
48,[0.68682978],0.31502338602245705,0.19476647058387586
49,[0.43332139],0.3796548239724805,0.14122720626679097
