,0,1,2
0,[0.54547015],0.2448022032248768,0.12784941196213673
1,[0.17186532],0.49260876106710744,0.4737654875634032
2,[0.85293181],0.3915712406931407,0.2783832105258107
3,[0.18022341],0.4810269345240422,0.35273660270084883
4,[0.58870005],0.2641009250569521,0.09663674533645261
5,[0.1207749],0.43102988919027674,0.3721868873977575
6,[0.55469875],0.2448022032248768,0.13707801138937248
7,[0.08202618],0.6995445972948067,0.5440433020276424
8,[0.99270517],0.7508855992548245,0.41012218384537513
9,[0.25271926],0.5619903659717158,0.40284067935964907
10,[0.53296001],0.29729247734754666,0.040896708707098495
11,[0.8921391],0.4229370710966277,0.3175904985301695
12,[0.24209363],0.3700671916481534,0.29086638780218665
13,[0.41762074],0.22964550094477515,0.11533927442296377
14,[0.86794548],0.5006750554681336,0.37588217905110166
15,[0.28633024],0.6343461992260044,0.369229699677025
16,[0.13769966],0.45452048083026486,0.3952603498014504
17,[0.0507936],0.48652733651334223,0.6047663384305021
18,[0.92829087],0.6209326339237271,0.34570788071243164
19,[0.77995014],0.33080487508907963,0.2054015432829408
20,[0.69447451],0.3618982755021622,0.20241120409363744
21,[0.95343867],0.6283789597046048,0.3568596480265832
22,[0.93194228],0.5669087056564548,0.3573936802434067
23,[0.20739954],0.6336005532587938,0.510355504256037
24,[0.22335698],0.4685586254153965,0.42227382016025505
25,[0.99751836],0.6763146285855687,0.4149353740397336
26,[0.4920633],0.2217542126384516,0.040896708707098495
27,[0.22577487],0.34702991009800865,0.2671869135324224
28,[0.98771616],0.5858224879873536,0.39113714284661605
29,[0.75659074],0.6050140029494168,0.23881746443963026
30,[0.58258299],0.4339297252931861,0.05311867352496258
31,[0.56602715],0.2775851824588475,0.06967451297446048
32,[0.37184337],0.2988601770942564,0.12111841442192162
33,[0.45296356],0.4027946895610331,0.17310591736042535
34,[0.81726831],0.6653175083115679,0.3643047432469251
35,[0.10200653],0.6825605543438864,0.5535534148248623
36,[0.91715646],0.5293747302042568,0.32057744561774515
37,[0.04387119],0.7193860388886174,0.5918304770464289
38,[0.5745486],0.28099376146172944,0.06115306546725563
39,[0.18049899],0.485701823686204,0.4651318158372739
40,[0.63570166],0.28092858415877026,0.05311867352496258
41,[0.89414345],0.326605905867041,0.3115604556113246
42,[0.65555994],0.4247361205160983,0.058980921397348895
43,[0.25422487],0.36130031549198754,0.2787351431286038
44,[0.59657902],0.3453485068963326,0.042317267632201006
45,[0.91987718],0.4840925331998559,0.5022564363132805
46,[0.77454108],0.38146324924757097,0.3215775127399003
47,[0.29099454],0.3924100271672768,0.2419654685048921
48,[0.68682978],0.29765461318902425,0.26920903629974113
49,[0.43332139],0.3301963946252274,0.2023802717340466
