,0,1,2
0,[0.54547015],0.2751387770444479,0.01251013753917296
1,[0.17186532],0.7067692921547545,0.4107176758695732
2,[0.85293181],0.42839435724498776,0.3074616584517891
3,[0.18022341],0.32115425184150526,0.37447533966725755
4,[0.58870005],0.2901394687883373,0.05574003662935412
5,[0.1207749],0.6259544544366487,0.4537736982573879
6,[0.55469875],0.30575468934459055,0.0626354456735072
7,[0.08202618],0.5271521297168558,0.4925224209213265
8,[0.99270517],0.6291375469182698,0.4181565757876682
9,[0.25271926],0.42478521215915155,0.3359807887188615
10,[0.53296001],0.2979924439716288,0.02173873696640871
11,[0.8921391],0.5138752273201241,0.3374403470289121
12,[0.24209363],0.3904195547357247,0.3239335257601331
13,[0.41762074],0.37258397008622346,0.168020781441363
14,[0.86794548],0.52425111764944,0.33498547034400317
15,[0.28633024],0.2472490184773734,0.2922355538431811
16,[0.13769966],0.5236126939944918,0.41699908676785913
17,[0.0507936],0.5097607474394186,0.5317893885678048
18,[0.92829087],0.45706489416180063,0.395330858119876
19,[0.77995014],0.4045056813036433,0.23447999120891916
20,[0.69447451],0.35994258415375435,0.16151449538653895
21,[0.95343867],0.5107449898110877,0.420478653899376
22,[0.93194228],0.7226942152791878,0.3772435287421493
23,[0.20739954],0.3685617333468392,0.3813005128762743
24,[0.22335698],0.467458570808132,0.36928255231005414
25,[0.99751836],0.5132467112498434,0.452048213908005
26,[0.4920633],0.3435720082077804,0.0626354456735072
27,[0.22577487],0.3882986513369461,0.3289238758933102
28,[0.98771616],0.5934422741899732,0.4330174117530001
29,[0.75659074],0.5029728149186353,0.21112059020970042
30,[0.58258299],0.3905760565343259,0.008034391942293051
31,[0.56602715],0.30407230576838773,0.022197769474742057
32,[0.37184337],0.3774607865951912,0.202705225281552
33,[0.45296356],0.26533616081807115,0.11306358874690459
34,[0.81726831],0.4595438662115404,0.2512411545000205
35,[0.10200653],0.318460852518151,0.480576464962165
36,[0.91715646],0.5115178371367871,0.38419645149053794
37,[0.04387119],0.6976169356813015,0.5387118035214663
38,[0.5745486],0.3718570243980023,0.008521447507204849
39,[0.18049899],0.4456212097837118,0.41608003260879234
40,[0.63570166],0.24778265231122196,0.06967451297446048
41,[0.89414345],0.498835219137748,0.348673295479596
42,[0.65555994],0.4309826356569354,0.14304828162369088
43,[0.25422487],0.35085114993072597,0.32032372859375513
44,[0.59657902],0.2812644413477558,0.05110886833361983
45,[0.91987718],0.6618707148173645,0.42781387059741527
46,[0.77454108],0.3735628794420674,0.2620294163044914
47,[0.29099454],0.303712753117252,0.2637042054713008
48,[0.68682978],0.40423254020750476,0.19476647058387586
49,[0.43332139],0.41402821980494603,0.14926159820908402
