,0,1,2
0,[0.54547015],0.2917711257811213,0.0016407690559685495
1,[0.17186532],0.6321248847683998,0.4107176758695732
2,[0.85293181],0.42839435724498776,0.3074616584517891
3,[0.18022341],0.4332417564801716,0.37447533966725755
4,[0.58870005],0.2558015539568602,0.05574003662935412
5,[0.1207749],0.6259544544366487,0.4537736982573879
6,[0.55469875],0.30200736069323175,0.0421870913199579
7,[0.08202618],0.5271521297168558,0.4925224209213265
8,[0.99270517],0.6291375469182698,0.4224172995412706
9,[0.25271926],0.42478521215915155,0.3329222591079066
10,[0.53296001],0.29799244397162883,0.02173873696640871
11,[0.8921391],0.39237871829007487,0.3374403470289121
12,[0.24209363],0.4211935071110802,0.3239335257601331
13,[0.41762074],0.37258397008622346,0.16496225183040814
14,[0.86794548],0.5649373712557912,0.33498547034400317
15,[0.28633024],0.3201348676427015,0.2962527498143277
16,[0.13769966],0.3969033071350518,0.41699908676785913
17,[0.0507936],0.5966855656685472,0.5317893885678048
18,[0.92829087],0.47416002083411124,0.395330858119876
19,[0.77995014],0.4242355611789049,0.23447999120891916
20,[0.69447451],0.2882122601121699,0.16151449538653895
21,[0.95343867],0.5107449898110878,0.420478653899376
22,[0.93194228],0.6944487740258295,0.3659151277506115
23,[0.20739954],0.3685617333468393,0.37824198326531944
24,[0.22335698],0.467458570808132,0.36928255231005414
25,[0.99751836],0.5132467112498434,0.452048213908005
26,[0.4920633],0.336218073283038,0.0626354456735072
27,[0.22577487],0.3882986513369461,0.3289238758933102
28,[0.98771616],0.5934422741899732,0.42168901076146237
29,[0.75659074],0.5029728149186353,0.21112059020970042
30,[0.58258299],0.41490949747881184,0.008034391942293051
31,[0.56602715],0.30407230576838773,0.020557000418773508
32,[0.37184337],0.3436772060786558,0.202705225281552
33,[0.45296356],0.26533616081807115,0.11306358874690459
34,[0.81726831],0.4595438662115404,0.2512411545000205
35,[0.10200653],0.31173865658162614,0.480576464962165
36,[0.91715646],0.5902444781469122,0.38419645149053794
37,[0.04387119],0.6976169356813015,0.5387118035214663
38,[0.5745486],0.3111692149248089,0.008521447507204849
39,[0.18049899],0.5202656171700666,0.41608003260879234
40,[0.63570166],0.32664768994442206,0.06967451297446048
41,[0.89414345],0.4331606919191814,0.348673295479596
42,[0.65555994],0.4612903165135361,0.16349663597724018
43,[0.25422487],0.3767657261513609,0.32032372859375513
44,[0.59657902],0.2554337161052771,0.05110886833361983
45,[0.91987718],0.6011954097490925,0.42781387059741527
46,[0.77454108],0.4748976538591732,0.2415810619509422
47,[0.29099454],0.3602083072488601,0.2637042054713008
48,[0.68682978],0.3965774834905817,0.19476647058387586
49,[0.43332139],0.41402821980494603,0.14926159820908402
