,0,1,2
0,[0.54547015],0.3278955334057116,0.17362677735557364
1,[0.17186532],0.3424125469426362,0.44427502686472864
2,[0.85293181],0.4321817217306969,0.28264393427941314
3,[0.18022341],0.5626960081082106,0.35273660270084883
4,[0.58870005],0.20356048894234843,0.09663674533645261
5,[0.1207749],0.43487416846448906,0.3721868873977575
6,[0.55469875],0.30874125851809175,0.0421870913199579
7,[0.08202618],0.6995445972948067,0.514552841328968
8,[0.99270517],0.6098988214190532,0.41012218384537513
9,[0.25271926],0.5279007947194274,0.40284067935964907
10,[0.53296001],0.24130826227184934,0.040896708707098495
11,[0.8921391],0.36541257826399653,0.3175904985301695
12,[0.24209363],0.2919650579901408,0.29086638780218665
13,[0.41762074],0.1649057908077674,0.11533927442296377
14,[0.86794548],0.6468982607315994,0.4131034619090343
15,[0.28633024],0.5870303678809686,0.369229699677025
16,[0.13769966],0.5171698275057837,0.3952603498014504
17,[0.0507936],0.7215512012324231,0.5948372002616348
18,[0.92829087],0.6460861643077104,0.34570788071243164
19,[0.77995014],0.4163872665403462,0.20138434731179433
20,[0.69447451],0.3117021062536996,0.20241120409363744
21,[0.95343867],0.5387468790011924,0.3788900684342247
22,[0.93194228],0.4299607936080066,0.3573936802434067
23,[0.20739954],0.674680861915382,0.5491912039957936
24,[0.22335698],0.33895907825218446,0.3927833594615805
25,[0.99751836],0.6763146285855687,0.4797450881379348
26,[0.4920633],0.1649057908077674,0.040896708707098495
27,[0.22577487],0.37311761621424655,0.31969527646607443
28,[0.98771616],0.5791002920508288,0.39113714284661605
29,[0.75659074],0.41932610582626095,0.174007750341429
30,[0.58258299],0.4226545006069837,0.11356321193319574
31,[0.56602715],0.27108204882534903,0.06967451297446048
32,[0.37184337],0.30437183274327095,0.12111841442192162
33,[0.45296356],0.4027946895610331,0.1436154566617509
34,[0.81726831],0.4373506165690613,0.3134371493692416
35,[0.10200653],0.7609018088899486,0.5240629541261879
36,[0.91715646],0.522652534267732,0.32057744561774515
37,[0.04387119],0.8474260210967337,0.5918304770464289
38,[0.5745486],0.27108204882534903,0.06115306546725563
39,[0.18049899],0.33895907825218446,0.43564135513859936
40,[0.63570166],0.4176848892644244,0.05311867352496258
41,[0.89414345],0.5482004468559027,0.3115604556113246
42,[0.65555994],0.41801392457957354,0.058980921397348895
43,[0.25422487],0.4239496621675064,0.2787351431286038
44,[0.59657902],0.3453485068963326,0.1436154566617509
45,[0.91987718],0.5708773031515848,0.5480338017067174
46,[0.77454108],0.5751487776645118,0.3215775127399003
47,[0.29099454],0.3442341272354516,0.2419654685048921
48,[0.68682978],0.3844393831407533,0.31498640169317804
49,[0.43332139],0.3384387220307888,0.2023802717340466
