,0,1,2
0,[0.54547015],0.316005831387434,0.12784941196213673
1,[0.17186532],0.507052815996406,0.4638363493945358
2,[0.85293181],0.2302323091802533,0.2783832105258107
3,[0.18022341],0.48352896203187673,0.3589916714704353
4,[0.58870005],0.1900882907989701,0.09663674533645261
5,[0.1207749],0.3895432126898096,0.4121851127922366
6,[0.55469875],0.21402759275631658,0.0626354456735072
7,[0.08202618],0.6995445972948067,0.514552841328968
8,[0.99270517],0.5954547664897547,0.41012218384537513
9,[0.25271926],0.45441347958523143,0.40284067935964907
10,[0.53296001],0.30767881565680943,0.040896708707098495
11,[0.8921391],0.33913416647988315,0.30955610658787647
12,[0.24209363],0.4205470397224018,0.29086638780218665
13,[0.41762074],0.2198653170853162,0.12159434319255025
14,[0.86794548],0.5302387405876303,0.45032474476696693
15,[0.28633024],0.409936102075889,0.3102487782796761
16,[0.13769966],0.47804418149270544,0.3952603498014504
17,[0.0507936],0.697478247945191,0.5849080620927674
18,[0.92829087],0.509410647963124,0.34570788071243164
19,[0.77995014],0.4992325975756593,0.2252513917816834
20,[0.69447451],0.3059140604264649,0.20241120409363744
21,[0.95343867],0.544822797230796,0.3788900684342247
22,[0.93194228],0.3194361557995925,0.3573936802434067
23,[0.20739954],0.5486925112634082,0.40874080464952
24,[0.22335698],0.3865341886463215,0.41234468199138763
25,[0.99751836],0.6879416962974289,0.4314912134892315
26,[0.4920633],0.1649057908077674,0.040896708707098495
27,[0.22577487],0.3619835639897116,0.31969527646607443
28,[0.98771616],0.5730243738212253,0.41742828700785994
29,[0.75659074],0.465691754628759,0.18204214228372206
30,[0.58258299],0.4115126274923219,0.06304781169383
31,[0.56602715],0.22403178761755846,0.06967451297446048
32,[0.37184337],0.22582449210947475,0.16111663981640068
33,[0.45296356],0.31604870114043704,0.1436154566617509
34,[0.81726831],0.4035366083298603,0.3134371493692416
35,[0.10200653],0.49843973745703407,0.543624276655995
36,[0.91715646],0.40374372997001534,0.33457347408309357
37,[0.04387119],0.7411381722217533,0.5527078319868147
38,[0.5745486],0.28099376146172944,0.02203042040764147
39,[0.18049899],0.49776369602956566,0.41608003260879234
40,[0.63570166],0.3132536964500307,0.05311867352496258
41,[0.89414345],0.5205550804695896,0.3155776515824712
42,[0.65555994],0.40374372997001534,0.07297694986269732
43,[0.25422487],0.42733461476566365,0.2912452806677768
44,[0.59657902],0.35512685034516067,0.1436154566617509
45,[0.91987718],0.6747006035749447,0.5480338017067174
46,[0.77454108],0.44374495784829654,0.33924892455690314
47,[0.29099454],0.32617460211508426,0.2419654685048921
48,[0.68682978],0.31973241268461156,0.2920977189964596
49,[0.43332139],0.2775851824588475,0.16325762667443244
