,0,1,2
0,[0.54547015],0.3278955334057116,0.09062812910420409
1,[0.17186532],0.507052815996406,0.4638363493945358
2,[0.85293181],0.3728853882411059,0.2783832105258107
3,[0.18022341],0.48352896203187673,0.35273660270084883
4,[0.58870005],0.1900882907989701,0.09663674533645261
5,[0.1207749],0.43487416846448906,0.42469525033140954
6,[0.55469875],0.2247089620055709,0.0626354456735072
7,[0.08202618],0.5661229120335547,0.514552841328968
8,[0.99270517],0.6539726079272485,0.41012218384537513
9,[0.25271926],0.36980997289207956,0.38298240302191433
10,[0.53296001],0.23977475302239015,0.040896708707098495
11,[0.8921391],0.3097359361588343,0.3175904985301695
12,[0.24209363],0.3439738527663415,0.29086638780218665
13,[0.41762074],0.28371480614166666,0.12784941196213673
14,[0.86794548],0.4844245557052765,0.45032474476696693
15,[0.28633024],0.4099361020758889,0.3102487782796761
16,[0.13769966],0.4520942318955483,0.3952603498014504
17,[0.0507936],0.54619313662879,0.5849080620927674
18,[0.92829087],0.509410647963124,0.34570788071243164
19,[0.77995014],0.4362353172370236,0.2252513917816834
20,[0.69447451],0.3117021062536996,0.20241120409363744
21,[0.95343867],0.544822797230796,0.3788900684342247
22,[0.93194228],0.3194361557995925,0.3573936802434067
23,[0.20739954],0.5295770983185907,0.389179482119713
24,[0.22335698],0.35184193887877313,0.41234468199138763
25,[0.99751836],0.8531985654323482,0.4880230078626838
26,[0.4920633],0.1649057908077674,0.040896708707098495
27,[0.22577487],0.3619835639897116,0.31969527646607443
28,[0.98771616],0.6025235440421588,0.4131675632542575
29,[0.75659074],0.3684053440317279,0.1780249463125756
30,[0.58258299],0.30474982768323666,0.05311867352496258
31,[0.56602715],0.27108204882534903,0.06967451297446048
32,[0.37184337],0.22582449210947475,0.17362677735557364
33,[0.45296356],0.2996411082260141,0.1436154566617509
34,[0.81726831],0.4368632726534454,0.2512411545000205
35,[0.10200653],0.3421250669847331,0.5336951384871276
36,[0.91715646],0.40374372997001534,0.33457347408309357
37,[0.04387119],0.667955146671631,0.5527078319868147
38,[0.5745486],0.28099376146172944,0.006754486450218367
39,[0.18049899],0.3709240162576271,0.41608003260879234
40,[0.63570166],0.3920860637340458,0.05713586949610916
41,[0.89414345],0.5205550804695895,0.31959484755361767
42,[0.65555994],0.434051410826616,0.08527206555859279
43,[0.25422487],0.5047078618488463,0.2912452806677768
44,[0.59657902],0.31604870114043704,0.03055186791484632
45,[0.91987718],0.5151302745258641,0.5022564363132805
46,[0.77454108],0.44374495784829654,0.33924892455690314
47,[0.29099454],0.32617460211508426,0.2419654685048921
48,[0.68682978],0.3399156877052457,0.19476647058387586
49,[0.43332139],0.2918595521604528,0.15224241647061165
