,0,1,2
0,[0.54547015],0.3068955386326445,0.053406846246271455
1,[0.17186532],0.6270953256124998,0.4247137043349216
2,[0.85293181],0.3728853882411059,0.2783832105258107
3,[0.18022341],0.48352896203187673,0.35273660270084883
4,[0.58870005],0.24008222661798778,0.09663674533645261
5,[0.1207749],0.6034324760413643,0.42469525033140954
6,[0.55469875],0.2908726635622868,0.0626354456735072
7,[0.08202618],0.5661229120335547,0.514552841328968
8,[0.99270517],0.7258178096205337,0.41012218384537513
9,[0.25271926],0.5048390683641186,0.39291154119078175
10,[0.53296001],0.30767881565680943,0.040896708707098495
11,[0.8921391],0.3080316466573934,0.3175904985301695
12,[0.24209363],0.2916622679946904,0.29086638780218665
13,[0.41762074],0.28371480614166666,0.13707801138937248
14,[0.86794548],0.5184684845627453,0.4131034619090343
15,[0.28633024],0.4026796615941214,0.3102487782796761
16,[0.13769966],0.4520942318955483,0.3952603498014504
17,[0.0507936],0.6429320617752441,0.5849080620927674
18,[0.92829087],0.605525940955557,0.3497250766835782
19,[0.77995014],0.486936993772707,0.2252513917816834
20,[0.69447451],0.38257483447256996,0.20241120409363744
21,[0.95343867],0.5574174489612155,0.3748728724630782
22,[0.93194228],0.5655242226657224,0.3573936802434067
23,[0.20739954],0.5486925112634082,0.40874080464952
24,[0.22335698],0.35184193887877313,0.41234468199138763
25,[0.99751836],0.6750588356708402,0.4314912134892315
26,[0.4920633],0.1649057908077674,0.040896708707098495
27,[0.22577487],0.3899689706181565,0.32430957617969225
28,[0.98771616],0.5122989381136589,0.41742828700785994
29,[0.75659074],0.36840534403172787,0.18204214228372206
30,[0.58258299],0.3674668409010259,0.05311867352496258
31,[0.56602715],0.27108204882534903,0.06967451297446048
32,[0.37184337],0.32218463714145223,0.17362677735557364
33,[0.45296356],0.2996411082260141,0.1436154566617509
34,[0.81726831],0.4494579243838648,0.24698043074641807
35,[0.10200653],0.3421250669847331,0.4945724934275134
36,[0.91715646],0.522652534267732,0.35112931353259147
37,[0.04387119],0.667955146671631,0.544828862743376
38,[0.5745486],0.34280757166632236,0.008521447507204849
39,[0.18049899],0.3555489881454667,0.41608003260879234
40,[0.63570166],0.3920860637340458,0.05311867352496258
41,[0.89414345],0.41281271976529627,0.31959484755361767
42,[0.65555994],0.3696051132966819,0.08953278931219522
43,[0.25422487],0.5047078618488463,0.2912452806677768
44,[0.59657902],0.31604870114043704,0.04083036812423302
45,[0.91987718],0.6016512555269402,0.42781387059741527
46,[0.77454108],0.40542096527140686,0.3215775127399003
47,[0.29099454],0.32617460211508426,0.2419654685048921
48,[0.68682978],0.31973241268461156,0.19476647058387586
49,[0.43332139],0.2918595521604528,0.16325762667443244
