,0,1,2
0,[0.54547015],0.3102804912308018,0.053406846246271455
1,[0.17186532],0.6404226858682909,0.4247137043349216
2,[0.85293181],0.35249377688703043,0.28690465803301557
3,[0.18022341],0.4189843634039927,0.3652467402400218
4,[0.58870005],0.2560955399308684,0.07618839098290331
5,[0.1207749],0.45241642847932206,0.42930955004502735
6,[0.55469875],0.2908726635622868,0.0626354456735072
7,[0.08202618],0.7724055459441916,0.5066738720855293
8,[0.99270517],0.5069380632976548,0.41012218384537513
9,[0.25271926],0.5045715473751728,0.40284067935964907
10,[0.53296001],0.30767881565680943,0.040896708707098495
11,[0.8921391],0.38592168771986984,0.3175904985301695
12,[0.24209363],0.3959538472240757,0.3033765253413596
13,[0.41762074],0.2432325653229392,0.16496225183040814
14,[0.86794548],0.42488345467842714,0.37588217905110166
15,[0.28633024],0.45587094901541436,0.3102487782796761
16,[0.13769966],0.5425704085332933,0.3952603498014504
17,[0.0507936],0.556399194173565,0.5849080620927674
18,[0.92829087],0.5369919071521715,0.36226372016192954
19,[0.77995014],0.47228514280846345,0.2252513917816834
20,[0.69447451],0.38257483447256996,0.20241120409363744
21,[0.95343867],0.40723239225207886,0.3831507921878271
22,[0.93194228],0.6298900901766543,0.3573936802434067
23,[0.20739954],0.4843266437524766,0.42830212717932714
24,[0.22335698],0.4463541122830147,0.37322203693177347
25,[0.99751836],0.5566927402615545,0.4314912134892315
26,[0.4920633],0.21438427837488866,0.053406846246271455
27,[0.22577487],0.3899689706181565,0.3289238758933102
28,[0.98771616],0.4298309730847837,0.42168901076146237
29,[0.75659074],0.43121116394616754,0.21276135926566897
30,[0.58258299],0.32009087257819385,0.033557350995155444
31,[0.56602715],0.22982059290883233,0.02355385368217211
32,[0.37184337],0.2782161721445456,0.17824107706919146
33,[0.45296356],0.2992672203984304,0.1296194281964025
34,[0.81726831],0.4494579243838649,0.2512411545000205
35,[0.10200653],0.47938267172311405,0.4875744791948392
36,[0.91715646],0.522652534267732,0.38419645149053794
37,[0.04387119],0.6629184929481987,0.544828862743376
38,[0.5745486],0.34280757166632236,0.008521447507204849
39,[0.18049899],0.4193594532367874,0.41608003260879234
40,[0.63570166],0.40520128088176965,0.05311867352496258
41,[0.89414345],0.4218599494723524,0.31959484755361767
42,[0.65555994],0.4309826356569354,0.12259992727014168
43,[0.25422487],0.37349280750571545,0.2912452806677768
44,[0.59657902],0.35512685034516067,0.05110886833361983
45,[0.91987718],0.6630882833123206,0.42781387059741527
46,[0.77454108],0.40542096527140686,0.3020276416989705
47,[0.29099454],0.3569485544904397,0.25447560604406505
48,[0.68682978],0.31973241268461156,0.19476647058387586
49,[0.43332139],0.2762006994681152,0.14122720626679097
