,0,1,2
0,[0.54547015],0.19494942277316452,0.19494942277316452
1,[0.17186532],0.48347977882223486,0.5394568021173347
2,[0.85293181],0.4759970883655662,0.4353110704139258
3,[0.18022341],0.4209474432235149,0.35273660270084883
4,[0.58870005],0.17333447322807394,0.13010457413789278
5,[0.1207749],0.36479667876250527,0.16555534038535324
6,[0.55469875],0.38777141996510045,0.03479335102547154
7,[0.08202618],0.2999498744250401,0.17069308336666777
8,[0.99270517],0.5596528714911113,0.6294231420006795
9,[0.25271926],0.2999498744250401,0.17069308336666777
10,[0.53296001],0.2626825577049249,0.11533927442296377
11,[0.8921391],0.3250539969110573,0.3250539969110573
12,[0.24209363],0.2839175287691386,0.044236615395303325
13,[0.41762074],0.2626825577049249,0.11533927442296377
14,[0.86794548],0.4660831033094991,0.5046634510918633
15,[0.28633024],0.2839175287691386,0.044236615395303325
16,[0.13769966],0.509104017326726,0.5736224534566563
17,[0.0507936],0.3207715915611636,0.20192565907085303
18,[0.92829087],0.7118912824536449,0.6861972459220627
19,[0.77995014],0.6514371283167731,0.6979239642042673
