,0,1,2
0,[0.54547015],0.2823612550166924,0.043229899090181156
1,[0.17186532],0.5380689343741889,0.696080168806132
2,[0.85293181],0.4368833643357407,0.4353110704139258
3,[0.18022341],0.2840976145034518,0.35273660270084883
4,[0.58870005],0.2844863821592282,0.043229899090181156
5,[0.1207749],0.32069059668650646,0.16555534038535324
6,[0.55469875],0.3376327382499548,0.00922859942723575
7,[0.08202618],0.3616319550963885,0.17069308336666777
8,[0.99270517],0.31755872866099527,0.4380064242864108
9,[0.25271926],0.375050049615762,0.13480755818841406
10,[0.53296001],0.29609470759930373,0.35273660270084883
11,[0.8921391],0.44861245606197053,0.3466689464561479
12,[0.24209363],0.38365466552810906,0.3033765253413596
13,[0.41762074],0.2871591634093974,0.13707801138937248
14,[0.86794548],0.42871556939052907,0.5816152427508865
15,[0.28633024],0.347147527618908,0.2528848411764698
16,[0.13769966],0.2570482765204661,0.2551399737566967
17,[0.0507936],0.561002138124847,0.20192565907085303
18,[0.92829087],0.5934916932143707,0.6419606305267593
19,[0.77995014],0.3588612918641876,0.3623294031710559
