,0,1,2
0,[0.54547015],0.2823612550166924,0.043229899090181156
1,[0.17186532],0.6674491029969427,0.696080168806132
2,[0.85293181],0.4368833643357407,0.31997179599096204
3,[0.18022341],0.4097523270941446,0.35273660270084883
4,[0.58870005],0.2844863821592282,0.043229899090181156
5,[0.1207749],0.2877103011531976,0.16555534038535324
6,[0.55469875],0.33763273824995493,0.00922859942723575
7,[0.08202618],0.3616319550963885,0.17069308336666777
8,[0.99270517],0.31755872866099527,0.4380064242864108
9,[0.25271926],0.3639020422898912,0.010625635712679271
10,[0.53296001],0.29609470759930373,0.35273660270084883
11,[0.8921391],0.44861245606197053,0.3466689464561479
12,[0.24209363],0.44814973208907505,0.3033765253413596
13,[0.41762074],0.2871591634093974,0.13707801138937248
14,[0.86794548],0.5289340028380037,0.5816152427508865
15,[0.28633024],0.34714752761890794,0.2528848411764698
16,[0.13769966],0.2570482765204661,0.11501959771194303
17,[0.0507936],0.47944804065672225,0.20192565907085303
18,[0.92829087],0.47798242773560745,0.6419606305267593
19,[0.77995014],0.3588612918641876,0.2984046971899875
