,0,1,2
0,[0.54547015],0.31649987169002597,0.043229899090181156
1,[0.17186532],0.6674491029969427,0.696080168806132
2,[0.85293181],0.328624738497494,0.31997179599096204
3,[0.18022341],0.4097523270941446,0.35273660270084883
4,[0.58870005],0.2844863821592282,0.23672456004427767
5,[0.1207749],0.2877103011531976,0.16555534038535324
6,[0.55469875],0.33763273824995493,0.13707801138937248
7,[0.08202618],0.292298165805159,0.45093383545617516
8,[0.99270517],0.31755872866099527,0.2888898947741342
9,[0.25271926],0.3639020422898912,0.033610979682624054
10,[0.53296001],0.29609470759930373,0.285553569945847
11,[0.8921391],0.44861245606197053,0.3466689464561479
12,[0.24209363],0.44814973208907516,0.3033765253413596
13,[0.41762074],0.2871591634093974,0.13707801138937248
14,[0.86794548],0.5949817476923946,0.5816152427508865
15,[0.28633024],0.3658644415310486,0.2528848411764698
16,[0.13769966],0.3292672162128919,0.11501959771194303
17,[0.0507936],0.47944804065672225,0.20192565907085303
18,[0.92829087],0.47798242773560756,0.5763153815347996
19,[0.77995014],0.4760082936555953,0.2984046971899875
