,0,1,2
0,[0.54547015],0.27611473987585533,0.043229899090181156
1,[0.17186532],0.6674491029969427,0.6810664944530909
2,[0.85293181],0.34051444051577157,0.31997179599096204
3,[0.18022341],0.38349422749736073,0.35273660270084883
4,[0.58870005],0.2441012503450576,0.17107931105231788
5,[0.1207749],0.43075673031168016,0.4121851127922366
6,[0.55469875],0.34247146098021847,0.13707801138937248
7,[0.08202618],0.2938013951971096,0.4634439729953481
8,[0.99270517],0.46699284528824325,0.21275503250472738
9,[0.25271926],0.3639020422898912,0.2802407520895074
10,[0.53296001],0.3223528071960876,0.2802407520895074
11,[0.8921391],0.44861245606197053,0.3466689464561479
12,[0.24209363],0.44814973208907516,0.23319675059070477
13,[0.41762074],0.2799288085844863,0.13707801138937248
14,[0.86794548],0.5949817476923946,0.5816152427508865
15,[0.28633024],0.2561916539766552,0.24662977240688333
16,[0.13769966],0.3292672162128919,0.11501959771194303
17,[0.0507936],0.47944804065672225,0.20192565907085303
18,[0.92829087],0.5099959172664053,0.5106701325428398
19,[0.77995014],0.47600829365559527,0.23447999120891916
