,0,1,2
0,[0.54547015],0.27611473987585533,0.043229899090181156
1,[0.17186532],0.6752905605978144,0.6810664944530909
2,[0.85293181],0.34051444051577157,0.31997179599096204
3,[0.18022341],0.38349422749736073,0.35273660270084883
4,[0.58870005],0.31343252147925293,0.17107931105231788
5,[0.1207749],0.5725073978393086,0.4121851127922366
6,[0.55469875],0.3424714609802184,0.13707801138937248
7,[0.08202618],0.2938013951971096,0.4634439729953481
8,[0.99270517],0.56152735977276,0.4380064242864108
9,[0.25271926],0.39695958336032994,0.2802407520895074
10,[0.53296001],0.38451784570888076,0.2802407520895074
11,[0.8921391],0.44861245606197053,0.3466689464561479
12,[0.24209363],0.44814973208907505,0.29086638780218665
13,[0.41762074],0.33458336943747724,0.12784941196213673
14,[0.86794548],0.5949817476923946,0.5816152427508865
15,[0.28633024],0.2561916539766552,0.24662977240688333
16,[0.13769966],0.3488861831571233,0.11501959771194303
17,[0.0507936],0.40761222385765805,0.20192565907085303
18,[0.92829087],0.47798242773560756,0.5106701325428398
19,[0.77995014],0.46019606628129334,0.23447999120891916
