,0,1,2
0,[0.54547015],0.2823612550166924,0.043229899090181156
1,[0.17186532],0.4834797788222348,0.5394568021173347
2,[0.85293181],0.5541972715346093,0.4353110704139258
3,[0.18022341],0.3305727099404831,0.35273660270084883
4,[0.58870005],0.2823612550166924,0.043229899090181156
5,[0.1207749],0.4246785566879975,0.2968458383692728
6,[0.55469875],0.3877714199651005,0.38283343542853754
7,[0.08202618],0.4433272829624292,0.33387401802232
8,[0.99270517],0.5596528714911113,0.6294231420006795
9,[0.25271926],0.375050049615762,0.29275088962868034
10,[0.53296001],0.31911272880537744,0.11533927442296377
11,[0.8921391],0.44861245606197053,0.3466689464561479
12,[0.24209363],0.32762357669595754,0.044236615395303325
13,[0.41762074],0.31911272880537744,0.007975611780477898
14,[0.86794548],0.4660831033094991,0.696080168806132
15,[0.28633024],0.30992893053783616,0.044236615395303325
16,[0.13769966],0.509104017326726,0.41699908676785913
17,[0.0507936],0.46831334352577736,0.49467654869953337
18,[0.92829087],0.6985217346959651,0.6861972459220627
19,[0.77995014],0.4760082936555953,0.5272308808375995
