,0,1,2
0,[0.54547015],0.2823612550166924,0.043229899090181156
1,[0.17186532],0.5380689343741889,0.696080168806132
2,[0.85293181],0.44710144720176226,0.4353110704139258
3,[0.18022341],0.2840976145034518,0.35273660270084883
4,[0.58870005],0.2823612550166924,0.043229899090181156
5,[0.1207749],0.36068419748980496,0.16555534038535324
6,[0.55469875],0.3777052053778628,0.13707801138937248
7,[0.08202618],0.4433272829624292,0.20430406304929183
8,[0.99270517],0.47567697024526057,0.4380064242864108
9,[0.25271926],0.375050049615762,0.2802407520895074
10,[0.53296001],0.29609470759930373,0.2802407520895074
11,[0.8921391],0.44861245606197053,0.3466689464561479
12,[0.24209363],0.3472431054578471,0.29086638780218665
13,[0.41762074],0.31911272880537744,0.11533927442296377
14,[0.86794548],0.4980368542768373,0.6258518581461898
15,[0.28633024],0.347147527618908,0.18896013519540145
16,[0.13769966],0.4246644261331628,0.40612971828465483
17,[0.0507936],0.561002138124847,0.4821664111603604
18,[0.92829087],0.5934916932143706,0.6419606305267593
19,[0.77995014],0.3588612918641876,0.42797465216301567
