,0,1,2
0,[0.75674722],0.5332438857547033,0.4632329023413515
1,[0.38871208],0.4818355011478611,0.10701054036726065
2,[0.97788819],0.8213585296474959,0.5879495481231447
3,[0.09877251],0.583482073479002,0.4460926603220331
4,[0.70158213],0.545052461407372,0.3116434798830208
5,[0.1257374],0.6620038953663562,0.339863483363007
6,[0.76745298],0.5439496486808595,0.4739386652675077
7,[0.81614961],0.45394196657060226,0.3903898568837384
8,[0.4425264],0.4421030914828223,0.023074485325906058
9,[0.367412],0.3497308912682067,0.1604525564933892
10,[0.66384312],0.41347619464495117,0.2667147269374375
11,[0.74350607],0.3812984295178449,0.317746319830981
12,[0.00402979],0.8167429222532906,0.4916928306426105
13,[0.84748862],0.6909589564400117,0.4575499749156606
14,[8.20305508e-05],0.8206906791493965,0.4956405875387164
15,[0.96210997],0.7793979134245579,0.5195835695505263
16,[0.69442701],0.5148714254089044,0.25190061270794595
17,[0.97662458],0.820094919717033,0.5866859381926817
18,[0.70734264],0.45697571384268504,0.31021424613517135
19,[0.22306915],0.41848760766704995,0.20982078648924085
20,[0.27093186],0.549840847040467,0.22479075542978666
21,[0.29351432],0.34804243331768886,0.1393756121398797
22,[0.43351364],0.3107651320605601,0.1399993223881123
23,[0.05039359],0.655640080035146,0.4774709629253453
24,[0.43288993],0.3108898741102067,0.1393756121398797
25,[0.15455219],0.48700456723566177,0.27833774605785266
26,[0.60028002],0.4863576829015777,0.21034137367350808
27,[0.24689233],0.39466442540462576,0.18599760422681666
28,[0.17653244],0.529501230289362,0.35133211317956137
29,[0.77127134],0.5209044158988929,0.37414294819137917
30,[0.42575975],0.32189227758258004,0.11910541545150566
31,[0.38035635],0.3491343173058131,0.1645088149902273
32,[0.1994887],0.4420680500301769,0.2334012288523677
33,[0.21965975],0.5680815498606252,0.24594113785727612
34,[0.87202518],0.6893131254728064,0.42949878159877497
35,[0.11889257],0.7018801419886762,0.376830050377996
36,[0.42684479],0.31673401875398166,0.07130336417352912
37,[0.94454344],0.7618313813371548,0.5020170374631231
38,[0.81717998],0.5936766478649448,0.5236656644515929
39,[0.75882693],0.5084600065927898,0.36169853888527603
40,[0.62888432],0.378517388374432,0.2317559206669183
41,[0.05639259],0.7313487100342796,0.4092082980309304
42,[0.46560089],0.43748819441764103,0.023074485325906058
43,[0.29742037],0.4086133011456254,0.23044418403582478
44,[0.06924414],0.718497153425918,0.3963567414225688
45,[0.36007624],0.3541323476745495,0.16778831717062714
46,[0.39116522],0.48134487353972605,0.10333083330624743
47,[0.54486517],0.287145175297293,0.11910541545150566
48,[0.8809923],0.5187846605630118,0.4552325508761479
49,[0.36128443],0.36057746926852563,0.18358073492808147
