,0,1,2
0,[0.75674722],0.5332438857547033,0.4632329023413515
1,[0.38871208],0.4818355011478611,0.10701054036726065
2,[0.97788819],0.8213585296474959,0.5879495481231447
3,[0.09877251],0.583482073479002,0.4460926603220331
4,[0.70158213],0.6518539029727104,0.28473631840490354
5,[0.1257374],0.7694266970993827,0.339863483363007
6,[0.76745298],0.5439496486808595,0.4739386652675077
7,[0.81614961],0.45394196657060226,0.3903898568837384
8,[0.4425264],0.38856650011430627,0.023074485325906058
9,[0.367412],0.3245031213190499,0.26147231810687166
10,[0.66384312],0.33818595438257865,0.23699832949748412
11,[0.74350607],0.3812984295178449,0.317746319830981
12,[0.00402979],0.754659540080754,0.4916928306426105
13,[0.84748862],0.6909589564400117,0.4575499749156606
14,[8.20305508e-05],0.7586072969768599,0.4956405875387164
15,[0.96210997],0.8325967052500888,0.5274243733313142
16,[0.69442701],0.44800031938400364,0.25190061270794595
17,[0.97662458],0.820094919717033,0.5866859381926817
18,[0.70734264],0.3816854735803125,0.280497848695218
19,[0.22306915],0.41848760766704995,0.20982078648924085
20,[0.27093186],0.517880760669076,0.22479075542978666
21,[0.29351432],0.34804243331768886,0.1393756121398797
22,[0.43351364],0.3107651320605601,0.1399993223881123
23,[0.05039359],0.7239021021183174,0.37947377067764804
24,[0.43288993],0.3108898741102067,0.1393756121398797
25,[0.15455219],0.48700456723566177,0.27833774605785266
26,[0.60028002],0.4863576829015777,0.21034137367350808
27,[0.24689233],0.39466442540462576,0.18599760422681666
28,[0.17653244],0.489093325643969,0.45235187479304384
29,[0.77127134],0.4456141756365203,0.3444265507514258
30,[0.42575975],0.32189227758258004,0.11910541545150566
31,[0.38035635],0.3491343173058131,0.1645088149902273
32,[0.1994887],0.4420680500301769,0.2334012288523677
33,[0.21965975],0.46416483595052005,0.24594113785727612
34,[0.87202518],0.6213404288002051,0.42949878159877497
35,[0.11889257],0.6397967598161396,0.376830050377996
36,[0.42684479],0.28884344439110593,0.20203952322696495
37,[0.94454344],0.6938586846645534,0.5020170374631231
38,[0.81717998],0.5936766478649448,0.5236656644515929
39,[0.75882693],0.43316976633041715,0.3319821414453227
40,[0.62888432],0.5588982325308568,0.2389456696012861
41,[0.05639259],0.6274319961241744,0.4092082980309304
42,[0.46560089],0.38737460514417227,0.023074485325906058
43,[0.29742037],0.36820539650023243,0.33146394564930726
44,[0.06924414],0.6145804395158129,0.3963567414225688
45,[0.36007624],0.32890457772539267,0.2688080787841096
46,[0.39116522],0.48134487353972605,0.10333083330624743
47,[0.54486517],0.287145175297293,0.11910541545150566
48,[0.8809923],0.5187846605630118,0.4552325508761479
49,[0.36128443],0.36057746926852563,0.18358073492808147
