,0,1,2
0,[0.75674722],0.4774515944934863,0.3299024289330422
1,[0.38871208],0.35293345121536907,0.04480156437446192
2,[0.97788819],0.5423460306336318,0.5891761171434824
3,[0.09877251],0.5108521296050614,0.3389356609859757
4,[0.70158213],0.45580669374499105,0.26869219477712925
5,[0.1257374],0.5114690535363635,0.3167889980371009
6,[0.76745298],0.4881573574196425,0.37874090725385734
7,[0.81614961],0.3797518540845921,0.3903898568837384
8,[0.4425264],0.2514515638733818,0.00963646883000524
9,[0.367412],0.25561781116876475,0.23286802217909364
10,[0.66384312],0.2994861923226286,0.275131044892143
11,[0.74350607],0.5388131839663831,0.3523408542160892
12,[0.00402979],0.518644475424669,0.4896659956921118
13,[0.84748862],0.4936398526428641,0.45632340589532283
14,[8.20305508e-05],0.5215220269543244,0.6001979898653016
15,[0.96210997],0.62158293188744,0.535265177112102
16,[0.69442701],0.4437422599093762,0.29794392868230873
17,[0.97662458],0.7656403901067507,0.5866859381926817
18,[0.70734264],0.4017753255389017,0.3399306435751247
19,[0.22306915],0.3811147967921807,0.20982078648924085
20,[0.27093186],0.40004553724037945,0.16258177943698793
21,[0.29351432],0.3389724342322105,0.1393756121398797
22,[0.43351364],0.2970617401468378,0.04480156437446192
23,[0.05039359],0.5149327194620051,0.38280819516754955
24,[0.43288993],0.34251703697276337,0.04172471608555384
25,[0.15455219],0.26766222823766134,0.27833774605785266
26,[0.60028002],0.35293345121536907,0.20911480465317034
27,[0.24689233],0.36694562948437265,0.18662131447504926
28,[0.17653244],0.3026864326327406,0.2569812005458819
29,[0.77127134],0.452918287183868,0.4038593456313325
30,[0.42575975],0.27123807751169904,0.00775389194867826
31,[0.38035635],0.3521984902224564,0.1645088149902273
32,[0.1994887],0.3721040282547062,0.2334012288523677
33,[0.21965975],0.3177529188560221,0.24594113785727612
34,[0.87202518],0.5499443236533198,0.42949878159877497
35,[0.11889257],0.5357994031500082,0.3236338329669699
36,[0.42684479],0.28379369515564334,0.03875609288748172
37,[0.94454344],0.3909213559275731,0.5176986450246988
38,[0.81717998],0.5378843566037276,0.4558955534887347
39,[0.75882693],0.4392193523350884,0.3319821414453227
40,[0.62888432],0.46426976874938175,0.24017223862162385
41,[0.05639259],0.47038909500256754,0.38613381270502434
42,[0.46560089],0.33735132019313674,0.023074485325906058
43,[0.29742037],0.2059760893177513,0.13609327140214533
44,[0.06924414],0.5073040978401219,0.37328225609666277
45,[0.36007624],0.3110909674758428,0.12577874179845988
46,[0.39116522],0.311110490284735,0.04172471608555384
47,[0.54486517],0.27123807751169904,0.1645088149902273
48,[0.8809923],0.4316260092785197,0.4552325508761479
49,[0.36128443],0.2970282053023293,0.18358073492808147
