,0,1,2
0,[0.75674722],0.45036412172116974,0.3299024289330422
1,[0.38871208],0.35293345121536907,0.04480156437446192
2,[0.97788819],0.5423460306336318,0.5891761171434824
3,[0.09877251],0.4599283400114758,0.3341174265709731
4,[0.70158213],0.4660789307281029,0.2925771221856914
5,[0.1257374],0.43339108215961575,0.3167889980371009
6,[0.76745298],0.4881573574196425,0.37874090725385734
7,[0.81614961],0.3797518540845921,0.3903898568837384
8,[0.4425264],0.2514515638733818,0.00932461370588894
9,[0.367412],0.25561781116876475,0.23286802217909364
10,[0.66384312],0.2994861923226286,0.275131044892143
11,[0.74350607],0.482496414900022,0.3523408542160892
12,[0.00402979],0.518644475424669,0.4384966132315844
13,[0.84748862],0.4936398526428641,0.45632340589532283
14,[8.20305508e-05],0.5695564746786491,0.44244437012769033
15,[0.96210997],0.6791777748650116,0.5531049657890936
16,[0.69442701],0.5071000595167965,0.26866726323839685
17,[0.97662458],0.7720604719927081,0.585459369172344
18,[0.70734264],0.4017753255389017,0.34726640425236266
19,[0.22306915],0.28329319036834194,0.20982078648924085
20,[0.27093186],0.40004553724037945,0.16258177943698793
21,[0.29351432],0.3595967153352987,0.1393756121398797
22,[0.43351364],0.2970617401468378,0.04480156437446192
23,[0.05039359],0.4850203499046269,0.38249634004343325
24,[0.43288993],0.34251703697276337,0.04172471608555384
25,[0.15455219],0.26766222823766134,0.27833774605785266
26,[0.60028002],0.35293345121536907,0.20911480465317034
27,[0.24689233],0.4969951266632514,0.2026649364288886
28,[0.17653244],0.3026864326327406,0.26599395912765456
29,[0.77127134],0.49264786026728,0.4038593456313325
30,[0.42575975],0.27123807751169904,0.00775389194867826
31,[0.38035635],0.47415114199809844,0.1645088149902273
32,[0.1994887],0.3721040282547062,0.2334012288523677
33,[0.21965975],0.3177529188560221,0.24594113785727612
34,[0.87202518],0.42007148450020376,0.42949878159877497
35,[0.11889257],0.4752747119382665,0.3191274536760836
36,[0.42684479],0.28379369515564334,0.03875609288748172
37,[0.94454344],0.4028079149035545,0.5143642205347972
38,[0.81717998],0.5957812630560675,0.4558955534887347
39,[0.75882693],0.4392193523350884,0.3319821414453227
40,[0.62888432],0.4242209907268345,0.24017223862162385
41,[0.05639259],0.5175853431268111,0.38613381270502434
42,[0.46560089],0.383951603049125,0.023074485325906058
43,[0.29742037],0.2059760893177513,0.13609327140214533
44,[0.06924414],0.5073040978401218,0.37328225609666277
45,[0.36007624],0.3110909674758428,0.06676855555714467
46,[0.39116522],0.311110490284735,0.04172471608555384
47,[0.54486517],0.3183474831177139,0.1645088149902273
48,[0.8809923],0.48802761098222047,0.4552325508761479
49,[0.36128443],0.3566016621076186,0.18358073492808147
