,0,1,2
0,[0.75674722],0.45036412172116974,0.3299024289330422
1,[0.38871208],0.275698069389213,0.04448970925034562
2,[0.97788819],0.6920892539097803,0.6178119573059682
3,[0.09877251],0.4699562081840568,0.33055233572075027
4,[0.70158213],0.4331768475620943,0.27473733350869967
5,[0.1257374],0.43339108215961575,0.3122826187462146
6,[0.76745298],0.4881573574196425,0.3775143382335196
7,[0.81614961],0.4125412480646026,0.3903898568837384
8,[0.4425264],0.2514515638733818,0.00932461370588894
9,[0.367412],0.3446943823672342,0.23286802217909364
10,[0.66384312],0.3458124974615104,0.2739044758718053
11,[0.74350607],0.4306629813619282,0.3523408542160892
12,[0.00402979],0.6583019587144046,0.4384966132315844
13,[0.84748862],0.6234615554027452,0.45632340589532283
14,[8.20305508e-05],0.6675218917309004,0.44244437012769033
15,[0.96210997],0.6791777748650116,0.535265177112102
16,[0.69442701],0.47423182223756905,0.3205428389632734
17,[0.97662458],0.78231489489523,0.585459369172344
18,[0.70734264],0.44150489862231374,0.34726640425236266
19,[0.22306915],0.17856005747802337,0.20982078648924085
20,[0.27093186],0.40004553724037956,0.16226992431287163
21,[0.29351432],0.2818028415153461,0.1393756121398797
22,[0.43351364],0.2970617401468378,0.04480156437446192
23,[0.05039359],0.3958018178402203,0.37947377067764804
24,[0.43288993],0.34251703697276337,0.024427448892999748
25,[0.15455219],0.26766222823766134,0.27833774605785266
26,[0.60028002],0.34531469189757263,0.20911480465317034
27,[0.24689233],0.584697434699361,0.21870855838272796
28,[0.17653244],0.3026864326327406,0.26599395912765456
29,[0.77127134],0.4692514846357261,0.4111951063085705
30,[0.42575975],0.3183474831177139,0.00775389194867826
31,[0.38035635],0.3950452379168058,0.1645088149902273
32,[0.1994887],0.18799223442327412,0.2334012288523677
33,[0.21965975],0.5441213313376329,0.22286665253137006
34,[0.87202518],0.42007148450020376,0.42949878159877497
35,[0.11889257],0.4752747119382665,0.31462107438519726
36,[0.42684479],0.28379369515564334,0.03875609288748172
37,[0.94454344],0.4028079149035545,0.5110297960448957
38,[0.81717998],0.6458252019126661,0.4558955534887347
39,[0.75882693],0.3814056634443763,0.3319821414453227
40,[0.62888432],0.4242209907268345,0.24017223862162385
41,[0.05639259],0.5175853431268111,0.38613381270502434
42,[0.46560089],0.383951603049125,0.023074485325906058
43,[0.29742037],0.37719896055997393,0.13578141627802903
44,[0.06924414],0.45499668153253153,0.37328225609666277
45,[0.36007624],0.3266429547305076,0.06676855555714467
46,[0.39116522],0.32888678059472876,0.04172471608555384
47,[0.54486517],0.3183474831177139,0.1645088149902273
48,[0.8809923],0.6382042383921533,0.4552325508761479
49,[0.36128443],0.4431596214004488,0.08124197000702671
