,0,1,2
0,[0.75674722],0.4236980270395079,0.3299024289330422
1,[0.38871208],0.19713464958860955,0.04480156437446192
2,[0.97788819],0.7130636882161847,0.5891761171434824
3,[0.09877251],0.4699562081840568,0.3280722878394027
4,[0.70158213],0.45580669374499116,0.27473733350869967
5,[0.1257374],0.43339108215961575,0.3167889980371009
6,[0.76745298],0.3520522784088031,0.37628776921318186
7,[0.81614961],0.46899905407515324,0.3903898568837384
8,[0.4425264],0.2986478119976254,0.00901275858177264
9,[0.367412],0.3446943823672342,0.23286802217909364
10,[0.66384312],0.29375902429013145,0.27267790685146753
11,[0.74350607],0.5276572478637591,0.3523408542160892
12,[0.00402979],0.518644475424669,0.4384966132315844
13,[0.84748862],0.7003980134578152,0.45632340589532283
14,[8.20305508e-05],0.6180801714824699,0.44244437012769033
15,[0.96210997],0.5405904876914873,0.535265177112102
16,[0.69442701],0.42197107578111737,0.29136896300775766
17,[0.97662458],0.7480138013720679,0.585459369172344
18,[0.70734264],0.30509439952338246,0.3399306435751247
19,[0.22306915],0.2715922809024435,0.20982078648924085
20,[0.27093186],0.4549191196930032,0.16258177943698793
21,[0.29351432],0.2590717012672875,0.1399993223881123
22,[0.43351364],0.2970617401468378,0.02627772816157009
23,[0.05039359],0.5716249557578654,0.38249634004343325
24,[0.43288993],0.27916433735933077,0.04172471608555384
25,[0.15455219],0.2132106296458285,0.27833774605785266
26,[0.60028002],0.34531469189757263,0.20911480465317034
27,[0.24689233],0.5072781078260018,0.21870855838272796
28,[0.17653244],0.3026864326327406,0.26599395912765456
29,[0.77127134],0.4189813154575381,0.4111951063085705
30,[0.42575975],0.27123807751169904,0.00775389194867826
31,[0.38035635],0.3950452379168058,0.1645088149902273
32,[0.1994887],0.29045663479294503,0.2334012288523677
33,[0.21965975],0.4256401952107412,0.2344038951943231
34,[0.87202518],0.42007148450020376,0.42949878159877497
35,[0.11889257],0.6271441848528474,0.31462107438519726
36,[0.42684479],0.28379369515564334,0.03875609288748172
37,[0.94454344],0.4028079149035545,0.5176986450246988
38,[0.81717998],0.43913309118402843,0.4528317697059625
39,[0.75882693],0.3814056634443763,0.3319821414453227
40,[0.62888432],0.45564430743012485,0.24017223862162385
41,[0.05639259],0.5175853431268111,0.38613381270502434
42,[0.46560089],0.383951603049125,0.023074485325906058
43,[0.29742037],0.3771989605599739,0.13546956115391273
44,[0.06924414],0.5151926153926375,0.37328225609666277
45,[0.36007624],0.31720774563025034,0.07343740453694769
46,[0.39116522],0.39057599267845056,0.04172471608555384
47,[0.54486517],0.2750481663981434,0.1645088149902273
48,[0.8809923],0.5969842379919695,0.4552325508761479
49,[0.36128443],0.3679386336797064,0.1324113524675541
