,0,1,2
0,[0.75674722],0.4236980270395079,0.3299024289330422
1,[0.38871208],0.19713464958860955,0.04480156437446192
2,[0.97788819],0.7130636882161847,0.5891761171434824
3,[0.09877251],0.3897736694484906,0.3280722878394027
4,[0.70158213],0.45580669374499116,0.2925771221856914
5,[0.1257374],0.38263530165498477,0.3167889980371009
6,[0.76745298],0.39824291656198585,0.37628776921318186
7,[0.81614961],0.4195100950941587,0.3903898568837384
8,[0.4425264],0.3116254890634564,0.00963646883000524
9,[0.367412],0.25561781116876475,0.23286802217909364
10,[0.66384312],0.29375902429013145,0.275131044892143
11,[0.74350607],0.5276572478637591,0.3523408542160892
12,[0.00402979],0.518644475424669,0.4384966132315844
13,[0.84748862],0.5439112803245384,0.45632340589532283
14,[8.20305508e-05],0.6180801714824699,0.44244437012769033
15,[0.96210997],0.5405904876914873,0.535265177112102
16,[0.69442701],0.4120413911551788,0.29136896300775766
17,[0.97662458],0.7480138013720679,0.585459369172344
18,[0.70734264],0.30509439952338246,0.3399306435751247
19,[0.22306915],0.2715922809024435,0.20982078648924085
20,[0.27093186],0.4549191196930032,0.16258177943698793
21,[0.29351432],0.28393102928363395,0.1399993223881123
22,[0.43351364],0.34546086401836174,0.02627772816157009
23,[0.05039359],0.5716249557578654,0.38249634004343325
24,[0.43288993],0.30411279068700825,0.04172471608555384
25,[0.15455219],0.2132106296458285,0.27833774605785266
26,[0.60028002],0.34531469189757263,0.20911480465317034
27,[0.24689233],0.5165757963275212,0.21870855838272796
28,[0.17653244],0.3026864326327406,0.26599395912765456
29,[0.77127134],0.4189813154575381,0.4111951063085705
30,[0.42575975],0.2149213084453379,0.00775389194867826
31,[0.38035635],0.40692571491317003,0.1645088149902273
32,[0.1994887],0.29045663479294503,0.2334012288523677
33,[0.21965975],0.4047203146791391,0.24594113785727612
34,[0.87202518],0.4496219345181813,0.42949878159877497
35,[0.11889257],0.5038345153777463,0.31462107438519726
36,[0.42684479],0.24913927630098875,0.03875609288748172
37,[0.94454344],0.40021904442909245,0.5176986450246988
38,[0.81717998],0.4391330911840283,0.4368236335508805
39,[0.75882693],0.41504176650634117,0.3319821414453227
40,[0.62888432],0.4237553872751095,0.24017223862162385
41,[0.05639259],0.4703890950025674,0.38613381270502434
42,[0.46560089],0.383951603049125,0.023074485325906058
43,[0.29742037],0.3874958191099948,0.13546956115391273
44,[0.06924414],0.5151926153926375,0.37328225609666277
45,[0.36007624],0.31720774563025034,0.07343740453694769
46,[0.39116522],0.4605535359135334,0.04172471608555384
47,[0.54486517],0.24547950209295882,0.1645088149902273
48,[0.8809923],0.5969842379919695,0.4552325508761479
49,[0.36128443],0.3679386336797064,0.18358073492808147
