,0,1,2
0,[0.75674722],0.46141695810930433,0.3299024289330422
1,[0.38871208],0.25921803176114616,0.05381432295623456
2,[0.97788819],0.6494922502905945,0.5867229791028069
3,[0.09877251],0.516823975167733,0.3347411368192057
4,[0.70158213],0.421996227829964,0.3104169108626831
5,[0.1257374],0.3467161073066004,0.3167889980371009
6,[0.76745298],0.440207073859834,0.3416932348280737
7,[0.81614961],0.43609729107710776,0.3903898568837384
8,[0.4425264],0.3521844033661415,0.00932461370588894
9,[0.367412],0.42190426564452155,0.23286802217909364
10,[0.66384312],0.29375902429013145,0.275131044892143
11,[0.74350607],0.49403803378302164,0.3523408542160892
12,[0.00402979],0.5623653364875438,0.4384966132315844
13,[0.84748862],0.5439112803245383,0.45632340589532283
14,[8.20305508e-05],0.61808017148247,0.44244437012769033
15,[0.96210997],0.5386631939254862,0.535265177112102
16,[0.69442701],0.4744800564811033,0.29136896300775766
17,[0.97662458],0.5767201199134094,0.585459369172344
18,[0.70734264],0.30509439952338246,0.3399306435751247
19,[0.22306915],0.2658482377381606,0.20982078648924085
20,[0.27093186],0.36415711603222783,0.16258177943698793
21,[0.29351432],0.2986812893545795,0.1399993223881123
22,[0.43351364],0.37030987981320784,0.02627772816157009
23,[0.05039359],0.6646874787285919,0.38249634004343325
24,[0.43288993],0.30786453011157044,0.007130181700445659
25,[0.15455219],0.40250974210049006,0.27833774605785266
26,[0.60028002],0.3047328244535753,0.20911480465317034
27,[0.24689233],0.5165757963275212,0.21870855838272796
28,[0.17653244],0.2479206326896576,0.2569812005458819
29,[0.77127134],0.4425853899540642,0.4111951063085705
30,[0.42575975],0.2368062060352555,0.00775389194867826
31,[0.38035635],0.3950452379168058,0.1645088149902273
32,[0.1994887],0.26799189678381724,0.2334012288523677
33,[0.21965975],0.4047203146791391,0.24594113785727612
34,[0.87202518],0.4522108049926432,0.4391352504287802
35,[0.11889257],0.4844553366094361,0.31462107438519726
36,[0.42684479],0.2234979775634583,0.011175228270689341
37,[0.94454344],0.47808608919168216,0.5176986450246988
38,[0.81717998],0.4391330911840283,0.4432958097370354
39,[0.75882693],0.4250883860964751,0.3319821414453227
40,[0.62888432],0.4237553872751095,0.24017223862162385
41,[0.05639259],0.5175853431268111,0.38613381270502434
42,[0.46560089],0.3624939436553234,0.0320872439076787
43,[0.29742037],0.38749581910999487,0.13546956115391273
44,[0.06924414],0.47075617506753387,0.37328225609666277
45,[0.36007624],0.31720774563025034,0.07343740453694769
46,[0.39116522],0.4605535359135334,0.04172471608555384
47,[0.54486517],0.23691441342481606,0.1645088149902273
48,[0.8809923],0.612296265409258,0.4552325508761479
49,[0.36128443],0.3679386336797064,0.18358073492808147
