,0,1,2
0,[0.75674722],0.46141695810930433,0.3299024289330422
1,[0.38871208],0.23606478532654798,0.05381432295623456
2,[0.97788819],0.6494922502905945,0.5867229791028069
3,[0.09877251],0.5299606776853868,0.34375389540097834
4,[0.70158213],0.4081272648963793,0.3104169108626831
5,[0.1257374],0.40146586365224124,0.3167889980371009
6,[0.76745298],0.36692252347586873,0.3416932348280737
7,[0.81614961],0.43609729107710776,0.3903898568837384
8,[0.4425264],0.3521844033661415,0.00963646883000524
9,[0.367412],0.42190426564452155,0.23286802217909364
10,[0.66384312],0.29375902429013145,0.2739044758718053
11,[0.74350607],0.4893219453103964,0.3523408542160892
12,[0.00402979],0.5623653364875438,0.4339902339406981
13,[0.84748862],0.5980812467463242,0.45632340589532283
14,[8.20305508e-05],0.5932311556876239,0.44244437012769033
15,[0.96210997],0.615299929431185,0.535265177112102
16,[0.69442701],0.4803857286202402,0.3140706627771185
17,[0.97662458],0.5767201199134094,0.585459369172344
18,[0.70734264],0.24169071823699126,0.3399306435751247
19,[0.22306915],0.2896295297634129,0.20982078648924085
20,[0.27093186],0.2753574157819877,0.16258177943698793
21,[0.29351432],0.3254653090620948,0.1399993223881123
22,[0.43351364],0.37030987981320784,0.00775389194867826
23,[0.05039359],0.6646874787285919,0.38280819516754955
24,[0.43288993],0.30786453011157044,0.007130181700445659
25,[0.15455219],0.40250974210049006,0.27833774605785266
26,[0.60028002],0.3034803719057403,0.20911480465317034
27,[0.24689233],0.5165757963275212,0.21870855838272796
28,[0.17653244],0.35063669324709346,0.2569812005458819
29,[0.77127134],0.4425853899540642,0.4038593456313325
30,[0.42575975],0.27123807751169904,0.00775389194867826
31,[0.38035635],0.3364000282052376,0.08524453539507859
32,[0.1994887],0.33430215689259074,0.2334012288523677
33,[0.21965975],0.4047203146791392,0.24594113785727612
34,[0.87202518],0.4522108049926432,0.4421578197945654
35,[0.11889257],0.4844553366094361,0.31462107438519726
36,[0.42684479],0.2234979775634583,0.01568160756157566
37,[0.94454344],0.33207615276993796,0.5176986450246988
38,[0.81717998],0.43913309118402843,0.4284679064379425
39,[0.75882693],0.43519399471105585,0.3319821414453227
40,[0.62888432],0.3675429838347727,0.24017223862162385
41,[0.05639259],0.42188274687353705,0.38613381270502434
42,[0.46560089],0.297701191128153,0.0327109541559113
43,[0.29742037],0.2205040105956093,0.13609327140214533
44,[0.06924414],0.29159767633242406,0.37328225609666277
45,[0.36007624],0.3035079504489566,0.07343740453694769
46,[0.39116522],0.4605535359135334,0.04172471608555384
47,[0.54486517],0.22793876079212855,0.1645088149902273
48,[0.8809923],0.6636925055184343,0.4552325508761479
49,[0.36128443],0.3679386336797064,0.18358073492808147
