,0,1,2
0,[0.75674722],0.537471822121008,0.37098643886383237
1,[0.38871208],0.23606478532654798,0.05381432295623456
2,[0.97788819],0.7582391809079525,0.5879495481231447
3,[0.09877251],0.3543761603326186,0.3310948572051879
4,[0.70158213],0.4081272648963793,0.27473733350869967
5,[0.1257374],0.35283570672736253,0.3167889980371009
6,[0.76745298],0.1804415854498603,0.35899050202062777
7,[0.81614961],0.4313093002852063,0.4249843912688466
8,[0.4425264],0.3367565634815743,0.00963646883000524
9,[0.367412],0.30899143070128565,0.17745316736253713
10,[0.66384312],0.29375902429013145,0.275131044892143
11,[0.74350607],0.5562764708682894,0.3523408542160892
12,[0.00402979],0.4859877893567724,0.42948385464981176
13,[0.84748862],0.730805872447457,0.45632340589532283
14,[8.20305508e-05],0.6369520167504987,0.44244437012769033
15,[0.96210997],0.615299929431185,0.535265177112102
16,[0.69442701],0.4803857286202402,0.33314258271497266
17,[0.97662458],0.6995354287800791,0.585459369172344
18,[0.70734264],0.3531429938930918,0.3399306435751247
19,[0.22306915],0.2896295297634129,0.20982078648924085
20,[0.27093186],0.2753574157819877,0.16258177943698793
21,[0.29351432],0.4489279402237992,0.1393756121398797
22,[0.43351364],0.30082993935331614,0.00775389194867826
23,[0.05039359],0.7815809188449605,0.3921328088734385
24,[0.43288993],0.3273947093224357,0.04172471608555384
25,[0.15455219],0.36889052801975264,0.27833774605785266
26,[0.60028002],0.33643569627080583,0.17452027026806216
27,[0.24689233],0.5165757963275214,0.21870855838272796
28,[0.17653244],0.36963345563666117,0.26599395912765456
29,[0.77127134],0.4129347155693649,0.4038593456313325
30,[0.42575975],0.3139622176376282,0.007130181700445659
31,[0.38035635],0.23010464761452337,0.08524453539507859
32,[0.1994887],0.4170678213132962,0.2340249391006003
33,[0.21965975],0.4047203146791392,0.24594113785727612
34,[0.87202518],0.36246328323368926,0.44626543212922587
35,[0.11889257],0.3360594024337044,0.31462107438519726
36,[0.42684479],0.31266226573119604,0.03875609288748172
37,[0.94454344],0.3201895937939566,0.5176986450246988
38,[0.81717998],0.5250298621139907,0.42601476839726704
39,[0.75882693],0.4399682834237031,0.3319821414453227
40,[0.62888432],0.3088648671852393,0.23771910058094836
41,[0.05639259],0.37816196682353775,0.38613381270502434
42,[0.46560089],0.28015492319804114,0.0327109541559113
43,[0.29742037],0.2597377050745732,0.13609327140214533
44,[0.06924414],0.3522500358571251,0.37328225609666277
45,[0.36007624],0.3035079504489566,0.07343740453694769
46,[0.39116522],0.4319083260009496,0.04172471608555384
47,[0.54486517],0.27134310478675594,0.15615308787728932
48,[0.8809923],0.6398714224281331,0.4552325508761479
49,[0.36128443],0.376329844160454,0.18358073492808147
