,0,1,2
0,[0.75674722],0.4174062372398941,0.36558200628702564
1,[0.38871208],0.26244109017060835,0.05381432295623456
2,[0.97788819],0.6332026071470308,0.5867229791028069
3,[0.09877251],0.34106377676238564,0.32752976635496506
4,[0.70158213],0.3919037310554135,0.27473733350869967
5,[0.1257374],0.2600594045212906,0.3167889980371009
6,[0.76745298],0.3262528495599542,0.3416932348280737
7,[0.81614961],0.4520312727575491,0.4249843912688466
8,[0.4425264],0.3116254890634564,0.00963646883000524
9,[0.367412],0.21320292027384227,0.09818888776738843
10,[0.66384312],0.2966405331122817,0.275131044892143
11,[0.74350607],0.49680147365636956,0.3523408542160892
12,[0.00402979],0.5304764163325284,0.42948385464981176
13,[0.84748862],0.5980812467463242,0.45632340589532283
14,[8.20305508e-05],0.680332009499318,0.437937990836804
15,[0.96210997],0.4892367602062051,0.535265177112102
16,[0.69442701],0.4049094675393564,0.3205428389632734
17,[0.97662458],0.7617135965533615,0.585459369172344
18,[0.70734264],0.30274940342331885,0.32698629120281486
19,[0.22306915],0.28705921844174054,0.20982078648924085
20,[0.27093186],0.3082523827021821,0.16195806918875533
21,[0.29351432],0.3192063151480058,0.1393756121398797
22,[0.43351364],0.3892759505361639,0.00775389194867826
23,[0.05039359],0.6594540942468552,0.3921328088734385
24,[0.43288993],0.3273947093224357,0.04172471608555384
25,[0.15455219],0.4631621016251909,0.27833774605785266
26,[0.60028002],0.22486556161901233,0.17452027026806216
27,[0.24689233],0.5165757963275212,0.21870855838272796
28,[0.17653244],0.45161790986017325,0.26599395912765456
29,[0.77127134],0.3140404008104663,0.3909149932590227
30,[0.42575975],0.255674708709445,0.01373217634233126
31,[0.38035635],0.2549536634093695,0.08524453539507859
32,[0.1994887],0.3746914100232138,0.2340249391006003
33,[0.21965975],0.5363341480816582,0.24594113785727612
34,[0.87202518],0.37220260764482227,0.44626543212922587
35,[0.11889257],0.5035817933916537,0.3191274536760836
36,[0.42684479],0.31266226573119604,0.03875609288748172
37,[0.94454344],0.4075663864783775,0.5176986450246988
38,[0.81717998],0.5250298621139908,0.42601476839726704
39,[0.75882693],0.43570826752665354,0.3319821414453227
40,[0.62888432],0.3141625687922079,0.23771910058094836
41,[0.05639259],0.48489758216168033,0.38613381270502434
42,[0.46560089],0.25605098907497326,0.03875609288748172
43,[0.29742037],0.32384578291657845,0.24744479490497273
44,[0.06924414],0.3536810585049607,0.37328225609666277
45,[0.36007624],0.3035079504489566,0.07343740453694769
46,[0.39116522],0.399724122202091,0.04172471608555384
47,[0.54486517],0.2713431047867559,0.15615308787728932
48,[0.8809923],0.5233335106453143,0.4552325508761479
49,[0.36128443],0.3032212470650538,0.08124197000702671
