,0,1,2
0,[0.75674722],0.4774515944934863,0.4632329023413515
1,[0.38871208],0.311110490284735,0.21156794269384582
2,[0.97788819],0.8213585296474959,0.5867229791028069
3,[0.09877251],0.5108521296050614,0.34375389540097834
4,[0.70158213],0.45089737314855416,0.259055725947124
5,[0.1257374],0.27772185046376185,0.32832624070005395
6,[0.76745298],0.4881573574196425,0.4739386652675077
7,[0.81614961],0.3797518540845921,0.3903898568837384
8,[0.4425264],0.2514515638733818,0.023074485325906058
9,[0.367412],0.18091374257167225,0.23286802217909364
10,[0.66384312],0.2994861923226286,0.29643112437739083
11,[0.74350607],0.3812984295178449,0.317746319830981
12,[0.00402979],0.5828604146499105,0.42948385464981176
13,[0.84748862],0.49363985264286414,0.45632340589532283
14,[8.20305508e-05],0.5749024419968892,0.6001979898653016
15,[0.96210997],0.7114252167519565,0.5292200383805316
16,[0.69442701],0.4437422599093762,0.25190061270794595
17,[0.97662458],0.596948623264481,0.585459369172344
18,[0.70734264],0.33428580768081567,0.3399306435751247
19,[0.22306915],0.39061248523907405,0.20982078648924085
20,[0.27093186],0.3582225763097454,0.32934815775637183
21,[0.29351432],0.3389724342322105,0.1393756121398797
22,[0.43351364],0.2970617401468378,0.1399993223881123
23,[0.05039359],0.5235954770132781,0.38312005029166585
24,[0.43288993],0.3108898741102067,0.0006237102482326007
25,[0.15455219],0.48700456723566177,0.27833774605785266
26,[0.60028002],0.35293345121536907,0.20911480465317034
27,[0.24689233],0.36694562948437265,0.18599760422681666
28,[0.17653244],0.30268643263274053,0.4237475788652658
29,[0.77127134],0.3982145097370235,0.3825592661460847
30,[0.42575975],0.27123807751169904,0.11910541545150566
31,[0.38035635],0.2855850533396168,0.1645088149902273
32,[0.1994887],0.4141929276022009,0.2334012288523677
33,[0.21965975],0.2514515638733818,0.24594113785727612
34,[0.87202518],0.6213404288002051,0.42949878159877497
35,[0.11889257],0.490970190438219,0.42597259788802466
36,[0.42684479],0.1928003015476536,0.026381972950051846
37,[0.94454344],0.6143091967192497,0.5533782223786822
38,[0.81717998],0.5378843566037276,0.5236656644515929
39,[0.75882693],0.38577010043092036,0.35576888418355873
40,[0.62888432],0.2785109085603171,0.24017223862162385
41,[0.05639259],0.3218990505861881,0.4092082980309304
42,[0.46560089],0.2606813580037442,0.023074485325906058
43,[0.29742037],0.2059760893177513,0.30285964972152923
44,[0.06924414],0.31161780529949884,0.3963567414225688
45,[0.36007624],0.18091374257167225,0.2402037828563316
46,[0.39116522],0.311110490284735,0.20911480465317034
47,[0.54486517],0.27123807751169904,0.11910541545150566
48,[0.8809923],0.4316260092785197,0.4552325508761479
49,[0.36128443],0.2970282053023293,0.18358073492808147
