,0,1,2
0,[0.75674722],0.4774515944934863,0.35314665018684066
1,[0.38871208],0.311110490284735,0.04480156437446192
2,[0.97788819],0.8739534646636692,0.5891761171434824
3,[0.09877251],0.5108521296050614,0.34375389540097834
4,[0.70158213],0.45089737314855416,0.26869219477712925
5,[0.1257374],0.44135930933088724,0.32832624070005395
6,[0.76745298],0.4881573574196425,0.47003261428154075
7,[0.81614961],0.3797518540845921,0.3903898568837384
8,[0.4425264],0.2514515638733818,0.023074485325906058
9,[0.367412],0.18091374257167225,0.23286802217909364
10,[0.66384312],0.2994861923226286,0.29643112437739083
11,[0.74350607],0.4909118429962895,0.3350435870235351
12,[0.00402979],0.5062228803659267,0.4339902339406981
13,[0.84748862],0.4936398526428641,0.45632340589532283
14,[8.20305508e-05],0.5749024419968892,0.521321179996496
15,[0.96210997],0.7114252167519565,0.5292200383805316
16,[0.69442701],0.4437422599093762,0.25190061270794595
17,[0.97662458],0.596948623264481,0.5866859381926817
18,[0.70734264],0.3383716442525105,0.3399306435751247
19,[0.22306915],0.38123953884182715,0.20982078648924085
20,[0.27093186],0.35822257630974547,0.16258177943698793
21,[0.29351432],0.3389724342322105,0.1393756121398797
22,[0.43351364],0.2970617401468378,0.13609327140214533
23,[0.05039359],0.5235954770132781,0.38312005029166585
24,[0.43288993],0.3135310397589997,0.020550502918660618
25,[0.15455219],0.45912944480768586,0.27833774605785266
26,[0.60028002],0.35293345121536907,0.20911480465317034
27,[0.24689233],0.36694562948437265,0.18662131447504926
28,[0.17653244],0.3026864326327406,0.2569812005458819
29,[0.77127134],0.452918287183868,0.4038593456313325
30,[0.42575975],0.27123807751169904,0.11910541545150566
31,[0.38035635],0.2855850533396168,0.1645088149902273
32,[0.1994887],0.4001038927323286,0.2334012288523677
33,[0.21965975],0.2514515638733818,0.24594113785727612
34,[0.87202518],0.6213404288002051,0.42949878159877497
35,[0.11889257],0.46027776826008093,0.3748032154274973
36,[0.42684479],0.191333149412206,0.0066688489798030215
37,[0.94454344],0.5465011534365004,0.5176986450246988
38,[0.81717998],0.5378843566037276,0.5236656644515929
39,[0.75882693],0.38577010043092036,0.3330671844141979
40,[0.62888432],0.43749403535115866,0.24017223862162385
41,[0.05639259],0.3218990505861881,0.4092082980309304
42,[0.46560089],0.2606813580037442,0.023074485325906058
43,[0.29742037],0.2059760893177513,0.13609327140214533
44,[0.06924414],0.31161780529949884,0.3963567414225688
45,[0.36007624],0.26168561169793875,0.1847889280397751
46,[0.39116522],0.311110490284735,0.1254197603693621
47,[0.54486517],0.27123807751169904,0.11910541545150566
48,[0.8809923],0.4316260092785197,0.4552325508761479
49,[0.36128443],0.2970282053023293,0.18358073492808147
