,0,1,2
0,[17.72735076],15.291937566348,15.291937566348
1,[15.85932658],13.364707779593147,13.671750847133179
2,[19.26465905],16.03877103352038,15.89988002071253
3,[15.90111705],14.726902859750084,15.297242550456938
4,[2.94350025],4.375951620472831,0.057810938303971326
5,[0.6038745],5.902691535419581,2.060925563961183
6,[2.77349375],1.6056261963738563,0.479369237465439
7,[0.41013089],10.683892231117111,10.683892231117111
8,[4.96352587],5.312921153252344,1.598746847021817
9,[1.26359631],4.879955055577969,2.37801752788093
10,[2.66480007],5.902691535419581,2.060925563961183
11,[4.46069549],8.658609932488371,4.608045335230889
12,[1.21046813],6.5289676151868,3.5920219874426724
13,[2.0881037],5.870740940014714,2.7143864205465578
14,[4.33972742],4.725008412616142,2.1521516911638385
15,[1.43165121],4.753913881768129,2.2099626294678094
16,[0.68849832],2.648123913293504,2.648123913293504
17,[0.25396801],6.1359625299799925,2.4108320558018024
18,[4.64145436],5.232403274336165,1.1156395735247409
19,[3.89975071],2.168754675828065,2.168754675828065
