,0,1,2
0,[17.72735076],13.322845600212537,17.08116434418008
1,[15.85932658],14.979776330235609,14.511702818930331
2,[19.26465905],16.150988622807265,15.61153183465512
3,[15.90111705],14.224269047904908,13.813013358610574
4,[2.94350025],4.062861357819298,0.9562504605936901
5,[0.6038745],10.017400585913267,2.060925563961183
6,[2.77349375],4.256066437839571,0.2204334509807775
7,[0.41013089],7.457818237759552,9.749880141113856
8,[4.96352587],4.7100820838546955,1.3103986609644074
9,[1.26359631],4.579535654671758,2.37801752788093
10,[2.66480007],7.3213318784955295,2.2987258062640974
11,[4.46069549],4.720417470764225,1.517195236829834
12,[1.21046813],5.84902595029563,3.2801227601706318
13,[2.0881037],7.459195423733888,2.7143864205465578
14,[4.33972742],4.405858588239104,2.9080762137544323
15,[1.43165121],4.445091735941261,2.2099626294678094
16,[0.68849832],7.556859189652071,2.648123913293504
17,[0.25396801],5.72000470247372,3.167657469245418
18,[4.64145436],5.439040557072131,2.881576907673998
19,[3.89975071],1.9000974576056457,1.1262569589084173
