,0,1,2
0,[17.72735076],15.869859090996496,15.350898873753273
1,[15.85932658],14.570634155221668,14.511702818930331
2,[19.26465905],17.406944086207286,16.59985897995481
3,[15.90111705],14.234240820898776,13.236316986495755
4,[2.94350025],9.176039046363377,0.9562504605936901
5,[0.6038745],11.786822741144388,3.8568209839377876
6,[2.77349375],3.9308549161539785,0.6853900569468623
7,[0.41013089],6.388833725445635,4.05056459725748
8,[4.96352587],5.16101591931087,2.587073992321507
9,[1.26359631],7.993773882611997,3.0761311121675523
10,[2.66480007],9.282115139865521,1.2349506437404605
11,[4.46069549],4.814737784184514,2.3725917920914235
12,[1.21046813],10.915548453211612,3.129259290730949
13,[2.0881037],4.938064725400407,1.8116470158552795
14,[4.33972742],6.908531783718888,2.9080762137544323
15,[1.43165121],7.922342288027129,2.9080762137544323
16,[0.68849832],8.550168615424834,3.2112523927477126
17,[0.25396801],7.831679123173993,3.8657710535320406
18,[4.64145436],5.263523259323071,2.553350662714199
19,[3.89975071],5.052575946081508,1.1806038013244389
