,0,1,2
0,[17.72735076],15.869859090996496,15.062550687695865
1,[15.85932658],14.570634155221668,14.427675369723772
2,[19.26465905],17.406944086207286,16.88820716601222
3,[15.90111705],14.234240820898776,13.236316986495755
4,[2.94350025],9.176039046363377,0.9562504605936901
5,[0.6038745],11.786822741144388,3.8568209839377876
6,[2.77349375],4.05153203253503,0.2204334509807775
7,[0.41013089],6.728424546936158,4.05056459725748
8,[4.96352587],5.16101591931087,2.8754221783789164
9,[1.26359631],8.206528915116724,3.0761311121675523
10,[2.66480007],9.677308938692343,1.4549389977302383
11,[4.46069549],4.814737784184514,2.3725917920914235
12,[1.21046813],10.915548453211612,3.129259290730949
13,[2.0881037],4.938064725400407,1.8116470158552795
14,[4.33972742],6.908531783718888,2.9080762137544323
15,[1.43165121],10.234620214982275,2.9080762137544323
16,[0.68849832],8.550168615424834,3.2112523927477126
17,[0.25396801],8.446905345607503,4.0857594075218175
18,[4.64145436],5.263523259323071,2.553350662714199
19,[3.89975071],5.018964966398884,1.1262569589084173
