,0,1,2
0,[17.72735076],16.26518994911637,15.062550687695865
1,[15.85932658],14.604245134904293,14.427675369723772
2,[19.26465905],17.592264658998374,17.176555352069627
3,[15.90111705],14.234240820898776,13.236316986495755
4,[2.94350025],6.924106507184102,0.9562504605936901
5,[0.6038745],11.786822741144388,3.796336949809493
6,[2.77349375],3.9308549161539785,1.1262569589084173
7,[0.41013089],6.333093688816281,3.770092209139408
8,[4.96352587],5.534608040464337,2.8754221783789164
9,[1.26359631],10.494613228420553,3.0761311121675523
10,[2.66480007],7.389224625388513,1.6749273517200152
11,[4.46069549],2.8941906506372845,1.7958954199766044
12,[1.21046813],8.603270526256464,3.1897433248592435
13,[2.0881037],4.938064725400407,1.8116470158552795
14,[4.33972742],6.952768399114191,2.9080762137544323
15,[1.43165121],10.086279485610493,2.9080762137544323
16,[0.68849832],5.784648606633755,3.2112523927477126
17,[0.25396801],11.43189167125446,3.645782699542263
18,[4.64145436],5.121220897940822,2.553350662714199
19,[3.89975071],5.018964966398884,1.2349506437404605
