,0,1,2
0,[17.72735076],16.601170737835233,15.062550687695865
1,[15.85932658],14.719264732616235,14.427675369723772
2,[19.26465905],17.592264658998374,17.176555352069627
3,[15.90111705],14.338954459609061,13.236316986495755
4,[2.94350025],6.924106507184101,0.9562504605936901
5,[0.6038745],8.801836415497428,3.7358529156811984
6,[2.77349375],3.9308549161539785,1.1262569589084173
7,[0.41013089],6.728424546936158,3.770092209139408
8,[4.96352587],5.16101591931087,2.8754221783789164
9,[1.26359631],10.056606804134143,3.0761311121675523
10,[2.66480007],7.389224625388513,1.2349506437404605
11,[4.46069549],2.8941906506372845,1.7958954199766044
12,[1.21046813],8.603270526256464,3.129259290730949
13,[2.0881037],4.938064725400407,1.8116470158552795
14,[4.33972742],7.074087124104241,2.9080762137544323
15,[1.43165121],7.842705042192499,2.9080762137544323
16,[0.68849832],5.784648606633755,3.2112523927477126
17,[0.25396801],11.43189167125446,4.0857594075218175
18,[4.64145436],3.146002249048285,2.553350662714199
19,[3.89975071],5.018964966398884,1.2349506437404605
