,0,1,2
0,[17.72735076],16.26618526749123,17.038852436703117
1,[15.85932658],14.879332180270222,14.511702818930331
2,[19.26465905],16.792949253334022,15.98238365808458
3,[15.90111705],14.536874172673501,13.813013358610574
4,[2.94350025],4.267165420868589,0.9562504605936901
5,[0.6038745],11.214680419710074,2.1696192487932264
6,[2.77349375],4.05153203253503,0.2204334509807775
7,[0.41013089],7.925743387181145,4.05056459725748
8,[4.96352587],5.122267196646931,2.244378963848076
9,[1.26359631],7.536305755581576,3.0761311121675523
10,[2.66480007],7.3213318784955295,2.2987258062640974
11,[4.46069549],6.887954733059547,1.517195236829834
12,[1.21046813],8.611628622017744,3.2801227601706318
13,[2.0881037],7.420746321744036,2.553350662714199
14,[4.33972742],6.908531783718888,2.9080762137544323
15,[1.43165121],7.709323495302868,2.6880878597646554
16,[0.68849832],8.2314315241428,3.2112523927477126
17,[0.25396801],8.358910004011591,3.167657469245418
18,[4.64145436],4.993438590381045,2.553350662714199
19,[3.89975071],5.163259978637524,1.1262569589084173
