,0,1,2
0,[17.72735076],15.738954386653628,15.062550687695865
1,[15.85932658],14.12207872374393,13.194526507689355
2,[19.26465905],17.592264658998374,17.176555352069627
3,[15.90111705],14.234240820898776,13.236316986495755
4,[2.94350025],6.924106507184102,0.9562504605936901
5,[0.6038745],8.801836415497426,3.7358529156811984
6,[2.77349375],3.9308549161539785,1.1262569589084173
7,[0.41013089],6.728424546936158,3.929596529000891
8,[4.96352587],3.0407751979150546,2.8754221783789164
9,[1.26359631],10.494613228420553,3.0761311121675523
10,[2.66480007],9.256185966625491,1.2349506437404605
11,[4.46069549],3.421421531474884,2.3725917920914235
12,[1.21046813],10.212755936639947,3.129259290730949
13,[2.0881037],4.938064725400407,1.8116470158552795
14,[4.33972742],5.083414026287968,2.2516237238348342
15,[1.43165121],7.842705042192499,2.9080762137544323
16,[0.68849832],8.775420007206517,3.2112523927477126
17,[0.25396801],11.43189167125446,3.645782699542263
18,[4.64145436],3.146002249048285,2.553350662714199
19,[3.89975071],7.907832658696213,1.8116470158552795
