,0,1,2
0,[17.72735076],16.276810903203913,15.062550687695865
1,[15.85932658],14.12207872374393,13.771222879804174
2,[19.26465905],17.592264658998374,17.176555352069627
3,[15.90111705],14.234240820898776,13.236316986495755
4,[2.94350025],9.68166439446018,1.176238814583468
5,[0.6038745],8.1624165794126,3.7358529156811984
6,[2.77349375],6.608379583349148,1.1262569589084173
7,[0.41013089],6.728424546936158,3.929596529000891
8,[4.96352587],4.488307520619059,2.8754221783789164
9,[1.26359631],4.832967353686046,3.0761311121675523
10,[2.66480007],9.10879175582769,1.2349506437404605
11,[4.46069549],3.174431402726792,2.3725917920914235
12,[1.21046813],10.54774140698395,3.129259290730949
13,[2.0881037],4.938064725400407,1.8116470158552795
14,[4.33972742],5.396019151056564,2.2516237238348342
15,[1.43165121],8.177690512536502,2.9080762137544323
16,[0.68849832],8.775420007206518,3.2112523927477126
17,[0.25396801],9.188317227836466,4.0857594075218175
18,[4.64145436],2.5684559216544693,2.553350662714199
19,[3.89975071],5.052575946081508,1.8116470158552795
