,0,1,2
0,[17.72735076],16.54543070120588,16.29569954973028
1,[15.85932658],15.181701989306461,14.511702818930331
2,[19.26465905],17.089795091703298,16.59985897995481
3,[15.90111705],13.45290485111735,13.236316986495755
4,[2.94350025],6.437020897603371,1.176238814583468
5,[0.6038745],8.168503747203008,3.8867163851208812
6,[2.77349375],3.996753639994337,0.2204334509807775
7,[0.41013089],8.971998990354152,4.05056459725748
8,[4.96352587],5.474258126349198,2.2987258062640974
9,[1.26359631],2.0867470796627288,2.6361544041879976
10,[2.66480007],9.447670480250878,1.7354113858483098
11,[4.46069549],4.355170730524204,1.6021984859871976
12,[1.21046813],8.161303877250777,3.129259290730949
13,[2.0881037],4.265356326708597,2.2516237238348342
14,[4.33972742],4.544253849901312,2.9080762137544323
15,[1.43165121],7.841267856005598,2.9080762137544323
16,[0.68849832],8.379772253514584,3.2112523927477126
17,[0.25396801],8.133658612229908,3.167657469245418
18,[4.64145436],5.719615495169427,3.209803152633797
19,[3.89975071],4.623080500036693,1.7971782323416474
