,0,1,2
0,[17.72735076],16.265189949116373,15.062550687695865
1,[15.85932658],14.879332180270225,14.595730268136892
2,[19.26465905],17.48505544150475,16.59985897995481
3,[15.90111705],14.058713707519553,13.236316986495755
4,[2.94350025],6.4370208976033725,0.9562504605936901
5,[0.6038745],11.449382394115474,3.947200419249175
6,[2.77349375],4.117430756375388,0.2204334509807775
7,[0.41013089],8.971998990354152,3.4896198210213365
8,[4.96352587],5.309356648682654,2.8754221783789164
9,[1.26359631],5.441008906325644,2.8561427581777754
10,[2.66480007],9.447670480250876,1.4549389977302383
11,[4.46069549],6.522707992819525,1.7958954199766044
12,[1.21046813],8.603270526256464,3.129259290730949
13,[2.0881037],4.265356326708597,1.5535101395482118
14,[4.33972742],4.856858974669908,2.9080762137544323
15,[1.43165121],10.569605685326279,2.9080762137544323
16,[0.68849832],10.854088446618702,2.7331271624508675
17,[0.25396801],8.133658612229908,3.645782699542263
18,[4.64145436],5.57098491777486,3.209803152633797
19,[3.89975071],4.702141636908202,1.1806038013244389
