,0,1,2
0,[17.72735076],16.265189949116376,15.062550687695865
1,[15.85932658],15.055245521335099,14.595730268136892
2,[19.26465905],17.48505544150475,16.88820716601222
3,[15.90111705],14.058713707519553,13.236316986495755
4,[2.94350025],6.090364541932395,0.9562504605936901
5,[0.6038745],11.032383307347615,3.8568209839377876
6,[2.77349375],4.121513330903154,0.2204334509807775
7,[0.41013089],8.971998990354152,3.4896198210213365
8,[4.96352587],5.309356648682654,2.8754221783789164
9,[1.26359631],5.441008906325644,2.8561427581777754
10,[2.66480007],9.486419202914814,1.4549389977302383
11,[4.46069549],6.522707992819525,2.084243606034014
12,[1.21046813],8.603270526256464,3.129259290730949
13,[2.0881037],4.265356326708597,1.5535101395482118
14,[4.33972742],4.943765036028818,2.9080762137544323
15,[1.43165121],10.56960568532628,2.9080762137544323
16,[0.68849832],7.463242722268864,3.2112523927477126
17,[0.25396801],8.446905345607503,3.645782699542263
18,[4.64145436],5.57098491777486,2.553350662714199
19,[3.89975071],4.702141636908202,1.0412537097510537
