,0,1,2
0,[17.72735076],16.887151344713374,16.59847638233037
1,[15.85932658],13.810638314499522,13.194526507689355
2,[19.26465905],17.330552938351985,16.35174409291759
3,[15.90111705],13.088242474314233,12.42874450956306
4,[17.94350025],15.130625670965248,14.471127706214077
5,[0.6038745],3.8553379924966515,3.609159970966108
6,[2.77349375],3.6156078470712103,0.10869368483204322
7,[0.41013089],6.392836272406074,2.8676688136315844
8,[4.96352587],4.593355883399399,2.2987258062640974
9,[1.26359631],4.6879536170098355,1.5098974452795804
10,[2.66480007],3.596972140235569,0.10869368483204322
11,[4.46069549],2.9388296624419414,1.7016991198488958
12,[1.21046813],5.592499034136131,2.067331575361642
13,[2.0881037],3.891269694954289,0.6853900569468623
14,[4.33972742],2.866248821487988,1.5807310515923065
15,[1.43165121],3.027561290569886,2.781383269039342
16,[0.68849832],3.7707141775427204,3.524536156012177
17,[0.25396801],5.499481627135788,1.0171563401587829
18,[4.64145436],6.265644037130175,1.1690818136666854
19,[3.89975071],4.914236067902556,0.9868357567032389
20,[3.47237254],6.239952725884194,0.31058116181167206
21,[4.76719334],5.819811613126204,3.6383189641313876
22,[4.6597114],5.370212478783953,1.746796441505568
23,[1.03699769],4.913250228351492,0.2341266655915819
24,[1.11678491],11.365303509042805,2.3364757984531943
25,[4.98759182],6.126750553189475,3.5559406192703067
26,[2.46031652],3.667941997806693,0.31317722836753603
27,[1.12887437],4.894874891031473,0.14224997899148817
28,[4.93858081],3.396008712875647,2.179584443469335
29,[3.78295371],6.093943906759173,0.31058116181167206
30,[2.91291495],4.6714939021817266,0.3648847493134868
31,[2.83013576],6.625294798169972,0.9528179489546345
32,[1.85921687],5.0228278726231315,1.4185828354327121
33,[2.26481781],3.785241224052272,0.5086759387768343
34,[4.08634153],2.7142172878298796,1.2006522174470353
35,[0.51003263],5.243417009107589,0.7610917221305841
36,[4.58578232],6.254509630500838,1.1134097805199952
37,[0.21935594],7.0812896656371525,2.432822354430257
38,[2.87274299],6.599730455648357,0.9102107114186104
39,[0.90249493],3.5567175622154665,3.310539540684923
40,[3.17850832],3.6966107610372076,0.5137082546620344
41,[4.47071723],2.9448427095122853,1.7117208649661357
42,[3.2777997],4.744470852044424,0.3648847493134868
43,[1.27112435],4.866424895233177,0.14224997899148817
44,[2.9828951],3.657488115977594,0.3180950293639637
45,[4.59938588],7.440541325796465,2.2368187081917252
46,[3.87270538],5.283118837280902,2.7438310043892185
47,[1.45497272],7.915988813812253,2.3279809812688272
48,[3.43414888],6.262886926413479,0.3488048293604802
49,[2.16660696],3.844167734090316,0.6068867888402418
