,0,1,2
0,[17.72735076],16.140913284188542,15.560743791704063
1,[15.85932658],13.430283322669004,13.194526507689355
2,[19.26465905],16.92244616978749,16.086150725292775
3,[15.90111705],12.734500201659507,12.466968177111868
4,[17.94350025],14.718256839067767,14.960605153782808
5,[0.6038745],2.5171827521763928,3.2958762077016437
6,[2.77349375],0.9053401069704865,0.10869368483204322
7,[0.41013089],5.62014394886732,2.8676688136315844
8,[4.96352587],2.5736052663033613,2.2987258062640974
9,[1.26359631],4.6243346111370425,1.6091466877732934
10,[2.66480007],0.6659960635880776,0.10869368483204322
11,[4.46069549],2.845256946741302,1.8981371917443508
12,[1.21046813],5.128360549493947,2.067331575361642
13,[2.0881037],0.9372871108379904,0.6853900569468623
14,[4.33972742],2.7726761057873484,2.9080762137544323
15,[1.43165121],2.2029959380593036,2.396178336283956
16,[0.68849832],2.432558937222462,2.2943967783712163
17,[0.25396801],4.629674148361672,1.9126389517936038
18,[4.64145436],6.153362860718549,1.2073054812154935
19,[3.89975071],5.017347444764955,2.040533842822464
20,[3.47237254],5.974017996837786,0.31058116181167206
21,[4.76719334],4.930454585143197,1.8542783824596585
22,[4.6597114],5.321331718685887,2.8004945276247932
23,[1.03699769],4.957329925899295,1.6278023812346012
24,[1.11678491],2.272872123622704,2.31736396467879
25,[4.98759182],5.9236007099713115,2.8994881293507087
26,[2.46031652],0.7477894810022747,0.31317722836753603
27,[1.12887437],5.334487654971232,2.343498171567202
28,[4.93858081],2.789415874165644,1.5044319342131574
29,[3.78295371],5.974017996837786,0.31058116181167206
30,[2.91291495],4.533731234820579,0.3648847493134868
31,[2.83013576],6.2309127116949705,0.9528179489546345
32,[1.85921687],4.868861053522375,1.0536980861192253
33,[2.26481781],1.065333008548403,0.5086759387768343
34,[4.08634153],2.4065843656316224,1.6260250058253272
35,[0.51003263],5.168115948514895,2.209114280189625
36,[4.58578232],6.1345837205794504,1.132521614294399
37,[0.21935594],6.278387389251768,3.0584437669208184
38,[2.87274299],4.2662480914109295,0.5614058820581302
39,[0.90249493],2.2782864079514447,2.5316539430638842
40,[3.17850832],3.561629316601563,0.4050145698299912
41,[4.47071723],2.8532743428350935,1.8059171650938444
42,[3.2777997],4.533731234820579,0.19709799433770936
43,[1.27112435],4.9105045927809785,0.8954826116348207
44,[2.9828951],0.7497566014008459,0.2094013445319205
45,[4.59938588],4.148183507087728,1.769250119661851
46,[3.87270538],5.057196981835622,1.7060984137629096
47,[1.45497272],7.331043137546324,2.3279809812688272
48,[3.43414888],6.007580682909981,0.059062752742184976
49,[2.16660696],4.546624595492785,0.8162881333721623
