,0,1,2
0,[17.72735076],16.140913284188542,15.560743791704063
1,[15.85932658],13.430283322669004,13.296768279457101
2,[19.26465905],16.92244616978749,16.03650503444844
3,[15.90111705],12.734500201659507,12.466968177111868
4,[17.94350025],15.060864705093152,15.070757255821015
5,[0.6038745],2.5909086357837885,3.2958762077016437
6,[2.77349375],0.7813353380110415,0.10869368483204322
7,[0.41013089],5.62014394886732,2.8676688136315844
8,[4.96352587],2.334261222920953,2.2987258062640974
9,[1.26359631],4.6243346111370425,1.6292326676290263
10,[2.66480007],0.6659960635880776,0.10869368483204322
11,[4.46069549],2.845256946741302,2.000378963512097
12,[1.21046813],5.128360549493947,2.067331575361642
13,[2.0881037],0.9372871108379904,0.6853900569468623
14,[4.33972742],3.360198756585189,2.9080762137544323
15,[1.43165121],2.202995938059303,2.3513025007787833
16,[0.68849832],2.432558937222462,2.2943967783712163
17,[0.25396801],4.751024604857411,2.285792947316314
18,[4.64145436],8.42415163251537,1.2073054812154935
19,[3.89975071],5.017347444764955,2.040533842822464
20,[3.47237254],5.974017996837786,0.31058116181167206
21,[4.76719334],3.9549259955166507,1.7842982401329164
22,[4.6597114],5.321331718685886,2.8004945276247932
23,[1.03699769],4.957329925899295,1.6821492236506228
24,[1.11678491],2.272872123622704,2.31736396467879
25,[4.98759182],5.9236007099713115,2.820984861244088
26,[2.46031652],0.7477894810022747,0.31317722836753603
27,[1.12887437],5.405077181368483,2.343498171567202
28,[4.93858081],2.9630547009657846,2.0658378162712876
29,[3.78295371],3.710951051029172,0.31058116181167206
30,[2.91291495],4.164136110119911,0.5212339223466649
31,[2.83013576],6.2309127116949705,0.9528179489546345
32,[1.85921687],7.677610961403637,1.0536980861192253
33,[2.26481781],0.9041884493297132,0.5086759387768343
34,[4.08634153],2.8732129402468582,1.6260250058253272
35,[0.51003263],5.168115948514895,2.2634611226056465
36,[4.58578232],6.415137657234043,1.1516334480688033
37,[0.21935594],6.167364823589859,3.0584437669208184
38,[2.87274299],3.988241829322463,0.11015210203820747
39,[0.90249493],2.2782864079514447,2.5316539430638842
40,[3.17850832],3.7766246686361256,0.2655933676248128
41,[4.47071723],2.8532743428350935,1.6972234802618011
42,[3.2777997],4.533731234820579,0.09929138168867402
43,[1.27112435],4.27271501976615,1.268636607157531
44,[2.9828951],0.7497566014008459,0.2094013445319205
45,[4.59938588],4.558189706557211,1.769250119661851
46,[3.87270538],5.057196981835622,1.7060984137629096
47,[1.45497272],7.331043137546324,2.3279809812688272
48,[3.43414888],3.612041196770181,0.059062752742184976
49,[2.16660696],4.478785608663694,1.011901358670233
