,0,1,2
0,[17.72735076],16.140913284188546,15.560743791704063
1,[15.85932658],14.957456957919044,13.399010051224849
2,[19.26465905],16.92244616978749,15.986859343604102
3,[15.90111705],12.846391719638603,12.466968177111868
4,[17.94350025],15.585387831078558,15.070757255821015
5,[0.6038745],4.908433686016128,3.2958762077016437
6,[2.77349375],0.7813353380110415,0.02602583993717733
7,[0.41013089],5.62014394886732,2.8676688136315844
8,[4.96352587],2.61450197501046,2.2987258062640974
9,[1.26359631],4.6243346111370425,1.5665394502372694
10,[2.66480007],0.6659960635880776,0.10869368483204322
11,[4.46069549],2.8452569467413014,2.0981283187167463
12,[1.21046813],5.128360549493947,2.067331575361642
13,[2.0881037],0.5411609554579637,0.6853900569468623
14,[4.33972742],5.063578152057965,2.9080762137544323
15,[1.43165121],2.202995938059303,2.0407213389671117
16,[0.68849832],2.432558937222462,2.239320727352112
17,[0.25396801],7.872891586399819,2.2063485122663096
18,[4.64145436],3.1568385191017745,1.2073054812154935
19,[3.89975071],5.017347444764955,2.040533842822464
20,[3.47237254],3.781510748258043,0.31058116181167206
21,[4.76719334],3.9096501077075523,1.7842982401329164
22,[4.6597114],5.321331718685886,2.8004945276247932
23,[1.03699769],4.957329925899295,1.7364960660666444
24,[1.11678491],2.272872123622704,2.31736396467879
25,[4.98759182],5.9236007099713115,2.860236495297398
26,[2.46031652],0.7477894810022747,0.31317722836753603
27,[1.12887437],5.405077181368483,2.343498171567202
28,[4.93858081],4.480228601473763,2.0658378162712876
29,[3.78295371],3.710951051029172,0.31058116181167206
30,[2.91291495],4.164136110119911,0.5212339223466649
31,[2.83013576],6.2309127116949705,0.9528179489546345
32,[1.85921687],7.163289421272116,1.0536980861192253
33,[2.26481781],0.9041884493297132,0.5866215625025353
34,[4.08634153],1.938064465280905,1.4215414622898344
35,[0.51003263],5.168115948514895,2.209114280189625
36,[4.58578232],8.043684587285947,1.1516334480688033
37,[0.21935594],6.106065253685804,2.9591523852321444
38,[2.87274299],4.072118863137144,0.11015210203820747
39,[0.90249493],2.261361644960659,2.5316539430638842
40,[3.17850832],5.964142904682457,0.23060329646144195
41,[4.47071723],2.8532743428350935,1.6972234802618011
42,[3.2777997],4.541065463468706,0.09929138168867402
43,[1.27112435],3.899110183764848,1.1891921721075265
44,[2.9828951],0.7497566014008459,0.2094013445319205
45,[4.59938588],4.558189706557211,1.726642882125827
46,[3.87270538],5.057196981835622,1.7060984137629096
47,[1.45497272],5.138535888966582,2.3279809812688272
48,[3.43414888],3.1568385191017745,0.15634917303317808
49,[2.16660696],4.524346688524043,1.111192740358907
