,0,1,2
0,[17.72735076],15.497232377641646,14.897214997906133
1,[15.85932658],13.179294605088291,13.194526507689355
2,[19.26465905],16.232597516276748,15.986859343604102
3,[15.90111705],12.79327304611364,12.623317350145047
4,[17.94350025],14.88916457472215,14.960605153782808
5,[0.6038745],4.870634853326338,3.2958762077016437
6,[2.77349375],1.0206793813934503,0.10869368483204322
7,[0.41013089],2.139055513059958,2.8676688136315844
8,[4.96352587],2.61450197501046,2.190032121432054
9,[1.26359631],4.544338160348085,1.5098974452795804
10,[2.66480007],0.6659960635880776,0.10869368483204322
11,[4.46069549],2.098086363605062,2.000378963512097
12,[1.21046813],5.339100166717792,2.2619044159436283
13,[2.0881037],0.5411609554579637,0.7420320619045513
14,[4.33972742],2.2202150972068777,2.9080762137544323
15,[1.43165121],1.7272119496375329,2.0407213389671117
16,[0.68849832],2.5523296155978676,2.239320727352112
17,[0.25396801],7.872891586399819,2.0108498018570113
18,[4.64145436],5.73332705737762,1.2073054812154935
19,[3.89975071],4.336280950311864,1.4394341872759533
20,[3.47237254],6.339264737077807,0.31058116181167206
21,[4.76719334],4.033418456335371,1.7842982401329164
22,[4.6597114],4.640265224232795,2.1993948720782823
23,[1.03699769],4.957329925899294,1.8357453085603574
24,[1.11678491],5.080049651822362,2.355587632227598
25,[4.98759182],3.3921177809488157,2.860236495297398
26,[2.46031652],0.7831323046362804,0.36981923332522504
27,[1.12887437],5.826766192129946,2.305274504018394
28,[4.93858081],3.3485828656597305,2.0658378162712876
29,[3.78295371],3.710951051029172,0.31058116181167206
30,[2.91291495],4.40037869086021,0.5212339223466649
31,[2.83013576],6.2309127116949705,0.9528179489546345
32,[1.85921687],7.320217281160231,1.0536980861192253
33,[2.26481781],1.1680746594808098,0.5086759387768343
34,[4.08634153],2.1936157252264574,1.3671946198738127
35,[0.51003263],5.968335166363352,2.3414067463313475
36,[4.58578232],4.410250059523248,1.1516334480688033
37,[0.21935594],5.595050626013172,2.9591523852321444
38,[2.87274299],4.030100032402432,0.11015210203820747
39,[0.90249493],2.0802459364934327,2.5316539430638842
40,[3.17850832],3.5089821680429907,0.2655933676248128
41,[4.47071723],2.8532743428350935,1.6689024777829564
42,[3.2777997],4.388368360580458,0.09929138168867402
43,[1.27112435],3.899110183764848,0.9936934616982283
44,[2.9828951],0.8650958758238098,0.2094013445319205
45,[4.59938588],4.238641941866668,1.6864709224143617
46,[3.87270538],4.900591046922182,1.207905309754711
47,[1.45497272],4.730059249636378,2.017399819457155
48,[3.43414888],3.6120411967701807,0.15634917303317808
49,[2.16660696],4.464778861847323,0.8162881333721623
