,0,1,2
0,[17.72735076],15.497232377641646,14.814435800658643
1,[15.85932658],13.253737170804158,13.194526507689355
2,[19.26465905],16.792696421801708,15.986859343604102
3,[15.90111705],12.79327304611364,12.72260873183372
4,[17.94350025],14.39015917024599,14.960605153782808
5,[0.6038745],2.5039065995728516,3.2958762077016437
6,[2.77349375],0.7813353380110415,0.10869368483204322
7,[0.41013089],6.443693179402625,2.8676688136315844
8,[4.96352587],2.61450197501046,2.190032121432054
9,[1.26359631],4.544338160348085,1.5098974452795804
10,[2.66480007],0.6659960635880776,0.10869368483204322
11,[4.46069549],2.098086363605062,1.7958954199766044
12,[1.21046813],2.3034366631847965,2.5724855777553
13,[2.0881037],3.180066256995835,0.7846392994405753
14,[4.33972742],2.1881097264851572,1.879410895255508
15,[1.43165121],1.729216298660981,2.0407213389671117
16,[0.68849832],2.5523296155978676,2.2943967783712163
17,[0.25396801],7.374270699889621,2.0108498018570113
18,[4.64145436],5.73332705737762,1.2073054812154935
19,[3.89975071],4.336280950311864,1.0696149539507283
20,[3.47237254],6.339264737077807,0.31058116181167206
21,[4.76719334],4.033418456335371,1.7842982401329164
22,[4.6597114],4.640265224232795,1.8295756387530573
23,[1.03699769],2.311836773872522,1.8357453085603574
24,[1.11678491],4.41711805720322,2.161014791645612
25,[4.98759182],4.134212236501883,2.820984861244088
26,[2.46031652],0.7831323046362804,0.41242647086124906
27,[1.12887437],5.863201156167986,2.305274504018394
28,[4.93858081],3.817282499973171,2.0658378162712876
29,[3.78295371],1.109967163119227,0.31058116181167206
30,[2.91291495],4.40037869086021,0.559457589895473
31,[2.83013576],6.2309127116949705,0.9528179489546345
32,[1.85921687],7.354911369604966,1.1236782284459674
33,[2.26481781],1.1680746594808098,0.5086759387768343
34,[4.08634153],4.650913035107398,1.213598534964078
35,[0.51003263],5.968335166363352,2.4378723959741957
36,[4.58578232],4.410250059523248,1.1516334480688033
37,[0.21935594],1.9741924431795788,2.9591523852321444
38,[2.87274299],3.9840815308602466,0.04260723753602402
39,[0.90249493],1.8744633248171598,2.3753047700307066
40,[3.17850832],3.5089821680429907,0.4050145698299912
41,[4.47071723],2.8532743428350935,1.6972234802618011
42,[3.2777997],4.388368360580458,0.32989467815011597
43,[1.27112435],3.899110183764848,0.9936934616982283
44,[2.9828951],0.8650958758238098,0.2094013445319205
45,[4.59938588],4.050191628859143,1.6164907800876196
46,[3.87270538],4.900591046922182,1.070890622443823
47,[1.45497272],4.17566448011533,2.017399819457155
48,[3.43414888],3.733510255688563,0.2059948638775153
49,[2.16660696],4.464778861847323,0.6848324125659428
