,0,1,2
0,[17.72735076],15.497232377641643,14.814435800658643
1,[15.85932658],13.253737170804158,13.085832822857313
2,[19.26465905],17.72011976358342,16.086150725292775
3,[15.90111705],12.906336634860546,12.918221957131792
4,[17.94350025],14.39015917024599,14.960605153782808
5,[0.6038745],2.503906599572852,3.2958762077016437
6,[2.77349375],0.7997028063035325,0.05664200495768901
7,[0.41013089],3.458706853755666,3.3728228160252427
8,[4.96352587],4.709854980427076,2.190032121432054
9,[1.26359631],4.586218429254469,1.5665394502372694
10,[2.66480007],1.1686889763696966,0.10869368483204322
11,[4.46069549],2.0711858131159824,1.6872017351445612
12,[1.21046813],2.2646879405208584,2.2619044159436283
13,[2.0881037],3.260062707784793,0.7846392994405753
14,[4.33972742],2.1881097264851572,1.879410895255508
15,[1.43165121],2.0315293121252873,2.0407213389671117
16,[0.68849832],2.5621318183256365,2.2594067072078445
17,[0.25396801],5.101962510811589,2.2063485122663096
18,[4.64145436],5.73332705737762,1.2073054812154935
19,[3.89975071],4.336280950311864,1.0696149539507283
20,[3.47237254],6.4446337423825515,0.31058116181167206
21,[4.76719334],5.880989427481934,1.7842982401329164
22,[4.6597114],4.640265224232795,1.8295756387530573
23,[1.03699769],2.311836773872522,1.9109073394351936
24,[1.11678491],4.41711805720322,1.9639167973079026
25,[4.98759182],4.3161159236890025,2.820984861244088
26,[2.46031652],0.321590176758222,0.41242647086124906
27,[1.12887437],5.308806386646938,2.2270999175018047
28,[4.93858081],2.882986669405965,2.0658378162712876
29,[3.78295371],1.109967163119227,0.31058116181167206
30,[2.91291495],4.264208329418801,0.559457589895473
31,[2.83013576],4.0807370778664325,0.9528179489546345
32,[1.85921687],3.921087387611138,1.1236782284459674
33,[2.26481781],1.1680746594808098,0.5086759387768343
34,[4.08634153],4.650913035107396,1.213598534964078
35,[0.51003263],6.113671266302727,2.472862467137567
36,[4.58578232],4.410250059523248,1.1516334480688033
37,[0.21935594],2.4387507946267566,2.9591523852321444
38,[2.87274299],6.387051117412694,0.04260723753602402
39,[0.90249493],1.8744633248171598,2.3753047700307066
40,[3.17850832],3.5089821680429907,0.4050145698299912
41,[4.47071723],2.8532743428350935,1.6192778565361001
42,[3.2777997],4.388368360580458,0.3648847493134868
43,[1.27112435],2.0312675691334285,1.1891921721075265
44,[2.9828951],0.8650958758238098,0.2094013445319205
45,[4.59938588],3.5757009499854275,1.7065569022700942
46,[3.87270538],4.951803970527822,1.0992116249226678
47,[1.45497272],4.17566448011533,2.017399819457155
48,[3.43414888],4.135007747436264,0.2556405547218521
49,[2.16660696],4.367438779170726,0.6848324125659428
