,0,1,2
0,[17.72735076],15.312908662493808,14.814435800658643
1,[15.85932658],12.951757681748242,13.085832822857313
2,[19.26465905],17.72011976358342,16.183957337941813
3,[15.90111705],12.906336634860546,12.918221957131792
4,[17.94350025],14.39015917024599,14.960605153782808
5,[0.6038745],2.503906599572852,3.2958762077016437
6,[2.77349375],3.3358664569089966,0.05664200495768901
7,[0.41013089],3.458706853755666,3.462574487035587
8,[4.96352587],2.61450197501046,2.190032121432054
9,[1.26359631],4.586218429254469,1.5665394502372694
10,[2.66480007],1.1686889763696966,0.20794292732575625
11,[4.46069549],1.9856726805255,1.6872017351445612
12,[1.21046813],2.2646879405208584,2.2619044159436283
13,[2.0881037],3.260062707784793,0.8947914014787828
14,[4.33972742],2.2670404303251943,1.6749273517200152
15,[1.43165121],4.682856016645691,2.0407213389671117
16,[0.68849832],2.5621318183256365,2.2244166360444737
17,[0.25396801],5.101962510811589,2.5195257406338456
18,[4.64145436],5.73332705737762,1.2073054812154935
19,[3.89975071],4.336280950311864,0.9868357567032389
20,[3.47237254],6.4446337423825515,0.31058116181167206
21,[4.76719334],4.049974295784869,1.8192883112962877
22,[4.6597114],4.640265224232795,1.8295756387530573
23,[1.03699769],2.807938884032926,1.945897410598565
24,[1.11678491],4.41711805720322,1.8661101846588672
25,[4.98759182],3.6293720144233133,2.820984861244088
26,[2.46031652],0.7595966010446328,0.41242647086124906
27,[1.12887437],5.189335079396225,2.148925330985216
28,[4.93858081],5.209615237255194,2.0658378162712876
29,[3.78295371],1.4096576088244661,0.3488048293604802
30,[2.91291495],4.491331104567959,0.559457589895473
31,[2.83013576],4.0807370778664325,0.9528179489546345
32,[1.85921687],4.321163180313556,1.1236782284459674
33,[2.26481781],1.1680746594808098,0.5653179437345233
34,[4.08634153],4.650913035107396,1.213598534964078
35,[0.51003263],6.113671266302727,2.472862467137567
36,[4.58578232],4.410250059523248,1.3772603380787647
37,[0.21935594],2.4387507946267566,2.9591523852321444
38,[2.87274299],6.387051117412694,0.04260723753602402
39,[0.90249493],2.1851519143875606,2.3753047700307066
40,[3.17850832],3.5089821680429907,0.4050145698299912
41,[4.47071723],2.9546449122400547,1.6405814753041121
42,[3.2777997],4.388368360580459,0.3648847493134868
43,[1.27112435],1.5979501565701588,1.5023694004750625
44,[2.9828951],0.5325887263165756,0.2094013445319205
45,[4.59938588],4.050191628859142,1.726642882125827
46,[3.87270538],4.951803970527822,1.0992116249226678
47,[1.45497272],4.17566448011533,2.017399819457155
48,[3.43414888],3.758658051468063,0.2556405547218521
49,[2.16660696],4.706501467768215,0.7061360313339549
