,0,1,2
0,[17.72735076],13.991583592793038,14.371376464828568
1,[15.85932658],13.318584818485638,13.085832822857313
2,[19.26465905],17.36524702679672,16.35174409291759
3,[15.90111705],12.898691901350784,12.918221957131792
4,[17.94350025],14.465707880008273,15.03058529610955
5,[0.6038745],2.844395964782483,2.868498040893878
6,[2.77349375],3.3358664569089966,0.05664200495768901
7,[0.41013089],3.5789267848649686,3.462574487035587
8,[4.96352587],4.0668159929491825,2.090782878938341
9,[1.26359631],1.964138062710522,1.5665394502372694
10,[2.66480007],1.1686889763696966,0.20794292732575625
11,[4.46069549],1.963365974839856,1.7415485775605828
12,[1.21046813],2.6710288348738134,2.2236807483948198
13,[2.0881037],3.3958413438928843,0.8248112591520407
14,[4.33972742],2.267040430325194,1.6749273517200152
15,[1.43165121],4.682856016645691,2.0407213389671117
16,[0.68849832],1.1297773704673577,2.2594067072078445
17,[0.25396801],5.101962510811589,2.5195257406338456
18,[4.64145436],5.73332705737762,1.2073054812154935
19,[3.89975071],4.336280950311864,0.9868357567032389
20,[3.47237254],6.675759163353087,0.40033283282201637
21,[4.76719334],2.522403349413074,1.8542783824596585
22,[4.6597114],4.831565247590969,1.8862176437107463
23,[1.03699769],1.9695015847553328,1.945897410598565
24,[1.11678491],4.417118057203219,1.7961300423321251
25,[4.98759182],2.7220615320393393,2.820984861244088
26,[2.46031652],1.095191162077844,0.5225785728994565
27,[1.12887437],4.948407455697921,2.148925330985216
28,[4.93858081],5.30808804597537,1.6607811072463354
29,[3.78295371],1.4096576088244663,0.800058609380403
30,[2.91291495],4.491331104567959,0.5212339223466649
31,[2.83013576],3.967845765886357,0.6422367871429624
32,[1.85921687],7.672501868135134,1.1236782284459674
33,[2.26481781],1.0069301002621203,0.6280111611262802
34,[4.08634153],4.298100596457844,1.1734265752526127
35,[0.51003263],3.0015225079619143,2.6684756924356376
36,[4.58578232],4.243833815346424,1.7130393301269335
37,[0.21935594],2.4387507946267566,2.9591523852321444
38,[2.87274299],1.042209452168232,0.04260723753602402
39,[0.90249493],2.6486833799348863,2.3753047700307066
40,[3.17850832],3.630359525811039,0.4050145698299912
41,[4.47071723],2.46409648757298,1.5979742377680881
42,[3.2777997],2.080757952388297,0.3648847493134868
43,[1.27112435],1.5979501565701588,1.5590114054327515
44,[2.9828951],0.5325887263165756,0.2094013445319205
45,[4.59938588],2.5514763210847478,1.726642882125827
46,[3.87270538],7.688975021815258,1.0992116249226678
47,[1.45497272],4.17566448011533,1.979176151908347
48,[3.43414888],3.758658051468063,0.2556405547218521
49,[2.16660696],1.726774741131154,0.8162881333721623
