,0,1,2
0,[17.72735076],16.366835139633828,16.59847638233037
1,[15.85932658],13.573921682308509,13.194526507689355
2,[19.26465905],17.330552938351985,16.35174409291759
3,[15.90111705],13.018481508442136,12.42874450956306
4,[17.94350025],15.060864705093152,14.471127706214077
5,[0.6038745],3.1539520713703593,3.4824670262510176
6,[2.77349375],3.5398905796351547,0.10869368483204322
7,[0.41013089],6.392836272406074,2.8676688136315844
8,[4.96352587],4.419274696881894,2.2987258062640974
9,[1.26359631],4.6879536170098355,1.5098974452795804
10,[2.66480007],3.561629316601563,0.10869368483204322
11,[4.46069549],2.9181233892552076,2.7008180370512225
12,[1.21046813],5.592499034136131,2.067331575361642
13,[2.0881037],4.730694822263603,0.6853900569468623
14,[4.33972742],2.7971553209986184,2.5798499687946332
15,[1.43165121],2.4917307098289467,2.6546903243242514
16,[0.68849832],3.069328256416428,3.3978432112970864
17,[0.25396801],4.601224152563374,1.9126389517936038
18,[4.64145436],6.265644037130175,1.1690818136666854
19,[3.89975071],4.914236067902556,0.9868357567032389
20,[3.47237254],6.239952725884194,0.31058116181167206
21,[4.76719334],5.819811613126204,2.502375523441671
22,[4.6597114],5.370212478783953,1.746796441505568
23,[1.03699769],4.185586435525215,1.1296092772264026
24,[1.11678491],11.365303509042805,2.355587632227598
25,[4.98759182],6.010225346516628,3.5559406192703067
26,[2.46031652],3.667941997806693,0.31317722836753603
27,[1.12887437],4.185586435525215,1.0377325906263088
28,[4.93858081],7.317666071977601,1.310917685758513
29,[3.78295371],6.093943906759173,0.31058116181167206
30,[2.91291495],4.6714939021817266,0.3648847493134868
31,[2.83013576],6.625294798169972,0.9528179489546345
32,[1.85921687],5.0228278726231315,1.4185828354327121
33,[2.26481781],3.785241224052272,0.5086759387768343
34,[4.08634153],2.6206445721292395,2.3264640793644524
35,[0.51003263],4.3963724581408155,1.6565743337654046
36,[4.58578232],6.254509630500838,1.1134097805199952
37,[0.21935594],12.331332675610344,2.6935590176073316
38,[2.87274299],6.599730455648357,0.9102107114186104
39,[0.90249493],2.8553316410891743,3.1838465959698325
40,[3.17850832],3.6025260253086615,0.5137082546620344
41,[4.47071723],2.9281451343724476,2.7108397821684624
42,[3.2777997],4.744470852044424,0.3648847493134868
43,[1.27112435],4.910504592780978,0.8169793435282002
44,[2.9828951],3.563403380249047,0.3180950293639637
45,[4.59938588],4.200790698794385,1.9345858094515833
46,[3.87270538],5.283118837280902,2.7438310043892185
47,[1.45497272],7.915988813812253,2.3279809812688272
48,[3.43414888],6.262886926413479,0.19351424845464438
49,[2.16660696],7.1338239358460855,0.4981931040081986
