,0,1,2
0,[17.72735076],16.366835139633828,16.456226403338885
1,[15.85932658],13.573921682308509,13.194526507689355
2,[19.26465905],17.330552938351985,16.35174409291759
3,[15.90111705],12.67587364241675,12.42874450956306
4,[17.94350025],14.718256839067767,14.471127706214077
5,[0.6038745],2.5171827521763928,3.4824670262510176
6,[2.77349375],3.5398905796351547,0.10869368483204322
7,[0.41013089],6.392836272406074,2.8676688136315844
8,[4.96352587],4.419274696881894,2.2987258062640974
9,[1.26359631],4.6879536170098355,1.5098974452795804
10,[2.66480007],3.561629316601563,0.10869368483204322
11,[4.46069549],2.867446211369171,3.0290442820110215
12,[1.21046813],5.592499034136131,2.067331575361642
13,[2.0881037],3.891269694954289,0.6853900569468623
14,[4.33972742],2.7726761057873484,2.9080762137544323
15,[1.43165121],2.1094232223586635,2.6546903243242514
16,[0.68849832],2.4325589372224616,3.3978432112970864
17,[0.25396801],4.629674148361671,1.9126389517936038
18,[4.64145436],6.145718127208788,1.1690818136666854
19,[3.89975071],4.914236067902556,0.9868357567032389
20,[3.47237254],6.239952725884194,0.31058116181167206
21,[4.76719334],5.819811613126204,2.306876813032373
22,[4.6597114],5.370212478783953,1.746796441505568
23,[1.03699769],4.214036431323512,1.1296092772264026
24,[1.11678491],5.686182250420101,2.355587632227598
25,[4.98759182],5.923600709971312,3.5559406192703067
26,[2.46031652],3.667941997806693,0.31317722836753603
27,[1.12887437],4.185586435525215,2.305274504018394
28,[4.93858081],3.6387284198684626,1.4662082666643492
29,[3.78295371],6.083601894846454,0.31058116181167206
30,[2.91291495],4.6714939021817266,0.3648847493134868
31,[2.83013576],6.625294798169972,0.9528179489546345
32,[1.85921687],5.0228278726231315,1.4185828354327121
33,[2.26481781],3.785241224052272,0.5086759387768343
34,[4.08634153],2.6206445721292395,1.9982378344046534
35,[0.51003263],4.424822453939113,1.6565743337654046
36,[4.58578232],6.1345837205794504,1.1134097805199952
37,[0.21935594],3.708918494240728,2.673473037751599
38,[2.87274299],6.599730455648357,0.9102107114186104
39,[0.90249493],2.2782864079514447,3.1838465959698325
40,[3.17850832],3.6025260253086615,0.5137082546620344
41,[4.47071723],2.8774679564864116,3.0390660271282615
42,[3.2777997],4.744470852044424,0.3648847493134868
43,[1.27112435],4.910504592780978,0.8954826116348207
44,[2.9828951],3.563403380249047,0.3180950293639637
45,[4.59938588],7.277012975929362,1.9345858094515833
46,[3.87270538],5.283118837280902,2.6015810253977305
47,[1.45497272],7.915988813812253,2.3279809812688272
48,[3.43414888],6.262886926413479,0.03822366754880813
49,[2.16660696],4.393132953650477,0.5525399464242202
