,0,1,2
0,[17.72735076],16.366835139633828,15.916560910962193
1,[15.85932658],13.430283322669004,13.194526507689355
2,[19.26465905],16.92244616978749,16.35174409291759
3,[15.90111705],12.664739235787412,12.42874450956306
4,[17.94350025],14.718256839067767,14.49023953998848
5,[0.6038745],2.5171827521763928,3.2958762077016437
6,[2.77349375],0.9053401069704867,0.004722221169164875
7,[0.41013089],6.052346907196442,2.8676688136315844
8,[4.96352587],2.5736052663033613,2.244378963848076
9,[1.26359631],1.905432858810214,1.5595220665264367
10,[2.66480007],0.8826178098047922,0.10869368483204322
11,[4.46069549],2.845256946741302,1.7958954199766044
12,[1.21046813],5.412077116580489,2.067331575361642
13,[2.0881037],1.0668457648705285,0.6853900569468623
14,[4.33972742],2.7726761057873484,2.9080762137544323
15,[1.43165121],2.1094232223586635,2.396178336283956
16,[0.68849832],2.4325589372224616,2.5893013853579605
17,[0.25396801],4.629674148361672,1.9126389517936038
18,[4.64145436],6.145718127208788,1.1690818136666854
19,[3.89975071],4.868861053522375,0.9868357567032389
20,[3.47237254],5.974017996837786,0.31058116181167206
21,[4.76719334],5.27104541224836,2.10239326949688
22,[4.6597114],5.172845327443307,1.746796441505568
23,[1.03699769],4.957329925899295,1.2764640574627553
24,[1.11678491],2.4595347519877495,2.31736396467879
25,[4.98759182],5.9236007099713115,3.5559406192703067
26,[2.46031652],0.948033782302824,0.31317722836753603
27,[1.12887437],4.374757616330458,2.343498171567202
28,[4.93858081],3.6387284198684626,2.0658378162712876
29,[3.78295371],5.974017996837786,0.31058116181167206
30,[2.91291495],4.533731234820579,0.3648847493134868
31,[2.83013576],6.2309127116949705,0.9528179489546345
32,[1.85921687],4.868861053522375,1.27113053193934
33,[2.26481781],1.0653330085484032,0.5583005600236906
34,[4.08634153],3.1189441118285908,1.9982378344046534
35,[0.51003263],5.168115948514895,1.8034291140017573
36,[4.58578232],6.1345837205794504,1.1134097805199952
37,[0.21935594],6.2820387968404505,3.0584437669208184
38,[2.87274299],6.823585034173786,0.5996295496069384
39,[0.90249493],2.2782864079514447,3.1838465959698325
40,[3.17850832],3.561629316601563,0.4050145698299912
41,[4.47071723],2.8532743428350935,1.8059171650938444
42,[3.2777997],4.533731234820579,0.3648847493134868
43,[1.27112435],4.9105045927809785,0.8954826116348207
44,[2.9828951],1.0299973534903533,0.2094013445319205
45,[4.59938588],4.2675389519615194,1.769250119661851
46,[3.87270538],5.283118837280902,2.0619155330210406
47,[1.45497272],7.331043137546324,2.3279809812688272
48,[3.43414888],6.299169128822318,0.03822366754880813
49,[2.16660696],4.374757616330458,0.6635287937979308
