,0,1,2
0,[0.54547015],0.38017481562349253,0.01251013753917296
1,[0.17186532],0.49559770362615757,0.38283343542853754
2,[0.85293181],0.2859672460641402,0.3074616584517891
3,[0.18022341],0.23654263592010424,0.40847663933020295
4,[0.58870005],0.38384880308308816,0.09663674533645261
5,[0.1207749],0.656790848205066,0.46180809019968094
6,[0.55469875],0.36358329707920284,0.027884240441035657
7,[0.08202618],0.6273260549341694,0.5066738720855293
8,[0.99270517],0.7253819226111948,0.4801935156063687
9,[0.25271926],0.3829089201031019,0.32986372949695175
10,[0.53296001],0.36738759602848425,0.01251013753917296
11,[0.8921391],0.35856349772678753,0.35917908399532084
12,[0.24209363],0.48292603770851994,0.33245497326733797
13,[0.41762074],0.26673683473835,0.16496225183040814
14,[0.86794548],0.5790920782662867,0.33498547034400317
15,[0.28633024],0.4310823461169105,0.2839576341184322
16,[0.13769966],0.6065029910788499,0.4283274877593969
17,[0.0507936],0.5217961090802795,0.49467654869953337
18,[0.92829087],0.6837136483440209,0.38282072058070304
19,[0.77995014],0.2279037053977495,0.2878868374551906
20,[0.69447451],0.2655879417928116,0.16151449538653895
21,[0.95343867],0.4395767729908836,0.40796851636020304
22,[0.93194228],0.45992430346930824,0.4194306200621072
23,[0.20739954],0.4093729254212062,0.3529634137090978
24,[0.22335698],0.542090614099519,0.35922600846642505
25,[0.99751836],0.7136773572461446,0.452048213908005
26,[0.4920633],0.3815171845658214,0.09051968611454286
27,[0.22577487],0.3960296440527436,0.35680811633434584
28,[0.98771616],0.46386265988342873,0.49565285742650733
29,[0.75659074],0.45300576615142785,0.21112059020970042
30,[0.58258299],0.26945803808950153,0.03711283986827141
31,[0.56602715],0.33861461270927007,0.022197769474742057
32,[0.37184337],0.30720387746019373,0.2168566764457548
33,[0.45296356],0.3240765860223866,0.13573648741831223
34,[0.81726831],0.5801414104649361,0.30475664681151615
35,[0.10200653],0.5641739794270186,0.48669352418407474
36,[0.91715646],0.4056162636508754,0.38419645149053794
37,[0.04387119],0.5302604247405321,0.5221559640719684
38,[0.5745486],0.3846007946687381,0.08248529417224981
39,[0.18049899],0.4768709089842845,0.39404961220115087
40,[0.63570166],0.4034742286695108,0.19255918672770583
41,[0.89414345],0.6490901775232475,0.4411798838077271
42,[0.65555994],0.3254069102648804,0.12259992727014168
43,[0.25422487],0.43618317592139366,0.3004738800950125
44,[0.59657902],0.3297674014288467,0.06361900587279279
45,[0.91987718],0.4703985121664128,0.3806620931207303
46,[0.77454108],0.3428488092256483,0.2824777706580407
47,[0.29099454],0.4270353770185341,0.2835540539700434
48,[0.68682978],0.39093693546900116,0.23386621266573548
49,[0.43332139],0.3255303299040076,0.14122720626679097
