,0,1,2
0,[0.54547015],0.3482274077098613,0.00922859942723575
1,[0.17186532],0.3704975700983688,0.38283343542853754
2,[0.85293181],0.4242467273579952,0.3074616584517891
3,[0.18022341],0.38776680627675386,0.40847663933020295
4,[0.58870005],0.3800866750055705,0.09663674533645261
5,[0.1207749],0.6105657640109587,0.46180809019968094
6,[0.55469875],0.32789050678055875,0.011328400991537757
7,[0.08202618],0.5633869996409545,0.5005568128636195
8,[0.99270517],0.5563393033820825,0.4597451612528195
9,[0.25271926],0.3829089201031019,0.32986372949695175
10,[0.53296001],0.3444492540142203,0.01712443725279078
11,[0.8921391],0.38309139748702925,0.35292401522573436
12,[0.24209363],0.48292603770851994,0.33245497326733797
13,[0.41762074],0.3701546286697441,0.16496225183040814
14,[0.86794548],0.5790920782662867,0.33498547034400317
15,[0.28633024],0.5190581410000418,0.28821835787203465
16,[0.13769966],0.5448321333903419,0.4283274877593969
17,[0.0507936],0.5217961090802795,0.4992908484131512
18,[0.92829087],0.6395577289959888,0.38282072058070304
19,[0.77995014],0.3706801478621532,0.2878868374551906
20,[0.69447451],0.3610144111014309,0.16151449538653895
21,[0.95343867],0.6340391280150571,0.40796851636020304
22,[0.93194228],0.4839657476763516,0.4194306200621072
23,[0.20739954],0.533983182400119,0.35862761420486666
24,[0.22335698],0.3840864296848365,0.35922600846642505
25,[0.99751836],0.6676531276284341,0.46455835144717794
26,[0.4920633],0.3099826983073453,0.09051968611454286
27,[0.22577487],0.39602964405274366,0.35680811633434584
28,[0.98771616],0.5776344285871416,0.47520450307295803
29,[0.75659074],0.5155150645495472,0.21112059020970042
30,[0.58258299],0.32313194252012795,0.06381626299140719
31,[0.56602715],0.31008093001748865,0.022197769474742057
32,[0.37184337],0.3004036175276047,0.21073961722384504
33,[0.45296356],0.3789933983061329,0.13573648741831223
34,[0.81726831],0.5092686822460657,0.30475664681151615
35,[0.10200653],0.6018798557708104,0.48669352418407474
36,[0.91715646],0.46299719525747846,0.38419645149053794
37,[0.04387119],0.5431053558404473,0.5221559640719684
38,[0.5745486],0.3658350994062237,0.08248529417224981
39,[0.18049899],0.6245190770230471,0.39404961220115087
40,[0.63570166],0.4034742286695108,0.14363835963950544
41,[0.89414345],0.6171406192877613,0.4411798838077271
42,[0.65555994],0.3325137547079221,0.12259992727014168
43,[0.25422487],0.5903039834940714,0.3160630048401527
44,[0.59657902],0.3329588904664346,0.05110886833361983
45,[0.91987718],0.4661509058121034,0.3806620931207303
46,[0.77454108],0.3485388083853079,0.2824777706580407
47,[0.29099454],0.4270353770185341,0.2835540539700434
48,[0.68682978],0.49775979968382744,0.23386621266573548
49,[0.43332139],0.3813321828173465,0.14122720626679097
