,0,1,2
0,[0.54547015],0.3482274077098613,0.024817724172375932
1,[0.17186532],0.49221103333829586,0.38283343542853754
2,[0.85293181],0.4242467273579952,0.3074616584517891
3,[0.18022341],0.5327498421111467,0.4054181097192481
4,[0.58870005],0.4011652772671305,0.07618839098290331
5,[0.1207749],0.6105657640109587,0.46180809019968094
6,[0.55469875],0.34100572392828277,0.019606320716286763
7,[0.08202618],0.43472060214078184,0.49653961689247295
8,[0.99270517],0.5563393033820825,0.4597451612528195
9,[0.25271926],0.3829089201031019,0.3218293375546587
10,[0.53296001],0.333331057259531,0.02173873696640871
11,[0.8921391],0.5030147283613475,0.3466689464561479
12,[0.24209363],0.4354324836441161,0.33245497326733797
13,[0.41762074],0.28912799440735115,0.16496225183040814
14,[0.86794548],0.5305481368677235,0.33498547034400317
15,[0.28633024],0.4386421126548683,0.28821835787203465
16,[0.13769966],0.5620165075042365,0.43684893526660173
17,[0.0507936],0.5463527029744194,0.5039051481267691
18,[0.92829087],0.6395577289959888,0.38282072058070304
19,[0.77995014],0.39942988716800787,0.2878868374551906
20,[0.69447451],0.424875826074625,0.16151449538653895
21,[0.95343867],0.684658724394899,0.4142235851297895
22,[0.93194228],0.4839657476763516,0.398982265708558
23,[0.20739954],0.523761408733395,0.3671490617120715
24,[0.22335698],0.47168771454211866,0.35922600846642505
25,[0.99751836],0.5432891652132817,0.452048213908005
26,[0.4920633],0.30998269830734526,0.09051968611454286
27,[0.22577487],0.44540779764762617,0.35680811633434584
28,[0.98771616],0.539384410163394,0.49565285742650733
29,[0.75659074],0.42878767664819845,0.20189199078246467
30,[0.58258299],0.32313194252012795,0.03711283986827141
31,[0.56602715],0.28676098139231226,0.026812069188359988
32,[0.37184337],0.2317551717117639,0.21073961722384504
33,[0.45296356],0.40751647621405207,0.13573648741831223
34,[0.81726831],0.47086017642470984,0.32520500116506545
35,[0.10200653],0.46937268181185415,0.48669352418407474
36,[0.91715646],0.5407260337609214,0.38419645149053794
37,[0.04387119],0.5431053558404474,0.5221559640719684
38,[0.5745486],0.32169724208918893,0.08248529417224981
39,[0.18049899],0.5688199412348485,0.39806680817229734
40,[0.63570166],0.3759636876155318,0.12319000528595614
41,[0.89414345],0.5923869495621974,0.4411798838077271
42,[0.65555994],0.40375006392873053,0.12259992727014168
43,[0.25422487],0.5903039834940714,0.3118022810865503
44,[0.59657902],0.2151328650682946,0.05736393710320631
45,[0.91987718],0.5642412742473077,0.3869171618903168
46,[0.77454108],0.31016963548452037,0.2824777706580407
47,[0.29099454],0.4270353770185341,0.2835540539700434
48,[0.68682978],0.4020910847648576,0.23386621266573548
49,[0.43332139],0.3881876817813531,0.14122720626679097
