,0,1,2
0,[0.54547015],0.3622069882246833,0.020557000418773508
1,[0.17186532],0.5454635031939946,0.38283343542853754
2,[0.85293181],0.4242467273579952,0.3074616584517891
3,[0.18022341],0.5279106874745305,0.4023595801082932
4,[0.58870005],0.34365478787671055,0.09663674533645261
5,[0.1207749],0.6237830903122074,0.46180809019968094
6,[0.55469875],0.29749207938846556,0.00922859942723575
7,[0.08202618],0.5455556556757805,0.4925224209213265
8,[0.99270517],0.6980563627355905,0.4597451612528195
9,[0.25271926],0.3829089201031019,0.3218293375546587
10,[0.53296001],0.333331057259531,0.01712443725279078
11,[0.8921391],0.3379070263979732,0.3466689464561479
12,[0.24209363],0.4354324836441161,0.33245497326733797
13,[0.41762074],0.34319775812405473,0.16496225183040814
14,[0.86794548],0.5514269292675763,0.33498547034400317
15,[0.28633024],0.40357180506293133,0.28821835787203465
16,[0.13769966],0.5202733739760561,0.4283274877593969
17,[0.0507936],0.5463527029744194,0.5039051481267691
18,[0.92829087],0.5806943325849505,0.38282072058070304
19,[0.77995014],0.5037079911554351,0.2878868374551906
20,[0.69447451],0.3294493567660056,0.16151449538653895
21,[0.95343867],0.5693852583049546,0.40796851636020304
22,[0.93194228],0.443499969174197,0.398982265708558
23,[0.20739954],0.4830013234205296,0.3671490617120715
24,[0.22335698],0.4511393843556372,0.35520881249527847
25,[0.99751836],0.6494523385484368,0.45830328267759146
26,[0.4920633],0.3815171845658214,0.09051968611454286
27,[0.22577487],0.5965568569250126,0.3629251755562556
28,[0.98771616],0.6087101600733403,0.47520450307295803
29,[0.75659074],0.32761011909870186,0.20189199078246467
30,[0.58258299],0.2996158034059464,0.03711283986827141
31,[0.56602715],0.28676098139231226,0.020557000418773508
32,[0.37184337],0.27227444732358386,0.1828553767828094
33,[0.45296356],0.30698145935007604,0.13573648741831223
34,[0.81726831],0.47086017642470984,0.32520500116506545
35,[0.10200653],0.6908116324264723,0.48669352418407474
36,[0.91715646],0.5412357204875113,0.38419645149053794
37,[0.04387119],0.5534916941497101,0.5221559640719684
38,[0.5745486],0.34182778755364873,0.06203693981870051
39,[0.18049899],0.5688199412348485,0.4020840041434439
40,[0.63570166],0.458524899949664,0.10274165093240695
41,[0.89414345],0.5597302589703474,0.4020801417258675
42,[0.65555994],0.3497826943810665,0.12259992727014168
43,[0.25422487],0.5903039834940713,0.32032372859375513
44,[0.59657902],0.27825570769464597,0.05110886833361983
45,[0.91987718],0.5221934002277053,0.3744070243511438
46,[0.77454108],0.31016963548452037,0.2824777706580407
47,[0.29099454],0.5313990778697768,0.2875712499411899
48,[0.68682978],0.49437484708567025,0.23386621266573548
49,[0.43332139],0.43476685165168905,0.14122720626679097
