,0,1,2
0,[0.54547015],0.3482274077098613,0.029078447925978357
1,[0.17186532],0.6076012211080748,0.38283343542853754
2,[0.85293181],0.4242177842200439,0.3074616584517891
3,[0.18022341],0.5279106874745306,0.4023595801082932
4,[0.58870005],0.3647333901382706,0.05574003662935412
5,[0.1207749],0.6051590169379445,0.46180809019968094
6,[0.55469875],0.32789050678055875,0.0010499007821510586
7,[0.08202618],0.5455556556757805,0.4925224209213265
8,[0.99270517],0.610080567852459,0.4597451612528195
9,[0.25271926],0.4367507273630501,0.3218293375546587
10,[0.53296001],0.333331057259531,0.02173873696640871
11,[0.8921391],0.5030147283613475,0.3466689464561479
12,[0.24209363],0.35380363008543164,0.340489365209631
13,[0.41762074],0.3432099129568276,0.16496225183040814
14,[0.86794548],0.4400719602299784,0.33498547034400317
15,[0.28633024],0.48398783340810486,0.2962527498143277
16,[0.13769966],0.5202733739760562,0.4325882115129993
17,[0.0507936],0.5377928383613292,0.5039051481267691
18,[0.92829087],0.6962685397899976,0.3890757893502895
19,[0.77995014],0.2713047966494203,0.2878868374551906
20,[0.69447451],0.3294493567660056,0.16151449538653895
21,[0.95343867],0.5497458117538894,0.40796851636020304
22,[0.93194228],0.5475591139365412,0.398982265708558
23,[0.20739954],0.5564129340682815,0.3671490617120715
24,[0.22335698],0.523376070959391,0.35922600846642505
25,[0.99751836],0.557241358387701,0.46455835144717794
26,[0.4920633],0.39794793931690253,0.09051968611454286
27,[0.22577487],0.5965568569250126,0.37080414479969426
28,[0.98771616],0.5995998673185509,0.47520450307295803
29,[0.75659074],0.31549904579469823,0.21112059020970042
30,[0.58258299],0.2612466305051589,0.03711283986827141
31,[0.56602715],0.33759147107146775,0.011328400991537757
32,[0.37184337],0.3303268588809116,0.1828553767828094
33,[0.45296356],0.30698145935007604,0.13573648741831223
34,[0.81726831],0.3509699453278915,0.32520500116506545
35,[0.10200653],0.6908116324264721,0.48669352418407474
36,[0.91715646],0.5386807545103199,0.38419645149053794
37,[0.04387119],0.7169220704505828,0.5221559640719684
38,[0.5745486],0.34182778755364873,0.04158858546515132
39,[0.18049899],0.575975135624484,0.39404961220115087
40,[0.63570166],0.33846091169800185,0.10274165093240695
41,[0.89414345],0.4608157602848449,0.4020801417258675
42,[0.65555994],0.42796440646837686,0.12259992727014168
43,[0.25422487],0.4719738144047363,0.3243409245649016
44,[0.59657902],0.32741542873791224,0.05110886833361983
45,[0.91987718],0.5221934002277054,0.3744070243511438
46,[0.77454108],0.2891696407114533,0.2824777706580407
47,[0.29099454],0.5313990778697768,0.29158844591233646
48,[0.68682978],0.499204052584213,0.23386621266573548
49,[0.43332139],0.42089335175477344,0.14926159820908402
