,0,1,2
0,[0.54547015],0.3482274077098613,0.029078447925978357
1,[0.17186532],0.5713780794146297,0.38283343542853754
2,[0.85293181],0.3346083038766105,0.3074616584517891
3,[0.18022341],0.4435728853222381,0.39432518816600015
4,[0.58870005],0.3647333901382706,0.05574003662935412
5,[0.1207749],0.4810800074059105,0.46180809019968094
6,[0.55469875],0.35216059807970673,0.02173873696640871
7,[0.08202618],0.615958555233181,0.4925224209213265
8,[0.99270517],0.787694786216975,0.4597451612528195
9,[0.25271926],0.4952441390800872,0.3218293375546587
10,[0.53296001],0.38861900024049767,0.01251013753917296
11,[0.8921391],0.33848379858029803,0.3466689464561479
12,[0.24209363],0.464668132718116,0.33245497326733797
13,[0.41762074],0.36588880138014657,0.15692785988811508
14,[0.86794548],0.5305481368677236,0.33498547034400317
15,[0.28633024],0.3149815552904089,0.2962527498143277
16,[0.13769966],0.5686441854790164,0.43684893526660173
17,[0.0507936],0.56606476322885,0.5152335491183069
18,[0.92829087],0.5210673421891299,0.38282072058070304
19,[0.77995014],0.3214185313984835,0.2878868374551906
20,[0.69447451],0.42726712198880995,0.16151449538653895
21,[0.95343867],0.5944719573036641,0.4142235851297895
22,[0.93194228],0.548785642389945,0.398982265708558
23,[0.20739954],0.5564129340682815,0.3671490617120715
24,[0.22335698],0.542090614099519,0.35922600846642505
25,[0.99751836],0.666734440176131,0.452048213908005
26,[0.4920633],0.4220364207693933,0.09051968611454286
27,[0.22577487],0.5965568569250126,0.35680811633434584
28,[0.98771616],0.48876481378355213,0.45475614871940884
29,[0.75659074],0.300307275927891,0.21112059020970042
30,[0.58258299],0.2612466305051589,0.03711283986827141
31,[0.56602715],0.38549151804180515,0.015942700705155688
32,[0.37184337],0.33154698459155807,0.18851957727857827
33,[0.45296356],0.3231512250877743,0.1296194281964025
34,[0.81726831],0.3920502539844796,0.32520500116506545
35,[0.10200653],0.6072579336166474,0.480576464962165
36,[0.91715646],0.4175189832298791,0.38419645149053794
37,[0.04387119],0.7314876703230833,0.5264166878255708
38,[0.5745486],0.40178757098305223,0.04158858546515132
39,[0.18049899],0.5676574185314537,0.39404961220115087
40,[0.63570166],0.36336903588511227,0.09023151339323399
41,[0.89414345],0.4467038208390706,0.3816317873723182
42,[0.65555994],0.4719607165568484,0.12259992727014168
43,[0.25422487],0.5903039834940714,0.3283581205360482
44,[0.59657902],0.3090924177431649,0.05110886833361983
45,[0.91987718],0.6547797191515337,0.3744070243511438
46,[0.77454108],0.2891696407114533,0.2824777706580407
47,[0.29099454],0.5306687963520405,0.29158844591233646
48,[0.68682978],0.4992040525842129,0.23386621266573548
49,[0.43332139],0.42089335175477344,0.1523201278200389
