,0,1,2
0,[0.54547015],0.3482274077098613,0.029078447925978357
1,[0.17186532],0.5029863945792223,0.3884976359243064
2,[0.85293181],0.35568415736698195,0.3074616584517891
3,[0.18022341],0.4435728853222381,0.3900644644123977
4,[0.58870005],0.3647333901382706,0.05574003662935412
5,[0.1207749],0.47046870033044297,0.46180809019968094
6,[0.55469875],0.15047075587897368,0.02173873696640871
7,[0.08202618],0.5524111546397871,0.5005568128636195
8,[0.99270517],0.787694786216975,0.4597451612528195
9,[0.25271926],0.4952441390800872,0.3218293375546587
10,[0.53296001],0.38861900024049767,0.01251013753917296
11,[0.8921391],0.3384837985802981,0.3466689464561479
12,[0.24209363],0.464668132718116,0.33245497326733797
13,[0.41762074],0.3658888013801467,0.15692785988811508
14,[0.86794548],0.5305481368677236,0.33498547034400317
15,[0.28633024],0.3149815552904089,0.2962527498143277
16,[0.13769966],0.5686441854790163,0.43684893526660173
17,[0.0507936],0.56606476322885,0.5152335491183069
18,[0.92829087],0.5210673421891299,0.38282072058070304
19,[0.77995014],0.2713047966494203,0.2878868374551906
20,[0.69447451],0.4970947657670507,0.16151449538653895
21,[0.95343867],0.4939987831281686,0.420478653899376
22,[0.93194228],0.41183773034149684,0.398982265708558
23,[0.20739954],0.6366008031831586,0.371166257683218
24,[0.22335698],0.542090614099519,0.35922600846642505
25,[0.99751836],0.7055871915033344,0.452048213908005
26,[0.4920633],0.36796665705268977,0.08248529417224981
27,[0.22577487],0.5965568569250126,0.35680811633434584
28,[0.98771616],0.525439038358612,0.4422460111802359
29,[0.75659074],0.31549904579469823,0.21112059020970042
30,[0.58258299],0.2493018132939115,0.04962297740744437
31,[0.56602715],0.38549151804180515,0.011328400991537757
32,[0.37184337],0.2898075832690917,0.1828553767828094
33,[0.45296356],0.30698145935007604,0.1296194281964025
34,[0.81726831],0.3509699453278915,0.32520500116506545
35,[0.10200653],0.6072579336166474,0.480576464962165
36,[0.91715646],0.4175189832298791,0.38419645149053794
37,[0.04387119],0.8088711027011467,0.5306774115791733
38,[0.5745486],0.4017875709830522,0.04158858546515132
39,[0.18049899],0.5676574185314536,0.38978888844754844
40,[0.63570166],0.36336903588511227,0.09023151339323399
41,[0.89414345],0.4467038208390706,0.3816317873723182
42,[0.65555994],0.4719607165568484,0.12259992727014168
43,[0.25422487],0.5903039834940714,0.33447517975795793
44,[0.59657902],0.35785437216401206,0.05110886833361983
45,[0.91987718],0.6547797191515337,0.3744070243511438
46,[0.77454108],0.2891696407114533,0.2824777706580407
47,[0.29099454],0.4526342025489127,0.29158844591233646
48,[0.68682978],0.499204052584213,0.23386621266573548
49,[0.43332139],0.42089335175477344,0.15537865743099377
