,0,1,2
0,[0.54547015],0.33916346287837873,0.029078447925978357
1,[0.17186532],0.454981797426443,0.3941618364200753
2,[0.85293181],0.5617385043984344,0.3074616584517891
3,[0.18022341],0.6627238877242265,0.39432518816600015
4,[0.58870005],0.3647333901382706,0.05574003662935412
5,[0.1207749],0.39087993011974964,0.46180809019968094
6,[0.55469875],0.34502197052905265,0.02173873696640871
7,[0.08202618],0.666256194536089,0.4925224209213265
8,[0.99270517],0.787694786216975,0.4597451612528195
9,[0.25271926],0.5079376279583859,0.3218293375546587
10,[0.53296001],0.3491446264963336,0.01251013753917296
11,[0.8921391],0.2789942649699283,0.3466689464561479
12,[0.24209363],0.464668132718116,0.33245497326733797
13,[0.41762074],0.36158952374198305,0.15692785988811508
14,[0.86794548],0.6284180327476634,0.33498547034400317
15,[0.28633024],0.21485318129842526,0.2962527498143277
16,[0.13769966],0.4606741690395757,0.43684893526660173
17,[0.0507936],0.4473392647341595,0.5152335491183069
18,[0.92829087],0.7184227666291889,0.38282072058070304
19,[0.77995014],0.4735654440623924,0.2878868374551906
20,[0.69447451],0.4682951146207949,0.20241120409363744
21,[0.95343867],0.594471957303664,0.420478653899376
22,[0.93194228],0.5067414020251537,0.398982265708558
23,[0.20739954],0.5925779273936957,0.3813005128762743
24,[0.22335698],0.483442283432945,0.35922600846642505
25,[0.99751836],0.7223061930517399,0.452048213908005
26,[0.4920633],0.28199729167890036,0.08248529417224981
27,[0.22577487],0.4343522475568771,0.35680811633434584
28,[0.98771616],0.6469557134734498,0.4422460111802359
29,[0.75659074],0.3744681048878299,0.22363072774887338
30,[0.58258299],0.2402466357320919,0.04962297740744437
31,[0.56602715],0.3346610283626496,0.011328400991537757
32,[0.37184337],0.23575124129205483,0.20246169749909615
33,[0.45296356],0.2850062928826519,0.1256022322252559
34,[0.81726831],0.5019285974655011,0.32520500116506545
35,[0.10200653],0.6072579336166474,0.480576464962165
36,[0.91715646],0.42898875952685334,0.371686313951365
37,[0.04387119],0.7538645814085789,0.5306774115791733
38,[0.5745486],0.4032397079985449,0.04158858546515132
39,[0.18049899],0.5676574185314537,0.39404961220115087
40,[0.63570166],0.35571397916818925,0.09648658216282047
41,[0.89414345],0.5456183195245734,0.4020801417258675
42,[0.65555994],0.39290864659655833,0.12259992727014168
43,[0.25422487],0.5903039834940713,0.33447517975795793
44,[0.59657902],0.3746383154387015,0.05110886833361983
45,[0.91987718],0.5708996842779624,0.3744070243511438
46,[0.77454108],0.3215634442546401,0.22907092441176924
47,[0.29099454],0.4721509549145466,0.29158844591233646
48,[0.68682978],0.5400592267379141,0.17431811623032656
49,[0.43332139],0.4076571804023995,0.14524440223793744
