,0,1,2
0,[0.54547015],0.3482274077098613,0.020557000418773508
1,[0.17186532],0.45502227957678115,0.3884976359243064
2,[0.85293181],0.5968155525053837,0.3074616584517891
3,[0.18022341],0.5103356301949644,0.39432518816600015
4,[0.58870005],0.4214554330040167,0.05574003662935412
5,[0.1207749],0.4011017037864736,0.46180809019968094
6,[0.55469875],0.28196919072655424,0.02173873696640871
7,[0.08202618],0.589960835723887,0.4925224209213265
8,[0.99270517],0.6537998288677549,0.4597451612528195
9,[0.25271926],0.4269879809590236,0.3218293375546587
10,[0.53296001],0.2999639392708892,0.02173873696640871
11,[0.8921391],0.4509297953702774,0.3466689464561479
12,[0.24209363],0.42311492872385276,0.33245497326733797
13,[0.41762074],0.29303434903056186,0.15692785988811508
14,[0.86794548],0.7148549590205855,0.33498547034400317
15,[0.28633024],0.29987181333795254,0.2962527498143277
16,[0.13769966],0.4606741690395757,0.4448833272088948
17,[0.0507936],0.33412828980035675,0.5152335491183069
18,[0.92829087],0.7184227666291889,0.38282072058070304
19,[0.77995014],0.4313093698104667,0.2878868374551906
20,[0.69447451],0.4378925654214731,0.20241120409363744
21,[0.95343867],0.6090673472762034,0.4142235851297895
22,[0.93194228],0.5903845662158046,0.398982265708558
23,[0.20739954],0.5350572509708849,0.37518345365436456
24,[0.22335698],0.5233760709593911,0.35922600846642505
25,[0.99751836],0.8014732391280738,0.452048213908005
26,[0.4920633],0.3360670553956039,0.08248529417224981
27,[0.22577487],0.37204015643461225,0.35680811633434584
28,[0.98771616],0.5879483367567314,0.4422460111802359
29,[0.75659074],0.3744681048878299,0.24407908210242257
30,[0.58258299],0.26332798391508067,0.04336790863785789
31,[0.56602715],0.4153919335416785,0.020557000418773508
32,[0.37184337],0.3278840480172245,0.21073961722384504
33,[0.45296356],0.28912929262823683,0.12158503625410944
34,[0.81726831],0.5372809610831311,0.32520500116506545
35,[0.10200653],0.7313309080382921,0.47254207301987194
36,[0.91715646],0.5548677650830169,0.371686313951365
37,[0.04387119],0.8813238467335326,0.5306774115791733
38,[0.5745486],0.4032397079985449,0.04158858546515132
39,[0.18049899],0.5676574185314537,0.385528164693946
40,[0.63570166],0.38305797256742785,0.09023151339323399
41,[0.89414345],0.6751730086457695,0.361183433018769
42,[0.65555994],0.39062982064571483,0.12259992727014168
43,[0.25422487],0.3613869136529041,0.3243409245649016
44,[0.59657902],0.40141871972462806,0.05110886833361983
45,[0.91987718],0.6422526300168322,0.3744070243511438
46,[0.77454108],0.3215634442546401,0.22907092441176924
47,[0.29099454],0.5306687963520405,0.29158844591233646
48,[0.68682978],0.5400592267379141,0.17431811623032656
49,[0.43332139],0.43516772145637866,0.15537865743099377
