,0,1,2
0,[0.54547015],0.3482274077098613,0.020557000418773508
1,[0.17186532],0.5165146112671389,0.3941618364200753
2,[0.85293181],0.6114159683911474,0.31997179599096204
3,[0.18022341],0.5103356301949644,0.39432518816600015
4,[0.58870005],0.42894334440706255,0.04948496785976764
5,[0.1207749],0.47932913235579677,0.46180809019968094
6,[0.55469875],0.3364621059159625,0.02173873696640871
7,[0.08202618],0.5611111401607498,0.5005568128636195
8,[0.99270517],0.6537998288677549,0.4597451612528195
9,[0.25271926],0.4269879809590237,0.3218293375546587
10,[0.53296001],0.24817110756832186,0.02173873696640871
11,[0.8921391],0.4079815406757291,0.3466689464561479
12,[0.24209363],0.5057484413747042,0.33245497326733797
13,[0.41762074],0.29303434903056186,0.15692785988811508
14,[0.86794548],0.6284180327476634,0.33498547034400317
15,[0.28633024],0.23575632421440354,0.2962527498143277
16,[0.13769966],0.4606741690395757,0.4408661312377482
17,[0.0507936],0.2979051481069116,0.5152335491183069
18,[0.92829087],0.668998095107363,0.38282072058070304
19,[0.77995014],0.4313093698104667,0.2878868374551906
20,[0.69447451],0.4378925654214731,0.20241120409363744
21,[0.95343867],0.5721490990969972,0.420478653899376
22,[0.93194228],0.6066086040212931,0.4194306200621072
23,[0.20739954],0.5941692665953904,0.37518345365436456
24,[0.22335698],0.46372993778613497,0.35922600846642505
25,[0.99751836],0.6627133426181702,0.452048213908005
26,[0.4920633],0.3776202593898672,0.08248529417224981
27,[0.22577487],0.4237285128518846,0.35680811633434584
28,[0.98771616],0.5879483367567314,0.44850107994982236
29,[0.75659074],0.3744681048878299,0.22363072774887338
30,[0.58258299],0.26332798391508067,0.03711283986827141
31,[0.56602715],0.35941469808821347,0.020557000418773508
32,[0.37184337],0.4008317714712287,0.21073961722384504
33,[0.45296356],0.35701823183870884,0.12158503625410944
34,[0.81726831],0.5856740547841095,0.28430829245796696
35,[0.10200653],0.6603859765518829,0.47254207301987194
36,[0.91715646],0.43253001440618427,0.371686313951365
37,[0.04387119],0.8813238467335325,0.5306774115791733
38,[0.5745486],0.3941845304367252,0.04158858546515132
39,[0.18049899],0.5676574185314537,0.38978888844754844
40,[0.63570166],0.35571397916818925,0.09023151339323399
41,[0.89414345],0.5456183195245734,0.361183433018769
42,[0.65555994],0.3906298206457148,0.12259992727014168
43,[0.25422487],0.4736454335569923,0.32032372859375513
44,[0.59657902],0.38424324430455786,0.05110886833361983
45,[0.91987718],0.7188193171025398,0.3744070243511438
46,[0.77454108],0.2954428038257949,0.23532599318135572
47,[0.29099454],0.5306687963520405,0.2977055051342462
48,[0.68682978],0.5400592267379141,0.19476647058387586
49,[0.43332139],0.43516772145637866,0.14926159820908402
