,0,1,2
0,[0.54547015],0.31081057681630647,0.015359880775504098
1,[0.17186532],0.4215056089328499,0.3941618364200753
2,[0.85293181],0.6003799484342647,0.30284735873817126
3,[0.18022341],0.45096121396147576,0.40847663933020295
4,[0.58870005],0.3323861222271486,0.17107931105231788
5,[0.1207749],0.6565670560673695,0.46880610443235515
6,[0.55469875],0.364827640958181,0.13213102491036866
7,[0.08202618],0.5463375096981478,0.4634439729953481
8,[0.99270517],0.6568478888078094,0.500641869959918
9,[0.25271926],0.612978723376014,0.3359807887188615
10,[0.53296001],0.33133757597476443,0.02278863774855977
11,[0.8921391],0.3938425320680511,0.43917553478427895
12,[0.24209363],0.5351422096746303,0.33245497326733797
13,[0.41762074],0.3732157239377962,0.17501879567403722
14,[0.86794548],0.47091967791481115,0.47641655894999846
15,[0.28633024],0.24984545490576338,0.2796969103648298
16,[0.13769966],0.6851560462921179,0.4325882115129993
17,[0.0507936],0.6466457798910924,0.49467654869953337
18,[0.92829087],0.5132637817022252,0.3735921211534673
19,[0.77995014],0.3806617864918048,0.32698657953705024
20,[0.69447451],0.3890045564404333,0.16151449538653895
21,[0.95343867],0.42829134091876125,0.40796851636020304
22,[0.93194228],0.6064098912608433,0.5143215401315218
23,[0.20739954],0.3966407965811253,0.35862761420486666
24,[0.22335698],0.42707372696436235,0.35922600846642505
25,[0.99751836],0.574050309951265,0.42887749426025146
26,[0.4920633],0.35614579421241127,0.07396384666504496
27,[0.22577487],0.5502104795654348,0.37080414479969426
28,[0.98771616],0.6837631168227001,0.534752599508367
29,[0.75659074],0.256104780465804,0.19256417027556472
30,[0.58258299],0.3090647416016714,0.04927703902841796
31,[0.56602715],0.40959503225037575,0.03306713795794647
32,[0.37184337],0.39055038404844533,0.2168566764457548
33,[0.45296356],0.3463241020044558,0.1366174424290767
34,[0.81726831],0.5557785667755686,0.32520500116506545
35,[0.10200653],0.7052273791832638,0.48669352418407474
36,[0.91715646],0.35785622331932904,0.38419645149053794
37,[0.04387119],0.7336946668909264,0.5221559640719684
38,[0.5745486],0.3711963576862809,0.08248529417224981
39,[0.18049899],0.4640715499113736,0.385528164693946
40,[0.63570166],0.5327827863986874,0.18273810172136506
41,[0.89414345],0.42667272175999127,0.4411798838077271
42,[0.65555994],0.3809998425149145,0.12259992727014168
43,[0.25422487],0.5165694427314534,0.33447517975795793
44,[0.59657902],0.3809099432949564,0.032552448399484124
45,[0.91987718],0.32123376869799103,0.36517842492390806
46,[0.77454108],0.45388041382232913,0.3020276416989705
47,[0.29099454],0.3327738500079002,0.2835540539700434
48,[0.68682978],0.35884194938925645,0.15386976187677737
49,[0.43332139],0.4396053929119306,0.16325762667443244
