,0,1,2
0,[0.54547015],0.32183853556931546,0.00922859942723575
1,[0.17186532],0.39544653425093423,0.3941618364200753
2,[0.85293181],0.6044771507022006,0.31997179599096204
3,[0.18022341],0.5395493300170646,0.39432518816600015
4,[0.58870005],0.3347340329772771,0.05574003662935412
5,[0.1207749],0.3995259099377858,0.46180809019968094
6,[0.55469875],0.28024245638132833,0.02173873696640871
7,[0.08202618],0.5043678267434414,0.5036153424745744
8,[0.99270517],0.7284442362541095,0.4597451612528195
9,[0.25271926],0.3800919827172399,0.3218293375546587
10,[0.53296001],0.28557172832608957,0.02173873696640871
11,[0.8921391],0.4079815406757291,0.3466689464561479
12,[0.24209363],0.5203447748232782,0.33245497326733797
13,[0.41762074],0.22155561298188053,0.15692785988811508
14,[0.86794548],0.6284180327476634,0.33498547034400317
15,[0.28633024],0.23575632421440354,0.2962527498143277
16,[0.13769966],0.4606741690395757,0.43684893526660173
17,[0.0507936],0.2979051481069116,0.5194942728719093
18,[0.92829087],0.7468881361698394,0.3890757893502895
19,[0.77995014],0.4224620467314061,0.24699012874809212
20,[0.69447451],0.4378925654214731,0.18196284974008814
21,[0.95343867],0.5901169264958065,0.4142235851297895
22,[0.93194228],0.4707742866204205,0.4398789744156565
23,[0.20739954],0.5941692665953904,0.3671490617120715
24,[0.22335698],0.5233760709593911,0.35922600846642505
25,[0.99751836],0.8359859151483497,0.452048213908005
26,[0.4920633],0.4005550540399854,0.08248529417224981
27,[0.22577487],0.4237285128518846,0.35680811633434584
28,[0.98771616],0.5636845917587214,0.45475614871940884
29,[0.75659074],0.3744681048878299,0.22363072774887338
30,[0.58258299],0.30416713527825834,0.03711283986827141
31,[0.56602715],0.3594531245580928,0.020557000418773508
32,[0.37184337],0.3554722072792063,0.21073961722384504
33,[0.45296356],0.28912929262823683,0.1256022322252559
34,[0.81726831],0.5856740547841095,0.30475664681151615
35,[0.10200653],0.5180579544056189,0.47254207301987194
36,[0.91715646],0.3669067553940198,0.371686313951365
37,[0.04387119],0.8813238467335326,0.5306774115791733
38,[0.5745486],0.38533720735766464,0.04158858546515132
39,[0.18049899],0.3978468182128413,0.39404961220115087
40,[0.63570166],0.35571397916818925,0.09023151339323399
41,[0.89414345],0.5171529499839229,0.361183433018769
42,[0.65555994],0.32199585780369366,0.12259992727014168
43,[0.25422487],0.44530899701142435,0.32032372859375513
44,[0.59657902],0.38424324430455786,0.05110886833361983
45,[0.91987718],0.6422526300168322,0.3744070243511438
46,[0.77454108],0.3565596987013319,0.22907092441176924
47,[0.29099454],0.478980439934768,0.2977055051342462
48,[0.68682978],0.5162344042832927,0.17431811623032656
49,[0.43332139],0.36873647716652524,0.14926159820908402
