,0,1,2
0,[0.54547015],0.32183853556931546,0.00922859942723575
1,[0.17186532],0.4342732393510064,0.3941618364200753
2,[0.85293181],0.5973703062591589,0.3074616584517891
3,[0.18022341],0.516025629354624,0.39432518816600015
4,[0.58870005],0.4292051775368044,0.04948496785976764
5,[0.1207749],0.4861622626236611,0.46180809019968094
6,[0.55469875],0.3199901948492575,0.02173873696640871
7,[0.08202618],0.45753908474643146,0.5066738720855293
8,[0.99270517],0.7130503788306204,0.4597451612528195
9,[0.25271926],0.5261026740699515,0.3218293375546587
10,[0.53296001],0.3614821779485305,0.02173873696640871
11,[0.8921391],0.48267406294756815,0.3466689464561479
12,[0.24209363],0.5203447748232781,0.33245497326733797
13,[0.41762074],0.27699557054557766,0.15692785988811508
14,[0.86794548],0.6274851719672652,0.33498547034400317
15,[0.28633024],0.49341637186636944,0.2962527498143277
16,[0.13769966],0.46842391357236346,0.43684893526660173
17,[0.0507936],0.4338188765587951,0.5237549966255117
18,[0.92829087],0.7468881361698394,0.395330858119876
19,[0.77995014],0.46956937448210156,0.24699012874809212
20,[0.69447451],0.4378925654214731,0.16151449538653895
21,[0.95343867],0.4908965044637257,0.40796851636020304
22,[0.93194228],0.5192684911598552,0.398982265708558
23,[0.20739954],0.5863278089945188,0.3671490617120715
24,[0.22335698],0.3811384461885788,0.35922600846642505
25,[0.99751836],0.8359859151483497,0.44281961448076923
26,[0.4920633],0.36546768028101495,0.08248529417224981
27,[0.22577487],0.5019559414212078,0.35680811633434584
28,[0.98771616],0.5386246316845942,0.45475614871940884
29,[0.75659074],0.48520320216554624,0.22363072774887338
30,[0.58258299],0.2868441230292621,0.04962297740744437
31,[0.56602715],0.2566877947752607,0.020557000418773508
32,[0.37184337],0.33419703754779845,0.21073961722384504
33,[0.45296356],0.32950769078472975,0.1256022322252559
34,[0.81726831],0.5614274663876153,0.30475664681151615
35,[0.10200653],0.6058930613624746,0.47254207301987194
36,[0.91715646],0.3148736897732612,0.371686313951365
37,[0.04387119],0.804484556435425,0.5346946075503197
38,[0.5745486],0.279585554358596,0.04158858546515132
39,[0.18049899],0.512863705347998,0.39404961220115087
40,[0.63570166],0.41719658924076136,0.09023151339323399
41,[0.89414345],0.5171529499839229,0.361183433018769
42,[0.65555994],0.3664154781060685,0.12259992727014168
43,[0.25422487],0.516887013647748,0.32032372859375513
44,[0.59657902],0.38592269382246713,0.05110886833361983
45,[0.91987718],0.7123982429581956,0.3744070243511438
46,[0.77454108],0.35655969870133186,0.22907092441176924
47,[0.29099454],0.5747568852455366,0.2977055051342462
48,[0.68682978],0.5400592267379141,0.15386976187677737
49,[0.43332139],0.44379612660534207,0.14926159820908402
