,0,1,2
0,[0.54547015],0.31081057681630647,0.008284155193402754
1,[0.17186532],0.32137723494086623,0.3984225601736777
2,[0.85293181],0.2803212012220778,0.30284735873817126
3,[0.18022341],0.43870129998066465,0.40847663933020295
4,[0.58870005],0.295735226863527,0.17107931105231788
5,[0.1207749],0.6565670560673695,0.46180809019968094
6,[0.55469875],0.3656608364701795,0.10656696943818345
7,[0.08202618],0.5737787742466368,0.4953374227498255
8,[0.99270517],0.6568478888078094,0.500641869959918
9,[0.25271926],0.5144868163618187,0.3359807887188615
10,[0.53296001],0.33133757597476443,0.03306713795794647
11,[0.8921391],0.4541294717365548,0.43917553478427895
12,[0.24209363],0.5351422096746303,0.33245497326733797
13,[0.41762074],0.3732157239377962,0.17501879567403722
14,[0.86794548],0.49490485989908883,0.47641655894999846
15,[0.28633024],0.4221698978987547,0.2839576341184322
16,[0.13769966],0.5422466466813256,0.4325882115129993
17,[0.0507936],0.5761535745438925,0.49467654869953337
18,[0.92829087],0.5388626072326038,0.3782064208670852
19,[0.77995014],0.49319862342373016,0.32698657953705024
20,[0.69447451],0.3890045564404333,0.16151449538653895
21,[0.95343867],0.4395767729908836,0.40796851636020304
22,[0.93194228],0.6276312573196365,0.5143215401315218
23,[0.20739954],0.3966407965811253,0.35862761420486666
24,[0.22335698],0.42250438729577555,0.3622845380773799
25,[0.99751836],0.5410578595851835,0.44743391419438716
26,[0.4920633],0.35668993629236706,0.08248529417224981
27,[0.22577487],0.5502104795654349,0.37080414479969426
28,[0.98771616],0.6176722751564537,0.534752599508367
29,[0.75659074],0.4201609623198248,0.1905635897909269
30,[0.58258299],0.2712671377917057,0.06381626299140719
31,[0.56602715],0.40959503225037575,0.03306713795794647
32,[0.37184337],0.3905503840484454,0.19985602661428203
33,[0.45296356],0.32348544115032046,0.1296194281964025
34,[0.81726831],0.4752419099901126,0.32520500116506545
35,[0.10200653],0.5743119869915345,0.48669352418407474
36,[0.91715646],0.47117653699889817,0.37794138272095146
37,[0.04387119],0.8088711027011467,0.5221559640719684
38,[0.5745486],0.3361089839273103,0.08248529417224981
39,[0.18049899],0.4640715499113736,0.385528164693946
40,[0.63570166],0.3731973185171533,0.142739876326886
41,[0.89414345],0.32707232161321986,0.4411798838077271
42,[0.65555994],0.3826714616671704,0.12259992727014168
43,[0.25422487],0.5165694427314534,0.33447517975795793
44,[0.59657902],0.3809099432949564,0.03055186791484632
45,[0.91987718],0.41795873467147737,0.36517842492390806
46,[0.77454108],0.45388041382232913,0.3215775127399003
47,[0.29099454],0.47158758461109374,0.2835540539700434
48,[0.68682978],0.3674686637176301,0.15386976187677737
49,[0.43332139],0.3556775480600082,0.16325762667443244
