,0,1,2
0,[0.54547015],0.3168522274649743,0.00922859942723575
1,[0.17186532],0.5040078984469256,0.40268328392728014
2,[0.85293181],0.6193656638453737,0.31997179599096204
3,[0.18022341],0.516025629354624,0.4023595801082932
4,[0.58870005],0.3981018977521821,0.043229899090181156
5,[0.1207749],0.44460905862939776,0.46180809019968094
6,[0.55469875],0.2802424563813284,0.015483668196822231
7,[0.08202618],0.49496750388283084,0.5005568128636195
8,[0.99270517],0.5256102820250648,0.453490092483233
9,[0.25271926],0.4610416297166021,0.3218293375546587
10,[0.53296001],0.3610405110775766,0.02173873696640871
11,[0.8921391],0.48267406294756815,0.3466689464561479
12,[0.24209363],0.40511595575359516,0.33245497326733797
13,[0.41762074],0.27699557054557766,0.16496225183040814
14,[0.86794548],0.610103959695483,0.33498547034400317
15,[0.28633024],0.4126770646307619,0.2922355538431811
16,[0.13769966],0.5490650875762672,0.43684893526660173
17,[0.0507936],0.5827786972661322,0.5237549966255117
18,[0.92829087],0.7468881361698394,0.395330858119876
19,[0.77995014],0.5046751735424065,0.2878868374551906
20,[0.69447451],0.3734856195293631,0.16151449538653895
21,[0.95343867],0.5451697973579678,0.40796851636020304
22,[0.93194228],0.4981898888982951,0.4194306200621072
23,[0.20739954],0.46711733507949305,0.3671490617120715
24,[0.22335698],0.3339155594877895,0.35922600846642505
25,[0.99751836],0.8431245426990038,0.452048213908005
26,[0.4920633],0.36546768028101495,0.08248529417224981
27,[0.22577487],0.43291375417375166,0.35680811633434584
28,[0.98771616],0.6910528741091999,0.45475614871940884
29,[0.75659074],0.465992218847927,0.22363072774887338
30,[0.58258299],0.2868441230292621,0.04962297740744437
31,[0.56602715],0.30994548081922135,0.020557000418773508
32,[0.37184337],0.30496227487464767,0.21073961722384504
33,[0.45296356],0.28912929262823683,0.12158503625410944
34,[0.81726831],0.5856740547841095,0.32520500116506545
35,[0.10200653],0.7692969369991101,0.47254207301987194
36,[0.91715646],0.3148736897732612,0.371686313951365
37,[0.04387119],0.8128022735284552,0.5387118035214663
38,[0.5745486],0.27958555435859606,0.029078447925978357
39,[0.18049899],0.575975135624484,0.39404961220115087
40,[0.63570166],0.4081326444092788,0.08100291396599824
41,[0.89414345],0.5470347587313873,0.361183433018769
42,[0.65555994],0.29298566576365426,0.12259992727014168
43,[0.25422487],0.5168870136477478,0.32032372859375513
44,[0.59657902],0.3859226938224671,0.05110886833361983
45,[0.91987718],0.6150595381213807,0.3744070243511438
46,[0.77454108],0.34713418366483256,0.22907092441176924
47,[0.29099454],0.5498049470637734,0.29158844591233646
48,[0.68682978],0.5400592267379141,0.15386976187677737
49,[0.43332139],0.43746710078284734,0.14122720626679097
