,0,1,2
0,[0.54547015],0.3168522274649743,0.00922859942723575
1,[0.17186532],0.49584582165597235,0.40268328392728014
2,[0.85293181],0.5612207608538317,0.31997179599096204
3,[0.18022341],0.6646843282697803,0.4023595801082932
4,[0.58870005],0.3981018977521821,0.043229899090181156
5,[0.1207749],0.44460905862939776,0.46180809019968094
6,[0.55469875],0.20805342446031902,0.00922859942723575
7,[0.08202618],0.49496750388283084,0.5005568128636195
8,[0.99270517],0.6585723785938867,0.44723502371364654
9,[0.25271926],0.4610416297166021,0.3218293375546587
10,[0.53296001],0.2592374282556806,0.02173873696640871
11,[0.8921391],0.48267406294756815,0.3466689464561479
12,[0.24209363],0.5203447748232781,0.33245497326733797
13,[0.41762074],0.27699557054557766,0.16094505585926155
14,[0.86794548],0.47419023124359966,0.33498547034400317
15,[0.28633024],0.44935128920582185,0.2922355538431811
16,[0.13769966],0.5246991551531861,0.43684893526660173
17,[0.0507936],0.5504370242285671,0.5237549966255117
18,[0.92829087],0.7468881361698394,0.3890757893502895
19,[0.77995014],0.5100640509098854,0.2674384831016413
20,[0.69447451],0.3658547310802249,0.16151449538653895
21,[0.95343867],0.6964549086743687,0.420478653899376
22,[0.93194228],0.4181747303578113,0.398982265708558
23,[0.20739954],0.5260821222042945,0.3671490617120715
24,[0.22335698],0.4796164239064651,0.35922600846642505
25,[0.99751836],0.8485597679897896,0.452048213908005
26,[0.4920633],0.36546768028101495,0.08248529417224981
27,[0.22577487],0.481252094320811,0.35680811633434584
28,[0.98771616],0.7119560170251782,0.45475614871940884
29,[0.75659074],0.5373538421147962,0.22363072774887338
30,[0.58258299],0.2723831614769002,0.04962297740744437
31,[0.56602715],0.39700142050788945,0.020557000418773508
32,[0.37184337],0.3539847756410038,0.21073961722384504
33,[0.45296356],0.28617212978463274,0.12158503625410944
34,[0.81726831],0.490554738168745,0.32520500116506545
35,[0.10200653],0.6265680450481564,0.47254207301987194
36,[0.91715646],0.3148736897732612,0.37794138272095146
37,[0.04387119],0.8684789156336175,0.5387118035214663
38,[0.5745486],0.35482621883282883,0.029078447925978357
39,[0.18049899],0.512863705347998,0.39404961220115087
40,[0.63570166],0.32938427069276943,0.08100291396599824
41,[0.89414345],0.6341129873746996,0.361183433018769
42,[0.65555994],0.39773666508875655,0.11008978973096872
43,[0.25422487],0.5755353443143219,0.32032372859375513
44,[0.59657902],0.3938555331197858,0.05110886833361983
45,[0.91987718],0.6519242811509482,0.3744070243511438
46,[0.77454108],0.43601742569537044,0.22907092441176924
47,[0.29099454],0.5498049470637734,0.29158844591233646
48,[0.68682978],0.5383876075856582,0.15386976187677737
49,[0.43332139],0.4515790402286216,0.14926159820908402
