,0,1,2
0,[0.54547015],0.2989455503582664,0.00922859942723575
1,[0.17186532],0.49584582165597235,0.40268328392728014
2,[0.85293181],0.5612207608538317,0.31997179599096204
3,[0.18022341],0.6025466103557002,0.4023595801082932
4,[0.58870005],0.37065499961106835,0.043229899090181156
5,[0.1207749],0.44460905862939776,0.46180809019968094
6,[0.55469875],0.27525265902069124,0.00922859942723575
7,[0.08202618],0.5296928593539456,0.5005568128636195
8,[0.99270517],0.6585723785938867,0.4597451612528195
9,[0.25271926],0.4610416297166021,0.3218293375546587
10,[0.53296001],0.24160255841692094,0.02173873696640871
11,[0.8921391],0.3223656002590793,0.3466689464561479
12,[0.24209363],0.4967188761893908,0.33245497326733797
13,[0.41762074],0.27699557054557766,0.15692785988811508
14,[0.86794548],0.4909092327920053,0.3224753328048302
15,[0.28633024],0.4024552909640381,0.2922355538431811
16,[0.13769966],0.5276563179967901,0.43684893526660173
17,[0.0507936],0.40147720352123006,0.5237549966255117
18,[0.92829087],0.7184227666291889,0.3890757893502895
19,[0.77995014],0.5100640509098854,0.24699012874809212
20,[0.69447451],0.3261069926122957,0.16151449538653895
21,[0.95343867],0.6964549086743687,0.40796851636020304
22,[0.93194228],0.43211470506871724,0.398982265708558
23,[0.20739954],0.5847908000674248,0.3671490617120715
24,[0.22335698],0.5312386966376316,0.35922600846642505
25,[0.99751836],0.6881321265595252,0.452048213908005
26,[0.4920633],0.3080867486744118,0.08248529417224981
27,[0.22577487],0.47102647213193694,0.35680811633434584
28,[0.98771616],0.7119560170251782,0.45475614871940884
29,[0.75659074],0.5373538421147961,0.22363072774887338
30,[0.58258299],0.30159686129900043,0.04962297740744437
31,[0.56602715],0.3746589295003261,0.020557000418773508
32,[0.37184337],0.4023077573074915,0.202705225281552
33,[0.45296356],0.3371087031231929,0.12158503625410944
34,[0.81726831],0.490554738168745,0.32520500116506545
35,[0.10200653],0.6265680450481564,0.47254207301987194
36,[0.91715646],0.3148736897732612,0.371686313951365
37,[0.04387119],0.8684789156336175,0.5387118035214663
38,[0.5745486],0.34224832363079793,0.029078447925978357
39,[0.18049899],0.4888785233637204,0.39404961220115087
40,[0.63570166],0.3830579725674278,0.08100291396599824
41,[0.89414345],0.6098428960755515,0.361183433018769
42,[0.65555994],0.39773666508875655,0.11008978973096872
43,[0.25422487],0.575535344314322,0.3283581205360482
44,[0.59657902],0.3844000561429226,0.05110886833361983
45,[0.91987718],0.7335644938240189,0.3744070243511438
46,[0.77454108],0.4360174256953705,0.22907092441176924
47,[0.29099454],0.5155956452175358,0.29158844591233646
48,[0.68682978],0.5315544773177938,0.15386976187677737
49,[0.43332139],0.3768205125819854,0.14926159820908402
