,0,1,2
0,[0.54547015],0.2989455503582664,0.00922859942723575
1,[0.17186532],0.6256598902866455,0.40268328392728014
2,[0.85293181],0.5612207608538317,0.31997179599096204
3,[0.18022341],0.6025466103557002,0.4023595801082932
4,[0.58870005],0.37065499961106835,0.043229899090181156
5,[0.1207749],0.4497717184277333,0.46180809019968094
6,[0.55469875],0.3346536048562113,0.00922859942723575
7,[0.08202618],0.45664351130594116,0.5005568128636195
8,[0.99270517],0.6585723785938867,0.4597451612528195
9,[0.25271926],0.4610416297166021,0.3218293375546587
10,[0.53296001],0.2341937390655257,0.02173873696640871
11,[0.8921391],0.3223656002590793,0.3466689464561479
12,[0.24209363],0.4967188761893908,0.33245497326733797
13,[0.41762074],0.27699557054557766,0.16496225183040814
14,[0.86794548],0.4909092327920053,0.3224753328048302
15,[0.28633024],0.5025537217826963,0.2962527498143277
16,[0.13769966],0.5990938140162527,0.43684893526660173
17,[0.0507936],0.5504370242285671,0.5237549966255117
18,[0.92829087],0.7599320702542414,0.38282072058070304
19,[0.77995014],0.5100640509098854,0.24699012874809212
20,[0.69447451],0.3818540212380165,0.16151449538653895
21,[0.95343867],0.6681887477949298,0.40796851636020304
22,[0.93194228],0.43211470506871724,0.398982265708558
23,[0.20739954],0.5252150547415779,0.3671490617120715
24,[0.22335698],0.6346026410659245,0.35922600846642505
25,[0.99751836],0.8485597679897896,0.452048213908005
26,[0.4920633],0.339113836874067,0.08248529417224981
27,[0.22577487],0.5006946180062938,0.35680811633434584
28,[0.98771616],0.7119560170251782,0.45475614871940884
29,[0.75659074],0.5373538421147962,0.22363072774887338
30,[0.58258299],0.2617203479746944,0.04962297740744437
31,[0.56602715],0.34738848481769147,0.020557000418773508
32,[0.37184337],0.3477073280271724,0.21073961722384504
33,[0.45296356],0.3371087031231929,0.1296194281964025
34,[0.81726831],0.490554738168745,0.32520500116506545
35,[0.10200653],0.6265680450481564,0.47254207301987194
36,[0.91715646],0.46616244633730497,0.371686313951365
37,[0.04387119],0.7220475338769777,0.5387118035214663
38,[0.5745486],0.3360881834899769,0.029078447925978357
39,[0.18049899],0.5252869518204648,0.39404961220115087
40,[0.63570166],0.3830579725674278,0.08100291396599824
41,[0.89414345],0.6098428960755515,0.361183433018769
42,[0.65555994],0.4488788767792702,0.11008978973096872
43,[0.25422487],0.575535344314322,0.3283581205360482
44,[0.59657902],0.3776778602063978,0.05110886833361983
45,[0.91987718],0.6790715786346107,0.3744070243511438
46,[0.77454108],0.4974456493575864,0.22907092441176924
47,[0.29099454],0.5155956452175358,0.29158844591233646
48,[0.68682978],0.5315544773177938,0.15386976187677737
49,[0.43332139],0.3768205125819854,0.14926159820908402
