,0,1,2
0,[0.54547015],0.29894555035826637,0.020557000418773508
1,[0.17186532],0.34792130622819617,0.40268328392728014
2,[0.85293181],0.6193656638453737,0.31997179599096204
3,[0.18022341],0.6025466103557002,0.4023595801082932
4,[0.58870005],0.4126694029719745,0.043229899090181156
5,[0.1207749],0.44460905862939776,0.4648666198106358
6,[0.55469875],0.31428311229284905,0.00922859942723575
7,[0.08202618],0.45664351130594116,0.5005568128636195
8,[0.99270517],0.6585723785938867,0.4597451612528195
9,[0.25271926],0.5485404651193971,0.3218293375546587
10,[0.53296001],0.2847582202523977,0.03306713795794647
11,[0.8921391],0.4422889311333975,0.3466689464561479
12,[0.24209363],0.44104223408422866,0.33245497326733797
13,[0.41762074],0.3326722126507399,0.16496225183040814
14,[0.86794548],0.49672492237720095,0.3224753328048302
15,[0.28633024],0.4556577235409126,0.28821835787203465
16,[0.13769966],0.6856147950173289,0.43684893526660173
17,[0.0507936],0.5504370242285671,0.5237549966255117
18,[0.92829087],0.5227649116430043,0.395330858119876
19,[0.77995014],0.5985440220171646,0.24699012874809212
20,[0.69447451],0.38185402123801654,0.16151449538653895
21,[0.95343867],0.5916220607092224,0.40796851636020304
22,[0.93194228],0.43925333261937133,0.398982265708558
23,[0.20739954],0.37655635582642155,0.3671490617120715
24,[0.22335698],0.5312386966376316,0.35922600846642505
25,[0.99751836],0.8485597679897896,0.452048213908005
26,[0.4920633],0.3080867486744118,0.08248529417224981
27,[0.22577487],0.5006946180062938,0.35680811633434584
28,[0.98771616],0.553837775440913,0.45475614871940884
29,[0.75659074],0.5373538421147962,0.22363072774887338
30,[0.58258299],0.2670743341934144,0.04962297740744437
31,[0.56602715],0.3360179246998717,0.020557000418773508
32,[0.37184337],0.3426632714486466,0.21073961722384504
33,[0.45296356],0.3371087031231929,0.1296194281964025
34,[0.81726831],0.4884296110262092,0.32520500116506545
35,[0.10200653],0.6265680450481564,0.47254207301987194
36,[0.91715646],0.45469267004033076,0.371686313951365
37,[0.04387119],0.7463112788749877,0.5387118035214663
38,[0.5745486],0.3408544610143104,0.029078447925978357
39,[0.18049899],0.5252869518204649,0.39404961220115087
40,[0.63570166],0.3261927816551815,0.08100291396599824
41,[0.89414345],0.6098428960755515,0.361183433018769
42,[0.65555994],0.39062982064571483,0.11008978973096872
43,[0.25422487],0.6168856195710252,0.3283581205360482
44,[0.59657902],0.3776778602063978,0.05110886833361983
45,[0.91987718],0.7188193171025398,0.3744070243511438
46,[0.77454108],0.4974456493575863,0.22907092441176924
47,[0.29099454],0.5155956452175358,0.29158844591233646
48,[0.68682978],0.5383876075856582,0.15386976187677737
49,[0.43332139],0.3768205125819854,0.14926159820908402
