,0,1,2
0,[0.54547015],0.3048904389934963,0.020557000418773508
1,[0.17186532],0.4950915405917383,0.40268328392728014
2,[0.85293181],0.6044771507022006,0.31997179599096204
3,[0.18022341],0.6025466103557002,0.4023595801082932
4,[0.58870005],0.4126694029719745,0.043229899090181156
5,[0.1207749],0.44460905862939776,0.4648666198106358
6,[0.55469875],0.31428311229284905,0.00922859942723575
7,[0.08202618],0.6040301221442185,0.5005568128636195
8,[0.99270517],0.6585723785938867,0.44723502371364654
9,[0.25271926],0.5303754190078317,0.3218293375546587
10,[0.53296001],0.2666326620994054,0.02173873696640871
11,[0.8921391],0.4422889311333975,0.35292401522573436
12,[0.24209363],0.5733464525389664,0.33245497326733797
13,[0.41762074],0.32568861172757535,0.16496225183040814
14,[0.86794548],0.5782790198453256,0.33498547034400317
15,[0.28633024],0.4556577235409126,0.28821835787203465
16,[0.13769966],0.5386352823647257,0.43684893526660173
17,[0.0507936],0.4636149214353102,0.5237549966255117
18,[0.92829087],0.590452633831486,0.395330858119876
19,[0.77995014],0.5931551446496858,0.24699012874809212
20,[0.69447451],0.3818540212380165,0.16151449538653895
21,[0.95343867],0.5916220607092224,0.40796851636020304
22,[0.93194228],0.43925333261937133,0.398982265708558
23,[0.20739954],0.5041392012512065,0.371166257683218
24,[0.22335698],0.6153344274175068,0.35922600846642505
25,[0.99751836],0.8485597679897896,0.452048213908005
26,[0.4920633],0.33074957144184425,0.08248529417224981
27,[0.22577487],0.5469197022004009,0.3487737243920528
28,[0.98771616],0.721030968782995,0.45475614871940884
29,[0.75659074],0.47841355548043046,0.22363072774887338
30,[0.58258299],0.22880545680949466,0.04962297740744437
31,[0.56602715],0.308747480017237,0.020557000418773508
32,[0.37184337],0.3426632714486466,0.21073961722384504
33,[0.45296356],0.3272665068938859,0.1296194281964025
34,[0.81726831],0.5593023392450795,0.32520500116506545
35,[0.10200653],0.6265680450481564,0.47254207301987194
36,[0.91715646],0.45469267004033076,0.371686313951365
37,[0.04387119],0.7463112788749877,0.5306774115791733
38,[0.5745486],0.3641056034404836,0.029078447925978357
39,[0.18049899],0.5252869518204649,0.39404961220115087
40,[0.63570166],0.32619278165518156,0.09023151339323399
41,[0.89414345],0.6399854431685942,0.361183433018769
42,[0.65555994],0.39062982064571483,0.11008978973096872
43,[0.25422487],0.5865105161981429,0.3283581205360482
44,[0.59657902],0.3651272201475545,0.05110886833361983
45,[0.91987718],0.566971250275426,0.3744070243511438
46,[0.77454108],0.39108777164402536,0.22907092441176924
47,[0.29099454],0.5747568852455366,0.29158844591233646
48,[0.68682978],0.5315544773177938,0.15386976187677737
49,[0.43332139],0.3765193907898047,0.14524440223793744
