,0,1,2
0,[0.54547015],0.2632842306710091,0.020557000418773508
1,[0.17186532],0.3402592640905066,0.40268328392728014
2,[0.85293181],0.6121081488337701,0.31997179599096204
3,[0.18022341],0.6025466103557002,0.4023595801082932
4,[0.58870005],0.3391309723622577,0.043229899090181156
5,[0.1207749],0.6077792280657053,0.4679251494215907
6,[0.55469875],0.31428311229284905,0.00922859942723575
7,[0.08202618],0.6040301221442186,0.5005568128636195
8,[0.99270517],0.6585723785938867,0.44723502371364654
9,[0.25271926],0.5303754190078317,0.3218293375546587
10,[0.53296001],0.2666326620994054,0.02173873696640871
11,[0.8921391],0.45135287596488005,0.3466689464561479
12,[0.24209363],0.526583179992299,0.33245497326733797
13,[0.41762074],0.32568861172757535,0.16496225183040814
14,[0.86794548],0.49672492237720095,0.3224753328048302
15,[0.28633024],0.44497635429165827,0.28821835787203465
16,[0.13769966],0.5608397954971075,0.43684893526660173
17,[0.0507936],0.4636149214353102,0.5237549966255117
18,[0.92829087],0.7468881361698394,0.395330858119876
19,[0.77995014],0.6055786052728512,0.24699012874809212
20,[0.69447451],0.3818540212380165,0.16151449538653895
21,[0.95343867],0.5916220607092224,0.40796851636020304
22,[0.93194228],0.559482243119414,0.398982265708558
23,[0.20739954],0.5041392012512065,0.3671490617120715
24,[0.22335698],0.6153344274175068,0.35922600846642505
25,[0.99751836],0.7140180882514275,0.46455835144717794
26,[0.4920633],0.3625105174374109,0.08248529417224981
27,[0.22577487],0.5766009846765829,0.3487737243920528
28,[0.98771616],0.5805277693736395,0.45475614871940884
29,[0.75659074],0.47841355548043046,0.22363072774887338
30,[0.58258299],0.28271771116418876,0.04962297740744437
31,[0.56602715],0.23384991277714265,0.020557000418773508
32,[0.37184337],0.34266327144864656,0.21073961722384504
33,[0.45296356],0.327266506893886,0.1296194281964025
34,[0.81726831],0.5593023392450795,0.28430829245796696
35,[0.10200653],0.6265680450481564,0.47254207301987194
36,[0.91715646],0.45469267004033076,0.38419645149053794
37,[0.04387119],0.7463112788749877,0.5306774115791733
38,[0.5745486],0.38081669817606467,0.029078447925978357
39,[0.18049899],0.5252869518204649,0.39404961220115087
40,[0.63570166],0.3261927816551815,0.09023151339323399
41,[0.89414345],0.6098428960755515,0.361183433018769
42,[0.65555994],0.4488788767792702,0.11008978973096872
43,[0.25422487],0.6022472069837391,0.3283581205360482
44,[0.59657902],0.2961237627382731,0.05110886833361983
45,[0.91987718],0.5529994924569078,0.3744070243511438
46,[0.77454108],0.3910877716440254,0.22907092441176924
47,[0.29099454],0.6062371259970598,0.29158844591233646
48,[0.68682978],0.5315544773177938,0.15386976187677737
49,[0.43332139],0.29913595841174134,0.14122720626679097
