,0,1,2
0,[0.54547015],0.29309425471402656,0.020557000418773508
1,[0.17186532],0.4796435532949742,0.40268328392728014
2,[0.85293181],0.4441079128281718,0.31997179599096204
3,[0.18022341],0.4677334101060042,0.4023595801082932
4,[0.58870005],0.4055622166521111,0.043229899090181156
5,[0.1207749],0.6077792280657052,0.46180809019968094
6,[0.55469875],0.3549693658992004,0.00922859942723575
7,[0.08202618],0.6040301221442186,0.5005568128636195
8,[0.99270517],0.7300511146425681,0.44723502371364654
9,[0.25271926],0.4083639075847607,0.3218293375546587
10,[0.53296001],0.3165903724559098,0.02173873696640871
11,[0.8921391],0.45135287596488005,0.3466689464561479
12,[0.24209363],0.5416549924180817,0.33245497326733797
13,[0.41762074],0.32568861172757535,0.16496225183040814
14,[0.86794548],0.49672492237720095,0.3224753328048302
15,[0.28633024],0.4556577235409126,0.28821835787203465
16,[0.13769966],0.5507043599199003,0.43684893526660173
17,[0.0507936],0.3820608239671855,0.5237549966255117
18,[0.92829087],0.734514093190107,0.395330858119876
19,[0.77995014],0.6461906769537775,0.24699012874809212
20,[0.69447451],0.44490680104051494,0.16151449538653895
21,[0.95343867],0.48497530894765156,0.40796851636020304
22,[0.93194228],0.5594822431194139,0.398982265708558
23,[0.20739954],0.5041392012512065,0.3671490617120715
24,[0.22335698],0.530886981930099,0.35922600846642505
25,[0.99751836],0.7140180882514275,0.452048213908005
26,[0.4920633],0.31861405850002555,0.08248529417224981
27,[0.22577487],0.47446695816801493,0.3487737243920528
28,[0.98771616],0.500111741028466,0.45475614871940884
29,[0.75659074],0.4705602540097417,0.22363072774887338
30,[0.58258299],0.30623385027837025,0.04336790863785789
31,[0.56602715],0.301334109419336,0.020557000418773508
32,[0.37184337],0.4827903042666021,0.21073961722384504
33,[0.45296356],0.3877112838065983,0.1296194281964025
34,[0.81726831],0.5186160856387282,0.28430829245796696
35,[0.10200653],0.6265680450481564,0.47254207301987194
36,[0.91715646],0.6171161237353197,0.38419645149053794
37,[0.04387119],0.7463112788749877,0.5306774115791733
38,[0.5745486],0.3746559117209924,0.029078447925978357
39,[0.18049899],0.5464418435719018,0.39404961220115087
40,[0.63570166],0.32619278165518156,0.08100291396599824
41,[0.89414345],0.5002726021940243,0.348673295479596
42,[0.65555994],0.4488788767792702,0.11008978973096872
43,[0.25422487],0.5627142892619827,0.3283581205360482
44,[0.59657902],0.3651272201475545,0.05110886833361983
45,[0.91987718],0.5481547355738919,0.3744070243511438
46,[0.77454108],0.3910877716440254,0.22907092441176924
47,[0.29099454],0.6062371259970598,0.29158844591233646
48,[0.68682978],0.5141732650460118,0.15386976187677737
49,[0.43332139],0.29775434095801023,0.14122720626679097
