,0,1,2
0,[0.54547015],0.3541839937942993,0.020557000418773508
1,[0.17186532],0.5408186331701826,0.40268328392728014
2,[0.85293181],0.4978491772985483,0.31997179599096204
3,[0.18022341],0.6163921090211606,0.4023595801082932
4,[0.58870005],0.3878448726633791,0.043229899090181156
5,[0.1207749],0.5939337294002448,0.46180809019968094
6,[0.55469875],0.3549693658992005,0.00922859942723575
7,[0.08202618],0.507812434982746,0.49653961689247295
8,[0.99270517],0.8105877714280242,0.44723502371364654
9,[0.25271926],0.4083639075847607,0.3218293375546587
10,[0.53296001],0.2261710105544236,0.02173873696640871
11,[0.8921391],0.44198780934121673,0.35917908399532084
12,[0.24209363],0.5416549924180817,0.33245497326733797
13,[0.41762074],0.35460592281881853,0.16496225183040814
14,[0.86794548],0.6241339014089641,0.3224753328048302
15,[0.28633024],0.532221867657053,0.28821835787203465
16,[0.13769966],0.5246166538036624,0.43684893526660173
17,[0.0507936],0.4875070001347053,0.5237549966255117
18,[0.92829087],0.734514093190107,0.395330858119876
19,[0.77995014],0.6461906769537775,0.24699012874809212
20,[0.69447451],0.3818540212380165,0.16151449538653895
21,[0.95343867],0.6001936598446262,0.40796851636020304
22,[0.93194228],0.6922382124016573,0.398982265708558
23,[0.20739954],0.5120998375938539,0.3671490617120715
24,[0.22335698],0.47137409650090367,0.35922600846642505
25,[0.99751836],0.7103255626827352,0.452048213908005
26,[0.4920633],0.31861405850002555,0.08248529417224981
27,[0.22577487],0.5274681892693733,0.3487737243920528
28,[0.98771616],0.500111741028466,0.45475614871940884
29,[0.75659074],0.4840961560708356,0.22363072774887338
30,[0.58258299],0.30623385027837025,0.04962297740744437
31,[0.56602715],0.31878033215915413,0.020557000418773508
32,[0.37184337],0.39795324063791043,0.21073961722384504
33,[0.45296356],0.3829171923608559,0.1296194281964025
34,[0.81726831],0.5186160856387282,0.28430829245796696
35,[0.10200653],0.6265680450481564,0.47254207301987194
36,[0.91715646],0.4506342084259328,0.38419645149053794
37,[0.04387119],0.7463112788749877,0.5306774115791733
38,[0.5745486],0.3848984964421204,0.019849848498742606
39,[0.18049899],0.5858114288020023,0.39404961220115087
40,[0.63570166],0.3140817083511779,0.08100291396599824
41,[0.89414345],0.6243420661978198,0.348673295479596
42,[0.65555994],0.4488788767792702,0.11008978973096872
43,[0.25422487],0.5627142892619827,0.3283581205360482
44,[0.59657902],0.3660898581864262,0.05110886833361983
45,[0.91987718],0.5481547355738918,0.3744070243511438
46,[0.77454108],0.3296595479818095,0.22907092441176924
47,[0.29099454],0.536365268336837,0.29158844591233646
48,[0.68682978],0.5141732650460118,0.15386976187677737
49,[0.43332139],0.3606278104847398,0.14122720626679097
