,0,1,2
0,[0.54547015],0.28684773957318954,0.020557000418773508
1,[0.17186532],0.5408186331701826,0.40268328392728014
2,[0.85293181],0.5910995029659348,0.31997179599096204
3,[0.18022341],0.6090891034636363,0.4023595801082932
4,[0.58870005],0.32583060503979305,0.043229899090181156
5,[0.1207749],0.4478112778821794,0.46180809019968094
6,[0.55469875],0.3426504381124379,0.00922859942723575
7,[0.08202618],0.46569850015575315,0.4925224209213265
8,[0.99270517],0.8105877714280242,0.4597451612528195
9,[0.25271926],0.34885102215556546,0.3218293375546587
10,[0.53296001],0.30070058037099634,0.02173873696640871
11,[0.8921391],0.5739322478906216,0.35917908399532084
12,[0.24209363],0.4609589996397956,0.33245497326733797
13,[0.41762074],0.4102825649239807,0.16496225183040814
14,[0.86794548],0.6326386508290843,0.3224753328048302
15,[0.28633024],0.5261114940740839,0.28821835787203465
16,[0.13769966],0.6005402593686814,0.43684893526660173
17,[0.0507936],0.3887830199037102,0.5237549966255117
18,[0.92829087],0.5882809097257483,0.395330858119876
19,[0.77995014],0.5781776452741252,0.24699012874809212
20,[0.69447451],0.33987149673980754,0.16151449538653895
21,[0.95343867],0.6001936598446262,0.40796851636020304
22,[0.93194228],0.676068446663959,0.398982265708558
23,[0.20739954],0.5712118532183595,0.3671490617120715
24,[0.22335698],0.4796164239064651,0.351191616524132
25,[0.99751836],0.789190600315935,0.452048213908005
26,[0.4920633],0.2732247514851005,0.08248529417224981
27,[0.22577487],0.5013822286601817,0.3487737243920528
28,[0.98771616],0.6045717555954999,0.45475614871940884
29,[0.75659074],0.4015350920021497,0.22363072774887338
30,[0.58258299],0.30623385027837025,0.04962297740744437
31,[0.56602715],0.31878033215915413,0.020557000418773508
32,[0.37184337],0.501414377640865,0.21073961722384504
33,[0.45296356],0.39933835151845865,0.1296194281964025
34,[0.81726831],0.5186160856387282,0.28430829245796696
35,[0.10200653],0.6265680450481564,0.47254207301987194
36,[0.91715646],0.52442732913625,0.38419645149053794
37,[0.04387119],0.7463112788749877,0.5306774115791733
38,[0.5745486],0.2709085042680006,0.019849848498742606
39,[0.18049899],0.5858114288020023,0.39404961220115087
40,[0.63570166],0.2908608949081306,0.08100291396599824
41,[0.89414345],0.5541037428929935,0.348673295479596
42,[0.65555994],0.4488788767792702,0.11008978973096872
43,[0.25422487],0.5627142892619827,0.3283581205360482
44,[0.59657902],0.32584987821718653,0.05110886833361983
45,[0.91987718],0.5775529658949405,0.3744070243511438
46,[0.77454108],0.3910877716440254,0.22907092441176924
47,[0.29099454],0.4772040283088361,0.29158844591233646
48,[0.68682978],0.4594725922268503,0.15386976187677737
49,[0.43332139],0.3606278104847398,0.14122720626679097
