,0,1,2
0,[0.39341421],0.5907181475668792,[0.19730394]
1,[0.44496416],0.6778594274892528,[0.23289527]
2,[0.84475631],0.4464875735037448,[0.39826874]
3,[0.06582857],0.6778594274892528,[0.61203086]
4,[0.2468096],0.6778594274892528,[0.43104983]
5,[0.66473599],0.5453362302874466,[0.11939976]
6,[0.40369028],0.576660061564882,[0.17296979]
7,[0.39346348],0.5907181475668792,[0.19725467]
8,[0.5976668],0.4464875735037448,[0.15117922]
9,[0.89698831],0.4730887374032684,[0.42389957]
10,[0.41957561],0.5976667981661803,[0.17809118]
11,[0.26018304],0.576660061564882,[0.31647702]
12,[0.21776236],0.5976667981661803,[0.37990444]
13,[0.27580256],0.5419503149483531,[0.26614776]
14,[0.93480246],0.4449641582214221,[0.4898383]
15,[0.86383399],0.5453362302874466,[0.31849776]
16,[0.86610362],0.5085944830111071,[0.35750913]
17,[0.32261997],0.5419503149483531,[0.21933034]
18,[0.89002325],0.4449641582214221,[0.44505909]
19,[0.42585488],0.5976667981661803,[0.17181192]
20,[0.22372802],0.5419503149483531,[0.3182223]
21,[0.94766868],0.4464875735037448,[0.5011811]
22,[0.3201048],0.576660061564882,[0.25655526]
23,[0.64066627],0.4730887374032684,[0.16757753]
24,[0.44648757],0.5976667981661803,[0.15117922]
25,[0.17481414],0.576660061564882,[0.40184592]
26,[0.49568572],0.5419503149483531,[0.04626459]
27,[0.82089939],0.5085944830111071,[0.31230491]
28,[0.13490879],0.5419503149483531,[0.40704153]
29,[0.19263167],0.5907181475668792,[0.39808648]
30,[0.76501582],0.4449641582214221,[0.32005166]
31,[0.54077003],0.5230368583862608,[0.01773317]
32,[0.73855086],0.4464875735037448,[0.29206328]
33,[0.8771875],0.5085944830111071,[0.36859302]
34,[0.36171286],0.576660061564882,[0.2149472]
35,[0.3448488],0.6778594274892528,[0.33301063]
36,[0.79481818],0.4449641582214221,[0.34985402]
37,[0.22091577],0.5907181475668792,[0.36980237]
38,[0.41969935],0.6778594274892528,[0.25816007]
39,[0.07393681],0.5907181475668792,[0.51678134]
40,[0.76880551],0.4449641582214221,[0.32384135]
41,[0.77140189],0.4730887374032684,[0.29831315]
42,[0.86928109],0.4449641582214221,[0.42431693]
43,[0.50715069],0.5419503149483531,[0.03479962]
44,[0.41309479],0.5419503149483531,[0.12885553]
45,[0.98182728],0.4730887374032684,[0.50873854]
46,[0.56015039],0.5618459019415809,[0.00169551]
47,[0.53052207],0.576660061564882,[0.04613799]
48,[0.913534],0.4449641582214221,[0.46856984]
49,[0.12987163],0.6778594274892528,[0.5479878]
50,[0.19622386],0.5976667981661803,[0.40144294]
51,[0.81063003],0.4730887374032684,[0.3375413]
52,[0.7935932],0.5453362302874466,[0.24825697]
53,[0.28175127],0.5976667981661803,[0.31591553]
54,[0.00498174],0.6778594274892528,[0.67287769]
55,[0.8846157],0.4464875735037448,[0.43812812]
56,[0.43814401],0.6778594274892528,[0.23971542]
57,[0.57386235],0.5085944830111071,[0.06526787]
58,[0.22684575],0.6778594274892528,[0.45101367]
59,[0.40540745],0.5907181475668792,[0.1853107]
60,[0.95110771],0.4449641582214221,[0.50614356]
61,[0.95557344],0.5453362302874466,[0.41023721]
62,[0.67779844],0.4730887374032684,[0.2047097]
63,[0.85735576],0.4464875735037448,[0.41086819]
64,[0.91153423],0.5453362302874466,[0.366198]
65,[0.21240675],0.5907181475668792,[0.3783114]
66,[0.87700466],0.5453362302874466,[0.33166843]
67,[0.697832],0.5085944830111071,[0.18923752]
68,[0.68257536],0.5085944830111071,[0.17398088]
69,[0.71045218],0.5453362302874466,[0.16511595]
70,[0.21447383],0.5907181475668792,[0.37624432]
71,[0.1205537],0.5976667981661803,[0.4771131]
72,[0.97242168],0.4464875735037448,[0.5259341]
73,[0.07371224],0.5907181475668792,[0.51700591]
74,[0.51003828],0.5405065228396511,[0.03046825]
75,[0.76955686],0.4730887374032684,[0.29646812]
76,[0.86898403],0.4730887374032684,[0.39589529]
77,[0.44387147],0.576660061564882,[0.13278859]
78,[0.93465521],0.4730887374032684,[0.46156647]
79,[0.72717831],0.4449641582214221,[0.28221415]
80,[0.2284512],0.5419503149483531,[0.31349912]
81,[0.02727274],0.576660061564882,[0.54938732]
82,[0.59316973],0.5453362302874466,[0.0478335]
83,[0.73662725],0.5453362302874466,[0.19129102]
84,[0.01511485],0.5976667981661803,[0.58255195]
85,[0.36288773],0.5976667981661803,[0.23477907]
86,[0.40454892],0.6778594274892528,[0.27331051]
87,[0.33345248],0.576660061564882,[0.24320758]
88,[0.62236769],0.5085944830111071,[0.1137732]
89,[0.67660184],0.4464875735037448,[0.23011426]
90,[0.6597398],0.5085944830111071,[0.15114532]
91,[0.23569615],0.5419503149483531,[0.30625416]
92,[0.67785943],0.4449641582214221,[0.23289527]
93,[0.91169538],0.4464875735037448,[0.4652078]
94,[0.66736785],0.5085944830111071,[0.15877336]
