,0,1,2
0,[0.39341421],0.6777984403111169,[0.28438423]
1,[0.44496416],0.4289216823393736,[0.01604248]
2,[0.84475631],0.5220771858349625,[0.32267913]
3,[0.06582857],0.6778594274892528,[0.61203086]
4,[0.2468096],0.6778594274892528,[0.43104983]
5,[0.66473599],0.5305220706641455,[0.13421392]
6,[0.40369028],0.6218978639273326,[0.21820759]
7,[0.39346348],0.6777984403111169,[0.28433496]
8,[0.5976668],0.6492498497143463,[0.05158305]
9,[0.89698831],0.5407700265838868,[0.35621828]
10,[0.41957561],0.6772001379062385,[0.25762452]
11,[0.26018304],0.5601503899107477,[0.29996735]
12,[0.21776236],0.6772001379062385,[0.45943778]
13,[0.27580256],0.4956857209131198,[0.21988316]
14,[0.93480246],0.6223676857003024,[0.31243477]
15,[0.75659518],0.6218978639273326,[0.13469732]
16,[0.86383399],0.5931697332190164,[0.27066425]
17,[0.86610362],0.4381440111356588,[0.4279596]
18,[0.32261997],0.4956857209131198,[0.17306575]
19,[0.89002325],0.6223676857003024,[0.26765556]
20,[0.42585488],0.6772001379062385,[0.25134526]
21,[0.22372802],0.4956857209131198,[0.27195771]
22,[0.94766868],0.5976667981661803,[0.35000188]
23,[0.3201048],0.5601503899107477,[0.24004559]
24,[0.64066627],0.41309478823510193,[0.22757148]
25,[0.44648757],0.6492498497143463,[0.20276228]
26,[0.17481414],0.6647359949224323,[0.48992185]
27,[0.49568572],0.4381440111356588,[0.05754171]
28,[0.82089939],0.4381440111356588,[0.38275538]
29,[0.13490879],0.4956857209131198,[0.36077693]
30,[0.19263167],0.4381440111356588,[0.24551234]
31,[0.76501582],0.6223676857003024,[0.14264813]
32,[0.54077003],0.41309478823510193,[0.12767524]
33,[0.73855086],0.5976667981661803,[0.14088406]
34,[0.8771875],0.4381440111356588,[0.43904349]
35,[0.36171286],0.6435518403113674,[0.28183898]
36,[0.3448488],0.6778594274892528,[0.33301063]
37,[0.79481818],0.6223676857003024,[0.17245049]
38,[0.22091577],0.5504602082473173,[0.32954443]
39,[0.41969935],0.44155408467854046,[0.02185473]
40,[0.07393681],0.6777984403111169,[0.60386163]
41,[0.76880551],0.4289216823393736,[0.33988382]
42,[0.77140189],0.5407700265838868,[0.23063186]
43,[0.86928109],0.5613812992662695,[0.30789979]
44,[0.50715069],0.6223676857003024,[0.11521699]
45,[0.41309479],0.4956857209131198,[0.08259093]
46,[0.98182728],0.5407700265838868,[0.44105725]
47,[0.56015039],0.5305220706641455,[0.02962832]
48,[0.53052207],0.5601503899107477,[0.02962832]
49,[0.913534],0.6223676857003024,[0.29116631]
50,[0.12987163],0.5601503899107477,[0.43027876]
51,[0.19622386],0.6492498497143463,[0.45302599]
52,[0.81063003],0.5202801728919773,[0.29034986]
53,[0.7935932],0.5601503899107477,[0.23344281]
54,[0.28175127],0.6772001379062385,[0.39544887]
55,[0.00498174],0.5601503899107477,[0.55516865]
56,[0.8846157],0.5220771858349625,[0.36253851]
57,[0.43814401],0.43233175588225525,[0.00581226]
58,[0.57386235],0.5085944830111071,[0.06526787]
59,[0.22684575],0.44155408467854046,[0.21470833]
60,[0.40540745],0.6777984403111169,[0.27239099]
61,[0.95110771],0.5100382751198091,[0.44106944]
62,[0.95557344],0.5305220706641455,[0.42505137]
63,[0.67779844],0.5407700265838868,[0.13702841]
64,[0.85735576],0.5976667981661803,[0.25968896]
65,[0.91153423],0.5305220706641455,[0.38101216]
66,[0.21240675],0.4381440111356588,[0.22573726]
67,[0.87700466],0.5305220706641455,[0.34648259]
68,[0.697832],0.5085944830111071,[0.18923752]
69,[0.68257536],0.5835160439979568,[0.09905932]
70,[0.71045218],0.5305220706641455,[0.17993011]
71,[0.21447383],0.4381440111356588,[0.22367018]
72,[0.1205537],0.5601503899107477,[0.43959669]
73,[0.97242168],0.5220771858349625,[0.45034449]
74,[0.07371224],0.4381440111356588,[0.36443178]
75,[0.51003828],0.5453362302874466,[0.03529796]
76,[0.76955686],0.5976667981661803,[0.17189006]
77,[0.86898403],0.41309478823510193,[0.45588924]
78,[0.25620913],0.67660183550136,[0.42039271]
79,[0.62189786],0.67660183550136,[0.05470397]
80,[0.44387147],0.6435518403113674,[0.19968037]
81,[0.93465521],0.5407700265838868,[0.39388518]
82,[0.72717831],0.6223676857003024,[0.10481062]
83,[0.2284512],0.4956857209131198,[0.26723452]
84,[0.02727274],0.6435518403113674,[0.6162791]
85,[0.59316973],0.6435518403113674,[0.05038211]
86,[0.73662725],0.5931697332190164,[0.14345751]
87,[0.01511485],0.67660183550136,[0.66148698]
88,[0.36288773],0.6492498497143463,[0.28636212]
89,[0.40454892],0.44155408467854046,[0.03700517]
90,[0.33345248],0.4449641582214221,[0.11151167]
91,[0.62236769],0.5835160439979568,[0.03885164]
92,[0.87585442],0.6218978639273326,[0.25395656]
93,[0.67660184],0.5976667981661803,[0.07893504]
94,[0.988425],0.6777984403111169,[0.31062656]
95,[0.6597398],0.4381440111356588,[0.22159579]
96,[0.23569615],0.5453362302874466,[0.30964008]
97,[0.67785943],0.6223676857003024,[0.05549174]
98,[0.91169538],0.5976667981661803,[0.31402858]
99,[0.66736785],0.4381440111356588,[0.22922384]
