,0,1,2
0,[0.39341421],0.6218978639273326,[0.22848366]
1,[0.44496416],0.5407700265838868,[0.09580587]
2,[0.84475631],0.5202801728919773,[0.32447614]
3,[0.06582857],0.5976667981661803,[0.53183823]
4,[0.2468096],0.5738623547768972,[0.32705276]
5,[0.66473599],0.5453362302874466,[0.11939976]
6,[0.40369028],0.6218978639273326,[0.21820759]
7,[0.39346348],0.6218978639273326,[0.22843439]
8,[0.5976668],0.5601503899107477,[0.03751641]
9,[0.89698831],0.5100382751198091,[0.38695003]
10,[0.41957561],0.5931697332190164,[0.17359412]
11,[0.26018304],0.5931697332190164,[0.3329867]
12,[0.21776236],0.5931697332190164,[0.37540738]
13,[0.27580256],0.5738623547768972,[0.29805979]
14,[0.93480246],0.507150690902405,[0.42765177]
15,[0.75659518],0.5738623547768972,[0.18273283]
16,[0.86383399],0.5453362302874466,[0.31849776]
17,[0.86610362],0.5100382751198091,[0.35606534]
18,[0.32261997],0.5504602082473173,[0.22784024]
19,[0.89002325],0.4956857209131198,[0.39433753]
20,[0.42585488],0.5931697332190164,[0.16731486]
21,[0.22372802],0.5738623547768972,[0.35013434]
22,[0.94766868],0.507150690902405,[0.44051799]
23,[0.3201048],0.5976667981661803,[0.277562]
24,[0.64066627],0.5305220706641455,[0.1101442]
25,[0.44648757],0.5738623547768972,[0.12737478]
26,[0.17481414],0.5954182656925984,[0.42060412]
27,[0.49568572],0.5931697332190164,[0.09748401]
28,[0.82089939],0.5305220706641455,[0.29037732]
29,[0.13490879],0.5738623547768972,[0.43895357]
30,[0.19263167],0.5670063723438225,[0.3743747]
31,[0.76501582],0.5305220706641455,[0.23449375]
32,[0.54077003],0.5976667981661803,[0.05689677]
33,[0.73855086],0.5407700265838868,[0.19778083]
34,[0.8771875],0.5305220706641455,[0.34666543]
35,[0.36171286],0.5931697332190164,[0.23145687]
36,[0.3448488],0.5738623547768972,[0.22901356]
37,[0.79481818],0.5305220706641455,[0.26429611]
38,[0.22091577],0.5407700265838868,[0.31985425]
39,[0.41969935],0.5738623547768972,[0.154163]
40,[0.07393681],0.6218978639273326,[0.54796105]
41,[0.76880551],0.5100382751198091,[0.25876723]
42,[0.77140189],0.5100382751198091,[0.26136361]
43,[0.86928109],0.5407700265838868,[0.32851106]
44,[0.50715069],0.5356460486240162,[0.02849536]
45,[0.41309479],0.5407700265838868,[0.12767524]
46,[0.98182728],0.5407700265838868,[0.44105725]
47,[0.56015039],0.5931697332190164,[0.03301934]
48,[0.53052207],0.5601503899107477,[0.02962832]
49,[0.913534],0.5305220706641455,[0.38301193]
50,[0.12987163],0.5670063723438225,[0.43713475]
51,[0.19622386],0.6218978639273326,[0.425674]
52,[0.81063003],0.5504602082473173,[0.26016982]
53,[0.7935932],0.507150690902405,[0.28644251]
54,[0.28175127],0.6218978639273326,[0.34014659]
55,[0.00498174],0.5976667981661803,[0.59268506]
56,[0.8846157],0.5738623547768972,[0.31075334]
57,[0.43814401],0.5407700265838868,[0.10262602]
58,[0.57386235],0.5931697332190164,[0.01930738]
59,[0.22684575],0.5601503899107477,[0.33330464]
60,[0.40540745],0.6223676857003024,[0.21696024]
61,[0.95110771],0.5407700265838868,[0.41033769]
62,[0.95557344],0.5601503899107477,[0.39542305]
63,[0.67779844],0.5670063723438225,[0.11079207]
64,[0.85735576],0.5738623547768972,[0.28349341]
65,[0.91153423],0.5305220706641455,[0.38101216]
66,[0.21240675],0.5601503899107477,[0.34774364]
67,[0.87700466],0.5601503899107477,[0.31685427]
68,[0.697832],0.5100382751198091,[0.18779373]
69,[0.68257536],0.5738623547768972,[0.10871301]
70,[0.71045218],0.5407700265838868,[0.16968216]
71,[0.21447383],0.5601503899107477,[0.34567656]
72,[0.1205537],0.6218978639273326,[0.50134417]
73,[0.97242168],0.5100382751198091,[0.4623834]
74,[0.07371224],0.5976667981661803,[0.52395456]
75,[0.51003828],0.5931697332190164,[0.08313146]
76,[0.76955686],0.5014182059077624,[0.26813866]
77,[0.86898403],0.5305220706641455,[0.33846195]
78,[0.25620913],0.5738623547768972,[0.31765322]
79,[0.62189786],0.5407700265838868,[0.08112784]
80,[0.44387147],0.5670063723438225,[0.1231349]
81,[0.93465521],0.5601503899107477,[0.37450482]
82,[0.72717831],0.507150690902405,[0.22002762]
83,[0.2284512],0.5931697332190164,[0.36471854]
84,[0.02727274],0.5931697332190164,[0.56589699]
85,[0.59316973],0.5504602082473173,[0.04270952]
86,[0.73662725],0.5305220706641455,[0.20610517]
87,[0.01511485],0.5976667981661803,[0.58255195]
88,[0.36288773],0.5601503899107477,[0.19726266]
89,[0.40454892],0.5931697332190164,[0.18862082]
90,[0.33345248],0.5601503899107477,[0.22669791]
91,[0.62236769],0.5305220706641455,[0.09184562]
92,[0.87585442],0.5738623547768972,[0.30199207]
93,[0.67660184],0.507150690902405,[0.16945114]
94,[0.988425],0.5738623547768972,[0.41456265]
95,[0.6597398],0.5100382751198091,[0.14970153]
96,[0.23569615],0.5738623547768972,[0.3381662]
97,[0.67785943],0.5305220706641455,[0.14733736]
98,[0.91169538],0.5407700265838868,[0.37092535]
99,[0.66736785],0.507150690902405,[0.16021716]
