,0,1,2
0,[0.39341421],0.5976667981661803,[0.20425259]
1,[0.44496416],0.5407700265838868,[0.09580587]
2,[0.84475631],0.5100382751198091,[0.33471804]
3,[0.06582857],0.5976667981661803,[0.53183823]
4,[0.2468096],0.5835160439979568,[0.33670644]
5,[0.66473599],0.5601503899107477,[0.10458561]
6,[0.40369028],0.5931697332190164,[0.18947946]
7,[0.39346348],0.6218978639273326,[0.22843439]
8,[0.5976668],0.5601503899107477,[0.03751641]
9,[0.89698831],0.5100382751198091,[0.38695003]
10,[0.41957561],0.5931697332190164,[0.17359412]
11,[0.26018304],0.5738623547768972,[0.31367932]
12,[0.21776236],0.5738623547768972,[0.3561]
13,[0.27580256],0.5738623547768972,[0.29805979]
14,[0.93480246],0.507150690902405,[0.42765177]
15,[0.75659518],0.5601503899107477,[0.19644479]
16,[0.86383399],0.5100382751198091,[0.35379571]
17,[0.86610362],0.5356460486240162,[0.33045757]
18,[0.32261997],0.5601503899107477,[0.23753042]
19,[0.89002325],0.4956857209131198,[0.39433753]
20,[0.42585488],0.5976667981661803,[0.17181192]
21,[0.22372802],0.5738623547768972,[0.35013434]
22,[0.94766868],0.507150690902405,[0.44051799]
23,[0.3201048],0.5976667981661803,[0.277562]
24,[0.64066627],0.5407700265838868,[0.09989624]
25,[0.44648757],0.5931697332190164,[0.14668216]
26,[0.17481414],0.5976667981661803,[0.42285266]
27,[0.49568572],0.5931697332190164,[0.09748401]
28,[0.82089939],0.5305220706641455,[0.29037732]
29,[0.13490879],0.5738623547768972,[0.43895357]
30,[0.19263167],0.5931697332190164,[0.40053806]
31,[0.76501582],0.5100382751198091,[0.25497754]
32,[0.54077003],0.5976667981661803,[0.05689677]
33,[0.73855086],0.5407700265838868,[0.19778083]
34,[0.8771875],0.5305220706641455,[0.34666543]
35,[0.36171286],0.5931697332190164,[0.23145687]
36,[0.3448488],0.5976667981661803,[0.252818]
37,[0.79481818],0.5305220706641455,[0.26429611]
38,[0.22091577],0.5407700265838868,[0.31985425]
39,[0.41969935],0.5835160439979568,[0.16381669]
40,[0.07393681],0.5931697332190164,[0.51923292]
41,[0.76880551],0.507150690902405,[0.26165482]
42,[0.77140189],0.5100382751198091,[0.26136361]
43,[0.86928109],0.5407700265838868,[0.32851106]
44,[0.50715069],0.5504602082473173,[0.04330952]
45,[0.41309479],0.5407700265838868,[0.12767524]
46,[0.98182728],0.5407700265838868,[0.44105725]
47,[0.56015039],0.5738623547768972,[0.01371196]
48,[0.53052207],0.5931697332190164,[0.06264766]
49,[0.913534],0.5356460486240162,[0.37788795]
50,[0.12987163],0.5738623547768972,[0.44399073]
51,[0.19622386],0.5976667981661803,[0.40144294]
52,[0.81063003],0.5504602082473173,[0.26016982]
53,[0.7935932],0.5407700265838868,[0.25282317]
54,[0.28175127],0.5954182656925984,[0.31366699]
55,[0.00498174],0.5976667981661803,[0.59268506]
56,[0.8846157],0.5738623547768972,[0.31075334]
57,[0.43814401],0.5407700265838868,[0.10262602]
58,[0.57386235],0.5931697332190164,[0.01930738]
59,[0.22684575],0.5738623547768972,[0.3470166]
60,[0.40540745],0.6218978639273326,[0.21649042]
61,[0.95110771],0.5305220706641455,[0.42058564]
62,[0.95557344],0.5407700265838868,[0.41480342]
63,[0.67779844],0.5931697332190164,[0.08462871]
64,[0.85735576],0.5738623547768972,[0.28349341]
65,[0.91153423],0.5305220706641455,[0.38101216]
66,[0.21240675],0.5601503899107477,[0.34774364]
67,[0.87700466],0.5601503899107477,[0.31685427]
68,[0.697832],0.4956857209131198,[0.20214628]
69,[0.68257536],0.5601503899107477,[0.12242497]
70,[0.71045218],0.5305220706641455,[0.17993011]
71,[0.21447383],0.5601503899107477,[0.34567656]
72,[0.1205537],0.5976667981661803,[0.4771131]
73,[0.97242168],0.5100382751198091,[0.4623834]
74,[0.07371224],0.5931697332190164,[0.5194575]
75,[0.51003828],0.5835160439979568,[0.07347777]
76,[0.76955686],0.5014182059077624,[0.26813866]
77,[0.86898403],0.5100382751198091,[0.35894575]
78,[0.25620913],0.5931697332190164,[0.3369606]
79,[0.62189786],0.5407700265838868,[0.08112784]
80,[0.44387147],0.5601503899107477,[0.11627892]
81,[0.93465521],0.5670063723438225,[0.36764884]
82,[0.72717831],0.5100382751198091,[0.21714003]
83,[0.2284512],0.5738623547768972,[0.34541116]
84,[0.02727274],0.5931697332190164,[0.56589699]
85,[0.59316973],0.5407700265838868,[0.05239971]
86,[0.73662725],0.5202801728919773,[0.21634707]
87,[0.01511485],0.5931697332190164,[0.57805488]
88,[0.36288773],0.5954182656925984,[0.23253053]
89,[0.40454892],0.5976667981661803,[0.19311788]
90,[0.33345248],0.5931697332190164,[0.25971725]
91,[0.62236769],0.5407700265838868,[0.08159766]
92,[0.87585442],0.5670063723438225,[0.30884805]
93,[0.67660184],0.5305220706641455,[0.14607976]
94,[0.988425],0.5601503899107477,[0.42827461]
95,[0.6597398],0.5202801728919773,[0.13945963]
96,[0.23569615],0.5738623547768972,[0.3381662]
97,[0.67785943],0.5100382751198091,[0.16782115]
98,[0.91169538],0.5407700265838868,[0.37092535]
99,[0.66736785],0.507150690902405,[0.16021716]
