,0,1,2
0,[0.39341421],0.652701131736152,[0.25928692]
1,[0.44496416],0.4451795238006764,[0.00021537]
2,[0.84475631],0.5954182656925984,[0.24933805]
3,[0.06582857],0.5931697332190164,[0.52734117]
4,[0.2468096],0.5931697332190164,[0.34636013]
5,[0.66473599],0.5601503899107477,[0.10458561]
6,[0.40369028],0.6406662685498717,[0.23697599]
7,[0.39346348],0.6647359949224323,[0.27127252]
8,[0.5976668],0.652701131736152,[0.05503433]
9,[0.89698831],0.44572586586258345,[0.45126244]
10,[0.41957561],0.6223676857003024,[0.20279207]
11,[0.26018304],0.5835160439979568,[0.32333301]
12,[0.21776236],0.5670063723438225,[0.34924402]
13,[0.27580256],0.5085944830111071,[0.23279192]
14,[0.93480246],0.507150690902405,[0.42765177]
15,[0.75659518],0.6218978639273326,[0.13469732]
16,[0.86383399],0.5670063723438225,[0.29682762]
17,[0.86610362],0.4956857209131198,[0.37041789]
18,[0.32261997],0.5014182059077624,[0.17879823]
19,[0.89002325],0.4956857209131198,[0.39433753]
20,[0.42585488],0.5931697332190164,[0.16731486]
21,[0.22372802],0.5100382751198091,[0.28631026]
22,[0.94766868],0.5670063723438225,[0.3806623]
23,[0.3201048],0.5931697332190164,[0.27306493]
24,[0.64066627],0.5407700265838868,[0.09989624]
25,[0.44648757],0.5976667981661803,[0.15117922]
26,[0.17481414],0.6100172419332414,[0.4352031]
27,[0.49568572],0.5100382751198091,[0.01435255]
28,[0.82089939],0.4956857209131198,[0.32521367]
29,[0.13490879],0.5100382751198091,[0.37512949]
30,[0.19263167],0.5028619980164645,[0.31023033]
31,[0.76501582],0.5835160439979568,[0.18149977]
32,[0.54077003],0.54667625953965,[0.00590623]
33,[0.73855086],0.5857645764715387,[0.15278628]
34,[0.8771875],0.44441781615951503,[0.43276969]
35,[0.36171286],0.6077687094596594,[0.24605585]
36,[0.3448488],0.5931697332190164,[0.24832094]
37,[0.79481818],0.5670063723438225,[0.22781181]
38,[0.22091577],0.6097823310467565,[0.38886656]
39,[0.41969935],0.4449641582214221,[0.0252648]
40,[0.07393681],0.6647359949224323,[0.59079918]
41,[0.76880551],0.4449641582214221,[0.32384135]
42,[0.77140189],0.5504602082473173,[0.22094168]
43,[0.86928109],0.5305220706641455,[0.33875901]
44,[0.50715069],0.5738623547768972,[0.06671166]
45,[0.41309479],0.5100382751198091,[0.09694349]
46,[0.98182728],0.6218978639273326,[0.35992941]
47,[0.56015039],0.5738623547768972,[0.01371196]
48,[0.53052207],0.5738623547768972,[0.04334028]
49,[0.913534],0.5670063723438225,[0.34652763]
50,[0.12987163],0.6597398048248638,[0.52986818]
51,[0.19622386],0.6221327748138175,[0.42590892]
52,[0.81063003],0.5407700265838868,[0.26986001]
53,[0.7935932],0.5931697332190164,[0.20042346]
54,[0.28175127],0.6435518403113674,[0.36180057]
55,[0.00498174],0.6223676857003024,[0.61738595]
56,[0.8846157],0.578908594038464,[0.3057071]
57,[0.43814401],0.5202801728919773,[0.08213616]
58,[0.57386235],0.5100382751198091,[0.06382408]
59,[0.22684575],0.4956857209131198,[0.26883997]
60,[0.40540745],0.652701131736152,[0.24729368]
61,[0.95110771],0.5305220706641455,[0.42058564]
62,[0.95557344],0.5601503899107477,[0.39542305]
63,[0.67779844],0.6075337985731746,[0.07026464]
64,[0.85735576],0.5601503899107477,[0.29720537]
65,[0.91153423],0.5305220706641455,[0.38101216]
66,[0.21240675],0.5407700265838868,[0.32836328]
67,[0.87700466],0.5305220706641455,[0.34648259]
68,[0.697832],0.5085944830111071,[0.18923752]
69,[0.68257536],0.5100382751198091,[0.17253708]
70,[0.71045218],0.5305220706641455,[0.17993011]
71,[0.21447383],0.5669698799014516,[0.35249605]
72,[0.1205537],0.6223676857003024,[0.50181399]
73,[0.97242168],0.4956857209131198,[0.47673596]
74,[0.07371224],0.5669698799014516,[0.49325764]
75,[0.51003828],0.5601503899107477,[0.05011211]
76,[0.76955686],0.4710866472084323,[0.29847021]
77,[0.86898403],0.43199944347271685,[0.43698458]
78,[0.25620913],0.6097823310467565,[0.3535732]
79,[0.62189786],0.652701131736152,[0.03080327]
80,[0.44387147],0.5931697332190164,[0.14929826]
81,[0.93465521],0.6075337985731746,[0.32712141]
82,[0.72717831],0.5931697332190164,[0.13400858]
83,[0.2284512],0.5305220706641455,[0.30207087]
84,[0.02727274],0.5738623547768972,[0.54658961]
85,[0.59316973],0.5453362302874466,[0.0478335]
86,[0.73662725],0.507150690902405,[0.22947655]
87,[0.01511485],0.5931697332190164,[0.57805488]
88,[0.36288773],0.652701131736152,[0.2898134]
89,[0.40454892],0.4956857209131198,[0.0911368]
90,[0.33345248],0.5305220706641455,[0.19706959]
91,[0.62236769],0.5601503899107477,[0.0622173]
92,[0.87585442],0.5976667981661803,[0.27818762]
93,[0.67660184],0.5976667981661803,[0.07893504]
94,[0.988425],0.6218978639273326,[0.36652714]
95,[0.6597398],0.4956857209131198,[0.16405408]
96,[0.23569615],0.5601503899107477,[0.32445424]
97,[0.67785943],0.5931697332190164,[0.08468969]
98,[0.91169538],0.5976667981661803,[0.31402858]
99,[0.66736785],0.44155408467854046,[0.22581376]
