,0,1,2
0,[0.39341421],0.6502030366873678,[0.25678883]
1,[0.44496416],0.507150690902405,[0.06218653]
2,[0.84475631],0.5601503899107477,[0.28460592]
3,[0.06582857],0.5931697332190164,[0.52734117]
4,[0.2468096],0.5738623547768972,[0.32705276]
5,[0.66473599],0.5601503899107477,[0.10458561]
6,[0.40369028],0.6218978639273326,[0.21820759]
7,[0.39346348],0.631516977125087,[0.2380535]
8,[0.5976668],0.6218978639273326,[0.02423107]
9,[0.89698831],0.4768191322030749,[0.42016918]
10,[0.41957561],0.5931697332190164,[0.17359412]
11,[0.26018304],0.5738623547768972,[0.31367932]
12,[0.21776236],0.5835160439979568,[0.36575369]
13,[0.27580256],0.5356460486240162,[0.25984349]
14,[0.93480246],0.507150690902405,[0.42765177]
15,[0.75659518],0.5504602082473173,[0.20613497]
16,[0.86383399],0.5738623547768972,[0.28997163]
17,[0.86610362],0.507150690902405,[0.35895292]
18,[0.32261997],0.5305220706641455,[0.2079021]
19,[0.89002325],0.4956857209131198,[0.39433753]
20,[0.42585488],0.5976667981661803,[0.17181192]
21,[0.22372802],0.5202801728919773,[0.29655216]
22,[0.94766868],0.5100382751198091,[0.4376304]
23,[0.3201048],0.5976667981661803,[0.277562]
24,[0.64066627],0.5085944830111071,[0.13207179]
25,[0.44648757],0.5976667981661803,[0.15117922]
26,[0.17481414],0.5954182656925984,[0.42060412]
27,[0.49568572],0.5670063723438225,[0.07132065]
28,[0.82089939],0.507150690902405,[0.3137487]
29,[0.13490879],0.5738623547768972,[0.43895357]
30,[0.19263167],0.5305220706641455,[0.3378904]
31,[0.76501582],0.5504602082473173,[0.21455561]
32,[0.54077003],0.5976667981661803,[0.05689677]
33,[0.73855086],0.5738623547768972,[0.1646885]
34,[0.8771875],0.5100382751198091,[0.36714923]
35,[0.36171286],0.5931697332190164,[0.23145687]
36,[0.3448488],0.5305220706641455,[0.18567327]
37,[0.79481818],0.5305220706641455,[0.26429611]
38,[0.22091577],0.5601503899107477,[0.33923462]
39,[0.41969935],0.507150690902405,[0.08745134]
40,[0.07393681],0.6218978639273326,[0.54796105]
41,[0.76880551],0.4464875735037448,[0.32231793]
42,[0.77140189],0.5504602082473173,[0.22094168]
43,[0.86928109],0.5407700265838868,[0.32851106]
44,[0.50715069],0.5601503899107477,[0.0529997]
45,[0.41309479],0.5305220706641455,[0.11742728]
46,[0.98182728],0.5931697332190164,[0.38865754]
47,[0.56015039],0.5931697332190164,[0.03301934]
48,[0.53052207],0.5100382751198091,[0.0204838]
49,[0.913534],0.5305220706641455,[0.38301193]
50,[0.12987163],0.5601503899107477,[0.43027876]
51,[0.19622386],0.6218978639273326,[0.425674]
52,[0.81063003],0.5601503899107477,[0.25047964]
53,[0.7935932],0.5202801728919773,[0.27331302]
54,[0.28175127],0.6218978639273326,[0.34014659]
55,[0.00498174],0.6221327748138175,[0.61715104]
56,[0.8846157],0.5835160439979568,[0.30109965]
57,[0.43814401],0.5305220706641455,[0.09237806]
58,[0.57386235],0.576660061564882,[0.00279771]
59,[0.22684575],0.5407700265838868,[0.31392427]
60,[0.40540745],0.6406662685498717,[0.23525882]
61,[0.95110771],0.5305220706641455,[0.42058564]
62,[0.95557344],0.5453362302874466,[0.41023721]
63,[0.67779844],0.5931697332190164,[0.08462871]
64,[0.85735576],0.5931697332190164,[0.26418603]
65,[0.91153423],0.5305220706641455,[0.38101216]
66,[0.21240675],0.576660061564882,[0.36425331]
67,[0.87700466],0.5453362302874466,[0.33166843]
68,[0.697832],0.5100382751198091,[0.18779373]
69,[0.68257536],0.5738623547768972,[0.10871301]
70,[0.71045218],0.5407700265838868,[0.16968216]
71,[0.21447383],0.5931697332190164,[0.37869591]
72,[0.1205537],0.6223676857003024,[0.50181399]
73,[0.97242168],0.5202801728919773,[0.4521415]
74,[0.07371224],0.6218978639273326,[0.54818563]
75,[0.51003828],0.5738623547768972,[0.06382408]
76,[0.76955686],0.507150690902405,[0.26240617]
77,[0.86898403],0.4956857209131198,[0.3732983]
78,[0.25620913],0.6097823310467565,[0.3535732]
79,[0.62189786],0.5954182656925984,[0.0264796]
80,[0.44387147],0.5931697332190164,[0.14929826]
81,[0.93465521],0.5931697332190164,[0.34148548]
82,[0.72717831],0.5305220706641455,[0.19665624]
83,[0.2284512],0.6097823310467565,[0.38133113]
84,[0.02727274],0.5670063723438225,[0.53973363]
85,[0.59316973],0.5738623547768972,[0.01930738]
86,[0.73662725],0.5305220706641455,[0.20610517]
87,[0.01511485],0.6097823310467565,[0.59466748]
88,[0.36288773],0.6218978639273326,[0.25901013]
89,[0.40454892],0.5738623547768972,[0.16931344]
90,[0.33345248],0.5504602082473173,[0.21700772]
91,[0.62236769],0.5305220706641455,[0.09184562]
92,[0.87585442],0.5976667981661803,[0.27818762]
93,[0.67660184],0.5305220706641455,[0.14607976]
94,[0.988425],0.5976667981661803,[0.3907582]
95,[0.6597398],0.5100382751198091,[0.14970153]
96,[0.23569615],0.5407700265838868,[0.30507388]
97,[0.67785943],0.5601503899107477,[0.11770904]
98,[0.91169538],0.5954182656925984,[0.31627711]
99,[0.66736785],0.4956857209131198,[0.17168213]
