,0,1,2
0,[0.54547015],0.2978722543092174,0.024817724172375932
1,[0.17186532],0.5831401231881014,0.3610946984621288
2,[0.85293181],0.5265496214345762,0.3074616584517891
3,[0.18022341],0.7349287389189653,0.40847663933020295
4,[0.58870005],0.3151642139452899,0.043229899090181156
5,[0.1207749],0.5012117402733783,0.41844018156182305
6,[0.55469875],0.25704676958810707,0.01737560261623583
7,[0.08202618],0.580450632304668,0.48826169716772405
8,[0.99270517],0.6783946625453031,0.42667802329487303
9,[0.25271926],0.5675915673703564,0.43411051396628475
10,[0.53296001],0.3601771524667268,0.17936579695878097
11,[0.8921391],0.5107246347175349,0.4433123142613433
12,[0.24209363],0.5269574746601476,0.29086638780218665
13,[0.41762074],0.26579074963569277,0.15102013160989025
14,[0.86794548],0.5076441562901827,0.34456445621434806
15,[0.28633024],0.37082314802282845,0.2823106295938098
16,[0.13769966],0.7690040446498764,0.49800200073385736
17,[0.0507936],0.8817015123596501,0.5682778634991534
18,[0.92829087],0.5670819033575143,0.4049098439902209
19,[0.77995014],0.43051552800356063,0.256569114618437
20,[0.69447451],0.5197036635838524,0.23963248695157008
21,[0.95343867],0.6355251779617912,0.40796851636020304
22,[0.93194228],0.5707333109461962,0.4085612515789029
23,[0.20739954],0.6129112915277692,0.47943023812369756
24,[0.22335698],0.4191460748867736,0.31585809982856716
25,[0.99751836],0.7191291788108886,0.42723048973562905
26,[0.4920633],0.23601372334934673,0.07657756589402498
27,[0.22577487],0.5945359542077506,0.46105490080367884
28,[0.98771616],0.7112874166286731,0.41742828700785994
29,[0.75659074],0.5907166214836114,0.5023658708774772
30,[0.58258299],0.47348791384713307,0.03711283986827141
31,[0.56602715],0.32871220307770077,0.008521447507204849
32,[0.37184337],0.3485968757928485,0.19844450152794957
33,[0.45296356],0.3273034427787646,0.0862515195585446
34,[0.81726831],0.5318069311446281,0.29388727832831185
35,[0.10200653],0.4973038191965921,0.3509570367657625
36,[0.91715646],0.7411466931136078,0.371686313951365
37,[0.04387119],0.625921979765162,0.5306774115791733
38,[0.5745486],0.3321207820805827,0.008521447507204849
39,[0.18049899],0.6301881142215835,0.38814188392292603
40,[0.63570166],0.4226403806545142,0.2821074478911879
41,[0.89414345],0.5880890012573057,0.348673295479596
42,[0.65555994],0.5180531468244683,0.4013350703987455
43,[0.25422487],0.37552914365569856,0.1987386923396457
44,[0.59657902],0.41198045711486725,0.1436154566617509
45,[0.91987718],0.608383643220715,0.3538500239323703
46,[0.77454108],0.42727008792527066,0.2511600478212871
47,[0.29099454],0.42822329367785816,0.2835540539700434
48,[0.68682978],0.3746433078807717,0.16344874774712226
49,[0.43332139],0.38698943608248876,0.253508382678417
