,0,1,2
0,[0.54547015],0.3072797596753992,0.029078447925978357
1,[0.17186532],0.6223206851387844,0.4247137043349216
2,[0.85293181],0.5369036975870788,0.2783832105258107
3,[0.18022341],0.5906612123578563,0.39432518816600015
4,[0.58870005],0.36408521491690093,0.043229899090181156
5,[0.1207749],0.5506255777405114,0.44525225075018304
6,[0.55469875],0.18839913729962282,0.0626354456735072
7,[0.08202618],0.5216198008496613,0.4925224209213265
8,[0.99270517],0.6490514186983335,0.4801935156063687
9,[0.25271926],0.3728461707278313,0.32584653352580517
10,[0.53296001],0.36434049500969645,0.04158858546515132
11,[0.8921391],0.540126537658774,0.3466689464561479
12,[0.24209363],0.40344798389508496,0.31260512476859537
13,[0.41762074],0.3933705852558377,0.21808092535537071
14,[0.86794548],0.4705399678960912,0.3224753328048302
15,[0.28633024],0.36428345367356013,0.369229699677025
16,[0.13769966],0.6159323875714418,0.4283274877593969
17,[0.0507936],0.7988407117780434,0.5317893885678048
18,[0.92829087],0.41231397732058256,0.3679279206576984
19,[0.77995014],0.32348764862860335,0.2054015432829408
20,[0.69447451],0.39227502083197996,0.11992590992138763
21,[0.95343867],0.6888641127068865,0.4613753626064745
22,[0.93194228],0.6718332125759954,0.4398789744156565
23,[0.20739954],0.3520397578048973,0.3472992132133289
24,[0.22335698],0.3948855380796933,0.3370059685211583
25,[0.99751836],0.5026530795301429,0.46455835144717794
26,[0.4920633],0.2301162954074341,0.09051968611454286
27,[0.22577487],0.3807119915686329,0.34025227688484794
28,[0.98771616],0.73840110676249,0.45475614871940884
29,[0.75659074],0.5338838625051336,0.22363072774887338
30,[0.58258299],0.42255784486558634,0.07007133176099356
31,[0.56602715],0.3759054692007431,0.07396384666504496
32,[0.37184337],0.38559859027936133,0.17824107706919146
33,[0.45296356],0.31770329113395945,0.10739938825113571
34,[0.81726831],0.40104124790799406,0.30475664681151615
35,[0.10200653],0.5847592365321463,0.4640206255126671
36,[0.91715646],0.5855540816401636,0.371686313951365
37,[0.04387119],0.7288700180804008,0.544828862743376
38,[0.5745486],0.2542639831131624,0.008034391942293051
39,[0.18049899],0.6157365724115615,0.4051425337543988
40,[0.63570166],0.36943064908269674,0.2023802717340466
41,[0.89414345],0.38084044239267395,0.3394446960523603
42,[0.65555994],0.3373989521073139,0.08953278931219522
43,[0.25422487],0.4311105116525824,0.2912452806677768
44,[0.59657902],0.45202931737497715,0.1436154566617509
45,[0.91987718],0.7345901858289048,0.42691538728479583
46,[0.77454108],0.28435400433611296,0.22445662469815142
47,[0.29099454],0.4760127866073381,0.29158844591233646
48,[0.68682978],0.16158643415547277,0.13213102491036866
49,[0.43332139],0.26997620458446203,0.12704155826381724
