,0,1,2
0,[0.54547015],0.3072797596753992,0.029078447925978357
1,[0.17186532],0.6223206851387844,0.4247137043349216
2,[0.85293181],0.6174403543725349,0.2783832105258107
3,[0.18022341],0.6527989302719364,0.39432518816600015
4,[0.58870005],0.3010004589235427,0.043229899090181156
5,[0.1207749],0.45053055680284454,0.44525225075018304
6,[0.55469875],0.18839913729962282,0.0626354456735072
7,[0.08202618],0.5665669299875,0.4925224209213265
8,[0.99270517],0.6490514186983335,0.500641869959918
9,[0.25271926],0.2519260533836651,0.32584653352580517
10,[0.53296001],0.36434049500969645,0.04158858546515132
11,[0.8921391],0.540126537658774,0.3466689464561479
12,[0.24209363],0.3801732816952218,0.31260512476859537
13,[0.41762074],0.3933705852558377,0.17895828029575656
14,[0.86794548],0.4705399678960912,0.3224753328048302
15,[0.28633024],0.4998363306744754,0.3593005615081577
16,[0.13769966],0.6159323875714418,0.4283274877593969
17,[0.0507936],0.7988407117780434,0.5317893885678048
18,[0.92829087],0.41231397732058256,0.3735921211534673
19,[0.77995014],0.29210207665098026,0.2054015432829408
20,[0.69447451],0.3034726270490461,0.11992590992138763
21,[0.95343867],0.5570290643988208,0.4613753626064745
22,[0.93194228],0.6709003517955971,0.4398789744156565
23,[0.20739954],0.3520397578048973,0.3472992132133289
24,[0.22335698],0.4146966809916316,0.3370059685211583
25,[0.99751836],0.5757024275781472,0.46455835144717794
26,[0.4920633],0.2740847604043408,0.09051968611454286
27,[0.22577487],0.5018946989842028,0.34025227688484794
28,[0.98771616],0.6398966225782248,0.45475614871940884
29,[0.75659074],0.5338838625051336,0.22363072774887338
30,[0.58258299],0.3990783307230443,0.09051968611454286
31,[0.56602715],0.3759054692007431,0.07396384666504496
32,[0.37184337],0.3928550307611289,0.18851957727857827
33,[0.45296356],0.31770329113395945,0.10739938825113571
34,[0.81726831],0.4375888682522671,0.30475664681151615
35,[0.10200653],0.675710466276028,0.47254207301987194
36,[0.91715646],0.35206876300703227,0.371686313951365
37,[0.04387119],0.6175805184931454,0.544828862743376
38,[0.5745486],0.26054586997317,0.008034391942293051
39,[0.18049899],0.6157365724115615,0.4020840041434439
40,[0.63570166],0.3581790009590839,0.2023802717340466
41,[0.89414345],0.4905936825682427,0.3394446960523603
42,[0.65555994],0.3373989521073139,0.08953278931219522
43,[0.25422487],0.4311105116525824,0.2912452806677768
44,[0.59657902],0.45202931737497715,0.1436154566617509
45,[0.91987718],0.7345901858289048,0.42691538728479583
46,[0.77454108],0.3573482371911475,0.22907092441176924
47,[0.29099454],0.4648580100051679,0.2875712499411899
48,[0.68682978],0.16158643415547277,0.13213102491036866
49,[0.43332139],0.2560061227379623,0.13270575875958612
