,0,1,2
0,[0.54547015],0.27836244858415615,0.029078447925978357
1,[0.17186532],0.6897795220353589,0.41683473509148294
2,[0.85293181],0.5026890232619168,0.28690465803301557
3,[0.18022341],0.6527989302719364,0.39432518816600015
4,[0.58870005],0.342553662917806,0.043229899090181156
5,[0.1207749],0.5880756451817085,0.44525225075018304
6,[0.55469875],0.22954575003957975,0.0626354456735072
7,[0.08202618],0.5665669299875,0.4925224209213265
8,[0.99270517],0.6494845498629042,0.500641869959918
9,[0.25271926],0.3552471024086491,0.32584653352580517
10,[0.53296001],0.31206449011169984,0.04962297740744437
11,[0.8921391],0.5128009777831696,0.3466689464561479
12,[0.24209363],0.34161180970898547,0.31826932526436424
13,[0.41762074],0.402531693413626,0.16496225183040814
14,[0.86794548],0.4705399678960913,0.3178610330912124
15,[0.28633024],0.3662813423857418,0.30236980903623745
16,[0.13769966],0.5601853589457209,0.4283274877593969
17,[0.0507936],0.7988407117780434,0.5317893885678048
18,[0.92829087],0.47123778137150507,0.3735921211534673
19,[0.77995014],0.24671470398634332,0.2252513917816834
20,[0.69447451],0.36505794342172543,0.12844735742859248
21,[0.95343867],0.6386504181117194,0.4409270082529252
22,[0.93194228],0.6782542867203395,0.4398789744156565
23,[0.20739954],0.38502005333820605,0.3472992132133289
24,[0.22335698],0.4137052704939941,0.3370059685211583
25,[0.99751836],0.5757024275781473,0.46455835144717794
26,[0.4920633],0.34297774861486297,0.09051968611454286
27,[0.22577487],0.5388223970571013,0.34025227688484794
28,[0.98771616],0.6563936814126747,0.45475614871940884
29,[0.75659074],0.34742942095781293,0.22363072774887338
30,[0.58258299],0.3990783307230443,0.07007133176099356
31,[0.56602715],0.3613398693282425,0.020557000418773508
32,[0.37184337],0.44395420989456175,0.202705225281552
33,[0.45296356],0.3241265073826888,0.11306358874690459
34,[0.81726831],0.5192841961183078,0.2780532236883805
35,[0.10200653],0.497471805558504,0.4640206255126671
36,[0.91715646],0.44233192233627455,0.37794138272095146
37,[0.04387119],0.6659106325327058,0.5387118035214663
38,[0.5745486],0.27503040264088946,0.008034391942293051
39,[0.18049899],0.5680198712618361,0.4051425337543988
40,[0.63570166],0.3332306022529443,0.18273810172136506
41,[0.89414345],0.38443050923308775,0.3440589957659782
42,[0.65555994],0.40388994676078144,0.11008978973096872
43,[0.25422487],0.4268112340144188,0.2958595803813946
44,[0.59657902],0.45202931737497715,0.1436154566617509
45,[0.91987718],0.572778061407908,0.3869171618903168
46,[0.77454108],0.2870459832757962,0.22907092441176924
47,[0.29099454],0.4056098870499377,0.29158844591233646
48,[0.68682978],0.16158643415547277,0.1413596243376044
49,[0.43332139],0.2560061227379623,0.13270575875958612
