,0,1,2
0,[0.54547015],0.32907969755026406,0.029078447925978357
1,[0.17186532],0.5952110138894949,0.4067004798984266
2,[0.85293181],0.33006438936334775,0.28690465803301557
3,[0.18022341],0.462376375336201,0.4023595801082932
4,[0.58870005],0.2669565300660738,0.02267289867140765
5,[0.1207749],0.45253216341427616,0.44525225075018304
6,[0.55469875],0.22729230117524413,0.00922859942723575
7,[0.08202618],0.5665669299875,0.4925224209213265
8,[0.99270517],0.6527957177528038,0.453490092483233
9,[0.25271926],0.3483082847197024,0.3359807887188615
10,[0.53296001],0.3493744973156828,0.01251013753917296
11,[0.8921391],0.42944567456412946,0.35917908399532084
12,[0.24209363],0.47380186963608645,0.33245497326733797
13,[0.41762074],0.36625304881468934,0.17501879567403722
14,[0.86794548],0.45885893963549673,0.31324673337759446
15,[0.28633024],0.41513843261891237,0.28821835787203465
16,[0.13769966],0.5432227664011989,0.43684893526660173
17,[0.0507936],0.7384663547194776,0.5317893885678048
18,[0.92829087],0.36844267694699734,0.38282072058070304
19,[0.77995014],0.38878138042543364,0.2252513917816834
20,[0.69447451],0.31147440343031824,0.13977575842013024
21,[0.95343867],0.37587024927500884,0.40796851636020304
22,[0.93194228],0.45836931070924525,0.398982265708558
23,[0.20739954],0.38502005333820605,0.3529634137090978
24,[0.22335698],0.4498948590239375,0.351191616524132
25,[0.99751836],0.531174924789485,0.46455835144717794
26,[0.4920633],0.39324379902489376,0.08248529417224981
27,[0.22577487],0.5476383365666617,0.34451300063845036
28,[0.98771616],0.7671043643776472,0.49565285742650733
29,[0.75659074],0.3437669541374267,0.22363072774887338
30,[0.58258299],0.44022494346300123,0.09051968611454286
31,[0.56602715],0.3843150177699071,0.011328400991537757
32,[0.37184337],0.38766324978293554,0.202705225281552
33,[0.45296356],0.4308796592868145,0.11306358874690459
34,[0.81726831],0.4375888682522671,0.26256955549155825
35,[0.10200653],0.48784844335429856,0.4640206255126671
36,[0.91715646],0.44233192233627444,0.371686313951365
37,[0.04387119],0.5258046473582967,0.544828862743376
38,[0.5745486],0.3613718892598098,0.019849848498742606
39,[0.18049899],0.3675444013439112,0.37986396419817714
40,[0.63570166],0.31356075208734824,0.10274165093240695
41,[0.89414345],0.24905954167667205,0.3337804955565914
42,[0.65555994],0.38504654280954914,0.08953278931219522
43,[0.25422487],0.43342962474703717,0.3118022810865503
44,[0.59657902],0.424719613883064,0.10451571457989128
45,[0.91987718],0.5688485672586208,0.3744070243511438
46,[0.77454108],0.3424597240479744,0.22907092441176924
47,[0.29099454],0.474131460255015,0.29158844591233646
48,[0.68682978],0.21646120770782545,0.13213102491036866
49,[0.43332139],0.2560061227379623,0.13270575875958612
