,0,1,2
0,[0.54547015],0.34871914410132937,0.024817724172375932
1,[0.17186532],0.5771070766665863,0.40268328392728014
2,[0.85293181],0.33006438936334775,0.28690465803301557
3,[0.18022341],0.658232194285322,0.3983423841371466
4,[0.58870005],0.2964895149455525,0.02267289867140765
5,[0.1207749],0.44223382993364657,0.44525225075018304
6,[0.55469875],0.21758706429749236,0.00922859942723575
7,[0.08202618],0.6256789456120055,0.4925224209213265
8,[0.99270517],0.7019085228443961,0.4597451612528195
9,[0.25271926],0.47487759061119805,0.34385975796230017
10,[0.53296001],0.3493744973156828,0.01251013753917296
11,[0.8921391],0.39611901024054447,0.35917908399532084
12,[0.24209363],0.3347966115207169,0.33245497326733797
13,[0.41762074],0.38635442039637213,0.16496225183040814
14,[0.86794548],0.47848488468498135,0.31324673337759446
15,[0.28633024],0.40767191991039364,0.2922355538431811
16,[0.13769966],0.5432227664011989,0.45100038643080453
17,[0.0507936],0.7384663547194776,0.5317893885678048
18,[0.92829087],0.36588666743872017,0.38282072058070304
19,[0.77995014],0.2780706974604612,0.2252513917816834
20,[0.69447451],0.3043357758796642,0.149004357847366
21,[0.95343867],0.462932463357794,0.40796851636020304
22,[0.93194228],0.49885155152797267,0.4194306200621072
23,[0.20739954],0.3034263500661654,0.35862761420486666
24,[0.22335698],0.504022850063641,0.351191616524132
25,[0.99751836],0.5311749247894849,0.46455835144717794
26,[0.4920633],0.4060431580978047,0.08248529417224981
27,[0.22577487],0.39177481400798625,0.3487737243920528
28,[0.98771616],0.7671043643776472,0.49565285742650733
29,[0.75659074],0.2704034512112207,0.22363072774887338
30,[0.58258299],0.44788908831675445,0.09051968611454286
31,[0.56602715],0.40202612293459394,0.008521447507204849
32,[0.37184337],0.38766324978293554,0.202705225281552
33,[0.45296356],0.34633174191882593,0.11306358874690459
34,[0.81726831],0.4267018170400048,0.26256955549155825
35,[0.10200653],0.5464967740208725,0.4640206255126671
36,[0.91715646],0.5682468877462631,0.38419645149053794
37,[0.04387119],0.596755625910832,0.544828862743376
38,[0.5745486],0.35283312165368086,0.008521447507204849
39,[0.18049899],0.4347890224262206,0.385528164693946
40,[0.63570166],0.3135607520873482,0.10274165093240695
41,[0.89414345],0.3238094520148837,0.3281162950608225
42,[0.65555994],0.3955890472934121,0.08953278931219522
43,[0.25422487],0.46849993233897413,0.3004738800950125
44,[0.59657902],0.3918308465969601,0.06361900587279279
45,[0.91987718],0.5799832643895657,0.36517842492390806
46,[0.77454108],0.45784374242718046,0.22907092441176924
47,[0.29099454],0.46194814757008923,0.29158844591233646
48,[0.68682978],0.29004811449429824,0.1413596243376044
49,[0.43332139],0.24928392680143743,0.12137735776804837
