,0,1,2
0,[0.10493631],0.5714356543703927,0.46649933996271
1,[0.96662251],0.5459211018855686,0.42070140850327453
2,[0.2907808],0.5593024987637654,0.2685216990859072
3,[0.12291172],0.5714356543703927,0.44852393283654746
4,[0.73266113],0.48392361788086313,0.2487375144827949
5,[0.93948305],0.5454243800822899,0.3940586658861933
6,[0.23589528],0.5593024987637654,0.3234072150456866
7,[0.88391551],0.5449276582790111,0.33898784989658926
8,[0.91858184],0.5449276582790111,0.373654181289089
9,[0.54492766],0.5714356543703927,0.026507996091381547
10,[0.71159243],0.505078571015161,0.20651386351243628
11,[0.67107291],0.5449276582790111,0.12614524782717373
12,[0.80766521],0.4652294837513108,0.3424357258682348
13,[0.78552218],0.5454243800822899,0.2400978000189472
14,[0.18735052],0.5593024987637654,0.3719519744652494
15,[0.43964215],0.5952067933985522,0.1555646427682169
16,[0.86100616],0.5026177520104155,0.358388412375679
17,[0.5593025],0.5449276582790111,0.014374840484754237
18,[0.20152805],0.565369076567079,0.36384102810195895
19,[0.43260885],0.5833212238844725,0.1507123727770152
20,[0.96357031],0.5026177520104155,0.4609525588694813
21,[0.26478113],0.5714356543703927,0.30665452031539064
22,[0.90631114],0.48392361788086313,0.4223875171841037
23,[0.46522948],0.5593024987637654,0.09407301501245457
24,[0.92150548],0.5026177520104155,0.4188877269930147
25,[0.08524848],0.5650361209583047,0.47978764375543526
26,[0.33033624],0.5586365875462167,0.2283003449410964
27,[0.84428238],0.5449276582790111,0.2993547198179676
28,[0.65935983],0.5026177520104155,0.15674207700528064
29,[0.50261775],0.5593024987637654,0.05668474675334989
30,[0.60889491],0.5454243800822899,0.06347052676626774
31,[0.43947281],0.5952067933985522,0.15573398617829048
32,[0.23693775],0.5714356543703927,0.334497906591953
33,[0.82647572],0.5449276582790111,0.2815480625557345
34,[0.34014047],0.558969543154991,0.21882907027012766
35,[0.18811224],0.5714356543703927,0.38332341438670303
36,[0.24876517],0.5586365875462167,0.309871417537977
37,[0.20011915],0.5593024987637654,0.3591833500803461
38,[0.70822861],0.5459211018855686,0.16230751216800055
39,[0.05864576],0.5714356543703927,0.5127898908613016
40,[0.9396121],0.45243581719082304,0.4871762844035954
41,[0.8486505],0.5522788447158926,0.2963716594758127
42,[0.59520679],0.5026177520104155,0.09258904138813673
43,[0.07950076],0.5714356543703927,0.4919348970830375
44,[0.30938399],0.5952067933985522,0.28582280750019506
45,[0.2754045],0.5586365875462167,0.28323208490315843
46,[0.9824814],0.5026177520104155,0.4798636434027874
47,[0.02841835],0.6088949068485576,0.5804765545829385
48,[0.34965268],0.565369076567079,0.21571639179837876
49,[0.95412267],0.5026177520104155,0.4515049141142937
50,[0.24203657],0.5593024987637654,0.3172659292979826
51,[0.2046038],0.5512752163166156,0.34667142024358844
52,[0.24924021],0.5833212238844725,0.3340810161600968
53,[0.70333456],0.5026177520104155,0.20071680641702672
54,[0.57143565],0.5449276582790111,0.026507996091381547
55,[0.69984047],0.5026177520104155,0.1972227180087558
56,[0.08292119],0.5586365875462167,0.4757154016921472
57,[0.74960093],0.4652294837513108,0.2843714500797677
58,[0.62949757],0.5026177520104155,0.126879820215276
59,[0.63630506],0.5026177520104155,0.13368730555769937
60,[0.85252726],0.5026177520104155,0.3499095041413127
61,[0.25444089],0.5714356543703927,0.316994759791851
62,[0.55127522],0.5026177520104155,0.048657464306200104
63,[0.241542],0.5714356543703927,0.3298936578451144
64,[0.02809167],0.5714356543703927,0.5433439804008348
65,[0.62676695],0.5242694269479921,0.10249752250936317
66,[0.88174457],0.5449276582790111,0.3368169158940856
67,[0.24443227],0.5593024987637654,0.3148702332741242
68,[0.12262135],0.5593024987637654,0.43668114803611957
69,[0.00125318],0.565369076567079,0.5641158916844446
70,[0.5459211],0.4652294837513108,0.08069161813425785
71,[0.67853254],0.5026177520104155,0.1759147847107213
72,[0.22758569],0.5512752163166156,0.3236895268452886
73,[0.18944454],0.5593024987637654,0.36985795442602254
74,[0.99101469],0.5449276582790111,0.4460870300738594
75,[0.94525586],0.5237727051447133,0.4214831534907083
76,[0.61211199],0.5449276582790111,0.06718433525168577
77,[0.81573881],0.4652294837513108,0.3505093240473659
78,[0.8428893],0.5449276582790111,0.29796164195902364
79,[0.55863659],0.5593024987637654,0.0006659112175486648
80,[0.23075904],0.5593024987637654,0.3285434605802926
81,[0.90827476],0.5449276582790111,0.36334710353869426
82,[0.34779934],0.5593024987637654,0.2115031576660923
83,[0.91622206],0.5586365875462167,0.3575854719920545
84,[0.19866564],0.5952067933985522,0.396541153184896
85,[0.73110838],0.4652294837513108,0.2658788929443502
86,[0.88152306],0.5459211018855686,0.3356019556619271
87,[0.61620678],0.5026177520104155,0.11358902645999092
88,[0.73595998],0.5459211018855686,0.19003888290092008
89,[0.11453326],0.6020508501235549,0.4875175877319887
90,[0.02449777],0.5714356543703927,0.5469378854911958
91,[0.00908184],0.5512752163166156,0.5421933770013367
92,[0.84466684],0.5449276582790111,0.2997391773903565
93,[0.11004098],0.5586365875462167,0.4485956041926322
94,[0.67875359],0.5449276582790111,0.1338259317504975
95,[0.02715812],0.5586365875462167,0.5314784716431997
96,[0.07226719],0.558969543154991,0.4867023557240012
97,[0.80489506],0.5026177520104155,0.30227730987309553
98,[0.17752377],0.5593024987637654,0.3817787290624135
99,[0.7369994],0.5459211018855686,0.1910782967178032
