,0,1,2
0,[0.10493631],0.5593024987637654,0.45436618435608267
1,[0.96662251],0.5449276582790111,0.42169485210983204
2,[0.2907808],0.5714356543703927,0.2806548546925345
3,[0.12291172],0.5593024987637654,0.43639077722992015
4,[0.73266113],0.4652294837513108,0.26743164861234725
5,[0.93948305],0.5459211018855686,0.39356194408291456
6,[0.23589528],0.565369076567079,0.32947379284900025
7,[0.88391551],0.5449276582790111,0.33898784989658926
8,[0.91858184],0.5449276582790111,0.373654181289089
9,[0.54492766],0.5593024987637654,0.014374840484754237
10,[0.71159243],0.4652294837513108,0.24636295077628645
11,[0.67107291],0.5449276582790111,0.12614524782717373
12,[0.80766521],0.4652294837513108,0.3424357258682348
13,[0.78552218],0.5449276582790111,0.24059452182222596
14,[0.18735052],0.5952067933985522,0.40785626910003625
15,[0.43964215],0.6088949068485576,0.16925275621822233
16,[0.86100616],0.5237727051447133,0.33723345924138115
17,[0.5593025],0.5237727051447133,0.035529793619052064
18,[0.20152805],0.5593024987637654,0.3577744502986453
19,[0.43260885],0.5714356543703927,0.1388268032629354
20,[0.96357031],0.5449276582790111,0.4186426526008856
21,[0.26478113],0.5714356543703927,0.30665452031539064
22,[0.90631114],0.48392361788086313,0.4223875171841037
23,[0.46522948],0.5593024987637654,0.09407301501245457
24,[0.92150548],0.5026177520104155,0.4188877269930147
25,[0.08524848],0.5714356543703927,0.48618717716752324
26,[0.33033624],0.5512752163166156,0.2209389737114953
27,[0.84428238],0.5449276582790111,0.2993547198179676
28,[0.65935983],0.5026177520104155,0.15674207700528064
29,[0.50261775],0.5714356543703927,0.0688179023599772
30,[0.60889491],0.5459211018855686,0.06297380496298899
31,[0.43947281],0.6088949068485576,0.1694220996282959
32,[0.23693775],0.5952067933985522,0.3582690456201125
33,[0.82647572],0.5449276582790111,0.2815480625557345
34,[0.34014047],0.5593024987637654,0.219162025878902
35,[0.18811224],0.5714356543703927,0.38332341438670303
36,[0.24876517],0.5714356543703927,0.32267048436215295
37,[0.20011915],0.5593024987637654,0.3591833500803461
38,[0.70822861],0.5026177520104155,0.2056108620431537
39,[0.05864576],0.5593024987637654,0.5006567352546742
40,[0.9396121],0.4652294837513108,0.47438261784310765
41,[0.8486505],0.5459211018855686,0.30272940230613665
42,[0.59520679],0.5026177520104155,0.09258904138813673
43,[0.07950076],0.5714356543703927,0.4919348970830375
44,[0.30938399],0.5952067933985522,0.28582280750019506
45,[0.2754045],0.5952067933985522,0.31980229075549393
46,[0.9824814],0.5026177520104155,0.4798636434027874
47,[0.02841835],0.5714356543703927,0.5430173021047735
48,[0.34965268],0.5593024987637654,0.2096498139950651
49,[0.95412267],0.5026177520104155,0.4515049141142937
50,[0.24203657],0.5593024987637654,0.3172659292979826
51,[0.2046038],0.558969543154991,0.3543657470819639
52,[0.24924021],0.5833212238844725,0.3340810161600968
53,[0.70333456],0.5449276582790111,0.15840690014843106
54,[0.57143565],0.5449276582790111,0.026507996091381547
55,[0.69984047],0.5026177520104155,0.1972227180087558
56,[0.08292119],0.565369076567079,0.48244789071300953
57,[0.74960093],0.48392361788086313,0.2656773159502154
58,[0.62949757],0.5026177520104155,0.126879820215276
59,[0.63630506],0.5026177520104155,0.13368730555769937
60,[0.85252726],0.5449276582790111,0.30759959787271707
61,[0.25444089],0.5593024987637654,0.3048616041852237
62,[0.55127522],0.5449276582790111,0.0063475580376044505
63,[0.241542],0.565369076567079,0.3238270800418007
64,[0.02809167],0.5714356543703927,0.5433439804008348
65,[0.62676695],0.5454243800822899,0.08134256937506534
66,[0.88174457],0.5454243800822899,0.3363201940908068
67,[0.24443227],0.5593024987637654,0.3148702332741242
68,[0.12262135],0.5593024987637654,0.43668114803611957
69,[0.00125318],0.5714356543703927,0.5701824694877583
70,[0.5459211],0.5449276582790111,0.0009934436065575092
71,[0.67853254],0.5454243800822899,0.1331081566388469
72,[0.22758569],0.5512752163166156,0.3236895268452886
73,[0.18944454],0.5593024987637654,0.36985795442602254
74,[0.99101469],0.5449276582790111,0.4460870300738594
75,[0.94525586],0.5454243800822899,0.3998314785531317
76,[0.61211199],0.5449276582790111,0.06718433525168577
77,[0.81573881],0.5026177520104155,0.3131210557882612
78,[0.8428893],0.5449276582790111,0.29796164195902364
79,[0.55863659],0.5512752163166156,0.007361371229601121
80,[0.23075904],0.5586365875462167,0.32787754936274394
81,[0.90827476],0.5449276582790111,0.36334710353869426
82,[0.34779934],0.5593024987637654,0.2115031576660923
83,[0.91622206],0.5449276582790111,0.37129440125926005
84,[0.19866564],0.5833212238844725,0.3846555836708163
85,[0.73110838],0.4652294837513108,0.2658788929443502
86,[0.88152306],0.5449276582790111,0.3365953992684846
87,[0.61620678],0.5026177520104155,0.11358902645999092
88,[0.73595998],0.5449276582790111,0.1910323265074776
89,[0.11453326],0.5952067933985522,0.48067353100698607
90,[0.02449777],0.6020508501235549,0.577553081244358
91,[0.00908184],0.5586365875462167,0.5495547482309379
92,[0.84466684],0.5449276582790111,0.2997391773903565
93,[0.11004098],0.5586365875462167,0.4485956041926322
94,[0.67875359],0.5459211018855686,0.13283248814394
95,[0.02715812],0.5714356543703927,0.5442775384673757
96,[0.07226719],0.5593024987637654,0.48703531133277556
97,[0.80489506],0.5237727051447133,0.2811223567387977
98,[0.17752377],0.5586365875462167,0.38111281784486484
99,[0.7369994],0.5459211018855686,0.1910782967178032
