,0,1,2
0,[0.10493631],0.6088949068485576,0.5039585924408749
1,[0.96662251],0.5026177520104155,0.4640047583784277
2,[0.2907808],0.5593024987637654,0.2685216990859072
3,[0.12291172],0.6121119935306969,0.4892002719968517
4,[0.73266113],0.5026177520104155,0.23004338035324257
5,[0.93948305],0.5449276582790111,0.39455538768947207
6,[0.23589528],0.5593024987637654,0.3234072150456866
7,[0.88391551],0.5237727051447133,0.3601428030308871
8,[0.91858184],0.5454243800822899,0.37315745948581025
9,[0.54492766],0.5714356543703927,0.026507996091381547
10,[0.71159243],0.5454243800822899,0.16616805444530736
11,[0.67107291],0.5449276582790111,0.12614524782717373
12,[0.80766521],0.4652294837513108,0.3424357258682348
13,[0.78552218],0.5454243800822899,0.2400978000189472
14,[0.18735052],0.6036593934646246,0.41630886916610865
15,[0.43964215],0.5952067933985522,0.1555646427682169
16,[0.86100616],0.5449276582790111,0.3160785061070833
17,[0.5593025],0.5549559019314161,0.004346596832349281
18,[0.20152805],0.5593024987637654,0.3577744502986453
19,[0.43260885],0.5952067933985522,0.16259794229109492
20,[0.96357031],0.4652294837513108,0.49834082712858596
21,[0.26478113],0.5613554353435042,0.29657430128850215
22,[0.90631114],0.48392361788086313,0.4223875171841037
23,[0.46522948],0.6088949068485576,0.14366542309724684
24,[0.92150548],0.5242694269479921,0.3972360520554381
25,[0.08524848],0.5586365875462167,0.47338811034334727
26,[0.33033624],0.5549559019314161,0.2246196593262958
27,[0.84428238],0.505078571015161,0.33920380708181774
28,[0.65935983],0.5026177520104155,0.15674207700528064
29,[0.50261775],0.565369076567079,0.06275132455666355
30,[0.60889491],0.5237727051447133,0.08512220170384432
31,[0.43947281],0.6088949068485576,0.1694220996282959
32,[0.23693775],0.5593024987637654,0.3223647509853257
33,[0.82647572],0.5449276582790111,0.2815480625557345
34,[0.34014047],0.558969543154991,0.21882907027012766
35,[0.18811224],0.558969543154991,0.3708573031713014
36,[0.24876517],0.5512752163166156,0.30251004630837586
37,[0.20011915],0.6162067784704064,0.4160876297869871
38,[0.70822861],0.5459211018855686,0.16230751216800055
39,[0.05864576],0.565369076567079,0.5067233130579879
40,[0.9396121],0.48392361788086313,0.4556884837135553
41,[0.8486505],0.5586365875462167,0.2900139166454886
42,[0.59520679],0.48392361788086313,0.11128317551768907
43,[0.07950076],0.5714356543703927,0.4919348970830375
44,[0.30938399],0.5714356543703927,0.26205166847203554
45,[0.2754045],0.5512752163166156,0.2758707136735573
46,[0.9824814],0.5026177520104155,0.4798636434027874
47,[0.02841835],0.6088949068485576,0.5804765545829385
48,[0.34965268],0.6020508501235549,0.2523981653548546
49,[0.95412267],0.5026177520104155,0.4515049141142937
50,[0.24203657],0.5593024987637654,0.3172659292979826
51,[0.2046038],0.5512752163166156,0.34667142024358844
52,[0.24924021],0.5714356543703927,0.32219544664601696
53,[0.70333456],0.5026177520104155,0.20071680641702672
54,[0.57143565],0.5449276582790111,0.026507996091381547
55,[0.69984047],0.5237727051447133,0.17606776487445797
56,[0.08292119],0.5650361209583047,0.4821149351042352
57,[0.74960093],0.4652294837513108,0.2843714500797677
58,[0.62949757],0.5026177520104155,0.126879820215276
59,[0.63630506],0.5026177520104155,0.13368730555769937
60,[0.85252726],0.5026177520104155,0.3499095041413127
61,[0.25444089],0.5901652806094752,0.33572438603093346
62,[0.55127522],0.5026177520104155,0.048657464306200104
63,[0.241542],0.5714356543703927,0.3298936578451144
64,[0.02809167],0.6088949068485576,0.5808032328789997
65,[0.62676695],0.5242694269479921,0.10249752250936317
66,[0.88174457],0.5449276582790111,0.3368169158940856
67,[0.24443227],0.5714356543703927,0.32700338888075153
68,[0.12262135],0.5593024987637654,0.43668114803611957
69,[0.00125318],0.5593024987637654,0.558049313881131
70,[0.5459211],0.505078571015161,0.04084253087040768
71,[0.67853254],0.5237727051447133,0.15475983157642348
72,[0.22758569],0.5512752163166156,0.3236895268452886
73,[0.18944454],0.5714356543703927,0.38199111003264985
74,[0.99101469],0.5237727051447133,0.46724198320815724
75,[0.94525586],0.5026177520104155,0.44263810662500613
76,[0.61211199],0.5449276582790111,0.06718433525168577
77,[0.81573881],0.4652294837513108,0.3505093240473659
78,[0.8428893],0.4711299513203754,0.3717593489176594
79,[0.55863659],0.552611800324667,0.0060247872215497544
80,[0.23075904],0.5586365875462167,0.32787754936274394
81,[0.90827476],0.5512752163166156,0.3569995455010898
82,[0.34779934],0.558969543154991,0.21117020205731796
83,[0.91622206],0.5586365875462167,0.3575854719920545
84,[0.19866564],0.5772546460811587,0.37858900586750255
85,[0.73110838],0.4652294837513108,0.2658788929443502
86,[0.88152306],0.5485981591010921,0.3329248984464036
87,[0.61620678],0.5237727051447133,0.09243407332569309
88,[0.73595998],0.5485981591010921,0.1873618256853966
89,[0.11453326],0.5714356543703927,0.45690239197882654
90,[0.02449777],0.5901652806094752,0.5656675117302783
91,[0.00908184],0.565369076567079,0.5562872372518002
92,[0.84466684],0.5449276582790111,0.2997391773903565
93,[0.11004098],0.5586365875462167,0.4485956041926322
94,[0.67875359],0.5026177520104155,0.17613583801909316
95,[0.02715812],0.5512752163166156,0.5241171004135986
96,[0.07226719],0.565369076567079,0.4931018891360892
97,[0.80489506],0.5449276582790111,0.2599674036044999
98,[0.17752377],0.5593024987637654,0.3817787290624135
99,[0.7369994],0.5512752163166156,0.18572418228675625
