,0,1,2
0,[0.10493631],0.5714356543703927,0.46649933996271
1,[0.96662251],0.5459211018855686,0.42070140850327453
2,[0.2907808],0.558969543154991,0.26818874347713284
3,[0.12291172],0.5714356543703927,0.44852393283654746
4,[0.73266113],0.5026177520104155,0.23004338035324257
5,[0.93948305],0.5454243800822899,0.3940586658861933
6,[0.23589528],0.5593024987637654,0.3234072150456866
7,[0.88391551],0.5237727051447133,0.3601428030308871
8,[0.91858184],0.5449276582790111,0.373654181289089
9,[0.54492766],0.565369076567079,0.020441418288067892
10,[0.71159243],0.5449276582790111,0.1666647762485861
11,[0.67107291],0.5449276582790111,0.12614524782717373
12,[0.80766521],0.4652294837513108,0.3424357258682348
13,[0.78552218],0.5512752163166156,0.2342469637846215
14,[0.18735052],0.5593024987637654,0.3719519744652494
15,[0.43964215],0.5952067933985522,0.1555646427682169
16,[0.86100616],0.5237727051447133,0.33723345924138115
17,[0.5593025],0.5481014372978134,0.011201061465952011
18,[0.20152805],0.5714356543703927,0.3699076059052726
19,[0.43260885],0.5833212238844725,0.1507123727770152
20,[0.96357031],0.4652294837513108,0.49834082712858596
21,[0.26478113],0.5512752163166156,0.28649408226161355
22,[0.90631114],0.48392361788086313,0.4223875171841037
23,[0.46522948],0.565369076567079,0.10013959281576823
24,[0.92150548],0.5026177520104155,0.4188877269930147
25,[0.08524848],0.5714356543703927,0.48618717716752324
26,[0.33033624],0.5586365875462167,0.2283003449410964
27,[0.84428238],0.5449276582790111,0.2993547198179676
28,[0.65935983],0.5026177520104155,0.15674207700528064
29,[0.50261775],0.5593024987637654,0.05668474675334989
30,[0.60889491],0.5449276582790111,0.0639672485695465
31,[0.43947281],0.6088949068485576,0.1694220996282959
32,[0.23693775],0.565369076567079,0.32843132878863934
33,[0.82647572],0.5449276582790111,0.2815480625557345
34,[0.34014047],0.5586365875462167,0.21849611466135332
35,[0.18811224],0.5593024987637654,0.3711902587800757
36,[0.24876517],0.5769216904723844,0.3281565204641447
37,[0.20011915],0.5833212238844725,0.3832020752010532
38,[0.70822861],0.5055752928184397,0.20265332123512947
39,[0.05864576],0.5833212238844725,0.5246754603753814
40,[0.9396121],0.4652294837513108,0.47438261784310765
41,[0.8486505],0.5522788447158926,0.2963716594758127
42,[0.59520679],0.5237727051447133,0.0714340882538389
43,[0.07950076],0.5593024987637654,0.4798017414764102
44,[0.30938399],0.5952067933985522,0.28582280750019506
45,[0.2754045],0.5512752163166156,0.2758707136735573
46,[0.9824814],0.5237727051447133,0.4587086902684896
47,[0.02841835],0.6105034501896273,0.5820850979240081
48,[0.34965268],0.5593024987637654,0.2096498139950651
49,[0.95412267],0.48392361788086313,0.47019904824384606
50,[0.24203657],0.5593024987637654,0.3172659292979826
51,[0.2046038],0.5512752163166156,0.34667142024358844
52,[0.24924021],0.5952067933985522,0.3459665856741765
53,[0.70333456],0.5026177520104155,0.20071680641702672
54,[0.57143565],0.5449276582790111,0.026507996091381547
55,[0.69984047],0.5237727051447133,0.17606776487445797
56,[0.08292119],0.5593024987637654,0.4763813129096959
57,[0.74960093],0.4652294837513108,0.2843714500797677
58,[0.62949757],0.5026177520104155,0.126879820215276
59,[0.63630506],0.5026177520104155,0.13368730555769937
60,[0.85252726],0.5026177520104155,0.3499095041413127
61,[0.25444089],0.5714356543703927,0.316994759791851
62,[0.55127522],0.5026177520104155,0.048657464306200104
63,[0.241542],0.5714356543703927,0.3298936578451144
64,[0.02809167],0.5714356543703927,0.5433439804008348
65,[0.62676695],0.5512752163166156,0.07549173314073965
66,[0.88174457],0.5454243800822899,0.3363201940908068
67,[0.24443227],0.5586783781279807,0.31424611263833957
68,[0.12262135],0.5593024987637654,0.43668114803611957
69,[0.00125318],0.5593024987637654,0.558049313881131
70,[0.5459211],0.48392361788086313,0.061997484004705505
71,[0.67853254],0.5026177520104155,0.1759147847107213
72,[0.22758569],0.5485981591010921,0.32101246962976515
73,[0.18944454],0.5714356543703927,0.38199111003264985
74,[0.99101469],0.5449276582790111,0.4460870300738594
75,[0.94525586],0.5026177520104155,0.44263810662500613
76,[0.61211199],0.5449276582790111,0.06718433525168577
77,[0.81573881],0.4652294837513108,0.3505093240473659
78,[0.8428893],0.5026177520104155,0.3402715482276193
79,[0.55863659],0.5593024987637654,0.0006659112175486648
80,[0.23075904],0.5586365875462167,0.32787754936274394
81,[0.90827476],0.5449276582790111,0.36334710353869426
82,[0.34779934],0.5593024987637654,0.2115031576660923
83,[0.91622206],0.5586365875462167,0.3575854719920545
84,[0.19866564],0.5833212238844725,0.3846555836708163
85,[0.73110838],0.4652294837513108,0.2658788929443502
86,[0.88152306],0.5459211018855686,0.3356019556619271
87,[0.61620678],0.5026177520104155,0.11358902645999092
88,[0.73595998],0.5459211018855686,0.19003888290092008
89,[0.11453326],0.5952067933985522,0.48067353100698607
90,[0.02449777],0.5714356543703927,0.5469378854911958
91,[0.00908184],0.558969543154991,0.5498877038397122
92,[0.84466684],0.5237727051447133,0.3208941305246543
93,[0.11004098],0.5512752163166156,0.4412342329630311
94,[0.67875359],0.5237727051447133,0.15498088488479533
95,[0.02715812],0.5586365875462167,0.5314784716431997
96,[0.07226719],0.5593024987637654,0.48703531133277556
97,[0.80489506],0.5237727051447133,0.2811223567387977
98,[0.17752377],0.5593024987637654,0.3817787290624135
99,[0.7369994],0.5512752163166156,0.18572418228675625
