,0,1,2
0,[0.10493631],0.5714356543703927,0.46649933996271
1,[0.96662251],0.5449276582790111,0.42169485210983204
2,[0.2907808],0.5714356543703927,0.2806548546925345
3,[0.12291172],0.5714356543703927,0.44852393283654746
4,[0.73266113],0.5449276582790111,0.1877334740846469
5,[0.93948305],0.5449276582790111,0.39455538768947207
6,[0.23589528],0.5714356543703927,0.3355403706523139
7,[0.88391551],0.5449276582790111,0.33898784989658926
8,[0.91858184],0.5449276582790111,0.373654181289089
9,[0.54492766],0.5586365875462167,0.013708929267205572
10,[0.71159243],0.5449276582790111,0.1666647762485861
11,[0.67107291],0.5449276582790111,0.12614524782717373
12,[0.80766521],0.5449276582790111,0.26273755134053445
13,[0.78552218],0.5449276582790111,0.24059452182222596
14,[0.18735052],0.5833212238844725,0.39597069958595654
15,[0.43964215],0.5714356543703927,0.13179350374005738
16,[0.86100616],0.5449276582790111,0.3160785061070833
17,[0.5593025],0.5459211018855686,0.013381396878196727
18,[0.20152805],0.5593024987637654,0.3577744502986453
19,[0.43260885],0.5593024987637654,0.12669364765630808
20,[0.96357031],0.5449276582790111,0.4186426526008856
21,[0.26478113],0.5714356543703927,0.30665452031539064
22,[0.90631114],0.5449276582790111,0.3613834767859557
23,[0.46522948],0.5714356543703927,0.10620617061908189
24,[0.92150548],0.5026177520104155,0.4188877269930147
25,[0.08524848],0.5952067933985522,0.5099583161956828
26,[0.33033624],0.5714356543703927,0.2410994117652724
27,[0.84428238],0.5449276582790111,0.2993547198179676
28,[0.65935983],0.5026177520104155,0.15674207700528064
29,[0.50261775],0.5714356543703927,0.0688179023599772
30,[0.60889491],0.5449276582790111,0.0639672485695465
31,[0.43947281],0.5714356543703927,0.13196284715013096
32,[0.23693775],0.5952067933985522,0.3582690456201125
33,[0.82647572],0.5459211018855686,0.280554618949177
34,[0.34014047],0.5714356543703927,0.2312951814855293
35,[0.18811224],0.5714356543703927,0.38332341438670303
36,[0.24876517],0.5714356543703927,0.32267048436215295
37,[0.20011915],0.5714356543703927,0.3713165056869734
38,[0.70822861],0.5449276582790111,0.16330095577455805
39,[0.05864576],0.5714356543703927,0.5127898908613016
40,[0.9396121],0.5026177520104155,0.43699434958400296
41,[0.8486505],0.5459211018855686,0.30272940230613665
42,[0.59520679],0.5449276582790111,0.050279135119541074
43,[0.07950076],0.5714356543703927,0.4919348970830375
44,[0.30938399],0.5714356543703927,0.26205166847203554
45,[0.2754045],0.5952067933985522,0.31980229075549393
46,[0.9824814],0.5026177520104155,0.4798636434027874
47,[0.02841835],0.5593024987637654,0.5308841464981462
48,[0.34965268],0.5714356543703927,0.22178296960169241
49,[0.95412267],0.5449276582790111,0.40919500784569807
50,[0.24203657],0.5714356543703927,0.3293990849046099
51,[0.2046038],0.5952067933985522,0.39060299732552506
52,[0.24924021],0.5714356543703927,0.32219544664601696
53,[0.70333456],0.5449276582790111,0.15840690014843106
54,[0.57143565],0.5449276582790111,0.026507996091381547
55,[0.69984047],0.5449276582790111,0.15491281174016014
56,[0.08292119],0.5714356543703927,0.4885144685163232
57,[0.74960093],0.5449276582790111,0.20467327555206738
58,[0.62949757],0.5026177520104155,0.126879820215276
59,[0.63630506],0.5449276582790111,0.09137739928910371
60,[0.85252726],0.5026177520104155,0.3499095041413127
61,[0.25444089],0.5593024987637654,0.3048616041852237
62,[0.55127522],0.5586365875462167,0.007361371229601121
63,[0.241542],0.5593024987637654,0.31776050223848706
64,[0.02809167],0.5714356543703927,0.5433439804008348
65,[0.62676695],0.5454243800822899,0.08134256937506534
66,[0.88174457],0.5459211018855686,0.33582347228752807
67,[0.24443227],0.5714356543703927,0.32700338888075153
68,[0.12262135],0.5714356543703927,0.4488143036427469
69,[0.00125318],0.5714356543703927,0.5701824694877583
70,[0.5459211],0.5586365875462167,0.012715485660648063
71,[0.67853254],0.5459211018855686,0.13261143483556814
72,[0.22758569],0.5714356543703927,0.3438499648990657
73,[0.18944454],0.5714356543703927,0.38199111003264985
74,[0.99101469],0.5449276582790111,0.4460870300738594
75,[0.94525586],0.5459211018855686,0.39933475674985297
76,[0.61211199],0.5449276582790111,0.06718433525168577
77,[0.81573881],0.5454243800822899,0.2703144277163868
78,[0.8428893],0.5459211018855686,0.29696819835246613
79,[0.55863659],0.5459211018855686,0.012715485660648063
80,[0.23075904],0.5714356543703927,0.3406766161869199
81,[0.90827476],0.5449276582790111,0.36334710353869426
82,[0.34779934],0.5593024987637654,0.2115031576660923
83,[0.91622206],0.5449276582790111,0.37129440125926005
84,[0.19866564],0.5952067933985522,0.396541153184896
85,[0.73110838],0.5449276582790111,0.18618071841664985
86,[0.88152306],0.5449276582790111,0.3365953992684846
87,[0.61620678],0.5449276582790111,0.07127912019139526
88,[0.73595998],0.5449276582790111,0.1910323265074776
89,[0.11453326],0.5833212238844725,0.46878796149290636
90,[0.02449777],0.5714356543703927,0.5469378854911958
91,[0.00908184],0.5714356543703927,0.5623538150551138
92,[0.84466684],0.5449276582790111,0.2997391773903565
93,[0.11004098],0.5593024987637654,0.4492615154101809
94,[0.67875359],0.5449276582790111,0.1338259317504975
95,[0.02715812],0.5714356543703927,0.5442775384673757
96,[0.07226719],0.5714356543703927,0.49916846693940287
97,[0.80489506],0.5449276582790111,0.2599674036044999
98,[0.17752377],0.565369076567079,0.38784530686572716
99,[0.7369994],0.5459211018855686,0.1910782967178032
