,0,1,2
0,[17.72735076],11.810878031180701,14.54884243303383
1,[15.85932658],11.650377926206897,12.031497033439816
2,[19.26465905],13.709283141547667,15.830510170570923
3,[15.90111705],8.73253071495283,12.028411676741044
4,[17.94350025],12.053172737070886,13.857158720856937
5,[15.6038745],11.477824976939697,12.16972562665493
6,[17.77349375],12.625752835186644,13.990540046087677
7,[15.41013089],12.12692085305815,12.132331186368415
8,[19.96352587],17.872692324568693,16.290986912920395
9,[16.26359631],11.332053447661295,13.085087984890428
10,[17.66480007],12.762714890916428,12.89760673050312
11,[19.46069549],13.58095916972539,14.989978254882761
12,[16.21046813],11.052817809545507,12.337762751234354
13,[17.0881037],14.810886647371706,12.50232137043249
14,[19.33972742],13.954312522367474,14.740341542268432
15,[1.43165121],3.9684064321487353,2.002497671418303
16,[0.68849832],8.945677433055238,4.250082492604296
17,[0.25396801],12.011023979829442,4.5132253252986825
18,[4.64145436],9.035291461574491,0.055672033146690225
19,[3.89975071],6.75956165619822,0.7212423890784261
20,[3.47237254],1.160515595202256,0.40033283282201637
21,[4.76719334],8.842997741216404,1.3330444601129936
22,[4.6597114],8.377805057503924,1.381911692192081
23,[1.03699769],8.053495645230063,3.5623881906861845
24,[1.11678491],4.960877548814453,3.482600964746487
25,[4.98759182],5.050627330515794,1.0878411134954291
26,[2.46031652],4.622827171336364,1.4123888532902038
27,[1.12887437],4.690497688122877,2.7438310043892185
28,[4.93858081],6.439026681651609,0.4678635785031995
29,[3.78295371],4.44317623207659,0.8164321707072166
30,[2.91291495],4.671412800118331,1.1734265752526127
31,[2.83013576],6.757465615926191,1.2562057725001021
32,[1.85921687],4.061207406900842,1.496757421949301
33,[2.26481781],6.29370620464878,1.1693310633286775
34,[4.08634153],1.7264874589696984,0.6139689853571397
35,[0.51003263],7.891123868081129,4.018217149046871
36,[4.58578232],8.802075285853968,1.3079826211019814
37,[0.21935594],7.9428566226392405,4.440355459112899
38,[2.87274299],3.975612331173985,1.5979742377680881
39,[0.90249493],13.74414888512506,3.7572164622227877
40,[3.17850832],5.471329869560456,0.2556405547218521
41,[4.47071723],9.247104046624894,0.17986564447723996
42,[3.2777997],3.770787921640994,0.15634917303317808
43,[1.27112435],4.180948363419133,2.1630245250269056
44,[2.9828951],9.213259123975408,0.4512537800199228
45,[4.59938588],9.294819983406146,0.513044347161749
46,[3.87270538],5.98561418349316,0.08975167101034431
47,[1.45497272],2.1772884590259474,2.4177326522791716
48,[3.43414888],6.412003208645794,0.15634917303317808
49,[2.16660696],4.426454444030793,1.3057655809408932
