,0,1,2
0,[17.72735076],12.200328236493082,14.25497821076317
1,[15.85932658],8.029177648672015,11.388609342595512
2,[19.26465905],16.96140577715583,15.792286503022115
3,[15.90111705],11.41756251815496,12.118163347751388
4,[17.94350025],11.434281659520561,13.857158720856937
5,[15.6038745],11.426612053334058,12.16972562665493
6,[17.77349375],8.837608798680158,13.990540046087677
7,[15.41013089],12.126920853058149,12.23162256805709
8,[19.96352587],14.143651884430344,16.18057216751973
9,[16.26359631],8.153929166529071,12.829447430168576
10,[17.66480007],10.28607905804204,13.00508867145721
11,[19.46069549],16.529027478179078,14.989978254882761
12,[16.21046813],10.82741514304173,12.337762751234354
13,[17.0881037],14.730524747415066,12.50232137043249
14,[19.33972742],16.90392094604139,14.86901018662617
15,[1.43165121],3.8781556761447504,2.002497671418303
16,[0.68849832],5.997609124601552,4.250082492604296
17,[0.25396801],15.133531373335293,3.645782699542263
18,[4.64145436],9.036248555267766,0.2971264529976638
19,[3.89975071],6.75956165619822,0.9168556143764968
20,[3.47237254],3.9900466267550962,0.40033283282201637
21,[4.76719334],6.195099816794377,1.5886850148348457
22,[4.6597114],8.377805057503924,0.5733698662529552
23,[1.03699769],7.972484303425072,3.5623881906861845
24,[1.11678491],4.7535638776724625,3.353932320388748
25,[4.98759182],7.153656090005964,0.9012502949460552
26,[2.46031652],4.643319394354709,1.4123888532902038
27,[1.12887437],3.8990109447764505,2.7438310043892185
28,[4.93858081],3.3314783306266507,1.7104267980906727
29,[3.78295371],6.729256196356971,0.6877635263494777
30,[2.91291495],4.640184472466819,1.5578022780566227
31,[2.83013576],1.2000342096983903,1.2562057725001021
32,[1.85921687],4.606094087586647,1.5749320084658902
33,[2.26481781],6.26160083392706,1.1693310633286775
34,[4.08634153],1.7264874589696984,0.6139689853571397
35,[0.51003263],4.447546535888685,3.9606846028674476
36,[4.58578232],2.491908968851118,1.6728673704154682
37,[0.21935594],8.876943727006452,4.719224874167153
38,[2.87274299],1.2449927380725954,1.3124909770913962
39,[0.90249493],14.159084259164795,4.085096890915888
40,[3.17850832],6.071542417640926,0.2556405547218521
41,[4.47071723],9.247104046624894,0.11506509235884543
42,[3.2777997],5.901728423060507,0.5949056734040026
43,[1.27112435],7.307339436984478,2.201248192575714
44,[2.9828951],9.213259123975408,0.9168556143764968
45,[4.59938588],9.294819983406146,0.12866864435773895
46,[3.87270538],5.454798316817386,0.08975167101034431
47,[1.45497272],2.0445827002663606,2.4177326522791716
48,[3.43414888],3.6090111035751553,0.2556405547218521
49,[2.16660696],4.244785262140696,1.6163467427525653
