,0,1,2
0,[17.72735076],14.758572989017035,14.099687629857334
1,[15.85932658],7.883841548732638,11.273544250236665
2,[19.26465905],16.96140577715583,15.830510170570923
3,[15.90111705],11.41756251815496,12.118163347751388
4,[17.94350025],11.434281659520563,13.472783018052926
5,[15.6038745],11.426612053334058,12.16972562665493
6,[17.77349375],8.756488609652715,13.990540046087677
7,[15.41013089],12.556705919255196,12.23162256805709
8,[19.96352587],14.258991158853306,16.13569633201456
9,[16.26359631],7.871803912613069,12.390890929797752
10,[17.66480007],10.28607905804204,13.065414190548417
11,[19.46069549],13.894205903102982,14.989978254882761
12,[16.21046813],7.886941698051703,12.124126598699231
13,[17.0881037],11.621252407064167,12.50232137043249
14,[19.33972742],16.087596009248518,14.740341542268432
15,[1.43165121],4.515498425036432,2.002497671418303
16,[0.68849832],5.251124750663055,3.952956039606632
17,[0.25396801],11.426622537252712,4.405743384344592
18,[4.64145436],10.092026789110506,0.34613746663650957
19,[3.89975071],6.75956165619822,0.7212423890784261
20,[3.47237254],6.978543925042412,0.40033283282201637
21,[4.76719334],6.195099816794377,1.5886850148348457
22,[4.6597114],8.507424485700328,0.5733698662529552
23,[1.03699769],8.38565186667933,3.548784638687291
24,[1.11678491],4.7535638776724625,3.482600964746487
25,[4.98759182],6.639680567883426,0.9012502949460552
26,[2.46031652],4.518251431642332,1.0120560204681874
27,[1.12887437],6.6900425778251655,2.7438310043892185
28,[4.93858081],4.1829104720807475,1.7600724889350094
29,[3.78295371],7.137732835687177,0.8585006518550133
30,[2.91291495],6.8075207057752065,1.1734265752526127
31,[2.83013576],1.1412263803172795,1.2562057725001021
32,[1.85921687],4.925688935140264,1.5749320084658902
33,[2.26481781],9.639609512898392,1.6349328976852515
34,[4.08634153],4.170657531117825,0.6521926529059479
35,[0.51003263],4.767141383442303,3.3897180815140637
36,[4.58578232],2.491908968851118,1.3079826211019814
37,[0.21935594],8.876943727006452,4.768235887805999
38,[2.87274299],3.5579893535841003,0.5614058820581302
39,[0.90249493],14.159084259164795,3.7572164622227877
40,[3.17850832],6.071542417640926,0.2556405547218521
41,[4.47071723],9.631851414190166,0.11506509235884543
42,[3.2777997],8.058477041791138,1.321586173100875
43,[1.27112435],7.692782763987395,2.201248192575714
44,[2.9828951],9.213259123975408,1.6164907800876196
45,[4.59938588],10.764630611361932,0.12866864435773895
46,[3.87270538],5.98561418349316,0.08975167101034431
47,[1.45497272],4.8533549332658135,2.4177326522791716
48,[3.43414888],1.245084535514744,0.2556405547218521
49,[2.16660696],6.26709019105796,1.7060984137629096
