,0,1,2
0,[17.72735076],14.975826125338411,14.744455658331901
1,[15.85932658],10.895177928186493,12.581526871338646
2,[19.26465905],18.039847784175613,16.086150725292775
3,[15.90111705],11.327812386677811,11.241405657952965
4,[17.94350025],9.560350780002485,13.30204589254739
5,[15.6038745],11.149466856403647,10.944163107496028
6,[17.77349375],9.526349480339542,13.132039394232663
7,[15.41013089],10.535821380210308,12.132331186368415
8,[19.96352587],17.14542528818066,16.491153329331404
9,[16.26359631],13.512071677195014,13.2807012101885
10,[17.66480007],12.798207307572593,13.00508867145721
11,[19.46069549],10.52886283541465,14.819241129377225
12,[16.21046813],13.392367542905626,12.73809558405637
13,[17.0881037],14.772659833727783,12.559853916611912
14,[19.33972742],10.40789476715806,14.698273061120634
15,[1.43165121],7.378769033037375,1.7468571166964513
16,[0.68849832],15.109128509961106,4.250082492604296
17,[0.25396801],8.094791159389567,4.5132253252986825
18,[4.64145436],11.980911103376908,0.17073712550553566
19,[3.89975071],6.2422667315208065,0.9168556143764968
20,[3.47237254],6.580188308091216,0.40033283282201637
21,[4.76719334],6.793298001596057,0.10748194095409058
22,[4.6597114],6.771801613405238,0.10748194095409058
23,[1.03699769],7.102402761137857,3.548784638687291
24,[1.11678491],14.714989341349867,3.5246694458942835
25,[4.98759182],6.837377699143856,0.3278804286931001
26,[2.46031652],7.0607661667815735,1.4123888532902038
27,[1.12887437],8.39220831788059,2.7438310043892185
28,[4.93858081],13.136767885875916,0.35279848614435405
29,[3.78295371],12.496011494489917,1.1556271048526772
30,[2.91291495],6.771801613405236,1.8542783824596585
31,[2.83013576],6.8375321824905955,1.0425696199649788
32,[1.85921687],6.951203370084961,1.3192914537440381
33,[2.26481781],6.568620289903923,0.9136905086068254
34,[4.08634153],6.702982105162644,0.6139689853571397
35,[0.51003263],7.5239748063690595,4.0757496952262935
36,[4.58578232],6.206081954103732,1.3079826211019814
37,[0.21935594],11.129127658193026,4.023410581166685
38,[2.87274299],6.287093295908724,0.5614058820581302
39,[0.90249493],7.575969621692124,3.8646984031768783
40,[3.17850832],6.203144086461192,0.19561322529807068
41,[4.47071723],12.08335337868023,0.4678635785031995
42,[3.2777997],6.206081954103732,1.3079826211019814
43,[1.27112435],7.539295886645976,1.9073839703050537
44,[2.9828951],6.242266731520807,0.19561322529807068
45,[4.59938588],6.805590974594994,0.7266804996968723
46,[3.87270538],6.660254874655619,0.40033283282201637
47,[1.45497272],8.06610996577054,2.4177326522791716
48,[3.43414888],6.491500513650888,0.04658213731931404
49,[2.16660696],6.428320502175514,1.111192740358907
