,0,1,2
0,[17.72735076],15.459761690342537,15.639247059810684
1,[15.85932658],8.366516061078851,6.282342385621437
2,[19.26465905],11.629444200549552,14.924931628234795
3,[15.90111705],9.38708287157685,11.56138963477574
4,[17.94350025],9.408602898807562,9.40860289880756
5,[15.6038745],13.405541762285983,14.172223298073234
6,[2.77349375],2.1265877557879014,0.10851741403597925
7,[0.41013089],2.8566121854529434,3.2973431649965876
8,[4.96352587],2.8351315439782736,3.232529838351702
9,[1.26359631],5.714829166362491,2.6361544041879976
10,[2.66480007],10.50370110605686,13.236316986495755
11,[4.46069549],6.615324845196363,2.3725917920914235
12,[1.21046813],15.690945284428997,15.690945284428997
13,[2.0881037],6.615324845196363,2.3725917920914235
14,[4.33972742],9.38708287157685,11.56138963477574
15,[1.43165121],5.602792567420411,2.4680995057748776
16,[0.68849832],2.647836614247725,3.0189757367229637
17,[0.25396801],7.838081967654353,4.206727475778407
18,[4.64145436],2.5935779072297356,2.9104583226869845
19,[3.89975071],5.602792567420411,2.4680995057748776
