,0,1,2
0,[17.72735076],15.459761690342537,15.639247059810684
1,[15.85932658],11.543202724793453,13.193625616836334
2,[19.26465905],12.423074040406716,14.864447594106501
3,[15.90111705],9.900417545312425,11.500905600647446
4,[17.94350025],12.316478119769155,15.22435334073075
5,[15.6038745],10.118019339627121,14.172223298073234
6,[2.77349375],4.735271504293267,0.8796334604676468
7,[0.41013089],2.445357196016343,3.2973431649965876
8,[4.96352587],3.018716784237625,4.01404265027319
9,[1.26359631],7.935054441806091,2.6361544041879976
10,[2.66480007],9.379699437229878,13.236316986495755
11,[4.46069549],9.218071932417288,5.659726749131281
12,[1.21046813],7.873254356402656,3.5920219874426724
13,[2.0881037],6.615324845196363,2.3725917920914235
14,[4.33972742],7.070554170746785,11.56138963477574
15,[1.43165121],7.809013267996251,2.4680995057748776
16,[0.68849832],2.222663253397444,3.0189757367229637
17,[0.25396801],7.838081967654353,4.206727475778407
18,[4.64145436],2.761059571705851,3.691971134608473
19,[3.89975071],7.191988391552532,2.4680995057748776
