,0,1,2
0,[17.72735076],15.356480266620167,13.607611689965626
1,[15.85932658],13.743534554273433,13.085832822857313
2,[19.26465905],13.889039538604518,15.144919982224572
3,[15.90111705],12.08444403059573,13.236316986495755
4,[17.94350025],15.013730727297215,15.170006498314727
5,[15.6038745],10.12199802312304,11.704123792298358
6,[2.77349375],6.423518150255822,0.10869368483204322
7,[0.41013089],9.820442499617892,4.231323467880256
8,[4.96352587],5.814529115842824,2.2987258062640974
9,[1.26359631],9.595493328491072,3.0761311121675523
10,[2.66480007],9.504459128138695,1.6749273517200152
11,[4.46069549],8.866934111696771,0.12096806825658923
12,[1.21046813],7.630461175397386,1.5630256238429767
13,[2.0881037],9.843428379800864,2.3725917920914235
14,[4.33972742],9.621090006192,0.2113475035679766
15,[1.43165121],6.4041992875528475,2.4680995057748776
16,[0.68849832],5.591190477267537,3.7721971689838565
17,[0.25396801],8.537241915309258,4.0857594075218175
18,[4.64145436],6.594859939376346,0.30172693887936486
19,[3.89975071],8.14022057056729,1.063775162523637
