,0,1,2
0,[17.72735076],11.936266192715,13.38762333597585
1,[15.85932658],13.979071193026908,13.085832822857313
2,[19.26465905],13.608798786515013,16.491165295122766
3,[15.90111705],11.848907391842253,13.236316986495755
4,[17.94350025],12.360399673753363,15.170006498314727
5,[15.6038745],13.140888907161056,11.704123792298358
6,[2.77349375],6.423518150255822,0.10869368483204322
7,[0.41013089],6.105210353825479,4.140944032568868
8,[4.96352587],5.440936994689357,2.190032121432054
9,[1.26359631],12.816454519497992,3.0761311121675523
10,[2.66480007],9.16005324130884,1.6749273517200152
11,[4.46069549],8.866934111696771,0.34095642224636613
12,[1.21046813],5.329231080883228,3.250227358987538
13,[2.0881037],9.591940517486432,2.3725917920914235
14,[4.33972742],9.621090006192,0.12096806825658923
15,[1.43165121],6.4041992875528475,2.4680995057748776
16,[0.68849832],5.591190477267537,3.7721971689838565
17,[0.25396801],11.291486491270092,4.0857594075218175
18,[4.64145436],6.510933513137505,0.18075887062277562
19,[3.89975071],8.72103638110396,1.063775162523637
