,0,1,2
0,[17.72735076],11.936266192715,13.26665526771926
1,[15.85932658],14.149764276393578,13.085832822857313
2,[19.26465905],13.608798786515013,16.54551213753879
3,[15.90111705],13.464283306454272,13.181970144079733
4,[17.94350025],12.97562589618687,15.170006498314727
5,[15.6038745],12.198977334747877,11.704123792298358
6,[2.77349375],6.423518150255822,0.10869368483204322
7,[0.41013089],6.105210353825479,4.05056459725748
8,[4.96352587],7.138696459921439,1.6269036419778455
9,[1.26359631],10.012328063582554,3.0761311121675523
10,[2.66480007],9.16005324130884,1.6749273517200152
11,[4.46069549],8.866934111696771,0.5609447762361439
12,[1.21046813],5.329231080883228,3.4309862296103137
13,[2.0881037],9.856172276848039,2.3725917920914235
14,[4.33972742],9.621090006192,0.15950431986148317
15,[1.43165121],6.4041992875528475,2.4680995057748776
16,[0.68849832],5.591190477267537,3.7721971689838565
17,[0.25396801],8.193289258514765,4.0857594075218175
18,[4.64145436],6.510933513137505,0.18075887062277562
19,[3.89975071],8.72103638110396,0.9027394046912782
