,0,1,2
0,[17.72735076],10.99435462030182,13.26665526771926
1,[15.85932658],13.3638449705934,13.085832822857313
2,[19.26465905],14.183883222190792,16.59985897995481
3,[15.90111705],13.464283306454272,13.236316986495755
4,[17.94350025],13.392624982954732,15.170006498314727
5,[15.6038745],12.198977334747877,11.704123792298358
6,[2.77349375],6.423518150255822,1.6872017351445612
7,[0.41013089],9.820442499617892,4.05056459725748
8,[4.96352587],6.406539551138242,1.6269036419778455
9,[1.26359631],6.939346396339685,2.8561427581777754
10,[2.66480007],9.16005324130884,1.7354113858483098
11,[4.46069549],8.866934111696771,1.1240732556903525
12,[1.21046813],7.982562134427082,3.4309862296103137
13,[2.0881037],9.856172276848039,2.3725917920914235
14,[4.33972742],9.621090006192,0.12096806825658923
15,[1.43165121],6.4041992875528475,2.4680995057748776
16,[0.68849832],7.511613742434688,3.7721971689838565
17,[0.25396801],9.039553952090817,4.0857594075218175
18,[4.64145436],7.9639167486341735,0.18075887062277562
19,[3.89975071],8.72103638110396,0.7417036468589195
