,0,1,2
0,[17.72735076],14.445801269911172,13.38762333597585
1,[15.85932658],13.303499582817526,13.085832822857313
2,[19.26465905],14.183883222190792,16.59985897995481
3,[15.90111705],13.464283306454272,13.12762330166371
4,[17.94350025],13.507964257377694,15.170006498314727
5,[15.6038745],10.156055062202038,11.704123792298358
6,[2.77349375],6.423518150255822,1.6872017351445612
7,[0.41013089],6.345001203236547,4.05056459725748
8,[4.96352587],6.406539551138242,1.063775162523637
9,[1.26359631],6.939346396339685,2.8561427581777754
10,[2.66480007],9.16005324130884,1.6749273517200152
11,[4.46069549],6.776182015464943,1.6872017351445612
12,[1.21046813],7.982562134427082,3.4309862296103137
13,[2.0881037],12.552733229482072,2.3725917920914235
14,[4.33972742],9.621090006192,0.15950431986148317
15,[1.43165121],6.4041992875528475,2.6880878597646554
16,[0.68849832],7.511613742434688,3.7721971689838565
17,[0.25396801],8.193289258514765,4.0857594075218175
18,[4.64145436],7.963916748634174,0.18075887062277562
19,[3.89975071],8.764266280194141,0.9027394046912782
