,0,1,2
0,[17.72735076],15.854534376932682,15.639247059810684
1,[15.85932658],11.543202724793451,14.427675369723772
2,[19.26465905],13.011440899568242,14.924931628234795
3,[15.90111705],10.320607304800998,11.56138963477574
4,[17.94350025],13.457531793907478,15.278700183146771
5,[15.6038745],13.488082482622895,13.501302024640005
6,[2.77349375],6.884348567766763,1.8679606057673368
7,[0.41013089],2.7362235838185294,3.2973431649965876
8,[4.96352587],3.0404555212040334,4.01404265027319
9,[1.26359631],9.684024342163735,8.488216300337175
10,[2.66480007],9.93365422662846,2.2987258062640974
11,[4.46069549],9.218071932417288,1.2467799301740063
12,[1.21046813],10.591868183758617,3.4309862296103137
13,[2.0881037],5.311394978120381,2.3725917920914235
14,[4.33972742],5.7444386781933385,11.56138963477574
15,[1.43165121],9.549580423433238,8.320161401924056
16,[0.68849832],5.863480125767715,2.9285963014115763
17,[0.25396801],5.987194052439402,4.206727475778407
18,[4.64145436],2.761059571705851,3.4309862296103137
19,[3.89975071],8.834930476246175,6.072050250138955
