,0,1,2
0,[17.72735076],11.955402140785171,13.38762333597585
1,[15.85932658],13.303499582817526,13.085832822857313
2,[19.26465905],14.315173720174712,16.59985897995481
3,[15.90111705],13.464283306454272,13.236316986495755
4,[17.94350025],15.54323844602332,15.170006498314727
5,[15.6038745],10.495602859124343,11.704123792298358
6,[2.77349375],6.68774990961743,1.566233666887972
7,[0.41013089],9.512980841166103,4.05056459725748
8,[4.96352587],6.406539551138242,1.063775162523637
9,[1.26359631],6.939346396339685,2.6361544041879976
10,[2.66480007],6.871968928005009,1.7958954199766044
11,[4.46069549],6.896379379795455,1.6872017351445612
12,[1.21046813],7.982562134427082,3.4309862296103137
13,[2.0881037],12.55273322948207,2.3725917920914235
14,[4.33972742],9.621090006192,0.12096806825658923
15,[1.43165121],6.4041992875528475,2.9080762137544323
16,[0.68849832],4.915618867058153,3.7721971689838565
17,[0.25396801],9.039553952090817,4.0857594075218175
18,[4.64145436],7.803849300980185,0.24124290475107024
19,[3.89975071],10.800629749076768,0.7417036468589195
