,0,1,2
0,[17.72735076],11.955402140785171,13.38762333597585
1,[15.85932658],13.550489711565618,13.085832822857313
2,[19.26465905],14.348784699857339,16.491165295122766
3,[15.90111705],11.824713778190935,13.236316986495755
4,[17.94350025],15.54323844602332,15.170006498314727
5,[15.6038745],10.495602859124343,11.704123792298358
6,[2.77349375],6.68774990961743,0.7287699910279644
7,[0.41013089],6.747460832375021,3.990080563129186
8,[4.96352587],6.40653955113824,1.063775162523637
9,[1.26359631],10.012328063582554,3.0761311121675523
10,[2.66480007],6.455134192913526,1.7958954199766044
11,[4.46069549],6.660842741041978,1.6872017351445612
12,[1.21046813],7.982562134427082,3.4309862296103137
13,[2.0881037],12.55273322948207,2.3725917920914235
14,[4.33972742],9.621090006192,0.12096806825658923
15,[1.43165121],6.4041992875528475,2.9080762137544323
16,[0.68849832],4.915618867058153,3.711713134855562
17,[0.25396801],9.039553952090817,4.0857594075218175
18,[4.64145436],7.803849300980185,0.18075887062277562
19,[3.89975071],9.106638540491257,0.7417036468589195
