,0,1,2
0,[17.72735076],11.854836063527673,13.38762333597585
1,[15.85932658],13.698830440937403,13.085832822857313
2,[19.26465905],14.144480636808046,16.491165295122766
3,[15.90111705],14.136709123827188,13.12762330166371
4,[17.94350025],15.482893058247447,15.170006498314727
5,[15.6038745],10.22723434975105,11.704123792298358
6,[2.77349375],8.143111236880562,1.6267177010162666
7,[0.41013089],4.050899879740987,3.990080563129186
8,[4.96352587],5.133475336237567,1.063775162523637
9,[1.26359631],6.5770169931686295,3.136615146295847
10,[2.66480007],8.743218506217357,1.7958954199766044
11,[4.46069549],7.111776576498154,1.6872017351445612
12,[1.21046813],8.025792033517263,3.4309862296103137
13,[2.0881037],9.28232363673469,2.2516237238348342
14,[4.33972742],9.204255271100516,0.12096806825658923
15,[1.43165121],7.5935344753436835,2.9080762137544323
16,[0.68849832],5.530845089491664,3.7721971689838565
17,[0.25396801],9.039553952090818,4.206727475778407
18,[4.64145436],8.220684036071669,0.18075887062277562
19,[3.89975071],8.689803805399773,0.6513242115475313
