,0,1,2
0,[17.72735076],15.976378391174825,15.967473304770483
1,[15.85932658],8.664521449783503,11.959575863948896
2,[19.26465905],13.852786394723925,14.924931628234795
3,[15.90111705],11.16195279995668,11.56138963477574
4,[17.94350025],13.189163284534185,15.278700183146771
5,[15.6038745],10.286899500789584,11.704123792298358
6,[2.77349375],6.308013432792771,0.8796334604676468
7,[0.41013089],3.0954026678138504,4.05056459725748
8,[4.96352587],3.0404555212040334,4.2750275552713495
9,[1.26359631],9.684024342163735,2.6361544041879976
10,[2.66480007],9.504459128138695,1.9868265789920567
11,[4.46069549],7.68442705291023,2.3725917920914235
12,[1.21046813],10.153861759472207,3.4309862296103137
13,[2.0881037],4.414017460162849,0.8580696510859127
14,[4.33972742],6.537396946046384,11.56138963477574
15,[1.43165121],9.549580423433238,2.4680995057748776
16,[0.68849832],5.863480125767715,3.7721971689838565
17,[0.25396801],11.634417196203445,4.206727475778407
18,[4.64145436],4.889129297660796,1.8679606057673368
19,[3.89975071],8.826572380484896,11.704123792298358
