,0,1,2
0,[17.72735076],15.976378391174825,15.639247059810684
1,[15.85932658],10.491261158110015,11.959575863948896
2,[19.26465905],14.841576746730379,14.924931628234795
3,[15.90111705],12.140117516250454,11.56138963477574
4,[17.94350025],13.189163284534185,15.278700183146771
5,[15.6038745],10.286899500789584,11.704123792298358
6,[2.77349375],4.179943706837827,1.8679606057673368
7,[0.41013089],2.629769057444134,3.929596529000891
8,[4.96352587],3.0548685583621804,3.753057745275031
9,[1.26359631],12.041067711624612,2.8561427581777754
10,[2.66480007],9.504459128138695,1.7958954199766044
11,[4.46069549],4.824200418172088,2.3725917920914235
12,[1.21046813],5.2004143061764685,3.4309862296103137
13,[2.0881037],7.305175695836679,2.3725917920914235
14,[4.33972742],7.515561662340159,11.56138963477574
15,[1.43165121],6.8891712449237605,3.209803152633797
16,[0.68849832],2.5601036004263564,3.7721971689838565
17,[0.25396801],11.610223582552127,4.0857594075218175
18,[4.64145436],6.759111619925323,1.8679606057673368
19,[3.89975071],5.90193144261381,11.704123792298358
