,0,1,2
0,[17.72735076],15.976378391174825,15.639247059810684
1,[15.85932658],11.177458404032077,11.959575863948896
2,[19.26465905],14.55071035892819,14.924931628234795
3,[15.90111705],11.330004596798958,11.56138963477574
4,[17.94350025],13.024261806867642,15.278700183146771
5,[15.6038745],10.286899500789584,11.704123792298358
6,[2.77349375],6.372427735925715,1.8679606057673368
7,[0.41013089],6.369442113187086,3.929596529000891
8,[4.96352587],5.836267852809232,3.753057745275031
9,[1.26359631],12.041067711624612,2.8561427581777754
10,[2.66480007],7.308129566295719,2.0473106131203505
11,[4.46069549],7.01171865421842,1.7958954199766044
12,[1.21046813],8.025792033517263,3.4309862296103137
13,[2.0881037],7.305175695836679,2.3725917920914235
14,[4.33972742],6.988330781502559,0.15950431986148317
15,[1.43165121],6.8891712449237605,2.9080762137544323
16,[0.68849832],5.863480125767715,3.7721971689838565
17,[0.25396801],11.610223582552127,4.0857594075218175
18,[4.64145436],6.759111619925323,0.7417036468589195
19,[3.89975071],5.90193144261381,6.222913719578638
