,0,1,2
0,[17.72735076],15.356480266620167,13.827600043955403
1,[15.85932658],13.743534554273433,13.085832822857313
2,[19.26465905],13.920272114308705,15.144919982224572
3,[15.90111705],11.60227761943537,12.001366342755293
4,[17.94350025],12.986251531899551,15.170006498314727
5,[15.6038745],10.12199802312304,11.704123792298358
6,[2.77349375],6.423518150255822,0.8796334604676468
7,[0.41013089],9.512980841166103,4.231323467880256
8,[4.96352587],5.814529115842824,2.8754221783789164
9,[1.26359631],12.773224620407811,3.0761311121675523
10,[2.66480007],9.504459128138695,1.7958954199766044
11,[4.46069549],8.866934111696771,0.5609447762361439
12,[1.21046813],8.025792033517263,3.3406067942989255
13,[2.0881037],9.843428379800864,2.3725917920914235
14,[4.33972742],9.621090006192,0.12096806825658923
15,[1.43165121],6.395841191791568,2.9080762137544323
16,[0.68849832],5.591190477267537,3.7721971689838565
17,[0.25396801],11.610223582552127,4.0857594075218175
18,[4.64145436],6.594859939376346,0.7417036468589195
19,[3.89975071],8.14022057056729,0.9027394046912782
