,0,1,2
0,[0.73451382],0.6448267878660732,0.27351433140597303
1,[0.44569735],0.25538036138571013,0.10298798854163271
2,[0.75157326],0.4827677892093668,0.20633418792554803
3,[0.58094213],0.3980705203383691,0.08820389325686717
4,[0.54523907],0.3701717291604903,0.04817315948190937
5,[0.89040348],0.800716445705808,0.4294039892457079
6,[0.1642169],0.7028337098814175,0.49079236241660174
7,[0.32143799],0.4739907290100593,0.2847363685949611
8,[0.68005533],0.590368297949091,0.2190558414889907
9,[0.02555494],0.769873779651415,0.5806194192363168
10,[0.60056099],0.5108739578992414,0.13394813572246234
11,[0.52639554],0.26305620707346156,0.022289793719028506
12,[0.31862191],0.5296922140231254,0.27479031897021655
13,[0.82589527],0.5570898032939455,0.28065620201012675
14,[0.59084328],0.42903100297579444,0.004675580489935882
15,[0.31884972],0.5294644051080304,0.27456251005512156
16,[0.28838898],0.39385878274524533,0.2602963543844633
17,[0.04589776],0.7495309606537981,0.5602766002387
18,[0.45316016],0.442899661095619,0.20184909723232636
19,[0.85180479],0.6444388111273057,0.32980306580143237
20,[0.92563844],0.6974673169293222,0.4329001949263547
21,[0.92297027],0.694799154677687,0.43023203267471943
22,[0.99934118],0.7305357113333925,0.4541021100495737
23,[0.71917524],0.5118092620682637,0.19717351674239048
24,[0.68424152],0.45607039638572866,0.19150327438276116
25,[0.27651797],0.5189107447848675,0.3296563843697694
26,[0.342889],0.5241616019310466,0.3121202544662308
27,[0.84246516],0.5736596886926176,0.29722608740879886
28,[0.26966593],0.5786481944002491,0.3237462993473402
29,[0.14618387],0.6770001735885403,0.4347582630950587
30,[0.43346828],0.43723420642343147,0.1599439549201448
31,[0.69311284],0.37307928561338966,0.15357023598117303
32,[0.59870529],0.302511517484909,0.059162694537591154
33,[0.82229576],0.5534902865638623,0.27705668528004357
34,[0.20692514],0.6162589026332078,0.3740169921397264
35,[0.37933095],0.3029168179419308,0.1693543895811488
36,[0.32768974],0.539360863333011,0.3273195158681953
37,[0.5395426],0.2670139007623543,0.009142739437270286
38,[0.59341223],0.37380375989523207,0.04817315948190937
39,[0.13908626],0.6563424579346404,0.4670880975195423
40,[0.13092728],0.6922567685831471,0.4500148580896657
41,[0.10885537],0.6865733467511062,0.497318986336008
42,[0.32798238],0.4952016625968387,0.2529597521033571
43,[0.74397227],0.5366062891911834,0.22197054386531012
44,[0.8709121],0.5508785543872677,0.3313695047550511
45,[0.64532468],0.3304831506357434,0.10578208312231507
46,[0.4450987],0.4477365373627088,0.20991055767747613
47,[0.61526168],0.4049344290496224,0.12252343681313371
48,[0.00342151],0.8448926155887266,0.5899907205358177
49,[0.21529668],0.4669510857214071,0.33338865736062506
50,[0.01730198],0.8497486297955907,0.6377072823307749
51,[0.66338298],0.5736959439432915,0.20238348748319124
52,[0.61178772],0.522100689332599,0.15078823287249876
53,[0.12904084],0.6663878751641319,0.47713351474903376
54,[0.65352276],0.40987007764510147,0.10828368906502506
55,[0.54868534],0.2724995444247165,0.009142739437270286
56,[0.96780832],0.739637201957742,0.47507007995477435
57,[0.49273824],0.40931352844536767,0.08820389325686717
58,[0.96660479],0.7592388095667957,0.44460306424092244
59,[0.72814754],0.5207815634295083,0.20614581810363508
60,[0.78246017],0.6927731335528777,0.3214606770927775
61,[0.53752574],0.37479972842367226,0.055886491587212817
62,[0.32883692],0.4943471213648471,0.2521052108713656
63,[0.88971079],0.8000237550812417,0.42871129862114155
64,[0.18473226],0.6823183489702409,0.4702770015054252
65,[0.81891312],0.6115471395809375,0.2969113942550642
66,[0.95395808],0.7465921044450843,0.43195635911921093
67,[0.60318392],0.3051986931188331,0.06364132059413119
68,[0.27145378],0.4107939838403466,0.2772315554795646
69,[0.57900044],0.29068860573115185,0.03945784161466248
