,0,1,2
0,[0.73451382],0.556919207080081,0.24901681491801514
1,[0.44569735],0.32855796874380694,0.11814553963032881
2,[0.75157326],0.4919155649871393,0.18848265631634065
3,[0.58094213],0.47684086174319545,0.011818188047903466
4,[0.54523907],0.2683586298440466,0.00771333210530345
5,[0.89040348],0.681630933351869,0.40490647275775
6,[0.1642169],0.5562694672121355,0.4660762832086405
7,[0.32143799],0.41471453200293285,0.2920867113925949
8,[0.68005533],0.5701995476749848,0.15722548542463577
9,[0.02555494],0.578480280946185,0.5879697620339506
10,[0.60056099],0.5380069079853331,0.019618857960998937
11,[0.52639554],0.32008438707996184,0.0374473448077246
12,[0.31862191],0.4919975253825754,0.2774368504489154
13,[0.82589527],0.6581177838453296,0.28065620201012675
14,[0.59084328],0.25615595170530325,0.042157942017513106
15,[0.31884972],0.37782679705768357,0.2263893505732122
16,[0.28838898],0.2743861351409964,0.29158230341287383
17,[0.04589776],0.7552223598963389,0.5546632345220212
18,[0.45316016],0.25615595170530325,0.13768311848150816
19,[0.85180479],0.3736972229481218,0.3031194485781914
20,[0.92563844],0.7400120099446424,0.4329001949263547
21,[0.92297027],0.5740213164143175,0.43023203267471943
22,[0.99934118],0.7632866265872694,0.4523789763800806
23,[0.71917524],0.49374760222026753,0.2238322874732918
24,[0.68424152],0.38303830978075093,0.19150327438276116
25,[0.27651797],0.5206641709007981,0.31689425695558615
26,[0.342889],0.30026441459886505,0.24795427571541262
27,[0.84246516],0.5646290845737401,0.2793745557995915
28,[0.26966593],0.6129275973423929,0.31654040436457476
29,[0.14618387],0.5329788503939697,0.39905519987664384
30,[0.43346828],0.2861319529497021,0.11177079543823543
31,[0.69311284],0.2112824859730429,0.1489988662625379
32,[0.59870529],0.13754790324079338,0.05459132481895601
33,[0.82229576],0.6766624023304724,0.28091335133269535
34,[0.20692514],0.4843858336297039,0.3383139289213115
35,[0.37933095],0.2016325632983448,0.20064033860955932
36,[0.32768974],0.5719002376312903,0.2403514324391275
37,[0.5395426],0.13754790324079338,0.04042868846568082
38,[0.59341223],0.438543466133138,0.04645002581241631
39,[0.13908626],0.48765522357276525,0.4744384403171761
40,[0.13092728],0.5482208704659515,0.44904401123864746
41,[0.10885537],0.6867956774038948,0.4917056206193292
42,[0.32798238],0.3905767856769047,0.25198890525233886
43,[0.74397227],0.6227655092294584,0.25123402401950756
44,[0.8709121],0.6511677755175027,0.3313695047550511
45,[0.64532468],0.4706978382113139,0.10578208312231507
46,[0.4450987],0.4439167453164853,0.18519447846951487
47,[0.61526168],0.4917106034540658,0.12252343681313371
48,[0.00342151],0.7441578466350564,0.5926372520145166
49,[0.21529668],0.5128785037990008,0.34854620844932116
50,[0.01730198],0.673801403143474,0.6129912031228136
51,[0.66338298],0.4791556512960472,0.1706447372619162
52,[0.61178772],0.43787944760749326,0.11904948265122373
53,[0.12904084],0.6386458752042096,0.4643713873348505
54,[0.65352276],0.5202197734892483,0.10828368906502506
55,[0.54868534],0.319513732676213,0.010586181370060954
56,[0.96780832],0.7414637342953958,0.47507007995477435
57,[0.49273824],0.3246744421383087,0.08723304640584895
58,[0.96660479],0.6916912402190931,0.4712618349718238
59,[0.72814754],0.6450334594848532,0.14720540500096535
60,[0.78246017],0.5520159559740028,0.23377482949406403
61,[0.53752574],0.26527329700192526,0.00771333210530345
62,[0.32883692],0.4356211211223596,0.21640214765295074
63,[0.88971079],0.6378164531966941,0.3410254510224281
64,[0.18473226],0.42678981223022056,0.406111022754607
65,[0.81891312],0.3473838857110273,0.2702277770318232
66,[0.95395808],0.7957063254482709,0.43195635911921093
67,[0.60318392],0.13933935366340938,0.05906995087549605
68,[0.27145378],0.572891932103335,0.30754665765695677
69,[0.57900044],0.35183898334417074,0.04603136875554159
