,0,1,2
0,[0.73451382],0.3442848885322861,0.18755161747675264
1,[0.44569735],0.3452614496786505,0.13524478442106147
2,[0.75157326],0.5687482421703342,0.20633418792554803
3,[0.58094213],0.274591930137734,0.04139953531669904
4,[0.54523907],0.2463299051584255,0.033761369516378315
5,[0.89040348],0.42889165307497257,0.3508608810842647
6,[0.1642169],0.5852619060377039,0.42662638366578354
7,[0.32143799],0.3601788688110704,0.2694052910553677
8,[0.68005533],0.49370853743459453,0.14252959333456683
9,[0.02555494],0.641748173107936,0.5731503547795311
10,[0.60056099],0.30862171780800873,0.06101839327769798
11,[0.52639554],0.22230632249035898,0.0526048958964207
12,[0.31862191],0.503885249240527,0.281939080667721
13,[0.82589527],0.41125222038119047,0.28065620201012675
14,[0.59084328],0.3253898448140936,0.043881075687006166
15,[0.31884972],0.3720434024215996,0.26209241379162707
16,[0.28838898],0.3610382758300782,0.29255315026389206
17,[0.04589776],0.6871040836254599,0.5399949496300643
18,[0.45316016],0.3492218288386225,0.1277819723434238
19,[0.85180479],0.5377772785387455,0.3094139519663196
20,[0.92563844],0.5691348543936549,0.38811269699320583
21,[0.92297027],0.6382547242375671,0.39100963187894
22,[0.99934118],0.5851442910178635,0.45695034609871577
23,[0.71917524],0.3454705344405702,0.18164949896343907
24,[0.68424152],0.4349885843525973,0.13900244434430886
25,[0.27651797],0.560567344459275,0.315609781892881
26,[0.342889],0.3983665399736556,0.24795427571541262
27,[0.84246516],0.483778727253889,0.3039309895105926
28,[0.26966593],0.5578296885418306,0.3237462993473402
29,[0.14618387],0.5290300665689894,0.44465940923314307
30,[0.43346828],0.2638880479685095,0.1599439549201448
31,[0.69311284],0.3917931305001932,0.15357023598117303
32,[0.59870529],0.2602072144048533,0.05346622243930699
33,[0.82229576],0.6591805862622843,0.28275315737832774
34,[0.20692514],0.6137415239415073,0.3789675652087685
35,[0.37933095],0.2671624008235949,0.2115123315986619
36,[0.32768974],0.4703724679879933,0.2522815441282745
37,[0.5395426],0.26207564411347667,0.03945784161466248
38,[0.59341223],0.19444576357913937,0.05386963158019353
39,[0.13908626],0.5287351612963539,0.4569725015840579
40,[0.13092728],0.7349150986175305,0.4549654311587078
41,[0.10885537],0.6448814202834894,0.4898499218792224
42,[0.32798238],0.45835736765681656,0.2529597521033571
43,[0.74397227],0.5358465533658457,0.20644652608635872
44,[0.8709121],0.5888717629718492,0.32852126870590903
45,[0.64532468],0.23576160155075784,0.09663934368504479
46,[0.4450987],0.34697054799689786,0.14831352905206807
47,[0.61526168],0.32961475907400806,0.07002260677468142
48,[0.00342151],0.7452158913085238,0.5926372520145166
49,[0.21529668],0.44110120141151354,0.36370375953801726
50,[0.01730198],0.7534058655729801,0.5823311660328179
51,[0.66338298],0.29232006323009013,0.1181439072234639
52,[0.61178772],0.3818332963255262,0.0722451247110556
53,[0.12904084],0.6590491350172408,0.46180243720944036
54,[0.65352276],0.3520693982063817,0.10828368906502506
55,[0.54868534],0.22468156226881603,0.037207368948470876
56,[0.96780832],0.607857380787828,0.42256924991632205
57,[0.49273824],0.41719746475924885,0.08820389325686717
58,[0.96660479],0.5385623270716333,0.42907904646197104
59,[0.72814754],0.20321293902551454,0.1794622008803941
60,[0.78246017],0.49302078439724706,0.24291756893133432
61,[0.53752574],0.17469373286795523,0.041474701621681764
62,[0.32883692],0.41774074721565435,0.2521052108713656
63,[0.88971079],0.6733335530154101,0.35218505046671766
64,[0.18473226],0.6567676637515569,0.3962098766165226
65,[0.81891312],0.4784499108955026,0.2793705164690935
66,[0.95395808],0.6100837628249022,0.41441548133324024
67,[0.60318392],0.24162095375645248,0.06565818060115047
68,[0.27145378],0.5022125144922265,0.3193894974970777
69,[0.57900044],0.28836256019138684,0.03945784161466248
