,0,1,2
0,[0.73451382],0.3321607825150081,0.1892747511462457
1,[0.44569735],0.41205993609294744,0.14514593055914582
2,[0.75157326],0.488431725253191,0.2091824239746901
3,[0.58094213],0.20444516914534155,0.03855129926755696
4,[0.54523907],0.24951436735578342,0.033761369516378315
5,[0.89040348],0.5396209186207799,0.352877741091284
6,[0.1642169],0.43019810086409355,0.42662638366578354
7,[0.32143799],0.3231224447658265,0.2694052910553677
8,[0.68005533],0.5576080248944464,0.13766449727840546
9,[0.02555494],0.69651569739969,0.5678572918221335
10,[0.60056099],0.3294516088275,0.06101839327769798
11,[0.52639554],0.22652138964977303,0.0526048958964207
12,[0.31862191],0.503885249240527,0.281939080667721
13,[0.82589527],0.5164810317882726,0.28065620201012675
14,[0.59084328],0.3118214868523105,0.045604209356499226
15,[0.31884972],0.3347109186509245,0.2719935599297114
16,[0.28838898],0.3515418229920707,0.29158230341287383
17,[0.04589776],0.7218913169970871,0.5475144728245167
18,[0.45316016],0.3411275305666332,0.1277819723434238
19,[0.85180479],0.5878099819726114,0.3122621880154617
20,[0.92563844],0.5897999005003212,0.38811269699320583
21,[0.92297027],0.6231354533927151,0.3844361047380609
22,[0.99934118],0.5435162302819163,0.4541021100495737
23,[0.71917524],0.27559686459950894,0.1796326389564198
24,[0.68424152],0.42034396965129395,0.14469891644259303
25,[0.27651797],0.5571554571034145,0.314325306830176
26,[0.342889],0.29493731749581975,0.24795427571541262
27,[0.84246516],0.46728298605458435,0.302922559507083
28,[0.26966593],0.5411193009177889,0.3237462993473402
29,[0.14618387],0.6369998545397508,0.4347582630950587
30,[0.43346828],0.3082272132403402,0.15737500479473465
31,[0.69311284],0.3917931305001932,0.15357023598117303
32,[0.59870529],0.28076980945115604,0.05346622243930699
33,[0.82229576],0.6262294144929863,0.284770017385347
34,[0.20692514],0.5742504421490684,0.3789675652087685
35,[0.37933095],0.29062933046233486,0.2115123315986619
36,[0.32768974],0.39923096123688995,0.2522815441282745
37,[0.5395426],0.22850127997531441,0.04139953531669904
38,[0.59341223],0.29323534630774917,0.05386963158019353
39,[0.13908626],0.378235325030352,0.454325970105359
40,[0.13092728],0.6879585301421663,0.46248495435316017
41,[0.10885537],0.6191393028422145,0.4907777712492758
42,[0.32798238],0.392445759025945,0.2529597521033571
43,[0.74397227],0.4169262071558598,0.20644652608635872
44,[0.8709121],0.4697313729877763,0.3313695047550511
45,[0.64532468],0.180410500420929,0.09663934368504479
46,[0.4450987],0.3449614645509996,0.14574457892665793
47,[0.61526168],0.36746379936702844,0.07672750887647517
48,[0.00342151],0.7157474720809553,0.5899907205358177
49,[0.21529668],0.5061166901532111,0.36370375953801726
50,[0.01730198],0.6127844921315899,0.5814033166627645
51,[0.66338298],0.43631516782914453,0.1181439072234639
52,[0.61178772],0.41280181753387096,0.06654865261277143
53,[0.12904084],0.49077111398998224,0.4643713873348505
54,[0.65352276],0.3452171136379524,0.10828368906502506
55,[0.54868534],0.2656730733325812,0.03225679587942876
56,[0.96780832],0.45606865391746165,0.4282657220146062
57,[0.49273824],0.3667979107336897,0.09810503939495152
58,[0.96660479],0.580561196844974,0.42907904646197104
59,[0.72814754],0.4646627917455836,0.18118533454988717
60,[0.78246017],0.4706358687276272,0.24291756893133432
61,[0.53752574],0.22685997071048983,0.041474701621681764
62,[0.32883692],0.44902048516400905,0.2521052108713656
63,[0.88971079],0.6127743319124787,0.3473199544105563
64,[0.18473226],0.4772484746596697,0.3962098766165226
65,[0.81891312],0.5603550364370401,0.2793705164690935
66,[0.95395808],0.6172277728765474,0.4164323413402595
67,[0.60318392],0.26450453196341106,0.06364132059413119
68,[0.27145378],0.5147769117010367,0.31443892442803545
69,[0.57900044],0.28968097558252237,0.03945784161466248
