,0,1,2
0,[0.73451382],0.4073426702773572,0.1892747511462457
1,[0.44569735],0.2988457655675981,0.13524478442106147
2,[0.75157326],0.4349220701854531,0.20633418792554803
3,[0.58094213],0.20981793098825907,0.04139953531669904
4,[0.54523907],0.20754534965175414,0.033761369516378315
5,[0.89040348],0.5396209186207799,0.3508608810842647
6,[0.1642169],0.5583048202898575,0.42791085872848855
7,[0.32143799],0.2702950872586878,0.27197424118077784
8,[0.68005533],0.46166487739241513,0.14051273332754755
9,[0.02555494],0.47037670630637785,0.5678572918221335
10,[0.60056099],0.32674843329367864,0.06101839327769798
11,[0.52639554],0.15280749122527987,0.0526048958964207
12,[0.31862191],0.3982778113288297,0.281939080667721
13,[0.82589527],0.6420745960693225,0.28065620201012675
14,[0.59084328],0.27508190631781754,0.045604209356499226
15,[0.31884972],0.3010882539754496,0.26209241379162707
16,[0.28838898],0.38328021339892837,0.29255315026389206
17,[0.04589776],0.8152660781145356,0.5501610043032156
18,[0.45316016],0.2685574119860594,0.1277819723434238
19,[0.85180479],0.38942732083298204,0.3065657159171775
20,[0.92563844],0.5691348543936547,0.38811269699320583
21,[0.92297027],0.612945415852716,0.3834276747345513
22,[0.99934118],0.5574347965714432,0.45979858214785785
23,[0.71917524],0.3441731891890022,0.1796326389564198
24,[0.68424152],0.3265020695072659,0.14469891644259303
25,[0.27651797],0.4862966624710247,0.314325306830176
26,[0.342889],0.30834065466821015,0.24795427571541262
27,[0.84246516],0.3877746359003297,0.302922559507083
28,[0.26966593],0.6107632140366032,0.3263928308260391
29,[0.14618387],0.662564910069514,0.4347582630950587
30,[0.43346828],0.32584820146059795,0.15737500479473465
31,[0.69311284],0.4320080868491002,0.15357023598117303
32,[0.59870529],0.2997083728210927,0.05346622243930699
33,[0.82229576],0.6094880889421906,0.28275315737832774
34,[0.20692514],0.6260150502588384,0.3740169921397264
35,[0.37933095],0.31902454951837267,0.2127968066613669
36,[0.32768974],0.39768829481582924,0.25325239097929275
37,[0.5395426],0.22863658186136,0.03945784161466248
38,[0.59341223],0.2674162537317115,0.05386963158019353
39,[0.13908626],0.5305094252040699,0.454325970105359
40,[0.13092728],0.6847526609359772,0.4677780173105578
41,[0.10885537],0.6611464425375128,0.4917056206193292
42,[0.32798238],0.32365189796913957,0.2529597521033571
43,[0.74397227],0.5674779027736847,0.20644652608635872
44,[0.8709121],0.4392707110376062,0.3313695047550511
45,[0.64532468],0.2782031737074693,0.09663934368504479
46,[0.4450987],0.3753603297287653,0.14574457892665793
47,[0.61526168],0.4944136462930615,0.07773593887998487
48,[0.00342151],0.708085911932372,0.5899907205358177
49,[0.21529668],0.4658692772758631,0.3646746063890356
50,[0.01730198],0.5634003774325643,0.5823311660328179
51,[0.66338298],0.45712302202647015,0.1181439072234639
52,[0.61178772],0.4605451950852146,0.06654865261277143
53,[0.12904084],0.5959117817696676,0.46701791881354937
54,[0.65352276],0.3472261970838507,0.10828368906502506
55,[0.54868534],0.2656730733325812,0.03225679587942876
56,[0.96780832],0.5283243329829415,0.4292741520181158
57,[0.49273824],0.24716432198471017,0.08820389325686717
58,[0.96660479],0.6776777658085338,0.42907904646197104
59,[0.72814754],0.5370685861418425,0.18290846821938023
60,[0.78246017],0.3913597855050801,0.24291756893133432
61,[0.53752574],0.2263526492698206,0.0424455484727001
62,[0.32883692],0.3082448797842535,0.2521052108713656
63,[0.88971079],0.6423262884260851,0.35218505046671766
64,[0.18473226],0.43275507583012784,0.3962098766165226
65,[0.81891312],0.62061902338407,0.2793705164690935
66,[0.95395808],0.6633518160503336,0.4164323413402595
67,[0.60318392],0.26450453196341106,0.06464975059764078
68,[0.27145378],0.5096247414082609,0.30948835135899333
69,[0.57900044],0.31856950282601015,0.03945784161466248
