,0,1,2
0,[0.73451382],0.3406560320572683,0.1892747511462457
1,[0.44569735],0.2861175014487719,0.13524478442106147
2,[0.75157326],0.45565341545597915,0.20633418792554803
3,[0.58094213],0.24587251335163257,0.04139953531669904
4,[0.54523907],0.20754534965175414,0.033761369516378315
5,[0.89040348],0.5396209186207799,0.3508608810842647
6,[0.1642169],0.5898467335385067,0.42662638366578354
7,[0.32143799],0.2702950872586878,0.2694052910553677
8,[0.68005533],0.46166487739241513,0.14051273332754755
9,[0.02555494],0.47737654157412185,0.5678572918221335
10,[0.60056099],0.3769791562831172,0.06101839327769798
11,[0.52639554],0.19811611792189507,0.0526048958964207
12,[0.31862191],0.4484718628108144,0.281939080667721
13,[0.82589527],0.5381377696012777,0.28065620201012675
14,[0.59084328],0.2823142080258313,0.045604209356499226
15,[0.31884972],0.38476806334168134,0.26209241379162707
16,[0.28838898],0.38328021339892837,0.29255315026389206
17,[0.04589776],0.6590949945542697,0.5475144728245167
18,[0.45316016],0.3431606011893677,0.1277819723434238
19,[0.85180479],0.38942732083298204,0.3122621880154617
20,[0.92563844],0.5691348543936547,0.38811269699320583
21,[0.92297027],0.6393823241263727,0.3834276747345513
22,[0.99934118],0.5574347965714432,0.45979858214785785
23,[0.71917524],0.3441731891890022,0.1796326389564198
24,[0.68424152],0.3265020695072659,0.14469891644259303
25,[0.27651797],0.5638073539583852,0.314325306830176
26,[0.342889],0.3829791656431618,0.24795427571541262
27,[0.84246516],0.4219008608417563,0.302922559507083
28,[0.26966593],0.6107632140366032,0.32903936230473785
29,[0.14618387],0.6027914082685311,0.4347582630950587
30,[0.43346828],0.2864505848102882,0.15737500479473465
31,[0.69311284],0.4320080868491002,0.15357023598117303
32,[0.59870529],0.3136522757460292,0.059162694537591154
33,[0.82229576],0.5414458622738796,0.28275315737832774
34,[0.20692514],0.5314259229729152,0.3740169921397264
35,[0.37933095],0.23479676940606015,0.2127968066613669
36,[0.32768974],0.4681253049091728,0.25325239097929275
37,[0.5395426],0.25460779815892465,0.03945784161466248
38,[0.59341223],0.2674162537317115,0.05386963158019353
39,[0.13908626],0.5227631749082028,0.454325970105359
40,[0.13092728],0.6951524585931688,0.4677780173105578
41,[0.10885537],0.6611464425375128,0.4907777712492758
42,[0.32798238],0.32365189796913957,0.2529597521033571
43,[0.74397227],0.5674779027736847,0.20644652608635872
44,[0.8709121],0.5076815055818761,0.3313695047550511
45,[0.64532468],0.1631620164484097,0.09663934368504479
46,[0.4450987],0.3753603297287653,0.14574457892665793
47,[0.61526168],0.4944136462930615,0.07773593887998487
48,[0.00342151],0.708085911932372,0.5926372520145166
49,[0.21529668],0.4658692772758631,0.3656454532400538
50,[0.01730198],0.6778581404284366,0.5832590154028713
51,[0.66338298],0.35926184935160826,0.1181439072234639
52,[0.61178772],0.3702067104295811,0.06654865261277143
53,[0.12904084],0.5959117817696676,0.4643713873348505
54,[0.65352276],0.2681172952538625,0.10828368906502506
55,[0.54868534],0.2656730733325812,0.03225679587942876
56,[0.96780832],0.5494141398717121,0.4302825820216255
57,[0.49273824],0.33084413135094193,0.08820389325686717
58,[0.96660479],0.672824347182655,0.42907904646197104
59,[0.72814754],0.5370685861418425,0.18290846821938023
60,[0.78246017],0.28646340212148685,0.24291756893133432
61,[0.53752574],0.1827183303531399,0.041474701621681764
62,[0.32883692],0.3082448797842535,0.26200635700944996
63,[0.88971079],0.6423262884260851,0.35218505046671766
64,[0.18473226],0.5526284309317696,0.3962098766165226
65,[0.81891312],0.62061902338407,0.2793705164690935
66,[0.95395808],0.4879373128545586,0.4164323413402595
67,[0.60318392],0.18526255664010655,0.06364132059413119
68,[0.27145378],0.5096247414082609,0.30948835135899333
69,[0.57900044],0.2867340390375869,0.03945784161466248
