,0,1,2
0,[0.73451382],0.4451642193381683,0.19313141719889748
1,[0.44569735],0.2345413640026713,0.1333030907190249
2,[0.75157326],0.5663740400846942,0.18848265631634065
3,[0.58094213],0.23742901562880503,0.03225679587942876
4,[0.54523907],0.2835981146575919,0.04817315948190937
5,[0.89040348],0.38709646068249015,0.352877741091284
6,[0.1642169],0.531439150069674,0.43896702280513133
7,[0.32143799],0.3459744380937867,0.2903497343116399
8,[0.68005533],0.5240755045011987,0.16208434133609306
9,[0.02555494],0.5747085868111116,0.5879697620339506
10,[0.60056099],0.3451029043842995,0.0403186256193484
11,[0.52639554],0.32260188495042563,0.022289793719028506
12,[0.31862191],0.4919975253825754,0.2800833819276142
13,[0.82589527],0.4138423297906198,0.28451286806277853
14,[0.59084328],0.38100934175172185,0.042157942017513106
15,[0.31884972],0.20138245670693017,0.2719935599297114
16,[0.28838898],0.3488345971745385,0.30143472987433817
17,[0.04589776],0.5514671985063077,0.5546632345220212
18,[0.45316016],0.36741644187976885,0.13768311848150816
19,[0.85180479],0.46767000247903984,0.3188357151563408
20,[0.92563844],0.4517252616286038,0.4329001949263547
21,[0.92297027],0.6004418876400534,0.43023203267471943
22,[0.99934118],0.47312883818732665,0.4541021100495737
23,[0.71917524],0.2903645213089908,0.1777928329107874
24,[0.68424152],0.39262407084476464,0.16525285936353507
25,[0.27651797],0.4307783865261041,0.31689425695558615
26,[0.342889],0.43391005443592795,0.24795427571541262
27,[0.84246516],0.47849670974305214,0.29377982006981274
28,[0.26966593],0.43501827171097024,0.3329340459127712
29,[0.14618387],0.30499380534276627,0.4347582630950587
30,[0.43346828],0.15553503465293947,0.15737500479473465
31,[0.69311284],0.3422239242994595,0.14442749654390274
32,[0.59870529],0.19109354007297735,0.05459132481895601
33,[0.82229576],0.34065618269455894,0.27705668528004357
34,[0.20692514],0.355842748057849,0.33546569287216943
35,[0.37933095],0.31921057000144765,0.20161118546057755
36,[0.32768974],0.5011286797545235,0.2631535371173771
37,[0.5395426],0.16343635239680804,0.03945784161466248
38,[0.59341223],0.2815705796678679,0.04645002581241631
39,[0.13908626],0.4394007734267997,0.46147473180286347
40,[0.13092728],0.5375394136076439,0.4480731643876291
41,[0.10885537],0.537341515660796,0.4818961916388297
42,[0.32798238],0.4738383358428848,0.2683825468005353
43,[0.74397227],0.5231565120284247,0.20086672636421388
44,[0.8709121],0.42834389019105396,0.3313695047550511
45,[0.64532468],0.31654676256809655,0.10578208312231507
46,[0.4450987],0.4046378087880017,0.14574457892665793
47,[0.61526168],0.3696639717939532,0.07215613915784003
48,[0.00342151],0.6777023151199778,0.5899907205358177
49,[0.21529668],0.3934213639031177,0.36370375953801726
50,[0.01730198],0.7309167189237609,0.5787567851840657
51,[0.66338298],0.45293987025819976,0.1538160854327112
52,[0.61178772],0.4561964473873955,0.06654865261277143
53,[0.12904084],0.6722135243941242,0.4558810172893799
54,[0.65352276],0.2922507697121701,0.10828368906502506
55,[0.54868534],0.1953721369401939,0.030315102177392195
56,[0.96780832],0.6567748429834916,0.4302825820216255
57,[0.49273824],0.33877760535996404,0.08820389325686717
58,[0.96660479],0.4103001559870675,0.42907904646197104
59,[0.72814754],0.2458983767147836,0.1886049403176644
60,[0.78246017],0.5313055919786936,0.24949109607221343
61,[0.53752574],0.3679352908967742,0.027287997384004004
62,[0.32883692],0.4013586701059532,0.2521052108713656
63,[0.88971079],0.37597871448959397,0.35217034788194235
64,[0.18473226],0.569701520337491,0.4001896028345465
65,[0.81891312],0.4413566652419453,0.2859440436099726
66,[0.95395808],0.6418881082560189,0.43195635911921093
67,[0.60318392],0.3085654578834799,0.06364132059413119
68,[0.27145378],0.5027370999555132,0.3173990841184211
69,[0.57900044],0.21641348964963553,0.0526048958964207
