,0,1,2
0,[0.73451382],0.27705273618626036,0.1892747511462457
1,[0.44569735],0.3485699390518643,0.13524478442106147
2,[0.75157326],0.32078296771993486,0.20633418792554803
3,[0.58094213],0.21901042506199192,0.03855129926755696
4,[0.54523907],0.20754534965175414,0.033761369516378315
5,[0.89040348],0.5396209186207799,0.34801264503512264
6,[0.1642169],0.5299346936126105,0.42662638366578354
7,[0.32143799],0.32096855063157337,0.2706897661180727
8,[0.68005533],0.46166487739241513,0.14051273332754755
9,[0.02555494],0.4361441486457875,0.5678572918221335
10,[0.60056099],0.3175960540471113,0.06101839327769798
11,[0.52639554],0.19811611792189507,0.0526048958964207
12,[0.31862191],0.4484718628108144,0.281939080667721
13,[0.82589527],0.5381377696012777,0.28065620201012675
14,[0.59084328],0.2823142080258313,0.045604209356499226
15,[0.31884972],0.3847680633416813,0.26209241379162707
16,[0.28838898],0.38328021339892837,0.29255315026389206
17,[0.04589776],0.6590949945542697,0.5462299977618116
18,[0.45316016],0.31503141480343266,0.1277819723434238
19,[0.85180479],0.38942732083298204,0.3122621880154617
20,[0.92563844],0.5691348543936547,0.38811269699320583
21,[0.92297027],0.6393823241263727,0.3844361047380609
22,[0.99934118],0.5997372628911757,0.45695034609871577
23,[0.71917524],0.3441731891890022,0.1796326389564198
24,[0.68424152],0.4573372783509818,0.14469891644259303
25,[0.27651797],0.5638073539583852,0.314325306830176
26,[0.342889],0.3829791656431618,0.24795427571541262
27,[0.84246516],0.3877746359003297,0.302922559507083
28,[0.26966593],0.6107632140366032,0.32903936230473785
29,[0.14618387],0.6027914082685311,0.4347582630950587
30,[0.43346828],0.3154011097586754,0.15737500479473465
31,[0.69311284],0.39553774106418393,0.15357023598117303
32,[0.59870529],0.1899754938393944,0.059162694537591154
33,[0.82229576],0.7048195547187648,0.28275315737832774
34,[0.20692514],0.6264033889992457,0.3740169921397264
35,[0.37933095],0.35344740231223337,0.21408128172407204
36,[0.32768974],0.5408094780813368,0.25325239097929275
37,[0.5395426],0.19681104270638933,0.03945784161466248
38,[0.59341223],0.23772768829926855,0.05386963158019353
39,[0.13908626],0.5096326793495807,0.454325970105359
40,[0.13092728],0.685429189117824,0.4677780173105578
41,[0.10885537],0.6895945273476688,0.4907777712492758
42,[0.32798238],0.32365189796913957,0.2529597521033571
43,[0.74397227],0.6072076827920974,0.20644652608635872
44,[0.8709121],0.5076815055818761,0.3313695047550511
45,[0.64532468],0.16710298703299542,0.10008561102403091
46,[0.4450987],0.31290789212567305,0.14574457892665793
47,[0.61526168],0.394429866987449,0.07773593887998487
48,[0.00342151],0.708085911932372,0.5926372520145166
49,[0.21529668],0.4658692772758631,0.3656454532400538
50,[0.01730198],0.6937570084384065,0.5823311660328179
51,[0.66338298],0.35926184935160826,0.1181439072234639
52,[0.61178772],0.34072654436869654,0.06654865261277143
53,[0.12904084],0.6789388500964689,0.4643713873348505
54,[0.65352276],0.3452171136379524,0.10828368906502506
55,[0.54868534],0.2656730733325812,0.03225679587942876
56,[0.96780832],0.43194286742474564,0.4302825820216255
57,[0.49273824],0.33458478562248584,0.08820389325686717
58,[0.96660479],0.6290574728468475,0.42907904646197104
59,[0.72814754],0.4646627917455836,0.18290846821938023
60,[0.78246017],0.28646340212148685,0.24291756893133432
61,[0.53752574],0.2799218500370326,0.041474701621681764
62,[0.32883692],0.2971065968932869,0.25705578394040773
63,[0.88971079],0.5188134252505998,0.35117662046320797
64,[0.18473226],0.5025957274979038,0.3962098766165226
65,[0.81891312],0.5701462325124649,0.2793705164690935
66,[0.95395808],0.6463459123560622,0.4164323413402595
67,[0.60318392],0.18526255664010655,0.06364132059413119
68,[0.27145378],0.5099958811562821,0.30948835135899333
69,[0.57900044],0.2867340390375869,0.03945784161466248
