,0,1,2
0,[0.73451382],0.4073426702773572,0.1892747511462457
1,[0.44569735],0.3485699390518643,0.1401953574901036
2,[0.75157326],0.38416181911105207,0.20633418792554803
3,[0.58094213],0.23220284665787894,0.04139953531669904
4,[0.54523907],0.25737270063978884,0.033761369516378315
5,[0.89040348],0.5181707943151072,0.34801264503512264
6,[0.1642169],0.4983927803639613,0.42662638366578354
7,[0.32143799],0.3468636009239313,0.2694052910553677
8,[0.68005533],0.45434066682151625,0.14051273332754755
9,[0.02555494],0.5695586545088445,0.5678572918221335
10,[0.60056099],0.3167901009248105,0.06101839327769798
11,[0.52639554],0.19811611792189507,0.0526048958964207
12,[0.31862191],0.3646074850121613,0.281939080667721
13,[0.82589527],0.5015560759574016,0.28065620201012675
14,[0.59084328],0.204278606512709,0.045604209356499226
15,[0.31884972],0.3847680633416813,0.26209241379162707
16,[0.28838898],0.3715941638482697,0.29255315026389206
17,[0.04589776],0.6152061429365275,0.5475144728245167
18,[0.45316016],0.3241080349663562,0.13768311848150816
19,[0.85180479],0.38942732083298204,0.3122621880154617
20,[0.92563844],0.5691348543936549,0.38811269699320583
21,[0.92297027],0.6393823241263727,0.3834276747345513
22,[0.99934118],0.5997372628911757,0.45695034609871577
23,[0.71917524],0.3045742483486385,0.1796326389564198
24,[0.68424152],0.49009037543585016,0.14469891644259303
25,[0.27651797],0.5014043113588718,0.314325306830176
26,[0.342889],0.37135754700082624,0.24795427571541262
27,[0.84246516],0.42411591170344354,0.302922559507083
28,[0.26966593],0.610763214036603,0.32903936230473785
29,[0.14618387],0.5921278999761704,0.4347582630950587
30,[0.43346828],0.38591043838700356,0.15737500479473465
31,[0.69311284],0.39553774106418393,0.15357023598117303
32,[0.59870529],0.2997083728210927,0.059162694537591154
33,[0.82229576],0.6818502819087504,0.28275315737832774
34,[0.20692514],0.6154940710795543,0.3740169921397264
35,[0.37933095],0.42507296289291796,0.21408128172407204
36,[0.32768974],0.4861444708603962,0.2513106972772562
37,[0.5395426],0.19681104270638933,0.03945784161466248
38,[0.59341223],0.2518721877701676,0.04817315948190937
39,[0.13908626],0.5096326793495807,0.454325970105359
40,[0.13092728],0.6262002452508145,0.4677780173105578
41,[0.10885537],0.5577237092764994,0.4907777712492758
42,[0.32798238],0.3020064460509689,0.2529597521033571
43,[0.74397227],0.6072076827920974,0.20644652608635872
44,[0.8709121],0.437883127127619,0.3313695047550511
45,[0.64532468],0.21861547727604477,0.10008561102403091
46,[0.4450987],0.40598612665367656,0.14574457892665793
47,[0.61526168],0.454938066874052,0.07773593887998487
48,[0.00342151],0.708085911932372,0.5952837834932153
49,[0.21529668],0.5098031047541844,0.3656454532400538
50,[0.01730198],0.7215285650667157,0.5832590154028713
51,[0.66338298],0.45712302202647015,0.1181439072234639
52,[0.61178772],0.34072654436869654,0.06654865261277143
53,[0.12904084],0.6380529168806011,0.46180243720944036
54,[0.65352276],0.3831788890938982,0.10828368906502506
55,[0.54868534],0.2402337838198541,0.03225679587942876
56,[0.96780832],0.6197113738677846,0.4282657220146062
57,[0.49273824],0.13819303896754873,0.08820389325686717
58,[0.96660479],0.6290574728468475,0.42807061645846134
59,[0.72814754],0.2876569297870524,0.18290846821938023
60,[0.78246017],0.3576423909551723,0.24291756893133432
61,[0.53752574],0.32209904117473354,0.041474701621681764
62,[0.32883692],0.2971065968932869,0.26200635700944996
63,[0.88971079],0.3795686115789306,0.35117662046320797
64,[0.18473226],0.4295111091691505,0.3952390297655044
65,[0.81891312],0.5640092558261623,0.2793705164690935
66,[0.95395808],0.6710780547818042,0.4164323413402595
67,[0.60318392],0.292271431952311,0.06364132059413119
68,[0.27145378],0.487124887756309,0.30948835135899333
69,[0.57900044],0.2867340390375869,0.03945784161466248
