,0,1,2
0,[0.73451382],0.4073426702773572,0.1892747511462457
1,[0.44569735],0.3485699390518643,0.14514593055914582
2,[0.75157326],0.38416181911105207,0.20633418792554803
3,[0.58094213],0.2914984529419488,0.04139953531669904
4,[0.54523907],0.3058709458992149,0.033761369516378315
5,[0.89040348],0.5181707943151072,0.3508608810842647
6,[0.1642169],0.5583048202898575,0.42662638366578354
7,[0.32143799],0.3444035055968353,0.25950414491728335
8,[0.68005533],0.45434066682151625,0.14051273332754755
9,[0.02555494],0.6342384024404943,0.5678572918221335
10,[0.60056099],0.19977097055093596,0.06101839327769798
11,[0.52639554],0.19811611792189507,0.0526048958964207
12,[0.31862191],0.4278033268892427,0.281939080667721
13,[0.82589527],0.4183164303868134,0.28065620201012675
14,[0.59084328],0.28865026427960067,0.045604209356499226
15,[0.31884972],0.3336942801279775,0.26209241379162707
16,[0.28838898],0.3715941638482697,0.29255315026389206
17,[0.04589776],0.6590949945542697,0.5462299977618116
18,[0.45316016],0.3241080349663562,0.13768311848150816
19,[0.85180479],0.44991818011337725,0.3122621880154617
20,[0.92563844],0.5691348543936549,0.38811269699320583
21,[0.92297027],0.45196472262529336,0.3834276747345513
22,[0.99934118],0.46890807982924876,0.45695034609871577
23,[0.71917524],0.34533479720154575,0.18064106895992937
24,[0.68424152],0.49009037543585016,0.14469891644259303
25,[0.27651797],0.5014043113588718,0.314325306830176
26,[0.342889],0.37135754700082624,0.24795427571541262
27,[0.84246516],0.4669254157096138,0.3039309895105926
28,[0.26966593],0.6107632140366032,0.32903936230473785
29,[0.14618387],0.5921278999761704,0.4347582630950587
30,[0.43346828],0.3859104383870036,0.15737500479473465
31,[0.69311284],0.3510732366530145,0.15357023598117303
32,[0.59870529],0.3497663939432484,0.059162694537591154
33,[0.82229576],0.567534780951869,0.28275315737832774
34,[0.20692514],0.6154940710795543,0.38391813827781074
35,[0.37933095],0.371346130590262,0.21408128172407204
36,[0.32768974],0.4157074607670527,0.2513106972772562
37,[0.5395426],0.25472752783242714,0.03945784161466248
38,[0.59341223],0.2518721877701676,0.04817315948190937
39,[0.13908626],0.551039495050653,0.454325970105359
40,[0.13092728],0.6262002452508145,0.4677780173105578
41,[0.10885537],0.6457186569064983,0.4907777712492758
42,[0.32798238],0.30239478479137616,0.2529597521033571
43,[0.74397227],0.4740605960660444,0.20442966607933943
44,[0.8709121],0.5076815055818761,0.3313695047550511
45,[0.64532468],0.21861547727604477,0.10008561102403091
46,[0.4450987],0.3501120233598578,0.14574457892665793
47,[0.61526168],0.509566819947715,0.07672750887647517
48,[0.00342151],0.6502028877890911,0.5952837834932153
49,[0.21529668],0.5479744590396851,0.37554659937813817
50,[0.01730198],0.6220335398527801,0.5823311660328179
51,[0.66338298],0.45712302202647015,0.1181439072234639
52,[0.61178772],0.39406581123175355,0.06654865261277143
53,[0.12904084],0.5400376784758489,0.46180243720944036
54,[0.65352276],0.3513092609324054,0.10828368906502506
55,[0.54868534],0.16129203475322426,0.03225679587942876
56,[0.96780832],0.6197113738677846,0.4282657220146062
57,[0.49273824],0.13819303896754873,0.08820389325686717
58,[0.96660479],0.6339108914727263,0.42907904646197104
59,[0.72814754],0.4144490204114243,0.18118533454988717
60,[0.78246017],0.41976914203995996,0.24291756893133432
61,[0.53752574],0.2996204287225813,0.041474701621681764
62,[0.32883692],0.2764094159958303,0.26200635700944996
63,[0.88971079],0.3795686115789306,0.35117662046320797
64,[0.18473226],0.4295111091691505,0.3962098766165226
65,[0.81891312],0.4732586974081318,0.2793705164690935
66,[0.95395808],0.6710780547818042,0.4164323413402595
67,[0.60318392],0.29227143195231103,0.06364132059413119
68,[0.27145378],0.5412694700211589,0.30948835135899333
69,[0.57900044],0.2867340390375869,0.03945784161466248
