,0,1,2
0,[0.73451382],0.23056138121527353,0.1892747511462457
1,[0.44569735],0.2822415165375976,0.14514593055914582
2,[0.75157326],0.40457538497525897,0.20633418792554803
3,[0.58094213],0.15283056516786925,0.03855129926755696
4,[0.54523907],0.17476508612885444,0.033761369516378315
5,[0.89040348],0.6632695728492468,0.3508608810842647
6,[0.1642169],0.514647964931133,0.42662638366578354
7,[0.32143799],0.3518662028531927,0.25950414491728335
8,[0.68005533],0.34654909127835776,0.14051273332754755
9,[0.02555494],0.5413716706437175,0.5678572918221335
10,[0.60056099],0.22849835274067648,0.06101839327769798
11,[0.52639554],0.22193160257416739,0.0526048958964207
12,[0.31862191],0.4023021736527112,0.281939080667721
13,[0.82589527],0.44420487954282806,0.28065620201012675
14,[0.59084328],0.28338046428607716,0.045604209356499226
15,[0.31884972],0.2935831647653092,0.26209241379162707
16,[0.28838898],0.3451721046372091,0.29255315026389206
17,[0.04589776],0.7248384076838305,0.5475144728245167
18,[0.45316016],0.3464066193315876,0.13768311848150816
19,[0.85180479],0.46833396193837906,0.3122621880154617
20,[0.92563844],0.6293988413406849,0.38811269699320583
21,[0.92297027],0.6555462367025712,0.3834276747345513
22,[0.99934118],0.546205497509893,0.45979858214785785
23,[0.71917524],0.2940449953252972,0.1796326389564198
24,[0.68424152],0.49009037543585016,0.14469891644259303
25,[0.27651797],0.38030406720515103,0.314325306830176
26,[0.342889],0.33138013097161734,0.24795427571541262
27,[0.84246516],0.42411591170344354,0.3039309895105926
28,[0.26966593],0.49888246708141654,0.32903936230473785
29,[0.14618387],0.6410051214436472,0.4347582630950587
30,[0.43346828],0.31540110975867547,0.15737500479473465
31,[0.69311284],0.3510732366530145,0.15357023598117303
32,[0.59870529],0.2997083728210927,0.059162694537591154
33,[0.82229576],0.4300923964760612,0.28275315737832774
34,[0.20692514],0.6948090168828162,0.3789675652087685
35,[0.37933095],0.42841850784179514,0.21408128172407204
36,[0.32768974],0.4157074607670527,0.2513106972772562
37,[0.5395426],0.19681104270638933,0.03945784161466248
38,[0.59341223],0.2969606766316126,0.04817315948190937
39,[0.13908626],0.5304153913662715,0.454325970105359
40,[0.13092728],0.584694420164154,0.4677780173105578
41,[0.10885537],0.6593721786297968,0.4907777712492758
42,[0.32798238],0.30239478479137616,0.2529597521033571
43,[0.74397227],0.5215174986833887,0.20442966607933943
44,[0.8709121],0.4818940240282711,0.3313695047550511
45,[0.64532468],0.2682063324191273,0.10008561102403091
46,[0.4450987],0.3249471672102157,0.14574457892665793
47,[0.61526168],0.37351947625946735,0.07571907887296558
48,[0.00342151],0.6087960720880187,0.5952837834932153
49,[0.21529668],0.474518363172059,0.37059602630909594
50,[0.01730198],0.6220335398527801,0.5814033166627645
51,[0.66338298],0.35926184935160826,0.1181439072234639
52,[0.61178772],0.3750241504421716,0.06654865261277143
53,[0.12904084],0.5055631758868286,0.46180243720944036
54,[0.65352276],0.4127277755976502,0.10828368906502506
55,[0.54868534],0.1867313242659514,0.03225679587942876
56,[0.96780832],0.6735616496419945,0.4282657220146062
57,[0.49273824],0.20656245521585595,0.08820389325686717
58,[0.96660479],0.6217690840234974,0.42807061645846134
59,[0.72814754],0.5444255276930352,0.18290846821938023
60,[0.78246017],0.3485901532062745,0.24291756893133432
61,[0.53752574],0.2299592543832925,0.041474701621681764
62,[0.32883692],0.2971065968932869,0.26200635700944996
63,[0.88971079],0.4281140445116763,0.35218505046671766
64,[0.18473226],0.40435105307156627,0.3962098766165226
65,[0.81891312],0.2982794233808287,0.2793705164690935
66,[0.95395808],0.6710780547818042,0.4164323413402595
67,[0.60318392],0.24536556432044318,0.06364132059413119
68,[0.27145378],0.5412694700211589,0.30948835135899333
69,[0.57900044],0.2946897541636168,0.03945784161466248
