,0,1,2
0,[0.73451382],0.27705273618626036,0.1892747511462457
1,[0.44569735],0.2861175014487719,0.1401953574901036
2,[0.75157326],0.40457538497525897,0.20633418792554803
3,[0.58094213],0.19708745678829448,0.03570306321841488
4,[0.54523907],0.12059255558910191,0.033761369516378315
5,[0.89040348],0.6910019644554348,0.34801264503512264
6,[0.1642169],0.46207820909677977,0.42662638366578354
7,[0.32143799],0.3518662028531927,0.26445471798632547
8,[0.68005533],0.3471123068362455,0.14051273332754755
9,[0.02555494],0.5413716706437175,0.5678572918221335
10,[0.60056099],0.22849835274067648,0.06101839327769798
11,[0.52639554],0.22193160257416739,0.0526048958964207
12,[0.31862191],0.40847955543421166,0.2800833819276142
13,[0.82589527],0.5225609098149518,0.28065620201012675
14,[0.59084328],0.28338046428607716,0.045604209356499226
15,[0.31884972],0.2935831647653092,0.26209241379162707
16,[0.28838898],0.37851556268979525,0.29255315026389206
17,[0.04589776],0.588940162406448,0.5475144728245167
18,[0.45316016],0.3464066193315877,0.13273254541246593
19,[0.85180479],0.46833396193837906,0.3122621880154617
20,[0.92563844],0.6293988413406849,0.38811269699320583
21,[0.92297027],0.5361021840844451,0.3834276747345513
22,[0.99934118],0.546205497509893,0.45979858214785785
23,[0.71917524],0.25768958138421294,0.18064106895992937
24,[0.68424152],0.4758033310795172,0.14469891644259303
25,[0.27651797],0.38030406720515103,0.314325306830176
26,[0.342889],0.41332653880288805,0.24795427571541262
27,[0.84246516],0.38259360530492037,0.3049394195141023
28,[0.26966593],0.49888246708141654,0.3237462993473402
29,[0.14618387],0.4398435921367332,0.4347582630950587
30,[0.43346828],0.31540110975867547,0.15737500479473465
31,[0.69311284],0.34502705888972135,0.15357023598117303
32,[0.59870529],0.26077879364450296,0.059162694537591154
33,[0.82229576],0.5404018308657773,0.28275315737832774
34,[0.20692514],0.6601198352749268,0.38391813827781074
35,[0.37933095],0.4555802135831829,0.21408128172407204
36,[0.32768974],0.4157074607670527,0.2522815441282745
37,[0.5395426],0.19681104270638933,0.03945784161466248
38,[0.59341223],0.3217352495503306,0.04645002581241631
39,[0.13908626],0.5304153913662715,0.454325970105359
40,[0.13092728],0.584694420164154,0.4677780173105578
41,[0.10885537],0.6457186569064984,0.4898499218792224
42,[0.32798238],0.2553544061527998,0.2529597521033571
43,[0.74397227],0.5467672948839993,0.20442966607933943
44,[0.8709121],0.4818940240282711,0.3313695047550511
45,[0.64532468],0.3406420620049757,0.10008561102403091
46,[0.4450987],0.3249471672102157,0.14574457892665793
47,[0.61526168],0.4340477811850107,0.07571907887296558
48,[0.00342151],0.6087960720880187,0.5952837834932153
49,[0.21529668],0.46175525990180144,0.37554659937813817
50,[0.01730198],0.6220335398527801,0.5814033166627645
51,[0.66338298],0.45712302202647015,0.1181439072234639
52,[0.61178772],0.3750241504421716,0.06654865261277143
53,[0.12904084],0.6608489491132629,0.46180243720944036
54,[0.65352276],0.3209618877726791,0.10828368906502506
55,[0.54868534],0.2438855331198626,0.03225679587942876
56,[0.96780832],0.5771465314779001,0.4282657220146062
57,[0.49273824],0.18327741536110764,0.08820389325686717
58,[0.96660479],0.6290574728468475,0.42706218645495175
59,[0.72814754],0.4275251181387871,0.18118533454988717
60,[0.78246017],0.41976914203995996,0.24291756893133432
61,[0.53752574],0.22650132670284587,0.041474701621681764
62,[0.32883692],0.2971065968932869,0.26200635700944996
63,[0.88971079],0.4716339083278974,0.35117662046320797
64,[0.18473226],0.4043510530715664,0.3962098766165226
65,[0.81891312],0.4227859065365265,0.2793705164690935
66,[0.95395808],0.6066314776325558,0.41542391133674983
67,[0.60318392],0.23376080189953258,0.06364132059413119
68,[0.27145378],0.5507185962116818,0.30948835135899333
69,[0.57900044],0.2817840260074702,0.03945784161466248
