,0,1,2
0,[0.73451382],0.40291598453462035,0.1892747511462457
1,[0.44569735],0.36199755431162955,0.14514593055914582
2,[0.75157326],0.36042936351338345,0.2120306600238322
3,[0.58094213],0.16254071301647086,0.03570306321841488
4,[0.54523907],0.12059255558910191,0.033761369516378315
5,[0.89040348],0.6910019644554348,0.34516440898598055
6,[0.1642169],0.5003363227285441,0.42662638366578354
7,[0.32143799],0.3409745048697962,0.25950414491728335
8,[0.68005533],0.37918923766344154,0.14051273332754755
9,[0.02555494],0.640783340576333,0.5678572918221335
10,[0.60056099],0.2810942880093714,0.06101839327769798
11,[0.52639554],0.2437338087285635,0.0526048958964207
12,[0.31862191],0.3378045368314695,0.2800833819276142
13,[0.82589527],0.5518268813670885,0.28065620201012675
14,[0.59084328],0.27508190631781754,0.045604209356499226
15,[0.31884972],0.31514966915253373,0.26209241379162707
16,[0.28838898],0.4025269840578007,0.29255315026389206
17,[0.04589776],0.588940162406448,0.5475144728245167
18,[0.45316016],0.35662542470893027,0.1277819723434238
19,[0.85180479],0.49519605022801977,0.3122621880154617
20,[0.92563844],0.6857866574742291,0.38811269699320583
21,[0.92297027],0.5338568377977735,0.3834276747345513
22,[0.99934118],0.49396540138937306,0.45979858214785785
23,[0.71917524],0.3506413116343934,0.1796326389564198
24,[0.68424152],0.4758033310795172,0.14469891644259303
25,[0.27651797],0.514872282647924,0.315609781892881
26,[0.342889],0.413326538802888,0.24795427571541262
27,[0.84246516],0.38259360530492037,0.3049394195141023
28,[0.26966593],0.6406336787417851,0.3237462993473402
29,[0.14618387],0.6695110401105605,0.4347582630950587
30,[0.43346828],0.38314039025073043,0.15737500479473465
31,[0.69311284],0.34502705888972135,0.15357023598117303
32,[0.59870529],0.33596068140685215,0.059162694537591154
33,[0.82229576],0.6053244116661133,0.2837615873818373
34,[0.20692514],0.6601198352749268,0.38520261334051575
35,[0.37933095],0.34130787801890977,0.21408128172407204
36,[0.32768974],0.4157074607670527,0.2513106972772562
37,[0.5395426],0.21484495538836645,0.04042868846568082
38,[0.59341223],0.2766467606888856,0.04817315948190937
39,[0.13908626],0.4922440370807709,0.454325970105359
40,[0.13092728],0.584694420164154,0.4677780173105578
41,[0.10885537],0.6457186569064983,0.4898499218792224
42,[0.32798238],0.341292676620513,0.2529597521033571
43,[0.74397227],0.5372721677226009,0.20442966607933943
44,[0.8709121],0.4289916677261349,0.3313695047550511
45,[0.64532468],0.23692073826593124,0.10008561102403091
46,[0.4450987],0.3029643015002194,0.14574457892665793
47,[0.61526168],0.48827855806405973,0.07571907887296558
48,[0.00342151],0.6648127484735415,0.5926372520145166
49,[0.21529668],0.5747706946413995,0.37059602630909594
50,[0.01730198],0.6220335398527801,0.5814033166627645
51,[0.66338298],0.2601847749129319,0.1181439072234639
52,[0.61178772],0.37151558899236636,0.06654865261277143
53,[0.12904084],0.6650619098534303,0.46180243720944036
54,[0.65352276],0.3704477972723855,0.10828368906502506
55,[0.54868534],0.25936650130593086,0.03225679587942876
56,[0.96780832],0.4868185244650922,0.4282657220146062
57,[0.49273824],0.25507008346369836,0.08820389325686717
58,[0.96660479],0.6290574728468475,0.42706218645495175
59,[0.72814754],0.4261286866109236,0.18290846821938023
60,[0.78246017],0.41976914203995996,0.24291756893133432
61,[0.53752574],0.22650132670284587,0.041474701621681764
62,[0.32883692],0.3521081569057406,0.26200635700944996
63,[0.88971079],0.5962022452522989,0.35218505046671766
64,[0.18473226],0.4043510530715664,0.3962098766165226
65,[0.81891312],0.35957433487997,0.2793705164690935
66,[0.95395808],0.6066314776325558,0.41441548133324024
67,[0.60318392],0.295716069196003,0.06364132059413119
68,[0.27145378],0.5507185962116818,0.30948835135899333
69,[0.57900044],0.2268489428372178,0.03945784161466248
