,0,1,2
0,[0.73451382],0.3179745736165262,0.1892747511462457
1,[0.44569735],0.36199755431162955,0.14514593055914582
2,[0.75157326],0.3612321278906428,0.2120306600238322
3,[0.58094213],0.20999318494444105,0.03570306321841488
4,[0.54523907],0.16482196035451438,0.033761369516378315
5,[0.89040348],0.6910019644554348,0.34516440898598055
6,[0.1642169],0.5583048202898575,0.42662638366578354
7,[0.32143799],0.3409745048697962,0.25950414491728335
8,[0.68005533],0.4915289304114087,0.14051273332754755
9,[0.02555494],0.5416532504219418,0.5678572918221335
10,[0.60056099],0.2810942880093714,0.06101839327769798
11,[0.52639554],0.3057183267219252,0.0526048958964207
12,[0.31862191],0.4194248218804387,0.2800833819276142
13,[0.82589527],0.4970698237389727,0.28065620201012675
14,[0.59084328],0.28338046428607716,0.045604209356499226
15,[0.31884972],0.22419558423374814,0.26209241379162707
16,[0.28838898],0.3715941638482697,0.29255315026389206
17,[0.04589776],0.7829534280861289,0.5475144728245167
18,[0.45316016],0.35662542470893016,0.1277819723434238
19,[0.85180479],0.49519605022801977,0.3122621880154617
20,[0.92563844],0.6857866574742291,0.38811269699320583
21,[0.92297027],0.5338568377977735,0.3834276747345513
22,[0.99934118],0.5420586705284125,0.45979858214785785
23,[0.71917524],0.3506413116343934,0.1796326389564198
24,[0.68424152],0.4758033310795172,0.14469891644259303
25,[0.27651797],0.5195826912555218,0.31689425695558615
26,[0.342889],0.413326538802888,0.24795427571541262
27,[0.84246516],0.38259360530492037,0.3049394195141023
28,[0.26966593],0.6406336787417851,0.3237462993473402
29,[0.14618387],0.5921278999761704,0.4347582630950587
30,[0.43346828],0.41224290317798606,0.15737500479473465
31,[0.69311284],0.34502705888972135,0.15357023598117303
32,[0.59870529],0.3359606814068521,0.059162694537591154
33,[0.82229576],0.5144592176450414,0.28275315737832774
34,[0.20692514],0.6601198352749268,0.38391813827781074
35,[0.37933095],0.34130787801890977,0.21408128172407204
36,[0.32768974],0.4157074607670527,0.2513106972772562
37,[0.5395426],0.21484495538836645,0.04139953531669904
38,[0.59341223],0.2766467606888856,0.04817315948190937
39,[0.13908626],0.47928530618985443,0.454325970105359
40,[0.13092728],0.584694420164154,0.4677780173105578
41,[0.10885537],0.6560377078286369,0.48720339040052363
42,[0.32798238],0.29425229798193664,0.2529597521033571
43,[0.74397227],0.5372721677226009,0.20442966607933943
44,[0.8709121],0.4289916677261349,0.3313695047550511
45,[0.64532468],0.14298784820748162,0.10008561102403091
46,[0.4450987],0.29936594973780173,0.14574457892665793
47,[0.61526168],0.49849451492158875,0.07002260677468142
48,[0.00342151],0.6886631773478544,0.5952837834932153
49,[0.21529668],0.5253917281426498,0.3656454532400538
50,[0.01730198],0.6220335398527801,0.5814033166627645
51,[0.66338298],0.4445314992459317,0.1181439072234639
52,[0.61178772],0.37151558899236636,0.06654865261277143
53,[0.12904084],0.6230647468026502,0.46180243720944036
54,[0.65352276],0.3704477972723855,0.10828368906502506
55,[0.54868534],0.3074154389821883,0.03225679587942876
56,[0.96780832],0.5002864957541445,0.4282657220146062
57,[0.49273824],0.21977069142990285,0.08820389325686717
58,[0.96660479],0.6290574728468475,0.42706218645495175
59,[0.72814754],0.4261286866109236,0.18290846821938023
60,[0.78246017],0.424059345107951,0.24291756893133432
61,[0.53752574],0.22650132670284587,0.041474701621681764
62,[0.32883692],0.2589912122892405,0.26200635700944996
63,[0.88971079],0.5291482952350093,0.35218505046671766
64,[0.18473226],0.4043510530715664,0.3962098766165226
65,[0.81891312],0.459454092743069,0.2793705164690935
66,[0.95395808],0.6105698548952011,0.41542391133674983
67,[0.60318392],0.295716069196003,0.06364132059413119
68,[0.27145378],0.5507185962116818,0.30948835135899333
69,[0.57900044],0.22809138079726665,0.03945784161466248
