,0,1,2
0,[0.73451382],0.3230757957801306,0.1892747511462457
1,[0.44569735],0.2861175014487719,0.14514593055914582
2,[0.75157326],0.4296440174767636,0.2120306600238322
3,[0.58094213],0.3137916361888947,0.03570306321841488
4,[0.54523907],0.22797947733590945,0.033761369516378315
5,[0.89040348],0.579924525343707,0.34516440898598055
6,[0.1642169],0.4907120626387876,0.42662638366578354
7,[0.32143799],0.3211518652676265,0.25950414491728335
8,[0.68005533],0.5079786334790247,0.14051273332754755
9,[0.02555494],0.638402330957935,0.5678572918221335
10,[0.60056099],0.33495097089169706,0.06101839327769798
11,[0.52639554],0.241221598943467,0.0526048958964207
12,[0.31862191],0.39894385475968136,0.27479031897021655
13,[0.82589527],0.5333438644227553,0.28065620201012675
14,[0.59084328],0.3301786300371967,0.045604209356499226
15,[0.31884972],0.31514966915253373,0.26209241379162707
16,[0.28838898],0.44843483931919703,0.29255315026389206
17,[0.04589776],0.712798595938307,0.5475144728245167
18,[0.45316016],0.41560306237143996,0.1277819723434238
19,[0.85180479],0.49519605022801977,0.3122621880154617
20,[0.92563844],0.5817419050505983,0.38811269699320583
21,[0.92297027],0.5074199295241166,0.3834276747345513
22,[0.99934118],0.5530344257230271,0.45979858214785785
23,[0.71917524],0.3506413116343934,0.1796326389564198
24,[0.68424152],0.4552416620482638,0.14469891644259303
25,[0.27651797],0.416987492440954,0.314325306830176
26,[0.342889],0.4402608588081881,0.24795427571541262
27,[0.84246516],0.38259360530492037,0.3039309895105926
28,[0.26966593],0.6406336787417851,0.3237462993473402
29,[0.14618387],0.5921278999761704,0.4347582630950587
30,[0.43346828],0.3702974749074106,0.15737500479473465
31,[0.69311284],0.34128244832573057,0.15357023598117303
32,[0.59870529],0.35394710118713135,0.059162694537591154
33,[0.82229576],0.4829791809088907,0.28275315737832774
34,[0.20692514],0.6111292075165845,0.38391813827781074
35,[0.37933095],0.34288028063547127,0.21408128172407204
36,[0.32768974],0.4157074607670527,0.25325239097929275
37,[0.5395426],0.21484495538836645,0.04139953531669904
38,[0.59341223],0.26419071729785576,0.04817315948190937
39,[0.13908626],0.57878033140379,0.4569725015840579
40,[0.13092728],0.5872237611884963,0.4687058666806112
41,[0.10885537],0.6560377078286368,0.48455685892182476
42,[0.32798238],0.30945187117192446,0.2529597521033571
43,[0.74397227],0.5372721677226009,0.20442966607933943
44,[0.8709121],0.49410907329904374,0.3313695047550511
45,[0.64532468],0.277870277164401,0.10008561102403091
46,[0.4450987],0.26782616733755715,0.14574457892665793
47,[0.61526168],0.4310163036732174,0.07571907887296558
48,[0.00342151],0.6514974805864024,0.5952837834932153
49,[0.21529668],0.5583860930355853,0.37554659937813817
50,[0.01730198],0.6894668053704155,0.5814033166627645
51,[0.66338298],0.4445314992459317,0.1181439072234639
52,[0.61178772],0.3702067104295811,0.06654865261277143
53,[0.12904084],0.6650619098534303,0.451901291071356
54,[0.65352276],0.3704477972723855,0.10828368906502506
55,[0.54868534],0.2593665013059309,0.03225679587942876
56,[0.96780832],0.4868185244650922,0.4282657220146062
57,[0.49273824],0.25507008346369836,0.08820389325686717
58,[0.96660479],0.6290574728468475,0.42807061645846134
59,[0.72814754],0.5444255276930352,0.18290846821938023
60,[0.78246017],0.4124807532166098,0.24291756893133432
61,[0.53752574],0.22650132670284587,0.041474701621681764
62,[0.32883692],0.31442379516699787,0.2521052108713656
63,[0.88971079],0.5033594206754535,0.35218505046671766
64,[0.18473226],0.40759501973254364,0.3962098766165226
65,[0.81891312],0.3685098469736817,0.2793705164690935
66,[0.95395808],0.6105698548952011,0.41542391133674983
67,[0.60318392],0.34636654739186157,0.06364132059413119
68,[0.27145378],0.4945873558096566,0.30948835135899333
69,[0.57900044],0.30444815151141813,0.03945784161466248
