,0,1,2
0,[0.73451382],0.31354788787378934,0.1892747511462457
1,[0.44569735],0.2861175014487719,0.14514593055914582
2,[0.75157326],0.41062197048669297,0.2120306600238322
3,[0.58094213],0.3137916361888947,0.03570306321841488
4,[0.54523907],0.22797947733590945,0.033761369516378315
5,[0.89040348],0.579924525343707,0.34516440898598055
6,[0.1642169],0.49071206263878775,0.42662638366578354
7,[0.32143799],0.3211518652676265,0.25950414491728335
8,[0.68005533],0.5079786334790247,0.14051273332754755
9,[0.02555494],0.666784940539174,0.5678572918221335
10,[0.60056099],0.23086356501993283,0.06101839327769798
11,[0.52639554],0.20362555570112434,0.0526048958964207
12,[0.31862191],0.40713712465343443,0.27479031897021655
13,[0.82589527],0.4970698237389727,0.28065620201012675
14,[0.59084328],0.2568966204133873,0.045604209356499226
15,[0.31884972],0.34074465934587994,0.26209241379162707
16,[0.28838898],0.433926899745804,0.29255315026389206
17,[0.04589776],0.7579607041414221,0.5475144728245167
18,[0.45316016],0.41560306237143996,0.1277819723434238
19,[0.85180479],0.49519605022801977,0.31327061801897127
20,[0.92563844],0.5817419050505983,0.38811269699320583
21,[0.92297027],0.5576667343280183,0.3834276747345513
22,[0.99934118],0.5574730026183863,0.45979858214785785
23,[0.71917524],0.3506413116343934,0.1796326389564198
24,[0.68424152],0.4552416620482638,0.14469891644259303
25,[0.27651797],0.416987492440954,0.315609781892881
26,[0.342889],0.44165729033605156,0.24795427571541262
27,[0.84246516],0.38259360530492037,0.3049394195141023
28,[0.26966593],0.6406336787417851,0.3237462993473402
29,[0.14618387],0.5921278999761704,0.4347582630950587
30,[0.43346828],0.3985177932402778,0.15737500479473465
31,[0.69311284],0.34128244832573057,0.15357023598117303
32,[0.59870529],0.35394710118713135,0.059162694537591154
33,[0.82229576],0.6213850567260788,0.28275315737832774
34,[0.20692514],0.6601198352749268,0.38391813827781074
35,[0.37933095],0.3428802806354713,0.21408128172407204
36,[0.32768974],0.49952017286406514,0.25325239097929275
37,[0.5395426],0.2148449553883664,0.04139953531669904
38,[0.59341223],0.26419071729785576,0.05102139553105145
39,[0.13908626],0.57878033140379,0.45961903306275664
40,[0.13092728],0.5872237611884963,0.4696337160506646
41,[0.10885537],0.6560377078286368,0.48327238385911964
42,[0.32798238],0.38903842827890467,0.2529597521033571
43,[0.74397227],0.5216953079362749,0.20442966607933943
44,[0.8709121],0.49410907329904374,0.3313695047550511
45,[0.64532468],0.15587739535478995,0.10008561102403091
46,[0.4450987],0.20863964482613886,0.14574457892665793
47,[0.61526168],0.4310163036732174,0.0728708428238235
48,[0.00342151],0.7269368915564429,0.5952837834932153
49,[0.21529668],0.5740507912953828,0.37554659937813817
50,[0.01730198],0.6894668053704155,0.5761102537053668
51,[0.66338298],0.35726268014819207,0.1181439072234639
52,[0.61178772],0.3702067104295811,0.06654865261277143
53,[0.12904084],0.6650619098534303,0.451901291071356
54,[0.65352276],0.3186411254874124,0.10828368906502506
55,[0.54868534],0.2593665013059309,0.03225679587942876
56,[0.96780832],0.4868185244650922,0.4282657220146062
57,[0.49273824],0.25507008346369836,0.08820389325686717
58,[0.96660479],0.5669307217620598,0.42706218645495175
59,[0.72814754],0.44275730370885674,0.18290846821938023
60,[0.78246017],0.4124807532166098,0.24291756893133432
61,[0.53752574],0.2332536006061215,0.041474701621681764
62,[0.32883692],0.33403389493910246,0.2521052108713656
63,[0.88971079],0.4921122285995135,0.35218505046671766
64,[0.18473226],0.40759501973254364,0.3962098766165226
65,[0.81891312],0.36850984697368183,0.2765222804199514
66,[0.95395808],0.5206221245094211,0.41441548133324024
67,[0.60318392],0.30285668183968595,0.06364132059413119
68,[0.27145378],0.4945873558096566,0.30948835135899333
69,[0.57900044],0.27557760467634657,0.03945784161466248
