,0,1,2
0,[0.73451382],0.31354788787378934,0.1892747511462457
1,[0.44569735],0.2861175014487719,0.14514593055914582
2,[0.75157326],0.44780825187643913,0.2120306600238322
3,[0.58094213],0.2916069297439119,0.03570306321841488
4,[0.54523907],0.19429057692043641,0.033761369516378315
5,[0.89040348],0.6910019644554348,0.34516440898598055
6,[0.1642169],0.4484566643555924,0.42662638366578354
7,[0.32143799],0.33152699603571206,0.25950414491728335
8,[0.68005533],0.45456536870962055,0.14051273332754755
9,[0.02555494],0.6418142183137954,0.5678572918221335
10,[0.60056099],0.3353116894449675,0.06101839327769798
11,[0.52639554],0.15645658214939018,0.05454658959845726
12,[0.31862191],0.49100150245208757,0.27479031897021655
13,[0.82589527],0.6010066502070176,0.28065620201012675
14,[0.59084328],0.2568966204133873,0.045604209356499226
15,[0.31884972],0.34074465934588,0.26209241379162707
16,[0.28838898],0.3901045323889647,0.29255315026389206
17,[0.04589776],0.7579607041414221,0.5475144728245167
18,[0.45316016],0.4183791557375301,0.13768311848150816
19,[0.85180479],0.49519605022801977,0.31427904802248097
20,[0.92563844],0.5523987497606757,0.38811269699320583
21,[0.92297027],0.5576667343280183,0.3834276747345513
22,[0.99934118],0.4846823864709675,0.45979858214785785
23,[0.71917524],0.3506413116343934,0.1796326389564198
24,[0.68424152],0.4552416620482638,0.14469891644259303
25,[0.27651797],0.5194132543282388,0.31689425695558615
26,[0.342889],0.4717447069090873,0.24795427571541262
27,[0.84246516],0.3825936053049204,0.3049394195141023
28,[0.26966593],0.6406336787417851,0.3237462993473402
29,[0.14618387],0.5812316196426641,0.4347582630950587
30,[0.43346828],0.3702974749074106,0.15737500479473465
31,[0.69311284],0.26159455262210135,0.15357023598117303
32,[0.59870529],0.35394710118713135,0.059162694537591154
33,[0.82229576],0.5834367082623617,0.28275315737832774
34,[0.20692514],0.6111292075165845,0.3740169921397264
35,[0.37933095],0.35326277094389563,0.21408128172407204
36,[0.32768974],0.4157074607670527,0.25325239097929275
37,[0.5395426],0.2148449553883664,0.04139953531669904
38,[0.59341223],0.23143024841241672,0.05386963158019353
39,[0.13908626],0.57878033140379,0.4569725015840579
40,[0.13092728],0.6525643152909638,0.4687058666806112
41,[0.10885537],0.6593721786297968,0.48455685892182476
42,[0.32798238],0.38903842827890467,0.2529597521033571
43,[0.74397227],0.5372721677226009,0.20442966607933943
44,[0.8709121],0.48786807076317773,0.3313695047550511
45,[0.64532468],0.3714258806265126,0.10008561102403091
46,[0.4450987],0.27285229460039023,0.14574457892665793
47,[0.61526168],0.4310163036732174,0.0728708428238235
48,[0.00342151],0.706219564174614,0.5952837834932153
49,[0.21529668],0.47586464464423256,0.37554659937813817
50,[0.01730198],0.6894668053704155,0.5761102537053668
51,[0.66338298],0.33455463167445443,0.1181439072234639
52,[0.61178772],0.380499592147328,0.06654865261277143
53,[0.12904084],0.6230647468026502,0.46180243720944036
54,[0.65352276],0.3704477972723855,0.10828368906502506
55,[0.54868534],0.3040482000404775,0.03225679587942876
56,[0.96780832],0.6136546960188756,0.4282657220146062
57,[0.49273824],0.22845397049464652,0.08820389325686717
58,[0.96660479],0.5669307217620598,0.42706218645495175
59,[0.72814754],0.4261286866109235,0.18290846821938023
60,[0.78246017],0.4791673914366988,0.24291756893133432
61,[0.53752574],0.25607607947942357,0.041474701621681764
62,[0.32883692],0.2773191145484838,0.2521052108713656
63,[0.88971079],0.49211222859951337,0.35218505046671766
64,[0.18473226],0.4623046809176449,0.3962098766165226
65,[0.81891312],0.4339356280105237,0.2765222804199514
66,[0.95395808],0.5757301708381689,0.41441548133324024
67,[0.60318392],0.3417833003591085,0.06364132059413119
68,[0.27145378],0.40578466789684436,0.30948835135899333
69,[0.57900044],0.24190218155804058,0.03945784161466248
