,0,1,2
0,[0.73451382],0.22963913531977634,0.1892747511462457
1,[0.44569735],0.27135077165462695,0.1401953574901036
2,[0.75157326],0.41598620840026523,0.2120306600238322
3,[0.58094213],0.3137916361888947,0.03570306321841488
4,[0.54523907],0.17997606467502822,0.033761369516378315
5,[0.89040348],0.6404100140347634,0.3508608810842647
6,[0.1642169],0.5218844252385899,0.42662638366578354
7,[0.32143799],0.33152699603571206,0.25950414491728335
8,[0.68005533],0.5351115835651165,0.14051273332754755
9,[0.02555494],0.6978243339822077,0.5678572918221335
10,[0.60056099],0.32227580219048635,0.06101839327769798
11,[0.52639554],0.17846549960354025,0.05454658959845726
12,[0.31862191],0.49100150245208757,0.27479031897021655
13,[0.82589527],0.464145818407706,0.28065620201012675
14,[0.59084328],0.2799400059401914,0.045604209356499226
15,[0.31884972],0.26893135015475406,0.26209241379162707
16,[0.28838898],0.3380455494180126,0.29255315026389206
17,[0.04589776],0.7579607041414221,0.5475144728245167
18,[0.45316016],0.353987819820435,0.1277819723434238
19,[0.85180479],0.46982652435390654,0.31427904802248097
20,[0.92563844],0.6408539177309281,0.38609583698618655
21,[0.92297027],0.5854144653291822,0.3834276747345513
22,[0.99934118],0.5111022274284831,0.45979858214785785
23,[0.71917524],0.28610834389969575,0.17393616685813562
24,[0.68424152],0.45581221304759134,0.14469891644259303
25,[0.27651797],0.5065996043138077,0.31689425695558615
26,[0.342889],0.31912711729483284,0.24795427571541262
27,[0.84246516],0.38259360530492037,0.3049394195141023
28,[0.26966593],0.6187076004041533,0.3237462993473402
29,[0.14618387],0.5812316196426641,0.4347582630950587
30,[0.43346828],0.4313814395179662,0.15737500479473465
31,[0.69311284],0.26382059147704917,0.15357023598117303
32,[0.59870529],0.3359606814068521,0.059162694537591154
33,[0.82229576],0.5834367082623617,0.28275315737832774
34,[0.20692514],0.6111292075165846,0.3740169921397264
35,[0.37933095],0.4021399924113723,0.21408128172407204
36,[0.32768974],0.4861444708603962,0.25325239097929275
37,[0.5395426],0.2403622647963597,0.04139953531669904
38,[0.59341223],0.22024619775633,0.05386963158019353
39,[0.13908626],0.57878033140379,0.454325970105359
40,[0.13092728],0.5169551396720989,0.4677780173105578
41,[0.10885537],0.6432543212782786,0.48455685892182476
42,[0.32798238],0.2730991852590692,0.2529597521033571
43,[0.74397227],0.4667134714640401,0.20442966607933943
44,[0.8709121],0.36718871758569577,0.3313695047550511
45,[0.64532468],0.26855145357387095,0.10008561102403091
46,[0.4450987],0.25094630869264445,0.14574457892665793
47,[0.61526168],0.4354544346084686,0.07002260677468142
48,[0.00342151],0.74224044703224,0.5952837834932153
49,[0.21529668],0.5843489248154079,0.3656454532400538
50,[0.01730198],0.6894668053704155,0.5761102537053668
51,[0.66338298],0.35852589903679777,0.1181439072234639
52,[0.61178772],0.3789336127736612,0.06654865261277143
53,[0.12904084],0.6682268550057654,0.45685186414039813
54,[0.65352276],0.435530879952577,0.10828368906502506
55,[0.54868534],0.32106501625395883,0.042157942017513106
56,[0.96780832],0.7182807759547177,0.4282657220146062
57,[0.49273824],0.2455908959502251,0.08820389325686717
58,[0.96660479],0.6339108914727263,0.42706218645495175
59,[0.72814754],0.3321957965524739,0.18290846821938023
60,[0.78246017],0.47431397281082,0.24291756893133432
61,[0.53752574],0.2662479654990569,0.0424455484727001
62,[0.32883692],0.3340338949391025,0.26200635700944996
63,[0.88971079],0.6100535764224946,0.35218505046671766
64,[0.18473226],0.3743712188180228,0.3962098766165226
65,[0.81891312],0.415410348810188,0.2793705164690935
66,[0.95395808],0.6830762309026583,0.41542391133674983
67,[0.60318392],0.3403199618804275,0.06364132059413119
68,[0.27145378],0.4335851567657062,0.30948835135899333
69,[0.57900044],0.26102616895208125,0.03945784161466248
