,0,1,2
0,[0.73451382],0.3230757957801306,0.19497122324452987
1,[0.44569735],0.3324902754851503,0.14514593055914582
2,[0.75157326],0.4301457431983863,0.2120306600238322
3,[0.58094213],0.2916069297439119,0.03570306321841488
4,[0.54523907],0.2180363515615694,0.033761369516378315
5,[0.89040348],0.6404100140347634,0.3508608810842647
6,[0.1642169],0.508569157351451,0.42662638366578354
7,[0.32143799],0.3405061200583667,0.25950414491728335
8,[0.68005533],0.4545653687096206,0.14051273332754755
9,[0.02555494],0.6902431334933603,0.5678572918221335
10,[0.60056099],0.3222758021904864,0.06101839327769798
11,[0.52639554],0.20829491934414063,0.05454658959845726
12,[0.31862191],0.4910015024520876,0.27479031897021655
13,[0.82589527],0.4970698237389727,0.28065620201012675
14,[0.59084328],0.25677689073988486,0.045604209356499226
15,[0.31884972],0.2994486383672507,0.26209241379162707
16,[0.28838898],0.31638881160500765,0.29255315026389206
17,[0.04589776],0.757960704141422,0.5475144728245167
18,[0.45316016],0.353987819820435,0.1277819723434238
19,[0.85180479],0.5538550065814221,0.31427904802248097
20,[0.92563844],0.6019994369617148,0.38609583698618655
21,[0.92297027],0.5576667343280183,0.3834276747345513
22,[0.99934118],0.5966388830938316,0.45979858214785785
23,[0.71917524],0.44439941212701994,0.1796326389564198
24,[0.68424152],0.4552416620482639,0.14469891644259303
25,[0.27651797],0.4466419361457241,0.31689425695558615
26,[0.342889],0.3874398889004556,0.24795427571541262
27,[0.84246516],0.3825936053049204,0.3039309895105926
28,[0.26966593],0.5266950659299641,0.3237462993473402
29,[0.14618387],0.5740460903373665,0.4347582630950587
30,[0.43346828],0.4313814395179662,0.15737500479473465
31,[0.69311284],0.33052418914930476,0.15357023598117303
32,[0.59870529],0.2997083728210927,0.059162694537591154
33,[0.82229576],0.5078135983616521,0.28275315737832774
34,[0.20692514],0.6111292075165845,0.38391813827781074
35,[0.37933095],0.4021399924113723,0.21408128172407204
36,[0.32768974],0.4861444708603962,0.25325239097929275
37,[0.5395426],0.2946009931623984,0.04139953531669904
38,[0.59341223],0.1480057860713818,0.04817315948190937
39,[0.13908626],0.57878033140379,0.454325970105359
40,[0.13092728],0.5231527009918369,0.46248495435316017
41,[0.10885537],0.6432543212782786,0.48327238385911964
42,[0.32798238],0.2730991852590693,0.2529597521033571
43,[0.74397227],0.4667134714640401,0.19873319398105527
44,[0.8709121],0.36718871758569577,0.3313695047550511
45,[0.64532468],0.20824190484382185,0.10008561102403091
46,[0.4450987],0.29087789463643154,0.14574457892665793
47,[0.61526168],0.4354544346084685,0.07571907887296558
48,[0.00342151],0.74224044703224,0.5899907205358177
49,[0.21529668],0.5734036583691807,0.37059602630909594
50,[0.01730198],0.659928471373244,0.5761102537053668
51,[0.66338298],0.35852589903679777,0.1181439072234639
52,[0.61178772],0.3354822749966727,0.0722451247110556
53,[0.12904084],0.6832150250837161,0.451901291071356
54,[0.65352276],0.4674005081140698,0.10828368906502506
55,[0.54868534],0.3471866173245208,0.042157942017513106
56,[0.96780832],0.7182807759547177,0.4282657220146062
57,[0.49273824],0.20619327929991527,0.08820389325686717
58,[0.96660479],0.5066667348150299,0.42706218645495175
59,[0.72814754],0.3321957965524739,0.18290846821938023
60,[0.78246017],0.49983243754336504,0.24291756893133432
61,[0.53752574],0.2332382659545718,0.043416395323718326
62,[0.32883692],0.3340338949391025,0.26200635700944996
63,[0.88971079],0.45452167126559706,0.35218505046671766
64,[0.18473226],0.3792776125908437,0.3962098766165226
65,[0.81891312],0.5622646052399891,0.2793705164690935
66,[0.95395808],0.6279813794149651,0.4164323413402595
67,[0.60318392],0.3992721304178345,0.06364132059413119
68,[0.27145378],0.40578466789684436,0.30948835135899333
69,[0.57900044],0.3542807630050867,0.03945784161466248
