,0,1,2
0,[0.73451382],0.5071859548201372,0.1892747511462457
1,[0.44569735],0.22979310077082266,0.1333030907190249
2,[0.75157326],0.47128854509172047,0.20633418792554803
3,[0.58094213],0.43253203138476515,0.03225679587942876
4,[0.54523907],0.31091556556524685,0.04817315948190937
5,[0.89040348],0.5707104232974605,0.34516440898598055
6,[0.1642169],0.520191957993734,0.4291953337911937
7,[0.32143799],0.48727182335782304,0.27726730413817546
8,[0.68005533],0.41440386108831395,0.15365978760930576
9,[0.02555494],0.6942831290982875,0.5819308828945333
10,[0.60056099],0.40494519639485826,0.06101839327769798
11,[0.52639554],0.3551930226136467,0.022289793719028506
12,[0.31862191],0.5302170177222655,0.2800833819276142
13,[0.82589527],0.5222470704264349,0.2789330683406337
14,[0.59084328],0.3998438605243015,0.042157942017513106
15,[0.31884972],0.45302331976609356,0.2670429868606692
16,[0.28838898],0.45413720164410243,0.30502324652738655
17,[0.04589776],0.7069028718755862,0.5546632345220212
18,[0.45316016],0.28325887957357504,0.13768311848150816
19,[0.85180479],0.3321259744052264,0.3198441451598504
20,[0.92563844],0.7309233100122503,0.4329001949263547
21,[0.92297027],0.5643963447267599,0.43023203267471943
22,[0.99934118],0.6723198500069321,0.45065584271058756
23,[0.71917524],0.40565143751601285,0.18164949896343907
24,[0.68424152],0.33148068224934213,0.14469891644259303
25,[0.27651797],0.4182104492090099,0.31689425695558615
26,[0.342889],0.42911775078202596,0.24795427571541262
27,[0.84246516],0.5218930118143976,0.302922559507083
28,[0.26966593],0.45598794413055976,0.3237462993473402
29,[0.14618387],0.5468974166834967,0.43970883616410084
30,[0.43346828],0.36411613113399477,0.15737500479473465
31,[0.69311284],0.3294956601806333,0.15357023598117303
32,[0.59870529],0.37332129497145483,0.05174308876981393
33,[0.82229576],0.5383511096552303,0.28091335133269535
34,[0.20692514],0.6422944368289846,0.3740169921397264
35,[0.37933095],0.33968605829823034,0.2115123315986619
36,[0.32768974],0.49885539091019143,0.2631535371173771
37,[0.5395426],0.3331456287238928,0.024300290525966384
38,[0.59341223],0.31361076157793816,0.04817315948190937
39,[0.13908626],0.48813014790147913,0.46147473180286347
40,[0.13092728],0.5783339910512458,0.4480731643876291
41,[0.10885537],0.70219131090897,0.4720867626583303
42,[0.32798238],0.37838375107510214,0.2529597521033571
43,[0.74397227],0.48399426780498533,0.20543809608284902
44,[0.8709121],0.5202676968036052,0.30706921422908473
45,[0.64532468],0.23941896794883655,0.10121071340367993
46,[0.4450987],0.36489399485581303,0.1407940058576157
47,[0.61526168],0.40161672238457574,0.07773593887998487
48,[0.00342151],0.7108616581701213,0.5899907205358177
49,[0.21529668],0.5009735426801326,0.36370375953801726
50,[0.01730198],0.7456868300905818,0.5814033166627645
51,[0.66338298],0.3711004122017715,0.12384037932174807
52,[0.61178772],0.34991377699721726,0.06939688866191351
53,[0.12904084],0.5089242292202681,0.44995959736931945
54,[0.65352276],0.39553972990515407,0.10828368906502506
55,[0.54868534],0.2714877161667341,0.03128594902841053
56,[0.96780832],0.7131917678750247,0.42256924991632205
57,[0.49273824],0.4668243957318661,0.09810503939495152
58,[0.96660479],0.3101405723150744,0.42907904646197104
59,[0.72814754],0.42528731810225723,0.18290846821938023
60,[0.78246017],0.4741090506206743,0.24291756893133432
61,[0.53752574],0.39300392339827883,0.043416395323718326
62,[0.32883692],0.40952805470639414,0.2521052108713656
63,[0.88971079],0.5859462754484089,0.3577501476040871
64,[0.18473226],0.4835234617508107,0.4001896028345465
65,[0.81891312],0.3854591528823157,0.2793705164690935
66,[0.95395808],0.5918765814545195,0.42756253561499846
67,[0.60318392],0.19054411729215576,0.0702148477350103
68,[0.27145378],0.5223351776404275,0.32725151057988544
69,[0.57900044],0.33250058859698156,0.04046627161817207
