,0,1,2
0,[0.73451382],0.22006811358141665,0.1892747511462457
1,[0.44569735],0.3890747700484495,0.1333030907190249
2,[0.75157326],0.5663740400846942,0.20633418792554803
3,[0.58094213],0.290217249810396,0.03570306321841488
4,[0.54523907],0.3524373965237768,0.03570306321841488
5,[0.89040348],0.6434227449475036,0.34516440898598055
6,[0.1642169],0.5634743658249852,0.4291953337911937
7,[0.32143799],0.38607308111460015,0.2694052910553677
8,[0.68005533],0.49656956796436613,0.12179224252372589
9,[0.02555494],0.7539229463108089,0.5819308828945333
10,[0.60056099],0.33085732946110646,0.06101839327769798
11,[0.52639554],0.2537472016338273,0.0374473448077246
12,[0.31862191],0.45281261418595714,0.2800833819276142
13,[0.82589527],0.4465716792505626,0.27720993467114063
14,[0.59084328],0.3772330441640498,0.042157942017513106
15,[0.31884972],0.2357308110215072,0.26209241379162707
16,[0.28838898],0.35110045774298904,0.2975037233329342
17,[0.04589776],0.5596188794372956,0.5537353851519677
18,[0.45316016],0.3418657566610849,0.13273254541246593
19,[0.85180479],0.49079760974743314,0.31327061801897127
20,[0.92563844],0.4874399920173018,0.39924289126794477
21,[0.92297027],0.6356481713726102,0.43023203267471943
22,[0.99934118],0.659046569799029,0.45979858214785785
23,[0.71917524],0.4317169241280146,0.18064106895992937
24,[0.68424152],0.352415023133782,0.14469891644259303
25,[0.27651797],0.500978772914194,0.31689425695558615
26,[0.342889],0.40897305996936983,0.24795427571541262
27,[0.84246516],0.6992192475582668,0.302922559507083
28,[0.26966593],0.45587275510646685,0.31622677615288786
29,[0.14618387],0.5524525874240511,0.43970883616410084
30,[0.43346828],0.3247671486379068,0.15737500479473465
31,[0.69311284],0.3113535805458708,0.15357023598117303
32,[0.59870529],0.22871754560514462,0.05001995510032087
33,[0.82229576],0.48983318984231045,0.2837615873818373
34,[0.20692514],0.546445492712065,0.3740169921397264
35,[0.37933095],0.3060484552545738,0.2115123315986619
36,[0.32768974],0.48508632680669506,0.25325239097929275
37,[0.5395426],0.2752040378008439,0.024300290525966384
38,[0.59341223],0.22745271949083415,0.04817315948190937
39,[0.13908626],0.5268816133084882,0.454325970105359
40,[0.13092728],0.6320782009267888,0.44904401123864746
41,[0.10885537],0.6448814202834893,0.4783218107900775
42,[0.32798238],0.39895911775600224,0.2529597521033571
43,[0.74397227],0.4018308091255138,0.20543809608284902
44,[0.8709121],0.5940290385031467,0.32222676531778083
45,[0.64532468],0.22664517928163974,0.09663934368504479
46,[0.4450987],0.4092166097501696,0.14574457892665793
47,[0.61526168],0.31518441490600446,0.0738792728273332
48,[0.00342151],0.735689583559695,0.5952837834932153
49,[0.21529668],0.45987968787671163,0.36370375953801726
50,[0.01730198],0.6960959749474992,0.5787567851840657
51,[0.66338298],0.3751689760012949,0.1181439072234639
52,[0.61178772],0.4445916849664848,0.06939688866191351
53,[0.12904084],0.5748190259062735,0.4643713873348505
54,[0.65352276],0.43716956705909765,0.10828368906502506
55,[0.54868534],0.22446513107409577,0.03225679587942876
56,[0.96780832],0.6238236712141937,0.42256924991632205
57,[0.49273824],0.32268076898732756,0.08820389325686717
58,[0.96660479],0.5395704158752566,0.42907904646197104
59,[0.72814754],0.32176102165460574,0.1794622008803941
60,[0.78246017],0.5135928088603817,0.24291756893133432
61,[0.53752574],0.30946423048614735,0.0424455484727001
62,[0.32883692],0.3710374361407817,0.2698683700922577
63,[0.88971079],0.52261497411835,0.35218505046671766
64,[0.18473226],0.556608080079564,0.40116044968556475
65,[0.81891312],0.4782268041465871,0.2793705164690935
66,[0.95395808],0.5917266196400159,0.42199743847762894
67,[0.60318392],0.2569132778619331,0.07122327773851989
68,[0.27145378],0.48894766619069613,0.3193894974970777
69,[0.57900044],0.28836256019138684,0.03945784161466248
