,0,1,2
0,[0.73451382],0.40052362257349633,0.1892747511462457
1,[0.44569735],0.25844026887352,0.1333030907190249
2,[0.75157326],0.5112594121116081,0.20633418792554803
3,[0.58094213],0.32300236041960406,0.03855129926755696
4,[0.54523907],0.27246948677259863,0.01500329556006541
5,[0.89040348],0.5130365164743744,0.34516440898598055
6,[0.1642169],0.6388649853347685,0.42662638366578354
7,[0.32143799],0.4271264903950385,0.2694052910553677
8,[0.68005533],0.47386330362101126,0.12179224252372589
9,[0.02555494],0.683679264534366,0.5776289808360712
10,[0.60056099],0.2749709123892893,0.062026823281207566
11,[0.52639554],0.2825681347828587,0.0526048958964207
12,[0.31862191],0.23241584431492202,0.281939080667721
13,[0.82589527],0.517602792075932,0.2789330683406337
14,[0.59084328],0.2754788620585733,0.04845244540564131
15,[0.31884972],0.27731986367461026,0.26209241379162707
16,[0.28838898],0.3319292495172149,0.29255315026389206
17,[0.04589776],0.6822574426043139,0.5546632345220212
18,[0.45316016],0.22490520638545908,0.1277819723434238
19,[0.85180479],0.49079760974743303,0.31427904802248097
20,[0.92563844],0.6338517326120563,0.39367779413057524
21,[0.92297027],0.5643963447267599,0.39100963187894
22,[0.99934118],0.6159329598884374,0.45979858214785785
23,[0.71917524],0.28412643703448637,0.18064106895992937
24,[0.68424152],0.37711143513602463,0.14185068039345095
25,[0.27651797],0.6094630530853692,0.315609781892881
26,[0.342889],0.40897305996936995,0.24795427571541262
27,[0.84246516],0.6010842399087959,0.302922559507083
28,[0.26966593],0.3355278863806922,0.3224618242846351
29,[0.14618387],0.6961564657991943,0.4347582630950587
30,[0.43346828],0.3247671486379068,0.1599439549201448
31,[0.69311284],0.3113535805458708,0.15357023598117303
32,[0.59870529],0.22871754560514462,0.05346622243930699
33,[0.82229576],0.6314328552611203,0.284770017385347
34,[0.20692514],0.6137415239415073,0.3740169921397264
35,[0.37933095],0.3196899061453197,0.2127968066613669
36,[0.32768974],0.5408094780813368,0.25325239097929275
37,[0.5395426],0.2651072943143803,0.03945784161466248
38,[0.59341223],0.22745271949083415,0.04817315948190937
39,[0.13908626],0.3408407163713063,0.454325970105359
40,[0.13092728],0.7272439071323322,0.4588964377001118
41,[0.10885537],0.6448814202834893,0.48455685892182476
42,[0.32798238],0.3104186919683595,0.2529597521033571
43,[0.74397227],0.3869784121818988,0.20543809608284902
44,[0.8709121],0.6442216454764562,0.32679813503641597
45,[0.64532468],0.22664517928163974,0.09663934368504479
46,[0.4450987],0.3820836596640779,0.14831352905206807
47,[0.61526168],0.36143731570666404,0.0738792728273332
48,[0.00342151],0.735689583559695,0.5952837834932153
49,[0.21529668],0.5067512843630936,0.36370375953801726
50,[0.01730198],0.7152345112874794,0.5836426296910345
51,[0.66338298],0.39179759309922807,0.1181439072234639
52,[0.61178772],0.41420899716541176,0.06939688866191351
53,[0.12904084],0.46995968233689067,0.4643713873348505
54,[0.65352276],0.40971975199412614,0.10828368906502506
55,[0.54868534],0.21447261394743852,0.03128594902841053
56,[0.96780832],0.5960231823453319,0.42256924991632205
57,[0.49273824],0.3295157191496614,0.08820389325686717
58,[0.96660479],0.6016479691677725,0.42907904646197104
59,[0.72814754],0.33838963875253897,0.1794622008803941
60,[0.78246017],0.613760930052418,0.24291756893133432
61,[0.53752574],0.26778934698849505,0.041474701621681764
62,[0.32883692],0.37103743614078166,0.2609867904818117
63,[0.88971079],0.6025748925463421,0.35218505046671766
64,[0.18473226],0.49446601031055676,0.3962098766165226
65,[0.81891312],0.49369199501586464,0.2793705164690935
66,[0.95395808],0.4755729322380068,0.41441548133324024
67,[0.60318392],0.3160180018224505,0.07122327773851989
68,[0.27145378],0.48894766619069613,0.31443892442803545
69,[0.57900044],0.28836256019138684,0.03945784161466248
