,0,1,2
0,[0.05102572],0.5032897613158526,[0.45226404]
1,[0.16134964],0.5848177055124469,[0.42346806]
2,[0.11687368],0.48428300139082625,[0.36740932]
3,[0.59835462],0.36868874178084765,[0.22966588]
4,[0.27034489],0.5804836417086653,[0.31013876]
5,[0.00483478],0.48896690890924777,[0.48413212]
6,[0.88281496],0.3729343355047193,[0.50988062]
7,[0.94944134],0.3829041679045865,[0.56653717]
8,[0.8041212],0.4427298670048989,[0.36139133]
9,[0.54403642],0.5325442623543152,[0.01149216]
10,[0.67251716],0.45112478962650493,[0.22139237]
11,[0.45112479],0.5325442623543152,[0.08141947]
12,[0.1827061],0.5325442623543152,[0.34983817]
13,[0.00064708],0.47252336795275723,[0.47187628]
14,[0.29405364],0.49392194627900954,[0.19986831]
15,[0.6177003],0.47464405650264296,[0.14305624]
16,[0.20774949],0.5032897613158526,[0.29554028]
17,[0.21202194],0.49392194627900954,[0.28190001]
18,[0.55635402],0.42757872023887245,[0.1287753]
19,[0.90068726],0.49392194627900954,[0.40676531]
20,[0.23468327],0.544036418711052,[0.30935315]
21,[0.79559356],0.45112478962650493,[0.34446877]
22,[0.05473172],0.544036418711052,[0.4893047]
23,[0.03533962],0.49392194627900954,[0.45858233]
24,[0.86469218],0.4427298670048989,[0.42196232]
25,[0.12203506],0.544036418711052,[0.42200136]
26,[0.93009974],0.4427298670048989,[0.48736987]
27,[0.9006753],0.45112478962650493,[0.44955051]
28,[0.163921],0.46288442306457395,[0.29896342]
29,[0.59008316],0.47464405650264296,[0.1154391]
30,[0.08455474],0.49860585379743105,[0.41405111]
31,[0.83919737],0.45112478962650493,[0.38807258]
32,[0.78257485],0.3729343355047193,[0.40964052]
33,[0.14752489],0.45112478962650493,[0.3035999]
34,[0.18042704],0.5179170118350839,[0.33748997]
35,[0.342574],0.49392194627900954,[0.15134794]
36,[0.79949457],0.47464405650264296,[0.32485051]
37,[0.50328976],0.3729343355047193,[0.13035543]
38,[0.01152877],0.5325442623543152,[0.52101549]
39,[0.61879663],0.4469273283157019,[0.17186931]
40,[0.19234892],0.5032897613158526,[0.31094084]
41,[0.74883831],0.46288442306457395,[0.28595389]
42,[0.23949367],0.5032897613158526,[0.26379609]
43,[0.22814704],0.5325442623543152,[0.30439722]
44,[0.0019638],0.5382903405326835,[0.53632654]
45,[0.80338207],0.45112478962650493,[0.35225728]
46,[0.33437443],0.5563540207161948,[0.22197959]
47,[0.27380174],0.5325442623543152,[0.25874252]
48,[0.81519722],0.49392194627900954,[0.32127527]
49,[0.28482927],0.5032897613158526,[0.21846049]
50,[0.38290417],0.544036418711052,[0.16113225]
51,[0.951073],0.4141025472580133,[0.53697046]
52,[0.84541976],0.47464405650264296,[0.3707757]
53,[0.75535569],0.46288442306457395,[0.29247126]
54,[0.49392195],0.5032897613158526,[0.00936782]
55,[0.98810552],0.45112478962650493,[0.53698073]
56,[0.41410255],0.49860585379743105,[0.08450331]
57,[0.44272987],0.46288442306457395,[0.02015456]
58,[0.0513001],0.49860585379743105,[0.44730576]
59,[0.08581475],0.49392194627900954,[0.40810719]
60,[0.84484389],0.47464405650264296,[0.37019983]
61,[0.3077048],0.47252336795275723,[0.16481857]
62,[0.10296334],0.5032897613158526,[0.40032642]
63,[0.90418962],0.4141025472580133,[0.49008707]
64,[0.42757872],0.4427298670048989,[0.01515115]
65,[0.29407661],0.4427298670048989,[0.14865326]
66,[0.99176299],0.3829041679045865,[0.60885883]
67,[0.00552391],0.47464405650264296,[0.46912015]
68,[0.36868874],0.47720727547117875,[0.10851853]
69,[0.18167158],0.5684188312124301,[0.38674725]
70,[0.35398709],0.5325442623543152,[0.17855718]
71,[0.30774958],0.5179170118350839,[0.21016743]
72,[0.47464406],0.5325442623543152,[0.05790021]
73,[0.71632628],0.5032897613158526,[0.21303652]
74,[0.81860289],0.4427298670048989,[0.37587302]
75,[0.73710466],0.45112478962650493,[0.28597987]
76,[0.78916504],0.49392194627900954,[0.2952431]
77,[0.99200809],0.45112478962650493,[0.54088331]
78,[0.59546847],0.42757872023887245,[0.16788975]
79,[0.58048364],0.47464405650264296,[0.10583959]
80,[0.77951061],0.49392194627900954,[0.28558866]
81,[0.31302693],0.5325442623543152,[0.21951734]
82,[0.92741691],0.3829041679045865,[0.54451275]
83,[0.66970486],0.42757872023887245,[0.24212614]
84,[0.88717893],0.4469273283157019,[0.4402516]
85,[0.59356312],0.4427298670048989,[0.15083326]
86,[0.35116893],0.42757872023887245,[0.07640979]
87,[0.92713855],0.47464405650264296,[0.45249449]
88,[0.89946254],0.4208406337484429,[0.47862191]
89,[0.88068278],0.42757872023887245,[0.45310406]
90,[0.81834403],0.48428300139082625,[0.33406103]
91,[0.03536679],0.49860585379743105,[0.46323907]
92,[0.37293434],0.5179170118350839,[0.14498268]
93,[0.58481771],0.47464405650264296,[0.11017365]
94,[0.53254426],0.4427298670048989,[0.0898144]
95,[0.9940394],0.42757872023887245,[0.56646068]
96,[0.03615592],0.5032897613158526,[0.46713384]
97,[0.81237009],0.4141025472580133,[0.39826754]
98,[0.15707966],0.5032897613158526,[0.3462101]
99,[0.05401234],0.5179170118350839,[0.46390467]
