,0,1,2
0,[0.05102572],0.5032897613158526,[0.45226404]
1,[0.16134964],0.5826506736105561,[0.42130103]
2,[0.11687368],0.47464405650264296,[0.35777038]
3,[0.59835462],0.3729343355047193,[0.22542028]
4,[0.27034489],0.544036418711052,[0.27369153]
5,[0.00483478],0.5032897613158526,[0.49845498]
6,[0.88281496],0.3729343355047193,[0.50988062]
7,[0.94944134],0.3829041679045865,[0.56653717]
8,[0.8041212],0.3985033575812999,[0.40561784]
9,[0.54403642],0.5325442623543152,[0.01149216]
10,[0.67251716],0.4469273283157019,[0.22558983]
11,[0.45112479],0.5325442623543152,[0.08141947]
12,[0.1827061],0.5325442623543152,[0.34983817]
13,[0.00064708],0.45112478962650493,[0.4504777]
14,[0.29405364],0.49392194627900954,[0.19986831]
15,[0.6177003],0.46288442306457395,[0.15481587]
16,[0.20774949],0.5032897613158526,[0.29554028]
17,[0.21202194],0.49392194627900954,[0.28190001]
18,[0.55635402],0.42757872023887245,[0.1287753]
19,[0.90068726],0.49392194627900954,[0.40676531]
20,[0.23468327],0.5032897613158526,[0.26860649]
21,[0.79559356],0.4208406337484429,[0.37475293]
22,[0.05473172],0.5325442623543152,[0.47781254]
23,[0.03533962],0.5132331043166624,[0.47789348]
24,[0.86469218],0.4427298670048989,[0.42196232]
25,[0.12203506],0.5382903405326835,[0.41625528]
26,[0.93009974],0.45112478962650493,[0.47897495]
27,[0.9006753],0.47464405650264296,[0.42603124]
28,[0.163921],0.47464405650264296,[0.31072305]
29,[0.59008316],0.47464405650264296,[0.1154391]
30,[0.08455474],0.5179170118350839,[0.43336227]
31,[0.83919737],0.45112478962650493,[0.38807258]
32,[0.78257485],0.3829041679045865,[0.39967068]
33,[0.14752489],0.5032897613158526,[0.35576487]
34,[0.18042704],0.5325442623543152,[0.35211722]
35,[0.342574],0.49392194627900954,[0.15134794]
36,[0.79949457],0.47464405650264296,[0.32485051]
37,[0.50328976],0.42757872023887245,[0.07571104]
38,[0.01152877],0.5325442623543152,[0.52101549]
39,[0.61879663],0.4469273283157019,[0.17186931]
40,[0.19234892],0.5032897613158526,[0.31094084]
41,[0.74883831],0.42757872023887245,[0.32125959]
42,[0.23949367],0.49392194627900954,[0.25442827]
43,[0.22814704],0.5325442623543152,[0.30439722]
44,[0.0019638],0.544036418711052,[0.54207262]
45,[0.80338207],0.45112478962650493,[0.35225728]
46,[0.33437443],0.5032897613158526,[0.16891534]
47,[0.27380174],0.5325442623543152,[0.25874252]
48,[0.81519722],0.49392194627900954,[0.32127527]
49,[0.28482927],0.5032897613158526,[0.21846049]
50,[0.38290417],0.544036418711052,[0.16113225]
51,[0.951073],0.3985033575812999,[0.55256965]
52,[0.84541976],0.47464405650264296,[0.3707757]
53,[0.75535569],0.45112478962650493,[0.3042309]
54,[0.49392195],0.47464405650264296,[0.01927789]
55,[0.98810552],0.45112478962650493,[0.53698073]
56,[0.41410255],0.5325442623543152,[0.11844172]
57,[0.44272987],0.5032897613158526,[0.06055989]
58,[0.0513001],0.49392194627900954,[0.44262185]
59,[0.08581475],0.42757872023887245,[0.34176397]
60,[0.84484389],0.47464405650264296,[0.37019983]
61,[0.3077048],0.47464405650264296,[0.16693925]
62,[0.10296334],0.5032897613158526,[0.40032642]
63,[0.90418962],0.4141025472580133,[0.49008707]
64,[0.42757872],0.4427298670048989,[0.01515115]
65,[0.29407661],0.45112478962650493,[0.15704818]
66,[0.99176299],0.4141025472580133,[0.57766045]
67,[0.00552391],0.45112478962650493,[0.44560088]
68,[0.36868874],0.5032897613158526,[0.13460102]
69,[0.18167158],0.5563540207161948,[0.37468244]
70,[0.35398709],0.5325442623543152,[0.17855718]
71,[0.30774958],0.5382903405326835,[0.23054076]
72,[0.47464406],0.5325442623543152,[0.05790021]
73,[0.71632628],0.49860585379743105,[0.21772043]
74,[0.81860289],0.45112478962650493,[0.3674781]
75,[0.73710466],0.45112478962650493,[0.28597987]
76,[0.78916504],0.49392194627900954,[0.2952431]
77,[0.99200809],0.45112478962650493,[0.54088331]
78,[0.59546847],0.42757872023887245,[0.16788975]
79,[0.58048364],0.47464405650264296,[0.10583959]
80,[0.77951061],0.45112478962650493,[0.32838582]
81,[0.31302693],0.5325442623543152,[0.21951734]
82,[0.92741691],0.4141025472580133,[0.51331437]
83,[0.66970486],0.42757872023887245,[0.24212614]
84,[0.88717893],0.42757872023887245,[0.45960021]
85,[0.59356312],0.4427298670048989,[0.15083326]
86,[0.35116893],0.45112478962650493,[0.09995586]
87,[0.92713855],0.45112478962650493,[0.47601376]
88,[0.89946254],0.4208406337484429,[0.47862191]
89,[0.88068278],0.42757872023887245,[0.45310406]
90,[0.81834403],0.49392194627900954,[0.32442209]
91,[0.03536679],0.49860585379743105,[0.46323907]
92,[0.37293434],0.5032897613158526,[0.13035543]
93,[0.58481771],0.45112478962650493,[0.13369292]
94,[0.53254426],0.45112478962650493,[0.08141947]
95,[0.9940394],0.4427298670048989,[0.55130953]
96,[0.03615592],0.5179170118350839,[0.48176109]
97,[0.81237009],0.42757872023887245,[0.38479137]
98,[0.15707966],0.5032897613158526,[0.3462101]
99,[0.05401234],0.5382903405326835,[0.484278]
