,0,1,2
0,[0.05102572],0.5032897613158526,[0.45226404]
1,[0.16134964],0.544036418711052,[0.38268678]
2,[0.11687368],0.49392194627900954,[0.37704827]
3,[0.59835462],0.4427298670048989,[0.15562475]
4,[0.27034489],0.5501952197136234,[0.27985033]
5,[0.00483478],0.5032897613158526,[0.49845498]
6,[0.88281496],0.3708115386427835,[0.51200342]
7,[0.94944134],0.3829041679045865,[0.56653717]
8,[0.8041212],0.4427298670048989,[0.36139133]
9,[0.54403642],0.5325442623543152,[0.01149216]
10,[0.67251716],0.4351542936218857,[0.23736286]
11,[0.45112479],0.5325442623543152,[0.08141947]
12,[0.1827061],0.5325442623543152,[0.34983817]
13,[0.00064708],0.45112478962650493,[0.4504777]
14,[0.29405364],0.45112478962650493,[0.15707115]
15,[0.6177003],0.45112478962650493,[0.16657551]
16,[0.20774949],0.49860585379743105,[0.29085637]
17,[0.21202194],0.48428300139082625,[0.27226106]
18,[0.55635402],0.42757872023887245,[0.1287753]
19,[0.90068726],0.49392194627900954,[0.40676531]
20,[0.23468327],0.49392194627900954,[0.25923867]
21,[0.79559356],0.42757872023887245,[0.36801484]
22,[0.05473172],0.5382903405326835,[0.48355862]
23,[0.03533962],0.5132331043166624,[0.47789348]
24,[0.86469218],0.4427298670048989,[0.42196232]
25,[0.12203506],0.5382903405326835,[0.41625528]
26,[0.93009974],0.45112478962650493,[0.47897495]
27,[0.9006753],0.47464405650264296,[0.42603124]
28,[0.163921],0.47464405650264296,[0.31072305]
29,[0.59008316],0.45112478962650493,[0.13895837]
30,[0.08455474],0.5179170118350839,[0.43336227]
31,[0.83919737],0.4427298670048989,[0.39646751]
32,[0.78257485],0.4141025472580133,[0.3684723]
33,[0.14752489],0.5032897613158526,[0.35576487]
34,[0.18042704],0.5325442623543152,[0.35211722]
35,[0.342574],0.49392194627900954,[0.15134794]
36,[0.79949457],0.45112478962650493,[0.34836978]
37,[0.50328976],0.42757872023887245,[0.07571104]
38,[0.01152877],0.5032897613158526,[0.49176099]
39,[0.61879663],0.45112478962650493,[0.16767184]
40,[0.19234892],0.5032897613158526,[0.31094084]
41,[0.74883831],0.42757872023887245,[0.32125959]
42,[0.23949367],0.49392194627900954,[0.25442827]
43,[0.22814704],0.5325442623543152,[0.30439722]
44,[0.0019638],0.544036418711052,[0.54207262]
45,[0.80338207],0.4427298670048989,[0.36065221]
46,[0.33437443],0.5032897613158526,[0.16891534]
47,[0.27380174],0.5032897613158526,[0.22948802]
48,[0.81519722],0.45112478962650493,[0.36407243]
49,[0.28482927],0.49392194627900954,[0.20909267]
50,[0.38290417],0.544036418711052,[0.16113225]
51,[0.951073],0.4141025472580133,[0.53697046]
52,[0.84541976],0.47464405650264296,[0.3707757]
53,[0.75535569],0.45112478962650493,[0.3042309]
54,[0.49392195],0.5032897613158526,[0.00936782]
55,[0.98810552],0.4427298670048989,[0.54537566]
56,[0.41410255],0.5382903405326835,[0.12418779]
57,[0.44272987],0.47464405650264296,[0.03191419]
58,[0.0513001],0.45112478962650493,[0.39982469]
59,[0.08581475],0.49392194627900954,[0.40810719]
60,[0.84484389],0.47464405650264296,[0.37019983]
61,[0.3077048],0.45112478962650493,[0.14341999]
62,[0.10296334],0.49860585379743105,[0.39564251]
63,[0.90418962],0.4141025472580133,[0.49008707]
64,[0.42757872],0.4427298670048989,[0.01515115]
65,[0.29407661],0.46288442306457395,[0.16880782]
66,[0.99176299],0.42757872023887245,[0.56418427]
67,[0.00552391],0.46288442306457395,[0.45736052]
68,[0.36868874],0.5179170118350839,[0.14922827]
69,[0.18167158],0.5563540207161948,[0.37468244]
70,[0.35398709],0.544036418711052,[0.19004933]
71,[0.30774958],0.5382903405326835,[0.23054076]
72,[0.47464406],0.5325442623543152,[0.05790021]
73,[0.71632628],0.49392194627900954,[0.22240433]
74,[0.81860289],0.45112478962650493,[0.3674781]
75,[0.73710466],0.45112478962650493,[0.28597987]
76,[0.78916504],0.4427298670048989,[0.34643518]
77,[0.99200809],0.46288442306457395,[0.52912367]
78,[0.59546847],0.4141025472580133,[0.18136592]
79,[0.58048364],0.4469273283157019,[0.13355631]
80,[0.77951061],0.49392194627900954,[0.28558866]
81,[0.31302693],0.5325442623543152,[0.21951734]
82,[0.92741691],0.4141025472580133,[0.51331437]
83,[0.66970486],0.4141025472580133,[0.25560232]
84,[0.88717893],0.4208406337484429,[0.4663383]
85,[0.59356312],0.4427298670048989,[0.15083326]
86,[0.35116893],0.4469273283157019,[0.0957584]
87,[0.92713855],0.45112478962650493,[0.47601376]
88,[0.89946254],0.42757872023887245,[0.47188382]
89,[0.88068278],0.4208406337484429,[0.45984215]
90,[0.81834403],0.48428300139082625,[0.33406103]
91,[0.03536679],0.5032897613158526,[0.46792297]
92,[0.37293434],0.5032897613158526,[0.13035543]
93,[0.58481771],0.45112478962650493,[0.13369292]
94,[0.53254426],0.45112478962650493,[0.08141947]
95,[0.9940394],0.4427298670048989,[0.55130953]
96,[0.03615592],0.5325442623543152,[0.49638834]
97,[0.81237009],0.4351542936218857,[0.37721579]
98,[0.15707966],0.5032897613158526,[0.3462101]
99,[0.05401234],0.5325442623543152,[0.47853192]
