,0,1,2
0,[0.05102572],0.5154990386094189,[0.46447332]
1,[0.16134964],0.6187966342024588,[0.45744699]
2,[0.11687368],0.42757872023887245,[0.31070504]
3,[0.59835462],0.3237006761302181,[0.27465394]
4,[0.27034489],0.5325442623543152,[0.26219938]
5,[0.00483478],0.5032897613158526,[0.49845498]
6,[0.88281496],0.36868874178084765,[0.51412621]
7,[0.94944134],0.4170144787655457,[0.53242686]
8,[0.8041212],0.47464405650264296,[0.32947714]
9,[0.54403642],0.47252336795275723,[0.07151305]
10,[0.67251716],0.45112478962650493,[0.22139237]
11,[0.45112479],0.5325442623543152,[0.08141947]
12,[0.1827061],0.5325442623543152,[0.34983817]
13,[0.00064708],0.359928835737294,[0.35928175]
14,[0.29405364],0.3708115386427835,[0.0767579]
15,[0.6177003],0.4469273283157019,[0.17077297]
16,[0.20774949],0.5154990386094189,[0.30774955]
17,[0.21202194],0.4351542936218857,[0.22313236]
18,[0.55635402],0.34687146653988093,[0.20948255]
19,[0.90068726],0.49392194627900954,[0.40676531]
20,[0.23468327],0.3708115386427835,[0.13612827]
21,[0.79559356],0.32513940311408585,[0.47045416]
22,[0.05473172],0.5154990386094189,[0.46076732]
23,[0.03533962],0.49392194627900954,[0.45858233]
24,[0.86469218],0.35116892969374036,[0.51352325]
25,[0.12203506],0.5032897613158526,[0.3812547]
26,[0.93009974],0.49392194627900954,[0.43617779]
27,[0.9006753],0.35116892969374036,[0.54950637]
28,[0.163921],0.36868874178084765,[0.20476774]
29,[0.59008316],0.41290649309819166,[0.17717666]
30,[0.08455474],0.5132331043166624,[0.42867836]
31,[0.83919737],0.35116892969374036,[0.48802844]
32,[0.78257485],0.37579645484271706,[0.4067784]
33,[0.14752489],0.47252336795275723,[0.32499848]
34,[0.18042704],0.5325442623543152,[0.35211722]
35,[0.342574],0.49392194627900954,[0.15134794]
36,[0.79949457],0.40450924128974847,[0.39498533]
37,[0.50328976],0.3425740033860215,[0.16071576]
38,[0.01152877],0.4469273283157019,[0.43539855]
39,[0.61879663],0.5115235938378382,[0.10727304]
40,[0.19234892],0.42757872023887245,[0.2352298]
41,[0.74883831],0.47464405650264296,[0.27419425]
42,[0.23949367],0.47464405650264296,[0.23515038]
43,[0.22814704],0.5900831568439325,[0.36193612]
44,[0.0019638],0.5132331043166624,[0.5112693]
45,[0.80338207],0.49392194627900954,[0.30946013]
46,[0.33437443],0.5154990386094189,[0.18112461]
47,[0.27380174],0.5325442623543152,[0.25874252]
48,[0.81519722],0.47252336795275723,[0.34267385]
49,[0.28482927],0.3708115386427835,[0.08598226]
50,[0.38290417],0.5325442623543152,[0.14964009]
51,[0.951073],0.36868874178084765,[0.58238426]
52,[0.84541976],0.35116892969374036,[0.49425083]
53,[0.75535569],0.49860585379743105,[0.25674983]
54,[0.49392195],0.5325442623543152,[0.03862232]
55,[0.98810552],0.5115235938378382,[0.47658193]
56,[0.41410255],0.6187966342024588,[0.20469409]
57,[0.44272987],0.42757872023887245,[0.01515115]
58,[0.0513001],0.3708115386427835,[0.31951144]
59,[0.08581475],0.359928835737294,[0.27411408]
60,[0.84484389],0.49392194627900954,[0.35092194]
61,[0.3077048],0.42757872023887245,[0.11987392]
62,[0.10296334],0.5154990386094189,[0.41253569]
63,[0.90418962],0.4427298670048989,[0.46145976]
64,[0.42757872],0.4141025472580133,[0.01347617]
65,[0.29407661],0.4427298670048989,[0.14865326]
66,[0.99176299],0.35116892969374036,[0.64059406]
67,[0.00552391],0.4427298670048989,[0.43720596]
68,[0.36868874],0.42757872023887245,[0.05888998]
69,[0.18167158],0.5325442623543152,[0.35087268]
70,[0.35398709],0.6187966342024588,[0.26480955]
71,[0.30774958],0.4351542936218857,[0.12740472]
72,[0.47464406],0.45376147520496757,[0.02088258]
73,[0.71632628],0.47464405650264296,[0.24168222]
74,[0.81860289],0.35116892969374036,[0.46743396]
75,[0.73710466],0.49392194627900954,[0.24318272]
76,[0.78916504],0.4427298670048989,[0.34643518]
77,[0.99200809],0.4469273283157019,[0.54508077]
78,[0.59546847],0.6187966342024588,[0.02332817]
79,[0.58048364],0.3829041679045865,[0.19757947]
80,[0.77951061],0.42757872023887245,[0.35193189]
81,[0.31302693],0.5325442623543152,[0.21951734]
82,[0.92741691],0.33437442607685397,[0.59304249]
83,[0.66970486],0.49860585379743105,[0.17109901]
84,[0.88717893],0.4427298670048989,[0.44444906]
85,[0.59356312],0.41290649309819166,[0.18065663]
86,[0.35116893],0.3809765731578632,[0.02980764]
87,[0.92713855],0.32513940311408585,[0.60199914]
88,[0.89946254],0.4141025472580133,[0.48536]
89,[0.88068278],0.4427298670048989,[0.43795291]
90,[0.81834403],0.3729343355047193,[0.4454097]
91,[0.03536679],0.5154990386094189,[0.48013225]
92,[0.37293434],0.49392194627900954,[0.12098761]
93,[0.58481771],0.45112478962650493,[0.13369292]
94,[0.53254426],0.49392194627900954,[0.03862232]
95,[0.9940394],0.3829041679045865,[0.61113523]
96,[0.03615592],0.5563540207161948,[0.5201981]
97,[0.81237009],0.3425740033860215,[0.46979608]
98,[0.15707966],0.5918231395792861,[0.43474348]
99,[0.05401234],0.359928835737294,[0.30591649]
