,0,1,2
0,[0.05102572],0.47464405650264296,[0.42361833]
1,[0.16134964],0.544036418711052,[0.38268678]
2,[0.11687368],0.48428300139082625,[0.36740932]
3,[0.59835462],0.45112478962650493,[0.14722983]
4,[0.27034489],0.5501952197136234,[0.27985033]
5,[0.00483478],0.5179170118350839,[0.51308223]
6,[0.88281496],0.4141025472580133,[0.46871241]
7,[0.94944134],0.42757872023887245,[0.52186262]
8,[0.8041212],0.45112478962650493,[0.35299641]
9,[0.54403642],0.49392194627900954,[0.05011447]
10,[0.67251716],0.45112478962650493,[0.22139237]
11,[0.45112479],0.5325442623543152,[0.08141947]
12,[0.1827061],0.5325442623543152,[0.34983817]
13,[0.00064708],0.48428300139082625,[0.48363592]
14,[0.29405364],0.5032897613158526,[0.20923612]
15,[0.6177003],0.4351542936218857,[0.182546]
16,[0.20774949],0.5032897613158526,[0.29554028]
17,[0.21202194],0.49392194627900954,[0.28190001]
18,[0.55635402],0.42757872023887245,[0.1287753]
19,[0.90068726],0.45112478962650493,[0.44956247]
20,[0.23468327],0.5325442623543152,[0.29786099]
21,[0.79559356],0.42757872023887245,[0.36801484]
22,[0.05473172],0.5325442623543152,[0.47781254]
23,[0.03533962],0.49392194627900954,[0.45858233]
24,[0.86469218],0.4427298670048989,[0.42196232]
25,[0.12203506],0.5325442623543152,[0.4105092]
26,[0.93009974],0.4427298670048989,[0.48736987]
27,[0.9006753],0.4469273283157019,[0.45374797]
28,[0.163921],0.47464405650264296,[0.31072305]
29,[0.59008316],0.4469273283157019,[0.14315583]
30,[0.08455474],0.5032897613158526,[0.41873502]
31,[0.83919737],0.45112478962650493,[0.38807258]
32,[0.78257485],0.4427298670048989,[0.33984498]
33,[0.14752489],0.5382903405326835,[0.39076545]
34,[0.18042704],0.49860585379743105,[0.31817881]
35,[0.342574],0.49392194627900954,[0.15134794]
36,[0.79949457],0.47464405650264296,[0.32485051]
37,[0.50328976],0.4427298670048989,[0.06055989]
38,[0.01152877],0.47464405650264296,[0.46311528]
39,[0.61879663],0.45112478962650493,[0.16767184]
40,[0.19234892],0.5032897613158526,[0.31094084]
41,[0.74883831],0.47464405650264296,[0.27419425]
42,[0.23949367],0.47464405650264296,[0.23515038]
43,[0.22814704],0.5325442623543152,[0.30439722]
44,[0.0019638],0.544036418711052,[0.54207262]
45,[0.80338207],0.45112478962650493,[0.35225728]
46,[0.33437443],0.5804836417086653,[0.24610922]
47,[0.27380174],0.5179170118350839,[0.24411527]
48,[0.81519722],0.45112478962650493,[0.36407243]
49,[0.28482927],0.49860585379743105,[0.21377658]
50,[0.38290417],0.5382903405326835,[0.15538617]
51,[0.951073],0.4141025472580133,[0.53697046]
52,[0.84541976],0.45112478962650493,[0.39429497]
53,[0.75535569],0.4427298670048989,[0.31262582]
54,[0.49392195],0.5325442623543152,[0.03862232]
55,[0.98810552],0.4427298670048989,[0.54537566]
56,[0.41410255],0.5032897613158526,[0.08918721]
57,[0.44272987],0.49392194627900954,[0.05119208]
58,[0.0513001],0.49860585379743105,[0.44730576]
59,[0.08581475],0.45112478962650493,[0.36531004]
60,[0.84484389],0.45112478962650493,[0.3937191]
61,[0.3077048],0.5032897613158526,[0.19558496]
62,[0.10296334],0.49392194627900954,[0.3909586]
63,[0.90418962],0.4141025472580133,[0.49008707]
64,[0.42757872],0.49392194627900954,[0.06634323]
65,[0.29407661],0.47464405650264296,[0.18056745]
66,[0.99176299],0.4141025472580133,[0.57766045]
67,[0.00552391],0.45112478962650493,[0.44560088]
68,[0.36868874],0.5032897613158526,[0.13460102]
69,[0.18167158],0.544036418711052,[0.36236484]
70,[0.35398709],0.5325442623543152,[0.17855718]
71,[0.30774958],0.5325442623543152,[0.22479469]
72,[0.47464406],0.544036418711052,[0.06939236]
73,[0.71632628],0.45112478962650493,[0.26520149]
74,[0.81860289],0.4427298670048989,[0.37587302]
75,[0.73710466],0.4469273283157019,[0.29017734]
76,[0.78916504],0.47464405650264296,[0.31452099]
77,[0.99200809],0.4427298670048989,[0.54927823]
78,[0.59546847],0.42757872023887245,[0.16788975]
79,[0.58048364],0.4141025472580133,[0.16638109]
80,[0.77951061],0.49392194627900954,[0.28558866]
81,[0.31302693],0.5325442623543152,[0.21951734]
82,[0.92741691],0.4141025472580133,[0.51331437]
83,[0.66970486],0.4427298670048989,[0.226975]
84,[0.88717893],0.42757872023887245,[0.45960021]
85,[0.59356312],0.45112478962650493,[0.14243833]
86,[0.35116893],0.49392194627900954,[0.14275302]
87,[0.92713855],0.42757872023887245,[0.49955983]
88,[0.89946254],0.4427298670048989,[0.45673268]
89,[0.88068278],0.4141025472580133,[0.46658023]
90,[0.81834403],0.46288442306457395,[0.35545961]
91,[0.03536679],0.48428300139082625,[0.44891621]
92,[0.37293434],0.49392194627900954,[0.12098761]
93,[0.58481771],0.45112478962650493,[0.13369292]
94,[0.53254426],0.45112478962650493,[0.08141947]
95,[0.9940394],0.4427298670048989,[0.55130953]
96,[0.03615592],0.544036418711052,[0.5078805]
97,[0.81237009],0.4351542936218857,[0.37721579]
98,[0.15707966],0.49392194627900954,[0.33684229]
99,[0.05401234],0.5325442623543152,[0.47853192]
