,0,1,2
0,[0.05102572],0.5032897613158526,[0.45226404]
1,[0.16134964],0.6071325508196315,[0.44578291]
2,[0.11687368],0.4351542936218857,[0.31828062]
3,[0.59835462],0.33437442607685397,[0.26398019]
4,[0.27034489],0.5804836417086653,[0.31013876]
5,[0.00483478],0.5032897613158526,[0.49845498]
6,[0.88281496],0.3779192517046529,[0.5048957]
7,[0.94944134],0.3829041679045865,[0.56653717]
8,[0.8041212],0.47464405650264296,[0.32947714]
9,[0.54403642],0.5132331043166624,[0.03080331]
10,[0.67251716],0.47252336795275723,[0.19999379]
11,[0.45112479],0.5325442623543152,[0.08141947]
12,[0.1827061],0.544036418711052,[0.36133032]
13,[0.00064708],0.5032897613158526,[0.50264268]
14,[0.29405364],0.49392194627900954,[0.19986831]
15,[0.6177003],0.46288442306457395,[0.15481587]
16,[0.20774949],0.5900831568439325,[0.38233367]
17,[0.21202194],0.4427298670048989,[0.23070793]
18,[0.55635402],0.3729343355047193,[0.18341969]
19,[0.90068726],0.46288442306457395,[0.43780283]
20,[0.23468327],0.3935184413813663,[0.15883517]
21,[0.79559356],0.36868874178084765,[0.42690482]
22,[0.05473172],0.5732185887800636,[0.51848687]
23,[0.03533962],0.49392194627900954,[0.45858233]
24,[0.86469218],0.40524144407172946,[0.45945074]
25,[0.12203506],0.5032897613158526,[0.3812547]
26,[0.93009974],0.4427298670048989,[0.48736987]
27,[0.9006753],0.4427298670048989,[0.45794543]
28,[0.163921],0.40524144407172946,[0.24132044]
29,[0.59008316],0.47464405650264296,[0.1154391]
30,[0.08455474],0.45112478962650493,[0.36657005]
31,[0.83919737],0.35116892969374036,[0.48802844]
32,[0.78257485],0.36868874178084765,[0.41388611]
33,[0.14752489],0.4469273283157019,[0.29940244]
34,[0.18042704],0.49392194627900954,[0.31349491]
35,[0.342574],0.49392194627900954,[0.15134794]
36,[0.79949457],0.5093402376068474,[0.29015433]
37,[0.50328976],0.35116892969374036,[0.15212083]
38,[0.01152877],0.45112478962650493,[0.43959602]
39,[0.61879663],0.42757872023887245,[0.19121791]
40,[0.19234892],0.42757872023887245,[0.2352298]
41,[0.74883831],0.47464405650264296,[0.27419425]
42,[0.23949367],0.49860585379743105,[0.25911218]
43,[0.22814704],0.5900831568439325,[0.36193612]
44,[0.0019638],0.45112478962650493,[0.44916099]
45,[0.80338207],0.45112478962650493,[0.35225728]
46,[0.33437443],0.5900831568439325,[0.25570873]
47,[0.27380174],0.5325442623543152,[0.25874252]
48,[0.81519722],0.49392194627900954,[0.32127527]
49,[0.28482927],0.3829041679045865,[0.09807489]
50,[0.38290417],0.5132331043166624,[0.13032894]
51,[0.951073],0.3779192517046529,[0.57315375]
52,[0.84541976],0.47464405650264296,[0.3707757]
53,[0.75535569],0.47464405650264296,[0.28071163]
54,[0.49392195],0.5325442623543152,[0.03862232]
55,[0.98810552],0.5206039732352188,[0.46750155]
56,[0.41410255],0.5640063648955596,[0.14990382]
57,[0.44272987],0.3829041679045865,[0.0598257]
58,[0.0513001],0.42757872023887245,[0.37627862]
59,[0.08581475],0.42757872023887245,[0.34176397]
60,[0.84484389],0.4427298670048989,[0.40211402]
61,[0.3077048],0.42757872023887245,[0.11987392]
62,[0.10296334],0.5900831568439325,[0.48711981]
63,[0.90418962],0.4351542936218857,[0.46903533]
64,[0.42757872],0.4141025472580133,[0.01347617]
65,[0.29407661],0.4427298670048989,[0.14865326]
66,[0.99176299],0.35116892969374036,[0.64059406]
67,[0.00552391],0.4427298670048989,[0.43720596]
68,[0.36868874],0.42757872023887245,[0.05888998]
69,[0.18167158],0.544036418711052,[0.36236484]
70,[0.35398709],0.5848177055124469,[0.23083062]
71,[0.30774958],0.4427298670048989,[0.13498029]
72,[0.47464406],0.5684188312124301,[0.09377477]
73,[0.71632628],0.47464405650264296,[0.24168222]
74,[0.81860289],0.35116892969374036,[0.46743396]
75,[0.73710466],0.49392194627900954,[0.24318272]
76,[0.78916504],0.5852833992762989,[0.20388164]
77,[0.99200809],0.4141025472580133,[0.57790555]
78,[0.59546847],0.42757872023887245,[0.16788975]
79,[0.58048364],0.47464405650264296,[0.10583959]
80,[0.77951061],0.4208406337484429,[0.35866997]
81,[0.31302693],0.5132331043166624,[0.20020618]
82,[0.92741691],0.36133791379850366,[0.566079]
83,[0.66970486],0.47464405650264296,[0.19506081]
84,[0.88717893],0.45112478962650493,[0.43605414]
85,[0.59356312],0.47464405650264296,[0.11891907]
86,[0.35116893],0.4427298670048989,[0.09156094]
87,[0.92713855],0.36868874178084765,[0.5584498]
88,[0.89946254],0.4141025472580133,[0.48536]
89,[0.88068278],0.45112478962650493,[0.42955799]
90,[0.81834403],0.47464405650264296,[0.34369998]
91,[0.03536679],0.5732185887800636,[0.5378518]
92,[0.37293434],0.5382903405326835,[0.16535601]
93,[0.58481771],0.47252336795275723,[0.11229434]
94,[0.53254426],0.4427298670048989,[0.0898144]
95,[0.9940394],0.3829041679045865,[0.61113523]
96,[0.03615592],0.5298218910160237,[0.49366597]
97,[0.81237009],0.3779192517046529,[0.43445084]
98,[0.15707966],0.5900831568439325,[0.4330035]
99,[0.05401234],0.42757872023887245,[0.37356638]
