,0,1,2
0,[0.05102572],0.48896690890924777,[0.43794119]
1,[0.16134964],0.595468467436804,[0.43411883]
2,[0.11687368],0.45868696175377094,[0.34181328]
3,[0.59835462],0.35116892969374036,[0.24718569]
4,[0.27034489],0.5826506736105561,[0.31230579]
5,[0.00483478],0.47464405650264296,[0.46980927]
6,[0.88281496],0.3708115386427835,[0.51200342]
7,[0.94944134],0.3829041679045865,[0.56653717]
8,[0.8041212],0.45868696175377094,[0.34543424]
9,[0.54403642],0.49392194627900954,[0.05011447]
10,[0.67251716],0.49392194627900954,[0.17859521]
11,[0.45112479],0.5032897613158526,[0.05216497]
12,[0.1827061],0.5325442623543152,[0.34983817]
13,[0.00064708],0.42757872023887245,[0.42693164]
14,[0.29405364],0.4469273283157019,[0.15287369]
15,[0.6177003],0.48428300139082625,[0.13341729]
16,[0.20774949],0.5563540207161948,[0.34860454]
17,[0.21202194],0.49860585379743105,[0.28658392]
18,[0.55635402],0.3829041679045865,[0.17344985]
19,[0.90068726],0.49392194627900954,[0.40676531]
20,[0.23468327],0.5032897613158526,[0.26860649]
21,[0.79559356],0.3729343355047193,[0.42265923]
22,[0.05473172],0.544036418711052,[0.4893047]
23,[0.03533962],0.544036418711052,[0.5086968]
24,[0.86469218],0.4427298670048989,[0.42196232]
25,[0.12203506],0.5032897613158526,[0.3812547]
26,[0.93009974],0.4427298670048989,[0.48736987]
27,[0.9006753],0.4427298670048989,[0.45794543]
28,[0.163921],0.42757872023887245,[0.26365772]
29,[0.59008316],0.47464405650264296,[0.1154391]
30,[0.08455474],0.45112478962650493,[0.36657005]
31,[0.83919737],0.4469273283157019,[0.39227005]
32,[0.78257485],0.3708115386427835,[0.41176331]
33,[0.14752489],0.4469273283157019,[0.29940244]
34,[0.18042704],0.47252336795275723,[0.29209633]
35,[0.342574],0.5032897613158526,[0.16071576]
36,[0.79949457],0.5325442623543152,[0.26695031]
37,[0.50328976],0.35116892969374036,[0.15212083]
38,[0.01152877],0.5032897613158526,[0.49176099]
39,[0.61879663],0.42757872023887245,[0.19121791]
40,[0.19234892],0.47464405650264296,[0.28229513]
41,[0.74883831],0.47464405650264296,[0.27419425]
42,[0.23949367],0.47464405650264296,[0.23515038]
43,[0.22814704],0.5826506736105561,[0.35450363]
44,[0.0019638],0.46288442306457395,[0.46092062]
45,[0.80338207],0.4469273283157019,[0.35645474]
46,[0.33437443],0.5900831568439325,[0.25570873]
47,[0.27380174],0.5325442623543152,[0.25874252]
48,[0.81519722],0.49392194627900954,[0.32127527]
49,[0.28482927],0.5032897613158526,[0.21846049]
50,[0.38290417],0.544036418711052,[0.16113225]
51,[0.951073],0.3985033575812999,[0.55256965]
52,[0.84541976],0.4427298670048989,[0.40268989]
53,[0.75535569],0.46288442306457395,[0.29247126]
54,[0.49392195],0.544036418711052,[0.05011447]
55,[0.98810552],0.4351542936218857,[0.55295123]
56,[0.41410255],0.5382903405326835,[0.12418779]
57,[0.44272987],0.42757872023887245,[0.01515115]
58,[0.0513001],0.5032897613158526,[0.45198967]
59,[0.08581475],0.49392194627900954,[0.40810719]
60,[0.84484389],0.45112478962650493,[0.3937191]
61,[0.3077048],0.4469273283157019,[0.13922253]
62,[0.10296334],0.5804836417086653,[0.4775203]
63,[0.90418962],0.4141025472580133,[0.49008707]
64,[0.42757872],0.4427298670048989,[0.01515115]
65,[0.29407661],0.45112478962650493,[0.15704818]
66,[0.99176299],0.3829041679045865,[0.60885883]
67,[0.00552391],0.4427298670048989,[0.43720596]
68,[0.36868874],0.4351542936218857,[0.06646555]
69,[0.18167158],0.544036418711052,[0.36236484]
70,[0.35398709],0.5325442623543152,[0.17855718]
71,[0.30774958],0.45868696175377094,[0.15093738]
72,[0.47464406],0.544036418711052,[0.06939236]
73,[0.71632628],0.5032897613158526,[0.21303652]
74,[0.81860289],0.4141025472580133,[0.40450034]
75,[0.73710466],0.47464405650264296,[0.26246061]
76,[0.78916504],0.5622600302098586,[0.22690501]
77,[0.99200809],0.4427298670048989,[0.54927823]
78,[0.59546847],0.42757872023887245,[0.16788975]
79,[0.58048364],0.47464405650264296,[0.10583959]
80,[0.77951061],0.49392194627900954,[0.28558866]
81,[0.31302693],0.5325442623543152,[0.21951734]
82,[0.92741691],0.3829041679045865,[0.54451275]
83,[0.66970486],0.47464405650264296,[0.19506081]
84,[0.88717893],0.5032897613158526,[0.38388917]
85,[0.59356312],0.4427298670048989,[0.15083326]
86,[0.35116893],0.42757872023887245,[0.07640979]
87,[0.92713855],0.3729343355047193,[0.55420421]
88,[0.89946254],0.3779192517046529,[0.52154329]
89,[0.88068278],0.42757872023887245,[0.45310406]
90,[0.81834403],0.47464405650264296,[0.34369998]
91,[0.03536679],0.5325442623543152,[0.49717748]
92,[0.37293434],0.544036418711052,[0.17110208]
93,[0.58481771],0.49860585379743105,[0.08621185]
94,[0.53254426],0.4427298670048989,[0.0898144]
95,[0.9940394],0.4141025472580133,[0.57993685]
96,[0.03615592],0.5032897613158526,[0.46713384]
97,[0.81237009],0.3829041679045865,[0.42946592]
98,[0.15707966],0.5032897613158526,[0.3462101]
99,[0.05401234],0.49860585379743105,[0.44459351]
