,0,1,2
0,[0.05102572],0.47464405650264296,[0.42361833]
1,[0.16134964],0.5927758121403683,[0.43142617]
2,[0.11687368],0.48428300139082625,[0.36740932]
3,[0.59835462],0.35116892969374036,[0.24718569]
4,[0.27034489],0.5804836417086653,[0.31013876]
5,[0.00483478],0.47464405650264296,[0.46980927]
6,[0.88281496],0.36868874178084765,[0.51412621]
7,[0.94944134],0.3829041679045865,[0.56653717]
8,[0.8041212],0.47464405650264296,[0.32947714]
9,[0.54403642],0.5325442623543152,[0.01149216]
10,[0.67251716],0.45112478962650493,[0.22139237]
11,[0.45112479],0.5325442623543152,[0.08141947]
12,[0.1827061],0.5382903405326835,[0.35558425]
13,[0.00064708],0.45112478962650493,[0.4504777]
14,[0.29405364],0.47252336795275723,[0.17846973]
15,[0.6177003],0.49392194627900954,[0.12377835]
16,[0.20774949],0.5563540207161948,[0.34860454]
17,[0.21202194],0.49860585379743105,[0.28658392]
18,[0.55635402],0.3829041679045865,[0.17344985]
19,[0.90068726],0.49392194627900954,[0.40676531]
20,[0.23468327],0.5032897613158526,[0.26860649]
21,[0.79559356],0.3829041679045865,[0.4126894]
22,[0.05473172],0.5563540207161948,[0.5016223]
23,[0.03533962],0.5325442623543152,[0.49720464]
24,[0.86469218],0.4427298670048989,[0.42196232]
25,[0.12203506],0.5325442623543152,[0.4105092]
26,[0.93009974],0.4427298670048989,[0.48736987]
27,[0.9006753],0.4469273283157019,[0.45374797]
28,[0.163921],0.4427298670048989,[0.27880886]
29,[0.59008316],0.47464405650264296,[0.1154391]
30,[0.08455474],0.47252336795275723,[0.38796863]
31,[0.83919737],0.46288442306457395,[0.37631295]
32,[0.78257485],0.3729343355047193,[0.40964052]
33,[0.14752489],0.45112478962650493,[0.3035999]
34,[0.18042704],0.49392194627900954,[0.31349491]
35,[0.342574],0.5032897613158526,[0.16071576]
36,[0.79949457],0.5325442623543152,[0.26695031]
37,[0.50328976],0.3539870858161597,[0.14930268]
38,[0.01152877],0.49392194627900954,[0.48239317]
39,[0.61879663],0.42757872023887245,[0.19121791]
40,[0.19234892],0.49392194627900954,[0.30157302]
41,[0.74883831],0.47464405650264296,[0.27419425]
42,[0.23949367],0.49860585379743105,[0.25911218]
43,[0.22814704],0.5684188312124301,[0.34027179]
44,[0.0019638],0.5132331043166624,[0.5112693]
45,[0.80338207],0.4469273283157019,[0.35645474]
46,[0.33437443],0.5804836417086653,[0.24610922]
47,[0.27380174],0.5325442623543152,[0.25874252]
48,[0.81519722],0.49392194627900954,[0.32127527]
49,[0.28482927],0.5236630900134522,[0.23883382]
50,[0.38290417],0.544036418711052,[0.16113225]
51,[0.951073],0.3985033575812999,[0.55256965]
52,[0.84541976],0.45112478962650493,[0.39429497]
53,[0.75535569],0.46288442306457395,[0.29247126]
54,[0.49392195],0.5325442623543152,[0.03862232]
55,[0.98810552],0.4351542936218857,[0.55295123]
56,[0.41410255],0.5179170118350839,[0.10381446]
57,[0.44272987],0.42757872023887245,[0.01515115]
58,[0.0513001],0.5032897613158526,[0.45198967]
59,[0.08581475],0.42757872023887245,[0.34176397]
60,[0.84484389],0.46288442306457395,[0.38195946]
61,[0.3077048],0.47720727547117875,[0.16950247]
62,[0.10296334],0.5563540207161948,[0.45339068]
63,[0.90418962],0.4141025472580133,[0.49008707]
64,[0.42757872],0.4284162071314561,[0.00083749]
65,[0.29407661],0.45112478962650493,[0.15704818]
66,[0.99176299],0.3829041679045865,[0.60885883]
67,[0.00552391],0.45112478962650493,[0.44560088]
68,[0.36868874],0.4427298670048989,[0.07404113]
69,[0.18167158],0.544036418711052,[0.36236484]
70,[0.35398709],0.544036418711052,[0.19004933]
71,[0.30774958],0.45868696175377094,[0.15093738]
72,[0.47464406],0.5325442623543152,[0.05790021]
73,[0.71632628],0.5032897613158526,[0.21303652]
74,[0.81860289],0.4141025472580133,[0.40450034]
75,[0.73710466],0.46288442306457395,[0.27422024]
76,[0.78916504],0.5622600302098586,[0.22690501]
77,[0.99200809],0.4427298670048989,[0.54927823]
78,[0.59546847],0.42757872023887245,[0.16788975]
79,[0.58048364],0.47464405650264296,[0.10583959]
80,[0.77951061],0.49392194627900954,[0.28558866]
81,[0.31302693],0.5325442623543152,[0.21951734]
82,[0.92741691],0.3829041679045865,[0.54451275]
83,[0.66970486],0.4427298670048989,[0.226975]
84,[0.88717893],0.49392194627900954,[0.39325698]
85,[0.59356312],0.4427298670048989,[0.15083326]
86,[0.35116893],0.42757872023887245,[0.07640979]
87,[0.92713855],0.4170144787655457,[0.51012407]
88,[0.89946254],0.3779192517046529,[0.52154329]
89,[0.88068278],0.42757872023887245,[0.45310406]
90,[0.81834403],0.47464405650264296,[0.34369998]
91,[0.03536679],0.5035941594284791,[0.46822737]
92,[0.37293434],0.5325442623543152,[0.15960993]
93,[0.58481771],0.49860585379743105,[0.08621185]
94,[0.53254426],0.4427298670048989,[0.0898144]
95,[0.9940394],0.4351542936218857,[0.55888511]
96,[0.03615592],0.5032897613158526,[0.46713384]
97,[0.81237009],0.42757872023887245,[0.38479137]
98,[0.15707966],0.5032897613158526,[0.3462101]
99,[0.05401234],0.5032897613158526,[0.44927742]
