,0,1,2
0,[0.54547015],0.2992993937493763,0.03711283986827141
1,[0.17186532],0.48998063435999634,0.4097590095093815
2,[0.85293181],0.7246882836622703,0.4196104167926017
3,[0.18022341],0.6005538601198023,0.4348308590684954
4,[0.58870005],0.3891311654695718,0.05574003662935412
5,[0.1207749],0.7910571458887329,0.46052818470760626
6,[0.55469875],0.36483168672676897,0.0626354456735072
7,[0.08202618],0.8219264814251261,0.5188382299013519
8,[0.99270517],0.8106602657130331,0.5495626970481184
9,[0.25271926],0.5161589254489651,0.32986372949695175
10,[0.53296001],0.3540856210657763,0.04866431104725266
11,[0.8921391],0.6548714448543103,0.5006101726013161
12,[0.24209363],0.6874964082491802,0.34347018347115865
13,[0.41762074],0.37075026690163443,0.16496225183040814
14,[0.86794548],0.667976435174338,0.3019183323860567
15,[0.28633024],0.5771780843897468,0.26836850937329204
16,[0.13769966],0.5173131554314536,0.4439246608487031
17,[0.0507936],0.7040977068874115,0.564260667528007
18,[0.92829087],0.638425333268388,0.4157792124734252
19,[0.77995014],0.37623397353743065,0.23447999120891916
20,[0.69447451],0.4989264120749596,0.25133203118183783
21,[0.95343867],0.8579008115441045,0.5010369738075764
22,[0.93194228],0.5936319603375758,0.38647212816938503
23,[0.20739954],0.57112863308901,0.3671490617120715
24,[0.22335698],0.6939651921245835,0.3313417680253894
25,[0.99751836],0.8409832414325731,0.47413733731752283
26,[0.4920633],0.2895617707451856,0.08357558012669919
27,[0.22577487],0.5682788038952966,0.35584944997415413
28,[0.98771616],0.8864689033379453,0.5061707171613042
29,[0.75659074],0.4218812238312701,0.20283643501629767
30,[0.58258299],0.3141445296966848,0.03711283986827141
31,[0.56602715],0.4267633243220196,0.0165558394494979
32,[0.37184337],0.43983084624728325,0.2124874652826042
33,[0.45296356],0.35596348440852577,0.1296194281964025
34,[0.81726831],0.48483982958395055,0.32520500116506545
35,[0.10200653],0.8377227060936958,0.4620200450280293
36,[0.91715646],0.6295178079649176,0.40464480584408713
37,[0.04387119],0.8998377017015733,0.5201553835873306
38,[0.5745486],0.3490643669177813,0.013718567150474259
39,[0.18049899],0.4583857212491889,0.39513989815560024
40,[0.63570166],0.4312352809921167,0.10274165093240695
41,[0.89414345],0.6276783293410718,0.4125980014606644
42,[0.65555994],0.541256389652356,0.2514995521922618
43,[0.25422487],0.5339256488970457,0.33010596859480734
44,[0.59657902],0.3082884003158112,0.10451571457989128
45,[0.91987718],0.654072865678342,0.3869171618903168
46,[0.77454108],0.4362414911929252,0.22078676921836649
47,[0.29099454],0.36998927466430304,0.2846443399244928
48,[0.68682978],0.3017376800403788,0.1413596243376044
49,[0.43332139],0.41466636945538554,0.12137735776804837
