,0,1,2
0,[0.54547015],0.29589895184526094,0.020557000418773508
1,[0.17186532],0.6979178718519912,0.41377620548052807
2,[0.85293181],0.423599033720169,0.31371672722137556
3,[0.18022341],0.5509420177554787,0.40847663933020295
4,[0.58870005],0.223238367552469,0.05574003662935412
5,[0.1207749],0.7287539899981885,0.44951297450378547
6,[0.55469875],0.41151959215169287,0.011328400991537757
7,[0.08202618],0.3861731824239823,0.5005568128636195
8,[0.99270517],0.5834114561404478,0.500641869959918
9,[0.25271926],0.40605976002664174,0.32986372949695175
10,[0.53296001],0.3223359952190988,0.04560578143629779
11,[0.8921391],0.5371447187200069,0.3466689464561479
12,[0.24209363],0.27165950540847295,0.340489365209631
13,[0.41762074],0.3754823754115577,0.14840641238091024
14,[0.86794548],0.5917472302129063,0.37588217905110166
15,[0.28633024],0.36165904671747395,0.2962527498143277
16,[0.13769966],0.3853503068483908,0.45493987105252387
17,[0.0507936],0.5665380753455461,0.5379064477897145
18,[0.92829087],0.5624381705206055,0.3890757893502895
19,[0.77995014],0.5416428924242307,0.24699012874809212
20,[0.69447451],0.33199801720939154,0.16151449538653895
21,[0.95343867],0.5064077862219116,0.4409270082529252
22,[0.93194228],0.5076444345968887,0.3927271969389715
23,[0.20739954],0.5274843008986652,0.37824198326531944
24,[0.22335698],0.5521269695518418,0.35520881249527847
25,[0.99751836],0.5432610356249261,0.44281961448076923
26,[0.4920633],0.33853897342834277,0.08248529417224981
27,[0.22577487],0.43324780346619673,0.34025227688484794
28,[0.98771616],0.6844823228863199,0.49565285742650733
29,[0.75659074],0.4284722065790746,0.2173756589792869
30,[0.58258299],0.2923916788375865,0.04336790863785789
31,[0.56602715],0.26724781967238737,0.020557000418773508
32,[0.37184337],0.4277486549858402,0.2168566764457548
33,[0.45296356],0.3581047602859376,0.1296194281964025
34,[0.81726831],0.44499476132513216,0.32520500116506545
35,[0.10200653],0.7329006732388061,0.4945724934275134
36,[0.91715646],0.5078325200643993,0.36707201423774716
37,[0.04387119],0.6576943636298631,0.5306774115791733
38,[0.5745486],0.3657083404331893,0.008034391942293051
39,[0.18049899],0.5996244608502734,0.4020840041434439
40,[0.63570166],0.3928749075049006,0.09023151339323399
41,[0.89414345],0.6121548763952991,0.4411798838077271
42,[0.65555994],0.45465688882005634,0.11008978973096872
43,[0.25422487],0.41686801532342,0.3283581205360482
44,[0.59657902],0.271978146122839,0.10451571457989128
45,[0.91987718],0.5227295801859541,0.3869171618903168
46,[0.77454108],0.432083884803518,0.23532599318135572
47,[0.29099454],0.4217684285182264,0.2977055051342462
48,[0.68682978],0.3400723414460371,0.15386976187677737
49,[0.43332139],0.3546873648371589,0.14830293184889232
