,0,1,2
0,[0.54547015],0.23277610921890962,0.020557000418773508
1,[0.17186532],0.6979178718519912,0.41377620548052807
2,[0.85293181],0.423599033720169,0.3074616584517891
3,[0.18022341],0.5509420177554787,0.40847663933020295
4,[0.58870005],0.223238367552469,0.05574003662935412
5,[0.1207749],0.7335927127284521,0.46180809019968094
6,[0.55469875],0.41151959215169287,0.011328400991537757
7,[0.08202618],0.3861731824239822,0.5036153424745744
8,[0.99270517],0.5834114561404478,0.500641869959918
9,[0.25271926],0.355400486976219,0.32986372949695175
10,[0.53296001],0.37542761489212845,0.04962297740744437
11,[0.8921391],0.5371447187200069,0.3466689464561479
12,[0.24209363],0.5609949511985703,0.340489365209631
13,[0.41762074],0.3754823754115577,0.14840641238091024
14,[0.86794548],0.5917472302129063,0.37588217905110166
15,[0.28633024],0.3455866667261459,0.2962527498143277
16,[0.13769966],0.3853503068483907,0.45493987105252387
17,[0.0507936],0.5665380753455461,0.5379064477897145
18,[0.92829087],0.572285579154409,0.38282072058070304
19,[0.77995014],0.5836357744756989,0.24699012874809212
20,[0.69447451],0.211037297742801,0.16151449538653895
21,[0.95343867],0.6607396474525166,0.4409270082529252
22,[0.93194228],0.5076444345968887,0.38647212816938503
23,[0.20739954],0.4763121803601872,0.37824198326531944
24,[0.22335698],0.5521269695518418,0.351191616524132
25,[0.99751836],0.5432610356249261,0.44281961448076923
26,[0.4920633],0.32052158172407547,0.09051968611454286
27,[0.22577487],0.432946681674016,0.34025227688484794
28,[0.98771616],0.6698869329137804,0.49565285742650733
29,[0.75659074],0.3978132303197629,0.2173756589792869
30,[0.58258299],0.2923916788375865,0.03711283986827141
31,[0.56602715],0.32252428736007055,0.015942700705155688
32,[0.37184337],0.4439329907439104,0.2168566764457548
33,[0.45296356],0.3482821729273658,0.1296194281964025
34,[0.81726831],0.44499476132513216,0.30475664681151615
35,[0.10200653],0.7329006732388061,0.4945724934275134
36,[0.91715646],0.6115001577580753,0.36707201423774716
37,[0.04387119],0.6915519752506982,0.5346946075503197
38,[0.5745486],0.3700724374905705,0.008034391942293051
39,[0.18049899],0.5996244608502734,0.4020840041434439
40,[0.63570166],0.3266119341542844,0.08561721367961617
41,[0.89414345],0.4588742380549108,0.4411798838077271
42,[0.65555994],0.45465688882005634,0.11008978973096872
43,[0.25422487],0.41686801532342,0.3283581205360482
44,[0.59657902],0.33429100972861914,0.10451571457989128
45,[0.91987718],0.55724225620623,0.3869171618903168
46,[0.77454108],0.44939618292715194,0.23532599318135572
47,[0.29099454],0.4579915702116716,0.2977055051342462
48,[0.68682978],0.3400723414460371,0.15386976187677737
49,[0.43332139],0.3546873648371589,0.15537865743099377
