,0,1,2
0,[0.54547015],0.2797131722290141,0.020557000418773508
1,[0.17186532],0.7293981126035144,0.41377620548052807
2,[0.85293181],0.423599033720169,0.3074616584517891
3,[0.18022341],0.6193337025908858,0.40847663933020295
4,[0.58870005],0.223238367552469,0.05574003662935412
5,[0.1207749],0.5990313680180213,0.46180809019968094
6,[0.55469875],0.41151959215169287,0.011328400991537757
7,[0.08202618],0.5620624666249441,0.49653961689247295
8,[0.99270517],0.8147721201161499,0.500641869959918
9,[0.25271926],0.355400486976219,0.32986372949695175
10,[0.53296001],0.3808164922596073,0.04560578143629779
11,[0.8921391],0.5371447187200069,0.3466689464561479
12,[0.24209363],0.5448996800914284,0.340489365209631
13,[0.41762074],0.3754823754115577,0.14840641238091024
14,[0.86794548],0.5917472302129063,0.37588217905110166
15,[0.28633024],0.3455866667261459,0.2962527498143277
16,[0.13769966],0.3853503068483907,0.45100038643080453
17,[0.0507936],0.600790494907341,0.5348479181787597
18,[0.92829087],0.572285579154409,0.38282072058070304
19,[0.77995014],0.5890158845735147,0.2878868374551906
20,[0.69447451],0.3412711828349549,0.16151449538653895
21,[0.95343867],0.646693985320528,0.4409270082529252
22,[0.93194228],0.5076444345968887,0.398982265708558
23,[0.20739954],0.5086778175741336,0.37518345365436456
24,[0.22335698],0.5246857050033527,0.351191616524132
25,[0.99751836],0.42445261788753774,0.452048213908005
26,[0.4920633],0.28270607133787207,0.09051968611454286
27,[0.22577487],0.4618639927652592,0.34025227688484794
28,[0.98771616],0.6698869329137804,0.47520450307295803
29,[0.75659074],0.4768653002800529,0.2173756589792869
30,[0.58258299],0.30471060662434907,0.04962297740744437
31,[0.56602715],0.32252428736007055,0.015942700705155688
32,[0.37184337],0.3437836977384533,0.2168566764457548
33,[0.45296356],0.3482821729273658,0.1296194281964025
34,[0.81726831],0.4944745480399281,0.28430829245796696
35,[0.10200653],0.6722253681705342,0.4945724934275134
36,[0.91715646],0.6115001577580753,0.36707201423774716
37,[0.04387119],0.6421539495010797,0.5306774115791733
38,[0.5745486],0.3951471093324215,0.019849848498742606
39,[0.18049899],0.6007062742097034,0.4020840041434439
40,[0.63570166],0.3899884918608362,0.09648658216282047
41,[0.89414345],0.6488291009703591,0.4411798838077271
42,[0.65555994],0.45465688882005634,0.12259992727014168
43,[0.25422487],0.4992279438667889,0.33141665014700306
44,[0.59657902],0.3539802773381165,0.10451571457989128
45,[0.91987718],0.55724225620623,0.3869171618903168
46,[0.77454108],0.3972823347352322,0.2415810619509422
47,[0.29099454],0.346635635237772,0.29464697552329133
48,[0.68682978],0.3400723414460371,0.15386976187677737
49,[0.43332139],0.36173361698573847,0.16325762667443244
