,0,1,2
0,[0.54547015],0.31863835639755284,0.020557000418773508
1,[0.17186532],0.7293981126035144,0.41683473509148294
2,[0.85293181],0.4585952881668608,0.30284735873817126
3,[0.18022341],0.6193337025908858,0.4054181097192481
4,[0.58870005],0.223238367552469,0.05574003662935412
5,[0.1207749],0.5983010865002849,0.46180809019968094
6,[0.55469875],0.4275919721430208,0.011328400991537757
7,[0.08202618],0.5620624666249441,0.49653961689247295
8,[0.99270517],0.8147721201161499,0.500641869959918
9,[0.25271926],0.48585621316835326,0.32986372949695175
10,[0.53296001],0.36410561002400166,0.04158858546515132
11,[0.8921391],0.5371447187200069,0.3466689464561479
12,[0.24209363],0.5385937564869375,0.340489365209631
13,[0.41762074],0.37879354330145726,0.14840641238091024
14,[0.86794548],0.5068081801466244,0.35543382469755236
15,[0.28633024],0.44229597281731275,0.2922355538431811
16,[0.13769966],0.6950940451228299,0.45100038643080453
17,[0.0507936],0.600790494907341,0.5379064477897145
18,[0.92829087],0.572285579154409,0.38282072058070304
19,[0.77995014],0.4919643143308319,0.2878868374551906
20,[0.69447451],0.3054518783695621,0.16151449538653895
21,[0.95343867],0.646693985320528,0.420478653899376
22,[0.93194228],0.5783668920066675,0.398982265708558
23,[0.20739954],0.4240838643777282,0.37518345365436456
24,[0.22335698],0.524141562923397,0.351191616524132
25,[0.99751836],0.45005144341791636,0.452048213908005
26,[0.4920633],0.28270607133787207,0.09051968611454286
27,[0.22577487],0.4618639927652592,0.34025227688484794
28,[0.98771616],0.7258711479894778,0.45475614871940884
29,[0.75659074],0.3978132303197629,0.22363072774887338
30,[0.58258299],0.31796156123001384,0.04962297740744437
31,[0.56602715],0.32252428736007055,0.011328400991537757
32,[0.37184337],0.3402839778532062,0.21073961722384504
33,[0.45296356],0.30834838540091986,0.1296194281964025
34,[0.81726831],0.49441943284695816,0.28430829245796696
35,[0.10200653],0.6646656016325764,0.4945724934275134
36,[0.91715646],0.6115001577580753,0.371686313951365
37,[0.04387119],0.5881105089560681,0.5306774115791733
38,[0.5745486],0.32594420916185896,0.019849848498742606
39,[0.18049899],0.6007062742097034,0.4020840041434439
40,[0.63570166],0.43989241736667967,0.09648658216282047
41,[0.89414345],0.6121548763952991,0.4020801417258675
42,[0.65555994],0.45465688882005634,0.12259992727014168
43,[0.25422487],0.5510207755693564,0.33447517975795793
44,[0.59657902],0.3539802773381165,0.10451571457989128
45,[0.91987718],0.55724225620623,0.3869171618903168
46,[0.77454108],0.3973374499282021,0.2415810619509422
47,[0.29099454],0.346635635237772,0.29464697552329133
48,[0.68682978],0.45109178872212163,0.15386976187677737
49,[0.43332139],0.3979567586791836,0.1593181420527131
