,0,1,2
0,[0.54547015],0.24523979792644504,0.03711283986827141
1,[0.17186532],0.657919376554833,0.4107176758695732
2,[0.85293181],0.4725352628777669,0.31371672722137556
3,[0.18022341],0.4789191903817283,0.3983423841371466
4,[0.58870005],0.2712785560835627,0.04948496785976764
5,[0.1207749],0.5039640620238232,0.46180809019968094
6,[0.55469875],0.4398518861238319,0.015589124745140182
7,[0.08202618],0.49354089341986673,0.5036153424745744
8,[0.99270517],0.6666274626622062,0.4597451612528195
9,[0.25271926],0.36022903197588485,0.32584653352580517
10,[0.53296001],0.35055011145223636,0.04962297740744437
11,[0.8921391],0.5975406165311902,0.3466689464561479
12,[0.24209363],0.5849801331828479,0.340489365209631
13,[0.41762074],0.3696099196176631,0.15692785988811508
14,[0.86794548],0.5586361621358357,0.33498547034400317
15,[0.28633024],0.5441909214918665,0.2922355538431811
16,[0.13769966],0.6000267391286318,0.45100038643080453
17,[0.0507936],0.661907389782878,0.5379064477897145
18,[0.92829087],0.45997651925249905,0.3735921211534673
19,[0.77995014],0.37196911969245156,0.24699012874809212
20,[0.69447451],0.3054518783695621,0.149004357847366
21,[0.95343867],0.6607396474525166,0.4033542166465852
22,[0.93194228],0.5096884581530152,0.38647212816938503
23,[0.20739954],0.5274843008986652,0.3813005128762743
24,[0.22335698],0.516459458574203,0.35520881249527847
25,[0.99751836],0.5220311191582947,0.44743391419438716
26,[0.4920633],0.2871784062868702,0.09051968611454286
27,[0.22577487],0.36895232247582366,0.34451300063845036
28,[0.98771616],0.7734589883280989,0.45475614871940884
29,[0.75659074],0.2963536279240779,0.21112059020970042
30,[0.58258299],0.2743121792322559,0.03711283986827141
31,[0.56602715],0.3523879716336097,0.011328400991537757
32,[0.37184337],0.5343895117320152,0.21379814683479992
33,[0.45296356],0.3482821729273658,0.1296194281964025
34,[0.81726831],0.4011551402604533,0.28430829245796696
35,[0.10200653],0.7355626803675722,0.4906330088057941
36,[0.91715646],0.52949273240826,0.371686313951365
37,[0.04387119],0.7802092128952332,0.5387118035214663
38,[0.5745486],0.3951471093324216,0.019849848498742606
39,[0.18049899],0.6606387097052988,0.4020840041434439
40,[0.63570166],0.42112034875825877,0.09023151339323399
41,[0.89414345],0.44863165333378274,0.3816317873723182
42,[0.65555994],0.40636130109342117,0.12259992727014168
43,[0.25422487],0.6741953332765183,0.3283581205360482
44,[0.59657902],0.2916674137323363,0.1240655856208211
45,[0.91987718],0.5168571243920594,0.3869171618903168
46,[0.77454108],0.3686056440993224,0.2415810619509422
47,[0.29099454],0.40424038094112236,0.29158844591233646
48,[0.68682978],0.39155068769527246,0.15386976187677737
49,[0.43332139],0.4060842375522509,0.16325762667443244
