,0,1,2
0,[0.54547015],0.30231229651375685,0.03711283986827141
1,[0.17186532],0.5895276917194258,0.4107176758695732
2,[0.85293181],0.48187858851815635,0.3074616584517891
3,[0.18022341],0.4187419130132019,0.4023595801082932
4,[0.58870005],0.23664498997962413,0.05574003662935412
5,[0.1207749],0.637775460244449,0.46180809019968094
6,[0.55469875],0.4398518861238319,0.019849848498742606
7,[0.08202618],0.7833310190134956,0.5066738720855293
8,[0.99270517],0.5621962698478126,0.44723502371364654
9,[0.25271926],0.371383808578055,0.32986372949695175
10,[0.53296001],0.35055011145223636,0.04962297740744437
11,[0.8921391],0.5611753683997242,0.3466689464561479
12,[0.24209363],0.5877793388759176,0.340489365209631
13,[0.41762074],0.44037992440413704,0.15692785988811508
14,[0.86794548],0.5586361621358356,0.33498547034400317
15,[0.28633024],0.5736523746630655,0.2922355538431811
16,[0.13769966],0.5203377783512853,0.45100038643080453
17,[0.0507936],0.7420952588977551,0.5379064477897145
18,[0.92829087],0.5501632863437341,0.3735921211534673
19,[0.77995014],0.4183783542026471,0.24699012874809212
20,[0.69447451],0.3054518783695621,0.149004357847366
21,[0.95343867],0.6139109054555065,0.4033542166465852
22,[0.93194228],0.4173268401130791,0.38647212816938503
23,[0.20739954],0.5662072146600879,0.3813005128762743
24,[0.22335698],0.4629210672861988,0.35922600846642505
25,[0.99751836],0.595365060398256,0.44743391419438716
26,[0.4920633],0.2728740143596847,0.09051968611454286
27,[0.22577487],0.4599035522197054,0.3487737243920528
28,[0.98771616],0.7258711479894778,0.45475614871940884
29,[0.75659074],0.2963536279240779,0.21112059020970042
30,[0.58258299],0.34987668606654826,0.03711283986827141
31,[0.56602715],0.3218319353690077,0.011328400991537757
32,[0.37184337],0.5343895117320152,0.2168566764457548
33,[0.45296356],0.2949483106516207,0.1296194281964025
34,[0.81726831],0.5032438174586875,0.28430829245796696
35,[0.10200653],0.7478225943483834,0.4945724934275134
36,[0.91715646],0.6669307861884498,0.37794138272095146
37,[0.04387119],0.7991050313423175,0.5387118035214663
38,[0.5745486],0.3792761377990077,0.019849848498742606
39,[0.18049899],0.6535060089986997,0.4020840041434439
40,[0.63570166],0.4188138151051196,0.09023151339323399
41,[0.89414345],0.5317208843210186,0.3816317873723182
42,[0.65555994],0.4444388059540348,0.12259992727014168
43,[0.25422487],0.5356717614009812,0.3283581205360482
44,[0.59657902],0.2916674137323363,0.10451571457989128
45,[0.91987718],0.4838768288587508,0.3869171618903168
46,[0.77454108],0.4266570299495219,0.2415810619509422
47,[0.29099454],0.35877114817959077,0.29158844591233646
48,[0.68682978],0.33388098922235965,0.15386976187677737
49,[0.43332139],0.3329012120021286,0.15537865743099377
