,0,1,2
0,[0.54547015],0.30934727409209833,0.03711283986827141
1,[0.17186532],0.5895276917194258,0.4107176758695732
2,[0.85293181],0.48187858851815635,0.3074616584517891
3,[0.18022341],0.5257157439252828,0.4023595801082932
4,[0.58870005],0.23664498997962413,0.05574003662935412
5,[0.1207749],0.637775460244449,0.46180809019968094
6,[0.55469875],0.4263722563423163,0.019849848498742606
7,[0.08202618],0.6595689180850359,0.5066738720855293
8,[0.99270517],0.5621962698478126,0.44723502371364654
9,[0.25271926],0.3522683956332374,0.32986372949695175
10,[0.53296001],0.3333556507902149,0.04962297740744437
11,[0.8921391],0.5310328213066815,0.3466689464561479
12,[0.24209363],0.5900062202017852,0.340489365209631
13,[0.41762074],0.3519307221680899,0.14840641238091024
14,[0.86794548],0.44058837859091743,0.33498547034400317
15,[0.28633024],0.5731082325831098,0.2962527498143277
16,[0.13769966],0.5203377783512853,0.45100038643080453
17,[0.0507936],0.6682493189623501,0.5379064477897145
18,[0.92829087],0.5563368639298094,0.3735921211534673
19,[0.77995014],0.4407367451529206,0.24699012874809212
20,[0.69447451],0.3054518783695621,0.149004357847366
21,[0.95343867],0.6667572573278282,0.4033542166465852
22,[0.93194228],0.5336197514207204,0.38647212816938503
23,[0.20739954],0.5920937705114719,0.3813005128762743
24,[0.22335698],0.5062221087962557,0.35922600846642505
25,[0.99751836],0.5897882123100487,0.44743391419438716
26,[0.4920633],0.22806913427971623,0.09051968611454286
27,[0.22577487],0.4136784680255984,0.34451300063845036
28,[0.98771616],0.5423860679437245,0.45475614871940884
29,[0.75659074],0.2963536279240779,0.21112059020970042
30,[0.58258299],0.34987668606654826,0.03711283986827141
31,[0.56602715],0.3218319353690077,0.011328400991537757
32,[0.37184337],0.43424021872655827,0.21073961722384504
33,[0.45296356],0.3482821729273658,0.1296194281964025
34,[0.81726831],0.5032438174586875,0.28430829245796696
35,[0.10200653],0.6079798349427874,0.4945724934275134
36,[0.91715646],0.6543361344580303,0.37794138272095146
37,[0.04387119],0.6615417783654173,0.5387118035214663
38,[0.5745486],0.37927613779900776,0.019849848498742606
39,[0.18049899],0.6535060089986997,0.4020840041434439
40,[0.63570166],0.38888696989452853,0.09023151339323399
41,[0.89414345],0.5317208843210186,0.3816317873723182
42,[0.65555994],0.4478237585521921,0.12259992727014168
43,[0.25422487],0.419417171916602,0.3283581205360482
44,[0.59657902],0.2956634833126272,0.10451571457989128
45,[0.91987718],0.42802774211582095,0.3869171618903168
46,[0.77454108],0.4266570299495219,0.2415810619509422
47,[0.29099454],0.2872924121309094,0.29158844591233646
48,[0.68682978],0.4186979851789349,0.15386976187677737
49,[0.43332139],0.4060842375522508,0.15537865743099377
