,0,1,2
0,[0.54547015],0.2992993937493763,0.03711283986827141
1,[0.17186532],0.4939294159991775,0.41683473509148294
2,[0.85293181],0.7105737620465189,0.49310599259522353
3,[0.18022341],0.6005538601198023,0.40534039836982083
4,[0.58870005],0.3891311654695718,0.05574003662935412
5,[0.1207749],0.5538715584562404,0.44525225075018304
6,[0.55469875],0.26748171247298264,0.0213927985873823
7,[0.08202618],0.5609060406471169,0.5536754863885821
8,[0.99270517],0.8465256167315924,0.5593837820544592
9,[0.25271926],0.5171308729064823,0.32158580977220286
10,[0.53296001],0.302977680901828,0.04158858546515132
11,[0.8921391],0.6204894208806089,0.40007579270241933
12,[0.24209363],0.4651034711346222,0.33245497326733797
13,[0.41762074],0.37292108750756264,0.15668433210565924
14,[0.86794548],0.48000047513186656,0.3121968325954434
15,[0.28633024],0.5788987531623321,0.2853691592047647
16,[0.13769966],0.44494981532849937,0.45100038643080453
17,[0.0507936],0.7040977068874115,0.5347702068293324
18,[0.92829087],0.5868069631450739,0.4362275668269745
19,[0.77995014],0.4060091063315621,0.32698657953705024
20,[0.69447451],0.29720756690208305,0.20241120409363744
21,[0.95343867],0.5957742790700722,0.420478653899376
22,[0.93194228],0.4590582204301395,0.38647212816938503
23,[0.20739954],0.5303952375924726,0.3671490617120715
24,[0.22335698],0.6461776244957943,0.3412666922747607
25,[0.99751836],0.516894139167254,0.5054550601542764
26,[0.4920633],0.302580183656897,0.08248529417224981
27,[0.22577487],0.422428564648021,0.3629251755562556
28,[0.98771616],0.46140073474957716,0.45475614871940884
29,[0.75659074],0.30489961141271665,0.21112059020970042
30,[0.58258299],0.30693618677539936,0.03711283986827141
31,[0.56602715],0.3149600026630431,0.002000580484637804
32,[0.37184337],0.26827043833477404,0.19418377777434714
33,[0.45296356],0.30846993034412196,0.1256022322252559
34,[0.81726831],0.48483982958395055,0.32520500116506545
35,[0.10200653],0.5836098172565768,0.480576464962165
36,[0.91715646],0.34431557450546546,0.38419645149053794
37,[0.04387119],0.8952350980072195,0.5201553835873306
38,[0.5745486],0.3108043622461466,0.019849848498742606
39,[0.18049899],0.4373098677588175,0.41608003260879234
40,[0.63570166],0.34467799907769364,0.10274165093240695
41,[0.89414345],0.7772845937741434,0.4686723806310707
42,[0.65555994],0.43188593459739993,0.12259992727014168
43,[0.25422487],0.4285226279569641,0.38147679406101076
44,[0.59657902],0.3199154680276715,0.13388667062716186
45,[0.91987718],0.6550600214290343,0.48655578269195643
46,[0.77454108],0.44225062780506674,0.2415810619509422
47,[0.29099454],0.2627284395313579,0.27503260646283856
48,[0.68682978],0.2464429239897709,0.13674532462398659
49,[0.43332139],0.4158624447123673,0.12137735776804837
