,0,1,2
0,[0.54547015],0.30934727409209833,0.03711283986827141
1,[0.17186532],0.5895276917194258,0.4107176758695732
2,[0.85293181],0.3728735056522627,0.31371672722137556
3,[0.18022341],0.5257157439252828,0.4023595801082932
4,[0.58870005],0.25418724999445713,0.043229899090181156
5,[0.1207749],0.637775460244449,0.46180809019968094
6,[0.55469875],0.4275919721430209,0.019849848498742606
7,[0.08202618],0.5759376029275023,0.5066738720855293
8,[0.99270517],0.4007528347567309,0.4426207240000287
9,[0.25271926],0.3645283096140484,0.32986372949695175
10,[0.53296001],0.3500665330258205,0.04962297740744437
11,[0.8921391],0.594155663933033,0.3466689464561479
12,[0.24209363],0.5080313554893242,0.340489365209631
13,[0.41762074],0.3519307221680899,0.14840641238091024
14,[0.86794548],0.44058837859091743,0.33498547034400317
15,[0.28633024],0.4547262310622183,0.2962527498143277
16,[0.13769966],0.579913523677132,0.45100038643080453
17,[0.0507936],0.6682493189623501,0.5379064477897145
18,[0.92829087],0.48169245654345466,0.3735921211534673
19,[0.77995014],0.36339752055704777,0.24073505997850564
20,[0.69447451],0.3054518783695621,0.149004357847366
21,[0.95343867],0.6607396474525166,0.4142235851297895
22,[0.93194228],0.5961290498188399,0.38647212816938503
23,[0.20739954],0.5533593580849245,0.3813005128762743
24,[0.22335698],0.5501905737931624,0.35922600846642505
25,[0.99751836],0.5163327425602995,0.44281961448076923
26,[0.4920633],0.22806913427971623,0.09051968611454286
27,[0.22577487],0.36895232247582366,0.3487737243920528
28,[0.98771616],0.5423860679437245,0.4422460111802359
29,[0.75659074],0.2963536279240779,0.21112059020970042
30,[0.58258299],0.3498766860665483,0.03711283986827141
31,[0.56602715],0.37648845504511813,0.012538643478351319
32,[0.37184337],0.43424021872655827,0.21379814683479992
33,[0.45296356],0.3581047602859376,0.1296194281964025
34,[0.81726831],0.5032438174586875,0.28430829245796696
35,[0.10200653],0.7355626803675723,0.4945724934275134
36,[0.91715646],0.6223226449272327,0.371686313951365
37,[0.04387119],0.7804744990549374,0.5387118035214663
38,[0.5745486],0.34527359300485033,0.019849848498742606
39,[0.18049899],0.6535060089986997,0.4020840041434439
40,[0.63570166],0.38888696989452853,0.09023151339323399
41,[0.89414345],0.5317208843210186,0.361183433018769
42,[0.65555994],0.4478237585521921,0.12259992727014168
43,[0.25422487],0.5357362306597573,0.3283581205360482
44,[0.59657902],0.2956634833126272,0.10451571457989128
45,[0.91987718],0.43103047698642916,0.3869171618903168
46,[0.77454108],0.42122180465873627,0.2415810619509422
47,[0.29099454],0.27946597555937447,0.29158844591233646
48,[0.68682978],0.41087803676256296,0.15386976187677737
49,[0.43332139],0.4060842375522508,0.15537865743099377
