,0,1,2
0,[0.54547015],0.27352254792242536,0.029078447925978357
1,[0.17186532],0.5895276917194259,0.4107176758695732
2,[0.85293181],0.3728735056522627,0.31371672722137556
3,[0.18022341],0.418741913013202,0.4054181097192481
4,[0.58870005],0.29008765846780643,0.043229899090181156
5,[0.1207749],0.637775460244449,0.46180809019968094
6,[0.55469875],0.4263722563423163,0.019849848498742606
7,[0.08202618],0.6484291458323281,0.5036153424745744
8,[0.99270517],0.5621962698478126,0.44723502371364654
9,[0.25271926],0.3522683956332374,0.32986372949695175
10,[0.53296001],0.3500665330258205,0.04962297740744437
11,[0.8921391],0.5975406165311902,0.3466689464561479
12,[0.24209363],0.5080313554893242,0.340489365209631
13,[0.41762074],0.3519307221680899,0.15266713613451266
14,[0.86794548],0.49469710684262075,0.33498547034400317
15,[0.28633024],0.43919799315084607,0.2993112794252826
16,[0.13769966],0.5878741600197795,0.4448833272088948
17,[0.0507936],0.7014697257851871,0.5379064477897145
18,[0.92829087],0.6172097894950425,0.3735921211534673
19,[0.77995014],0.36339752055704777,0.23447999120891916
20,[0.69447451],0.34509636603192917,0.15525942661695247
21,[0.95343867],0.6607396474525165,0.420478653899376
22,[0.93194228],0.6132605135673337,0.38647212816938503
23,[0.20739954],0.5533593580849245,0.3813005128762743
24,[0.22335698],0.5545143280448754,0.35922600846642505
25,[0.99751836],0.6508193071056918,0.44743391419438716
26,[0.4920633],0.25934650184886704,0.09051968611454286
27,[0.22577487],0.34668137395679766,0.3487737243920528
28,[0.98771616],0.5632648603435773,0.4422460111802359
29,[0.75659074],0.2613573734773861,0.21112059020970042
30,[0.58258299],0.3498766860665483,0.03711283986827141
31,[0.56602715],0.39519736271648703,0.012538643478351319
32,[0.37184337],0.43424021872655827,0.21379814683479992
33,[0.45296356],0.3581047602859376,0.1296194281964025
34,[0.81726831],0.5032438174586875,0.28430829245796696
35,[0.10200653],0.7473588646470422,0.4945724934275134
36,[0.91715646],0.663183457537091,0.371686313951365
37,[0.04387119],0.8230255055558828,0.5387118035214663
38,[0.5745486],0.4197928952048381,0.019849848498742606
39,[0.18049899],0.6535060089986997,0.4020840041434439
40,[0.63570166],0.37216796834612287,0.09023151339323399
41,[0.89414345],0.6121548763952991,0.361183433018769
42,[0.65555994],0.45157743350468893,0.12259992727014168
43,[0.25422487],0.6519908201441365,0.3283581205360482
44,[0.59657902],0.2956634833126272,0.10451571457989128
45,[0.91987718],0.4838768288587508,0.3869171618903168
46,[0.77454108],0.313479443954443,0.2415810619509422
47,[0.29099454],0.3019222108416997,0.29158844591233646
48,[0.68682978],0.4733873351606824,0.15386976187677737
49,[0.43332139],0.41794328172837225,0.15537865743099377
