,0,1,2
0,[0.54547015],0.30231229651375685,0.029078447925978357
1,[0.17186532],0.5075423337475641,0.4107176758695732
2,[0.85293181],0.3713415274145152,0.3074616584517891
3,[0.18022341],0.5257157439252826,0.4054181097192481
4,[0.58870005],0.28972497012505316,0.043229899090181156
5,[0.1207749],0.6795756319622809,0.46180809019968094
6,[0.55469875],0.42625072783252815,0.019849848498742606
7,[0.08202618],0.5759376029275023,0.5005568128636195
8,[0.99270517],0.4594011654233049,0.44723502371364654
9,[0.25271926],0.37464669922905636,0.32986372949695175
10,[0.53296001],0.34647646618540673,0.04962297740744437
11,[0.8921391],0.5381714488573356,0.35292401522573436
12,[0.24209363],0.6351367856095967,0.340489365209631
13,[0.41762074],0.4212645114593195,0.15692785988811508
14,[0.86794548],0.49469710684262075,0.33498547034400317
15,[0.28633024],0.5575799946717376,0.2993112794252826
16,[0.13769966],0.5878741600197795,0.43684893526660173
17,[0.0507936],0.8079729525488808,0.5379064477897145
18,[0.92829087],0.6172097894950425,0.3735921211534673
19,[0.77995014],0.3382516171215852,0.23447999120891916
20,[0.69447451],0.34217919145359266,0.16151449538653895
21,[0.95343867],0.6374346061179471,0.420478653899376
22,[0.93194228],0.5927440972206826,0.38647212816938503
23,[0.20739954],0.5329610458420981,0.3813005128762743
24,[0.22335698],0.5545143280448754,0.35922600846642505
25,[0.99751836],0.8439619547709818,0.44743391419438716
26,[0.4920633],0.25934650184886704,0.09051968611454286
27,[0.22577487],0.2513001125286882,0.3487737243920528
28,[0.98771616],0.5632648603435773,0.4422460111802359
29,[0.75659074],0.2613573734773861,0.21112059020970042
30,[0.58258299],0.34987668606654826,0.03711283986827141
31,[0.56602715],0.3186918046447429,0.008521447507204849
32,[0.37184337],0.43424021872655827,0.21379814683479992
33,[0.45296356],0.3669967160674938,0.1296194281964025
34,[0.81726831],0.45355462593822243,0.28430829245796696
35,[0.10200653],0.8019050508169888,0.48669352418407474
36,[0.91715646],0.46774772454770314,0.371686313951365
37,[0.04387119],0.7551365663454108,0.5387118035214663
38,[0.5745486],0.4197928952048381,0.019849848498742606
39,[0.18049899],0.6681023424472737,0.4020840041434439
40,[0.63570166],0.44220593432468347,0.09648658216282047
41,[0.89414345],0.6121548763952991,0.361183433018769
42,[0.65555994],0.4478237585521921,0.12259992727014168
43,[0.25422487],0.6865647853992247,0.3283581205360482
44,[0.59657902],0.2956634833126272,0.10451571457989128
45,[0.91987718],0.3999547455002304,0.3869171618903168
46,[0.77454108],0.39395135997610164,0.2415810619509422
47,[0.29099454],0.3019222108416997,0.29158844591233646
48,[0.68682978],0.31691653217746485,0.15386976187677737
49,[0.43332139],0.2914384777737302,0.15537865743099377
