,0,1,2
0,[0.54547015],0.28565806086424406,0.020557000418773508
1,[0.17186532],0.4345946102935597,0.4107176758695732
2,[0.85293181],0.2398311970754939,0.31371672722137556
3,[0.18022341],0.5257157439252826,0.40847663933020295
4,[0.58870005],0.3005068820320987,0.043229899090181156
5,[0.1207749],0.6795756319622809,0.46180809019968094
6,[0.55469875],0.42625072783252804,0.019849848498742606
7,[0.08202618],0.7076772687875583,0.5066738720855293
8,[0.99270517],0.641952974529614,0.4426207240000287
9,[0.25271926],0.4287150030855094,0.32986372949695175
10,[0.53296001],0.34647646618540673,0.05268150701839924
11,[0.8921391],0.6129213591955472,0.3466689464561479
12,[0.24209363],0.5214327325894541,0.340489365209631
13,[0.41762074],0.3519307221680899,0.15692785988811508
14,[0.86794548],0.5586361621358356,0.33498547034400317
15,[0.28633024],0.4254913166716972,0.30236980903623745
16,[0.13769966],0.5677727884380968,0.4408661312377482
17,[0.0507936],0.6299930076658068,0.5379064477897145
18,[0.92829087],0.46955209397808034,0.3735921211534673
19,[0.77995014],0.41299824410483127,0.23447999120891916
20,[0.69447451],0.335240373764646,0.149004357847366
21,[0.95343867],0.5974389943888015,0.420478653899376
22,[0.93194228],0.6038787943516274,0.38647212816938503
23,[0.20739954],0.5118061540906613,0.3813005128762743
24,[0.22335698],0.5705276413577561,0.35922600846642505
25,[0.99751836],0.7477442676095091,0.44743391419438716
26,[0.4920633],0.3256888722982837,0.09051968611454286
27,[0.22577487],0.36895232247582366,0.3487737243920528
28,[0.98771616],0.6313627333855034,0.44850107994982236
29,[0.75659074],0.36077626164370863,0.21112059020970042
30,[0.58258299],0.3498766860665483,0.03711283986827141
31,[0.56602715],0.3186918046447429,0.015942700705155688
32,[0.37184337],0.4254242792169979,0.21073961722384504
33,[0.45296356],0.3412268922104357,0.13267795780735736
34,[0.81726831],0.46518169365008266,0.28430829245796696
35,[0.10200653],0.7280101737851605,0.48669352418407474
36,[0.91715646],0.6686186828278767,0.37794138272095146
37,[0.04387119],0.7438002744798775,0.5387118035214663
38,[0.5745486],0.4197928952048381,0.019849848498742606
39,[0.18049899],0.6317890141421618,0.4020840041434439
40,[0.63570166],0.44220593432468347,0.10274165093240695
41,[0.89414345],0.4832910524164046,0.361183433018769
42,[0.65555994],0.3570690189007145,0.12259992727014168
43,[0.25422487],0.44665124420488383,0.3283581205360482
44,[0.59657902],0.4230995106039776,0.10451571457989128
45,[0.91987718],0.3999547455002303,0.3869171618903168
46,[0.77454108],0.39395135997610164,0.23532599318135572
47,[0.29099454],0.38211007995657675,0.2835540539700434
48,[0.68682978],0.36495672070855845,0.15386976187677737
49,[0.43332139],0.29385149853737846,0.15537865743099377
