,0,1,2
0,[0.54547015],0.28565806086424406,0.020557000418773508
1,[0.17186532],0.5075423337475641,0.4107176758695732
2,[0.85293181],0.2398311970754939,0.3074616584517891
3,[0.18022341],0.5257157439252828,0.4054181097192481
4,[0.58870005],0.3005068820320987,0.043229899090181156
5,[0.1207749],0.6674230528534285,0.46180809019968094
6,[0.55469875],0.3915732846222244,0.023867044469889076
7,[0.08202618],0.7076772687875583,0.5066738720855293
8,[0.99270517],0.641952974529614,0.44723502371364654
9,[0.25271926],0.4287150030855094,0.32986372949695175
10,[0.53296001],0.34647646618540673,0.04962297740744437
11,[0.8921391],0.5128809737219969,0.3466689464561479
12,[0.24209363],0.5833439539070294,0.340489365209631
13,[0.41762074],0.3739486801142836,0.15692785988811508
14,[0.86794548],0.5586361621358357,0.33498547034400317
15,[0.28633024],0.4456974767674435,0.30236980903623745
16,[0.13769966],0.5677727884380966,0.43684893526660173
17,[0.0507936],0.710092914522539,0.5379064477897145
18,[0.92829087],0.4238040122640198,0.3735921211534673
19,[0.77995014],0.5060359608644484,0.23447999120891916
20,[0.69447451],0.335240373764646,0.16151449538653895
21,[0.95343867],0.58722091152278,0.420478653899376
22,[0.93194228],0.5273146502354867,0.38647212816938503
23,[0.20739954],0.577497437062898,0.37824198326531944
24,[0.22335698],0.5333594362934384,0.35922600846642505
25,[0.99751836],0.7062835830431806,0.452048213908005
26,[0.4920633],0.3256888722982837,0.09051968611454286
27,[0.22577487],0.2513001125286882,0.35680811633434584
28,[0.98771616],0.6313627333855034,0.45475614871940884
29,[0.75659074],0.29608272894850085,0.21112059020970042
30,[0.58258299],0.35148432200693447,0.03711283986827141
31,[0.56602715],0.3186918046447429,0.020557000418773508
32,[0.37184337],0.4456304393127442,0.2168566764457548
33,[0.45296356],0.3017534619423062,0.1296194281964025
34,[0.81726831],0.4418766523155133,0.28430829245796696
35,[0.10200653],0.7467247169252886,0.48669352418407474
36,[0.91715646],0.663183457537091,0.371686313951365
37,[0.04387119],0.7284252463677171,0.5417703331324212
38,[0.5745486],0.3652467090348912,0.019849848498742606
39,[0.18049899],0.6317890141421618,0.4020840041434439
40,[0.63570166],0.44220593432468336,0.09648658216282047
41,[0.89414345],0.6573392474843552,0.361183433018769
42,[0.65555994],0.41103638844837853,0.1163448585005552
43,[0.25422487],0.5288162624369745,0.3283581205360482
44,[0.59657902],0.44577586860125945,0.08406736022634198
45,[0.91987718],0.3999547455002303,0.3869171618903168
46,[0.77454108],0.39395135997610164,0.23532599318135572
47,[0.29099454],0.2916965886528256,0.2835540539700434
48,[0.68682978],0.3649567207085585,0.15386976187677737
49,[0.43332139],0.26237125778585535,0.15537865743099377
