,0,1,2
0,[0.54547015],0.267510746445471,0.024817724172375932
1,[0.17186532],0.537492351505122,0.4107176758695732
2,[0.85293181],0.2398311970754939,0.31997179599096204
3,[0.18022341],0.5858930212938089,0.39432518816600015
4,[0.58870005],0.40651237774135385,0.05574003662935412
5,[0.1207749],0.5127659131245569,0.46180809019968094
6,[0.55469875],0.3784580674745004,0.019849848498742606
7,[0.08202618],0.6484291458323281,0.5036153424745744
8,[0.99270517],0.4895383198022044,0.44723502371364654
9,[0.25271926],0.407639149595138,0.32986372949695175
10,[0.53296001],0.3464764661854068,0.05268150701839924
11,[0.8921391],0.510755846579461,0.3466689464561479
12,[0.24209363],0.503996912038197,0.340489365209631
13,[0.41762074],0.4003375522548295,0.15692785988811508
14,[0.86794548],0.49658640647990043,0.33498547034400317
15,[0.28633024],0.35980003369946045,0.30236980903623745
16,[0.13769966],0.5811618616179677,0.43684893526660173
17,[0.0507936],0.7515556487509374,0.5379064477897145
18,[0.92829087],0.39953392096487184,0.3735921211534673
19,[0.77995014],0.24907942883210935,0.23447999120891916
20,[0.69447451],0.39033416222714507,0.16151449538653895
21,[0.95343867],0.58722091152278,0.420478653899376
22,[0.93194228],0.3877298573946334,0.38647212816938503
23,[0.20739954],0.5828802384995259,0.3813005128762743
24,[0.22335698],0.5222114289675677,0.35922600846642505
25,[0.99751836],0.7062835830431806,0.452048213908005
26,[0.4920633],0.3203817190706979,0.09051968611454286
27,[0.22577487],0.36895232247582366,0.3487737243920528
28,[0.98771616],0.5772366181620956,0.45475614871940884
29,[0.75659074],0.2707984444684987,0.21112059020970042
30,[0.58258299],0.27431217923225587,0.03711283986827141
31,[0.56602715],0.33640290980942966,0.020557000418773508
32,[0.37184337],0.4456304393127441,0.2168566764457548
33,[0.45296356],0.339651098361748,0.1296194281964025
34,[0.81726831],0.4418766523155133,0.28430829245796696
35,[0.10200653],0.7281006435510257,0.48669352418407474
36,[0.91715646],0.49158187233708117,0.37794138272095146
37,[0.04387119],0.7284252463677171,0.5387118035214663
38,[0.5745486],0.3715006759562184,0.029078447925978357
39,[0.18049899],0.6606387097052988,0.4020840041434439
40,[0.63570166],0.36998699463225765,0.10274165093240695
41,[0.89414345],0.4834375965094234,0.361183433018769
42,[0.65555994],0.45157743350468893,0.11008978973096872
43,[0.25422487],0.5592146898290677,0.3283581205360482
44,[0.59657902],0.44777958969902515,0.06361900587279279
45,[0.91987718],0.42502941734208133,0.3869171618903168
46,[0.77454108],0.4209859285794713,0.2415810619509422
47,[0.29099454],0.2916965886528256,0.2835540539700434
48,[0.68682978],0.35235465642597463,0.15386976187677737
49,[0.43332139],0.33890429960619056,0.15537865743099377
