,0,1,2
0,[0.54547015],0.267510746445471,0.020557000418773508
1,[0.17186532],0.537492351505122,0.4107176758695732
2,[0.85293181],0.2398311970754939,0.31997179599096204
3,[0.18022341],0.43350476376454694,0.3983423841371466
4,[0.58870005],0.3706119692680045,0.043229899090181156
5,[0.1207749],0.6000114264899516,0.46180809019968094
6,[0.55469875],0.3167764320693459,0.023867044469889076
7,[0.08202618],0.6484291458323281,0.5066738720855293
8,[0.99270517],0.5311266882642782,0.4426207240000287
9,[0.25271926],0.407639149595138,0.32986372949695175
10,[0.53296001],0.3464764661854068,0.05574003662935412
11,[0.8921391],0.510755846579461,0.3466689464561479
12,[0.24209363],0.5039969120381971,0.340489365209631
13,[0.41762074],0.3992978048153355,0.15692785988811508
14,[0.86794548],0.49658640647990043,0.33498547034400317
15,[0.28633024],0.44464872994699806,0.30236980903623745
16,[0.13769966],0.5606400877314976,0.43684893526660173
17,[0.0507936],0.745445275167968,0.5379064477897145
18,[0.92829087],0.4863186909166009,0.3735921211534673
19,[0.77995014],0.24907942883210935,0.23447999120891916
20,[0.69447451],0.39033416222714495,0.16151449538653895
21,[0.95343867],0.58722091152278,0.420478653899376
22,[0.93194228],0.4624482816253269,0.38647212816938503
23,[0.20739954],0.5828802384995259,0.37824198326531944
24,[0.22335698],0.5529853813429231,0.35922600846642505
25,[0.99751836],0.7326724551837265,0.452048213908005
26,[0.4920633],0.3203817190706979,0.09051968611454286
27,[0.22577487],0.36895232247582366,0.3487737243920528
28,[0.98771616],0.5141137755357442,0.45475614871940884
29,[0.75659074],0.2707984444684987,0.21112059020970042
30,[0.58258299],0.27431217923225587,0.03711283986827141
31,[0.56602715],0.33640290980942966,0.020557000418773508
32,[0.37184337],0.4456304393127441,0.2168566764457548
33,[0.45296356],0.30017766809361845,0.1296194281964025
34,[0.81726831],0.5234307497836379,0.28430829245796696
35,[0.10200653],0.7281006435510257,0.48669352418407474
36,[0.91715646],0.49158187233708117,0.38419645149053794
37,[0.04387119],0.7284252463677171,0.5417703331324212
38,[0.5745486],0.3715006759562184,0.019849848498742606
39,[0.18049899],0.683477370559434,0.4020840041434439
40,[0.63570166],0.37171372897748345,0.10274165093240695
41,[0.89414345],0.5308619469720306,0.361183433018769
42,[0.65555994],0.45157743350468893,0.1163448585005552
43,[0.25422487],0.6408360435419663,0.33141665014700306
44,[0.59657902],0.44777958969902515,0.06361900587279279
45,[0.91987718],0.42502941734208133,0.3869171618903168
46,[0.77454108],0.4010582044191434,0.23532599318135572
47,[0.29099454],0.2916965886528256,0.2835540539700434
48,[0.68682978],0.3178419804056987,0.15386976187677737
49,[0.43332139],0.3432035772443542,0.15537865743099377
