,0,1,2
0,[0.54547015],0.26493728801185434,0.020557000418773508
1,[0.17186532],0.6172955739231328,0.4107176758695732
2,[0.85293181],0.4430107652927699,0.31997179599096204
3,[0.18022341],0.4388936411320257,0.4023595801082932
4,[0.58870005],0.3939177260109344,0.043229899090181156
5,[0.1207749],0.6148999396331247,0.46180809019968094
6,[0.55469875],0.3738916663290953,0.027884240441035657
7,[0.08202618],0.7174948611173613,0.5066738720855293
8,[0.99270517],0.6622623359175167,0.4380064242864108
9,[0.25271926],0.4352305677609679,0.32986372949695175
10,[0.53296001],0.34647646618540673,0.05574003662935412
11,[0.8921391],0.510755846579461,0.3466689464561479
12,[0.24209363],0.5090003855372405,0.340489365209631
13,[0.41762074],0.38573000744951713,0.15692785988811508
14,[0.86794548],0.49658640647990043,0.33498547034400317
15,[0.28633024],0.36118451669019275,0.30236980903623745
16,[0.13769966],0.5677727884380968,0.43684893526660173
17,[0.0507936],0.745445275167968,0.5379064477897145
18,[0.92829087],0.5563368639298094,0.3782064208670852
19,[0.77995014],0.24907942883210935,0.23447999120891916
20,[0.69447451],0.39033416222714495,0.16151449538653895
21,[0.95343867],0.58722091152278,0.420478653899376
22,[0.93194228],0.5458480989788986,0.38647212816938503
23,[0.20739954],0.4722432316314138,0.37824198326531944
24,[0.22335698],0.5529853813429231,0.35922600846642505
25,[0.99751836],0.7326724551837265,0.452048213908005
26,[0.4920633],0.21416998234557774,0.09051968611454286
27,[0.22577487],0.4111764405177637,0.3487737243920528
28,[0.98771616],0.5962573107096588,0.45475614871940884
29,[0.75659074],0.2736529772803383,0.2173756589792869
30,[0.58258299],0.20788093494240245,0.03249854015465359
31,[0.56602715],0.30870326067900866,0.020557000418773508
32,[0.37184337],0.48620398699235434,0.21379814683479992
33,[0.45296356],0.3669967160674938,0.1296194281964025
34,[0.81726831],0.5234307497836379,0.28430829245796696
35,[0.10200653],0.6865474395567623,0.48669352418407474
36,[0.91715646],0.598071362287707,0.38419645149053794
37,[0.04387119],0.7284252463677171,0.544828862743376
38,[0.5745486],0.343744646302898,0.019849848498742606
39,[0.18049899],0.683477370559434,0.4020840041434439
40,[0.63570166],0.31942251344538564,0.10274165093240695
41,[0.89414345],0.516039583402866,0.361183433018769
42,[0.65555994],0.3554621405122559,0.11008978973096872
43,[0.25422487],0.6408360435419663,0.3283581205360482
44,[0.59657902],0.4432248814134459,0.06361900587279279
45,[0.91987718],0.42502941734208133,0.3869171618903168
46,[0.77454108],0.3487669888870455,0.22907092441176924
47,[0.29099454],0.304223677787527,0.2875712499411899
48,[0.68682978],0.32718090553754325,0.15386976187677737
49,[0.43332139],0.3432035772443542,0.15537865743099377
