,0,1,2
0,[0.54547015],0.26493728801185434,0.020557000418773508
1,[0.17186532],0.6172955739231328,0.4107176758695732
2,[0.85293181],0.44301076529276984,0.31997179599096204
3,[0.18022341],0.4388936411320257,0.3983423841371466
4,[0.58870005],0.3445917715295577,0.04948496785976764
5,[0.1207749],0.6148999396331247,0.46180809019968094
6,[0.55469875],0.3860890656060697,0.027884240441035657
7,[0.08202618],0.7174948611173613,0.5066738720855293
8,[0.99270517],0.7393679688563058,0.4426207240000287
9,[0.25271926],0.4352305677609679,0.32986372949695175
10,[0.53296001],0.34647646618540673,0.04962297740744437
11,[0.8921391],0.510755846579461,0.3466689464561479
12,[0.24209363],0.5090003855372405,0.340489365209631
13,[0.41762074],0.38573000744951713,0.15692785988811508
14,[0.86794548],0.49658640647990043,0.33498547034400317
15,[0.28633024],0.3663664078234234,0.30236980903623745
16,[0.13769966],0.5677727884380966,0.4408661312377482
17,[0.0507936],0.7516992420892952,0.5379064477897145
18,[0.92829087],0.5603068336295579,0.3735921211534673
19,[0.77995014],0.24907942883210935,0.23447999120891916
20,[0.69447451],0.39033416222714495,0.16151449538653895
21,[0.95343867],0.6131708611199371,0.420478653899376
22,[0.93194228],0.5458480989788986,0.38647212816938503
23,[0.20739954],0.5690067713168551,0.37518345365436456
24,[0.22335698],0.5529853813429231,0.35922600846642505
25,[0.99751836],0.7326724551837265,0.452048213908005
26,[0.4920633],0.21416998234557774,0.09051968611454286
27,[0.22577487],0.36895232247582366,0.3487737243920528
28,[0.98771616],0.643736776365236,0.45475614871940884
29,[0.75659074],0.29608272894850085,0.22363072774887338
30,[0.58258299],0.23884998387744774,0.03711283986827141
31,[0.56602715],0.30870326067900866,0.020557000418773508
32,[0.37184337],0.48620398699235434,0.21073961722384504
33,[0.45296356],0.3669967160674938,0.1296194281964025
34,[0.81726831],0.5538744186688613,0.28430829245796696
35,[0.10200653],0.7188891125943273,0.48669352418407474
36,[0.91715646],0.598071362287707,0.37794138272095146
37,[0.04387119],0.7284252463677171,0.5417703331324212
38,[0.5745486],0.343744646302898,0.029078447925978357
39,[0.18049899],0.683477370559434,0.4020840041434439
40,[0.63570166],0.31942251344538564,0.10274165093240695
41,[0.89414345],0.5964563842315548,0.361183433018769
42,[0.65555994],0.3083548127615604,0.11008978973096872
43,[0.25422487],0.5592146898290677,0.3283581205360482
44,[0.59657902],0.44777958969902515,0.06361900587279279
45,[0.91987718],0.42502941734208133,0.3869171618903168
46,[0.77454108],0.4209859285794713,0.23532599318135572
47,[0.29099454],0.3958726339676538,0.29158844591233646
48,[0.68682978],0.4060959208963511,0.15386976187677737
49,[0.43332139],0.3432035772443542,0.15537865743099377
