,0,1,2
0,[0.54547015],0.2992703820468743,0.020557000418773508
1,[0.17186532],0.6172955739231328,0.4107176758695732
2,[0.85293181],0.35396031514273324,0.31997179599096204
3,[0.18022341],0.4388936411320257,0.4023595801082932
4,[0.58870005],0.26280061835994883,0.043229899090181156
5,[0.1207749],0.5127659131245569,0.46180809019968094
6,[0.55469875],0.3860890656060697,0.027884240441035657
7,[0.08202618],0.6489732879122839,0.5005568128636195
8,[0.99270517],0.7533079435672119,0.44723502371364654
9,[0.25271926],0.4352305677609679,0.32986372949695175
10,[0.53296001],0.34647646618540673,0.05268150701839924
11,[0.8921391],0.510755846579461,0.3466689464561479
12,[0.24209363],0.5123729658194737,0.3435478948205859
13,[0.41762074],0.38573000744951713,0.15692785988811508
14,[0.86794548],0.49658640647990043,0.33498547034400317
15,[0.28633024],0.47676187469533104,0.30236980903623745
16,[0.13769966],0.5687705909447789,0.4448833272088948
17,[0.0507936],0.690313878372691,0.5379064477897145
18,[0.92829087],0.5563368639298094,0.3782064208670852
19,[0.77995014],0.37732196433353826,0.23447999120891916
20,[0.69447451],0.39033416222714495,0.16151449538653895
21,[0.95343867],0.6131708611199371,0.420478653899376
22,[0.93194228],0.5458480989788986,0.38647212816938503
23,[0.20739954],0.5690067713168551,0.37518345365436456
24,[0.22335698],0.5529853813429231,0.35922600846642505
25,[0.99751836],0.7326724551837265,0.452048213908005
26,[0.4920633],0.3298560248881543,0.09051968611454286
27,[0.22577487],0.4111764405177637,0.3487737243920528
28,[0.98771616],0.5435721086910881,0.45475614871940884
29,[0.75659074],0.29608272894850085,0.22363072774887338
30,[0.58258299],0.23884998387744774,0.03711283986827141
31,[0.56602715],0.36335978035511907,0.020557000418773508
32,[0.37184337],0.4456304393127442,0.21073961722384504
33,[0.45296356],0.40829954417758874,0.1296194281964025
34,[0.81726831],0.45205026146926625,0.28430829245796696
35,[0.10200653],0.6548236291727303,0.48669352418407474
36,[0.91715646],0.6473973167690836,0.37794138272095146
37,[0.04387119],0.7284252463677171,0.544828862743376
38,[0.5745486],0.4197928952048381,0.029078447925978357
39,[0.18049899],0.6517859104385495,0.4020840041434439
40,[0.63570166],0.31942251344538564,0.10274165093240695
41,[0.89414345],0.6121548763952991,0.361183433018769
42,[0.65555994],0.40071643080149666,0.11008978973096872
43,[0.25422487],0.3439324387642612,0.3283581205360482
44,[0.59657902],0.34019830014108227,0.06361900587279279
45,[0.91987718],0.42502941734208133,0.3869171618903168
46,[0.77454108],0.4209859285794712,0.2415810619509422
47,[0.29099454],0.3958726339676538,0.2875712499411899
48,[0.68682978],0.39670701803889874,0.15386976187677737
49,[0.43332139],0.34320357724435413,0.15537865743099377
