,0,1,2
0,[0.54547015],0.266773532888554,0.020557000418773508
1,[0.17186532],0.5069785047065402,0.4107176758695732
2,[0.85293181],0.3539603151427332,0.31997179599096204
3,[0.18022341],0.5257157439252828,0.4023595801082932
4,[0.58870005],0.19173028557899044,0.04948496785976764
5,[0.1207749],0.36554186100513447,0.4537736982573879
6,[0.55469875],0.3633812009519001,0.019849848498742606
7,[0.08202618],0.7052642480239102,0.49653961689247295
8,[0.99270517],0.8073234973755428,0.44723502371364654
9,[0.25271926],0.49387889842754185,0.32986372949695175
10,[0.53296001],0.2925123782618935,0.04962297740744437
11,[0.8921391],0.510755846579461,0.3466689464561479
12,[0.24209363],0.40188524706699946,0.340489365209631
13,[0.41762074],0.38573000744951713,0.15692785988811508
14,[0.86794548],0.49658640647990043,0.33498547034400317
15,[0.28633024],0.412646385571782,0.2962527498143277
16,[0.13769966],0.5687705909447789,0.43684893526660173
17,[0.0507936],0.6696388946870092,0.5317893885678048
18,[0.92829087],0.46955209397808034,0.3735921211534673
19,[0.77995014],0.3185392714747751,0.24073505997850564
20,[0.69447451],0.45505187157303056,0.16151449538653895
21,[0.95343867],0.6131708611199371,0.420478653899376
22,[0.93194228],0.4999267829248941,0.38647212816938503
23,[0.20739954],0.6071376144200444,0.37518345365436456
24,[0.22335698],0.5529853813429231,0.35922600846642505
25,[0.99751836],0.7170497603647826,0.452048213908005
26,[0.4920633],0.37445148278740154,0.09051968611454286
27,[0.22577487],0.49952749001297303,0.35680811633434584
28,[0.98771616],0.6152976315320615,0.49565285742650733
29,[0.75659074],0.2736529772803383,0.21112059020970042
30,[0.58258299],0.23167716187856255,0.03711283986827141
31,[0.56602715],0.33640290980942966,0.020557000418773508
32,[0.37184337],0.41093273428248744,0.21073961722384504
33,[0.45296356],0.3883399658977674,0.13573648741831223
34,[0.81726831],0.5453696692487411,0.28430829245796696
35,[0.10200653],0.5834516995674136,0.48669352418407474
36,[0.91715646],0.7009215819051845,0.38419645149053794
37,[0.04387119],0.7284252463677171,0.544828862743376
38,[0.5745486],0.4197928952048381,0.029078447925978357
39,[0.18049899],0.6595568963458687,0.4020840041434439
40,[0.63570166],0.3899698339855554,0.10274165093240695
41,[0.89414345],0.6121548763952991,0.361183433018769
42,[0.65555994],0.3915609577228093,0.11008978973096872
43,[0.25422487],0.30138143226331576,0.33447517975795793
44,[0.59657902],0.4375370049778972,0.06361900587279279
45,[0.91987718],0.42502941734208133,0.3869171618903168
46,[0.77454108],0.4209859285794713,0.2415810619509422
47,[0.29099454],0.30142447209445733,0.2835540539700434
48,[0.68682978],0.3802099592044488,0.15386976187677737
49,[0.43332139],0.2585012848995234,0.15537865743099377
