,0,1,2
0,[0.54547015],0.25752977894447343,0.020557000418773508
1,[0.17186532],0.6625199418894375,0.41683473509148294
2,[0.85293181],0.3469122925747379,0.2982330590245533
3,[0.18022341],0.498745184160519,0.3983423841371466
4,[0.58870005],0.35424188183533667,0.044870668146149706
5,[0.1207749],0.546497470077178,0.44525225075018304
6,[0.55469875],0.3866721457272109,0.0626354456735072
7,[0.08202618],0.7097864345705702,0.4995981465034278
8,[0.99270517],0.7777802656965922,0.5201917410008479
9,[0.25271926],0.4541647530474687,0.32584653352580517
10,[0.53296001],0.3390468774547044,0.04962297740744437
11,[0.8921391],0.6085997188623313,0.40007579270241933
12,[0.24209363],0.45146876027961447,0.33245497326733797
13,[0.41762074],0.39599879175820885,0.14840641238091024
14,[0.86794548],0.4411162129849446,0.33498547034400317
15,[0.28633024],0.47163494839613007,0.2879748300895788
16,[0.13769966],0.5670550172281887,0.49800200073385736
17,[0.0507936],0.6029557115552784,0.5379064477897145
18,[0.92829087],0.3832998823742699,0.395330858119876
19,[0.77995014],0.583152196049283,0.24699012874809212
20,[0.69447451],0.4056370503458867,0.16151449538653895
21,[0.95343867],0.7571197819187507,0.4096092854161716
22,[0.93194228],0.49789497598500887,0.38647212816938503
23,[0.20739954],0.4864039922420771,0.3813005128762743
24,[0.22335698],0.6668763356980528,0.35922600846642505
25,[0.99751836],0.5770590865325359,0.44281961448076923
26,[0.4920633],0.32052158172407547,0.08248529417224981
27,[0.22577487],0.39739702382776365,0.33458807638907906
28,[0.98771616],0.4676514991833379,0.5124257859308907
29,[0.75659074],0.5006911462715002,0.2008420900003136
30,[0.58258299],0.28400198260364223,0.03711283986827141
31,[0.56602715],0.33663622680584476,0.020557000418773508
32,[0.37184337],0.4396337131057467,0.21073961722384504
33,[0.45296356],0.31921495293949087,0.1296194281964025
34,[0.81726831],0.5363290426527157,0.32520500116506545
35,[0.10200653],0.5836098172565768,0.480576464962165
36,[0.91715646],0.5626038004853307,0.40464480584408713
37,[0.04387119],0.7131786946036007,0.5108275630804306
38,[0.5745486],0.3429340310989003,0.0141514511642028
39,[0.18049899],0.3965641248235502,0.41608003260879234
40,[0.63570166],0.45402954916271654,0.09648658216282047
41,[0.89414345],0.7614433378131662,0.45100096881406787
42,[0.65555994],0.45465688882005634,0.12259992727014168
43,[0.25422487],0.41686801532342,0.3283581205360482
44,[0.59657902],0.3695539514529102,0.10451571457989128
45,[0.91987718],0.5289968149528719,0.37604779340711236
46,[0.77454108],0.44083845379501413,0.2415810619509422
47,[0.29099454],0.4040788459165913,0.29464697552329133
48,[0.68682978],0.3265660302024,0.13674532462398659
49,[0.43332139],0.4331873720214306,0.13270575875958612
