,0,1,2
0,[0.54547015],0.29589895184526094,0.020557000418773508
1,[0.17186532],0.5556488635116785,0.41683473509148294
2,[0.85293181],0.20658602272615614,0.2982330590245533
3,[0.18022341],0.498745184160519,0.3983423841371466
4,[0.58870005],0.35424188183533667,0.04948496785976764
5,[0.1207749],0.47906842328064236,0.44525225075018304
6,[0.55469875],0.3655962922368395,0.011328400991537757
7,[0.08202618],0.5395487492005258,0.5066738720855293
8,[0.99270517],0.7229962489813013,0.500641869959918
9,[0.25271926],0.4541647530474687,0.32986372949695175
10,[0.53296001],0.3390468774547044,0.04962297740744437
11,[0.8921391],0.5371447187200069,0.3466689464561479
12,[0.24209363],0.6679672079907946,0.33245497326733797
13,[0.41762074],0.39599879175820885,0.14840641238091024
14,[0.86794548],0.4501713905467642,0.33498547034400317
15,[0.28633024],0.47163494839613007,0.2879748300895788
16,[0.13769966],0.4144329297957988,0.47844067820405023
17,[0.0507936],0.7457397186992019,0.5379064477897145
18,[0.92829087],0.48074388329606477,0.38282072058070304
19,[0.77995014],0.5117905727824139,0.24699012874809212
20,[0.69447451],0.34157230462713567,0.16151449538653895
21,[0.95343867],0.571043912499744,0.4096092854161716
22,[0.93194228],0.5271086758071091,0.38647212816938503
23,[0.20739954],0.6203959711881009,0.3813005128762743
24,[0.22335698],0.5640120276717484,0.35922600846642505
25,[0.99751836],0.7133803793831575,0.44281961448076923
26,[0.4920633],0.28543420796510494,0.08248529417224981
27,[0.22577487],0.5168660035906113,0.33458807638907906
28,[0.98771616],0.7087396842409839,0.5124257859308907
29,[0.75659074],0.5006911462715002,0.2173756589792869
30,[0.58258299],0.32040909878809326,0.03711283986827141
31,[0.56602715],0.27020498251599134,0.020557000418773508
32,[0.37184337],0.4396337131057468,0.21073961722384504
33,[0.45296356],0.31921495293949087,0.1296194281964025
34,[0.81726831],0.4950616032506746,0.32520500116506545
35,[0.10200653],0.6630288155785833,0.480576464962165
36,[0.91715646],0.5779845431496877,0.38419645149053794
37,[0.04387119],0.5510487758413427,0.520752487329802
38,[0.5745486],0.35860149599014757,0.0141514511642028
39,[0.18049899],0.4906162248547015,0.41608003260879234
40,[0.63570166],0.495502220436686,0.09648658216282047
41,[0.89414345],0.6993935821572309,0.4411798838077271
42,[0.65555994],0.368991391268177,0.10086119030373297
43,[0.25422487],0.41686801532342,0.3283581205360482
44,[0.59657902],0.3536183587959097,0.10451571457989128
45,[0.91987718],0.5289968149528719,0.3869171618903168
46,[0.77454108],0.3751832230890107,0.2415810619509422
47,[0.29099454],0.4314842519615244,0.29464697552329133
48,[0.68682978],0.3803828653143303,0.1476146931071909
49,[0.43332139],0.43897881847817677,0.13270575875958612
