,0,1,2
0,[0.54547015],0.29589895184526094,0.020557000418773508
1,[0.17186532],0.4710549103152733,0.4107176758695732
2,[0.85293181],0.5639253035687507,0.2982330590245533
3,[0.18022341],0.6193337025908859,0.4023595801082932
4,[0.58870005],0.37393203380649814,0.04948496785976764
5,[0.1207749],0.6742078038282416,0.44525225075018304
6,[0.55469875],0.3903533412858696,0.015589124745140182
7,[0.08202618],0.6418104500115376,0.5066738720855293
8,[0.99270517],0.7229962489813013,0.500641869959918
9,[0.25271926],0.49701098977052344,0.32986372949695175
10,[0.53296001],0.3863765585430276,0.04962297740744437
11,[0.8921391],0.5128809737219969,0.3466689464561479
12,[0.24209363],0.5915366934850379,0.33647216923848444
13,[0.41762074],0.4051702606092302,0.14840641238091024
14,[0.86794548],0.600802407774726,0.33498547034400317
15,[0.28633024],0.5445872329481023,0.2962527498143277
16,[0.13769966],0.5891043190475969,0.4588793556742432
17,[0.0507936],0.7182291776452228,0.5379064477897145
18,[0.92829087],0.5238226056433788,0.3890757893502895
19,[0.77995014],0.553938496227183,0.24699012874809212
20,[0.69447451],0.3415723046271356,0.16151449538653895
21,[0.95343867],0.8149207737419439,0.420478653899376
22,[0.93194228],0.582601537308022,0.3927271969389715
23,[0.20739954],0.4964085694124664,0.3813005128762743
24,[0.22335698],0.5669691905153524,0.35520881249527847
25,[0.99751836],0.44866696042718407,0.44281961448076923
26,[0.4920633],0.28543420796510494,0.08248529417224981
27,[0.22577487],0.5838630976594119,0.34025227688484794
28,[0.98771616],0.5737716399213475,0.49565285742650733
29,[0.75659074],0.44715308825768674,0.22363072774887338
30,[0.58258299],0.2572862561617419,0.04336790863785789
31,[0.56602715],0.27020498251599134,0.015942700705155688
32,[0.37184337],0.4277486549858402,0.2168566764457548
33,[0.45296356],0.2526371584397382,0.1296194281964025
34,[0.81726831],0.49682274331434345,0.32520500116506545
35,[0.10200653],0.7552750260143823,0.48669352418407474
36,[0.91715646],0.5974709435457839,0.36707201423774716
37,[0.04387119],0.6893250939248305,0.5306774115791733
38,[0.5745486],0.36570834043318934,0.008034391942293051
39,[0.18049899],0.6861942817393576,0.40908201837611813
40,[0.63570166],0.4164007943414713,0.09023151339323399
41,[0.89414345],0.7109665052305574,0.4411798838077271
42,[0.65555994],0.368991391268177,0.11008978973096872
43,[0.25422487],0.45324875276084403,0.33841466437967727
44,[0.59657902],0.36931685095965394,0.10451571457989128
45,[0.91987718],0.5255598704187946,0.3869171618903168
46,[0.77454108],0.4913344347663835,0.23532599318135572
47,[0.29099454],0.4760797098607716,0.2977055051342462
48,[0.68682978],0.21779379154215084,0.15386976187677737
49,[0.43332139],0.35468736483715885,0.13270575875958612
