,0,1,2
0,[17.72735076],11.8108780311807,14.293201878311978
1,[15.85932658],8.92474901440352,11.687615270265077
2,[19.26465905],17.16378604888988,15.792286503022115
3,[15.90111705],8.73253071495283,12.028411676741044
4,[17.94350025],12.053172737070886,13.857158720856937
5,[15.6038745],11.426612053334058,11.133157270944974
6,[17.77349375],11.831510219676634,13.68715222254221
7,[15.41013089],11.490884680021015,12.23162256805709
8,[19.96352587],14.143651884430344,16.491153329331404
9,[16.26359631],10.690092817134532,13.085087984890428
10,[17.66480007],12.762714890916428,13.00508867145721
11,[19.46069549],16.529027478179078,14.989978254882761
12,[16.21046813],10.749773953484867,12.337762751234354
13,[17.0881037],11.819520319097837,12.50232137043249
14,[19.33972742],16.90392094604139,14.86901018662617
15,[1.43165121],3.8781556761447504,2.002497671418303
16,[0.68849832],5.997609124601552,4.250082492604296
17,[0.25396801],15.133531373335293,4.405743384344592
18,[4.64145436],9.036248555267766,0.2971264529976638
19,[3.89975071],6.75956165619822,0.7212423890784261
20,[3.47237254],0.9529690770769941,0.40033283282201637
21,[4.76719334],5.962768419591812,1.4893936331461717
22,[4.6597114],8.377805057503924,0.9776407792225181
23,[1.03699769],7.768863591580103,3.604456671833981
24,[1.11678491],4.960877548814453,3.353932320388748
25,[4.98759182],8.581211972573422,0.9012502949460552
26,[2.46031652],4.452888034729193,1.4123888532902038
27,[1.12887437],3.8990109447764505,2.7438310043892185
28,[4.93858081],3.577117409659107,1.6607811072463354
29,[3.78295371],6.729256196356971,0.6877635263494777
30,[2.91291495],4.285884635424385,1.5578022780566227
31,[2.83013576],0.7018288257557956,1.2562057725001021
32,[1.85921687],7.158549651093169,1.5749320084658902
33,[2.26481781],6.29370620464878,1.6349328976852515
34,[4.08634153],1.7264874589696984,0.6139689853571397
35,[0.51003263],5.677884451097514,3.9606846028674476
36,[4.58578232],4.921813545708745,1.3079826211019814
37,[0.21935594],8.876943727006452,4.54783740006699
38,[2.87274299],3.369767381125443,1.5979742377680881
39,[0.90249493],14.081443069607932,3.7572164622227877
40,[3.17850832],3.2063267703693734,0.2556405547218521
41,[4.47071723],9.247104046624894,0.12866864435773895
42,[3.2777997],5.804099578312732,0.15634917303317808
43,[1.27112435],7.307339436984478,2.5118293543873857
44,[2.9828951],9.213259123975408,0.9168556143764968
45,[4.59938588],8.384516271230629,0.513044347161749
46,[3.87270538],5.454798316817386,0.08975167101034431
47,[1.45497272],2.0445827002663615,2.4177326522791716
48,[3.43414888],3.5769057328534353,0.2556405547218521
49,[2.16660696],7.281867888574577,1.7060984137629096
