,0,1,2
0,[17.72735076],15.383932893902905,14.744455658331901
1,[15.85932658],13.402655507265166,12.581526871338646
2,[19.26465905],14.398066287527405,15.830510170570923
3,[15.90111705],11.327812386677811,11.81477552420592
4,[17.94350025],15.003418545119683,13.30204589254739
5,[15.6038745],11.149466856403647,10.944163107496028
6,[17.77349375],14.833412046804957,13.132039394232663
7,[15.41013089],12.953459822294935,12.132331186368415
8,[19.96352587],17.694191489058504,16.491153329331404
9,[16.26359631],13.920178445759507,13.2807012101885
10,[17.66480007],12.798207307572593,13.00508867145721
11,[19.46069549],16.520613781949514,14.819241129377225
12,[16.21046813],13.941133743783471,12.73809558405637
13,[17.0881037],15.984319593348891,12.961268225966073
14,[19.33972742],16.399645713692927,14.698273061120634
15,[1.43165121],7.378769033037375,1.7468571166964513
16,[0.68849832],15.143275935062215,4.274587999423719
17,[0.25396801],8.094791159389567,4.5132253252986825
18,[4.64145436],11.980911103376908,0.32163195981708714
19,[3.89975071],6.467002377209999,0.9168556143764968
20,[3.47237254],6.920440584976063,0.40033283282201637
21,[4.76719334],6.793298001596057,0.42432963362617127
22,[4.6597114],6.771801613405238,0.10748194095409058
23,[1.03699769],7.3641588115421275,3.548784638687291
24,[1.11678491],14.714989341349867,3.8463014057113707
25,[4.98759182],6.837377699143856,0.3278804286931001
26,[2.46031652],7.124643392907738,1.4123888532902038
27,[1.12887437],8.39220831788059,2.7438310043892185
28,[4.93858081],13.136767885875916,0.35279848614435405
29,[3.78295371],12.496011494489917,1.1801326116721005
30,[2.91291495],6.771801613405236,1.8542783824596585
31,[2.83013576],6.969270535382447,1.0425696199649788
32,[1.85921687],6.951203370084961,1.3192914537440381
33,[2.26481781],6.568620289903923,0.9136905086068254
34,[4.08634153],7.043234382047491,0.6139689853571397
35,[0.51003263],7.891123868081131,4.0757496952262935
36,[4.58578232],6.287093295908723,1.3079826211019814
37,[0.21935594],14.399476476776545,4.023410581166685
38,[2.87274299],6.287093295908724,1.7130393301269335
39,[0.90249493],7.575969621692124,3.8646984031768783
40,[3.17850832],6.322753899394315,0.19561322529807068
41,[4.47071723],12.08335337868023,0.4923690853226228
42,[3.2777997],6.206081954103732,1.3079826211019814
43,[1.27112435],7.629546642649961,2.0352042476659795
44,[2.9828951],6.32338692054825,0.19561322529807068
45,[4.59938588],7.145843251479842,1.1270133325188887
46,[3.87270538],7.000507151540466,0.40033283282201637
47,[1.45497272],8.06610996577054,2.4177326522791716
48,[3.43414888],6.572620702678331,0.2556405547218521
49,[2.16660696],14.303094681116596,1.011901358670233
