,0,1,2
0,[0.338974],0.49200946338383944,[0.15303546]
1,[0.58234163],0.4699147958183211,[0.11242683]
2,[0.76465899],0.4869768194754571,[0.27768217]
3,[0.55089471],0.4453138214324609,[0.10558089]
4,[0.19805911],0.5202011132947167,[0.32214201]
5,[0.00137506],0.4961466228766767,[0.49477157]
6,[0.92224664],0.4699147958183211,[0.45233185]
7,[0.50403269],0.4699147958183211,[0.03411789]
8,[0.33931281],0.5035249008418581,[0.16421209]
9,[0.46040006],0.48251295341464595,[0.02211289]
10,[0.51273817],0.46144488672441375,[0.05129328]
11,[0.80227818],0.4498452669895452,[0.35243291]
12,[0.43929047],0.4930677491197649,[0.05377728]
13,[0.16834261],0.4930677491197649,[0.32472514]
14,[0.05829038],0.5035249008418581,[0.44523452]
15,[0.58795572],0.46144488672441375,[0.12651083]
16,[0.30013132],0.5202011132947167,[0.22006979]
17,[0.15023271],0.4961466228766767,[0.34591391]
18,[0.5302082],0.4498452669895452,[0.08036293]
19,[0.79682692],0.4453138214324609,[0.3515131]
20,[0.52573544],0.4498452669895452,[0.07589017]
21,[0.4699148],0.5035249008418581,[0.03361011]
22,[0.9389106],0.4869768194754571,[0.45193378]
23,[0.02793081],0.5202011132947167,[0.49227031]
24,[0.3195605],0.4930677491197649,[0.17350724]
25,[0.26651933],0.4930677491197649,[0.22654842]
26,[0.31890126],0.4930677491197649,[0.17416649]
27,[0.15970093],0.49200946338383944,[0.33230854]
28,[0.91013063],0.4453138214324609,[0.4648168]
29,[0.53608209],0.4869768194754571,[0.04910527]
30,[0.28157816],0.4930677491197649,[0.21148959]
31,[0.29086596],0.5035249008418581,[0.21265894]
32,[0.46144489],0.49200946338383944,[0.03056458]
33,[0.29307566],0.5202011132947167,[0.22712546]
34,[0.8521396],0.4453138214324609,[0.40682578]
35,[0.54160529],0.46144488672441375,[0.0801604]
36,[0.49200946],0.46144488672441375,[0.03056458]
37,[0.26896285],0.5202011132947167,[0.25123826]
38,[0.17776315],0.49200946338383944,[0.31424631]
39,[0.67945124],0.4498452669895452,[0.22960597]
40,[0.97730129],0.4869768194754571,[0.49032447]
41,[0.70028295],0.4498452669895452,[0.25043769]
42,[0.41736117],0.5202011132947167,[0.10283994]
43,[0.75330003],0.46144488672441375,[0.29185514]
44,[0.70451312],0.4453138214324609,[0.25919929]
45,[0.04097971],0.49200946338383944,[0.45102975]
46,[0.14483559],0.4961466228766767,[0.35131103]
47,[0.98330833],0.4498452669895452,[0.53346306]
48,[0.87601612],0.4699147958183211,[0.40610133]
49,[0.66188388],0.4453138214324609,[0.21657006]
50,[0.23269211],0.5035249008418581,[0.27083279]
51,[0.07125728],0.49200946338383944,[0.42075218]
52,[0.41819587],0.4961466228766767,[0.07795075]
53,[0.5035249],0.4699147958183211,[0.03361011]
54,[0.84788036],0.4699147958183211,[0.37796557]
55,[0.83173317],0.46144488672441375,[0.37028828]
56,[0.34133582],0.4961466228766767,[0.15481081]
57,[0.51986147],0.4453138214324609,[0.07454765]
58,[0.96775623],0.46144488672441375,[0.50631134]
59,[0.11602923],0.4961466228766767,[0.38011739]
60,[0.92599766],0.4498452669895452,[0.47615239]
61,[0.75617932],0.46144488672441375,[0.29473443]
62,[0.04162707],0.4930677491197649,[0.45144068]
63,[0.53780506],0.4699147958183211,[0.06789026]
64,[0.65363345],0.4699147958183211,[0.18371865]
65,[0.35164219],0.5035249008418581,[0.15188271]
66,[0.71098818],0.4869768194754571,[0.22401136]
67,[0.2007222],0.5202011132947167,[0.31947891]
68,[0.12576479],0.4961466228766767,[0.37038183]
69,[0.05721358],0.5202011132947167,[0.46298754]
70,[0.62831166],0.46144488672441375,[0.16686677]
71,[0.57260359],0.4453138214324609,[0.12728976]
72,[0.31263905],0.49200946338383944,[0.17937041]
73,[0.6810012],0.4453138214324609,[0.23568737]
74,[0.01102196],0.4930677491197649,[0.48204579]
75,[0.13658661],0.5035249008418581,[0.3669383]
76,[0.64275685],0.4498452669895452,[0.19291158]
77,[0.29342041],0.49200946338383944,[0.19858905]
78,[0.76747393],0.4869768194754571,[0.28049711]
79,[0.02784477],0.5035249008418581,[0.47568013]
80,[0.37220377],0.4930677491197649,[0.12086398]
81,[0.57582773],0.4869768194754571,[0.08885091]
82,[0.04539416],0.49200946338383944,[0.4466153]
83,[0.74607899],0.4869768194754571,[0.25910217]
84,[0.99363973],0.4699147958183211,[0.52372494]
85,[0.15922349],0.5035249008418581,[0.34430141]
86,[0.52020111],0.4869768194754571,[0.03322429]
87,[0.09891821],0.4961466228766767,[0.39722842]
88,[0.68897837],0.46144488672441375,[0.22753348]
89,[0.25977993],0.49200946338383944,[0.23222953]
90,[0.48697682],0.5202011132947167,[0.03322429]
91,[0.3395554],0.4961466228766767,[0.15659122]
92,[0.59458008],0.4699147958183211,[0.12466528]
93,[0.232661],0.5202011132947167,[0.28754011]
94,[0.87347496],0.4869768194754571,[0.38649814]
95,[0.47243177],0.46902867211571614,[0.0034031]
96,[0.83468865],0.4498452669895452,[0.38484338]
97,[0.19063784],0.5035249008418581,[0.31288706]
