,0,1,2
0,[0.07089107],0.6245893257628181,[0.55369826]
1,[0.38994898],0.6062077662892384,[0.21625878]
2,[0.3081632],0.47491845488623147,[0.16675526]
3,[0.10658112],0.6245893257628181,[0.51800821]
4,[0.55918706],0.33550232302453065,[0.22368474]
5,[0.52604553],0.5329347135970943,[0.00688919]
6,[0.79279256],0.4360832315426512,[0.35670933]
7,[0.61975746],0.5711782421798961,[0.04857922]
8,[0.08596121],0.47491845488623147,[0.38895725]
9,[0.10100572],0.6062077662892384,[0.50520204]
10,[0.30897647],0.5397937518380929,[0.23081728]
11,[0.33664047],0.6062077662892384,[0.2695673]
12,[0.83702558],0.4197962737710862,[0.4172293]
13,[0.33550232],0.47064823533721667,[0.13514591]
14,[0.59265807],0.5847279377580306,[0.00793013]
15,[0.50248976],0.4197962737710862,[0.08269348]
16,[0.1923387],0.6245893257628181,[0.43225063]
17,[0.13750526],0.47064823533721667,[0.33314297]
18,[0.84009256],0.4360832315426512,[0.40400933]
19,[0.97516341],0.5191864884697948,[0.45597692]
20,[0.39327781],0.5397937518380929,[0.14651594]
21,[0.70314778],0.33550232302453065,[0.36764545]
22,[0.36819486],0.5397937518380929,[0.17159889]
23,[0.55354198],0.5191864884697948,[0.03435549]
24,[0.39568131],0.6245893257628181,[0.22890801]
25,[0.67453184],0.4197962737710862,[0.25473557]
26,[0.15187184],0.47064823533721667,[0.31877639]
27,[0.62638997],0.5191864884697948,[0.10720348]
28,[0.90527116],0.5711782421798961,[0.33409292]
29,[0.51232745],0.5397937518380929,[0.0274663]
30,[0.67314469],0.5711782421798961,[0.10196645]
31,[0.7636904],0.33550232302453065,[0.42818807]
32,[0.44734715],0.4473675756472792,[2.04226372e-05]
33,[0.88545159],0.4360832315426512,[0.44936836]
34,[0.71246978],0.4197962737710862,[0.29267351]
35,[0.69983437],0.5191864884697948,[0.18064788]
36,[0.28894239],0.6245893257628181,[0.33564694]
37,[0.96024415],0.4360832315426512,[0.52416092]
38,[0.80669613],0.4197962737710862,[0.38689986]
39,[0.39224539],0.47491845488623147,[0.08267306]
40,[0.2363422],0.47064823533721667,[0.23430603]
41,[0.47064824],0.33550232302453065,[0.13514591]
42,[0.04497458],0.47491845488623147,[0.42994388]
43,[0.98736598],0.5711782421798961,[0.41618774]
44,[0.54969841],0.6062077662892384,[0.05650935]
45,[0.25239132],0.47491845488623147,[0.22252713]
46,[0.10428518],0.6062077662892384,[0.50192259]
47,[0.80068552],0.5711782421798961,[0.22950728]
48,[0.7726935],0.4360832315426512,[0.33661027]
49,[0.47648515],0.5841874053684658,[0.10770225]
