,0,1,2
0,[0.07089107],0.5591870648877693,[0.488296]
1,[0.38994898],0.5535419769653923,[0.163593]
2,[0.3081632],0.5260455267107933,[0.21788233]
3,[0.10658112],0.5378719701797408,[0.43129085]
4,[0.55918706],0.44734715301003847,[0.11183991]
5,[0.52604553],0.5024897567624245,[0.02355577]
6,[0.79279256],0.47064823533721667,[0.32214433]
7,[0.61975746],0.47648515193700347,[0.14327231]
8,[0.08596121],0.5535419769653923,[0.46758077]
9,[0.10100572],0.5535419769653923,[0.45253625]
10,[0.30897647],0.5535419769653923,[0.24456551]
11,[0.33664047],0.5260455267107933,[0.18940506]
12,[0.83702558],0.4215142320791687,[0.41551134]
13,[0.33550232],0.5378719701797408,[0.20236965]
14,[0.59265807],0.44734715301003847,[0.14531092]
15,[0.50248976],0.5123274502287963,[0.00983769]
16,[0.1923387],0.5516201953070403,[0.3592815]
17,[0.13750526],0.5496984136486882,[0.41219315]
18,[0.84009256],0.45899769417362757,[0.38109487]
19,[0.97516341],0.44734715301003847,[0.52781626]
20,[0.39327781],0.5496984136486882,[0.1564206]
21,[0.70314778],0.47064823533721667,[0.23249954]
22,[0.36819486],0.5535419769653923,[0.18534712]
23,[0.55354198],0.47356669363711007,[0.07997528]
24,[0.39568131],0.5496984136486882,[0.1540171]
25,[0.67453184],0.47648515193700347,[0.19804669]
26,[0.15187184],0.5563645209265808,[0.40449268]
27,[0.62638997],0.47064823533721667,[0.15574173]
28,[0.90527116],0.47648515193700347,[0.42878601]
29,[0.51232745],0.5142676417366089,[0.00194019]
30,[0.67314469],0.47064823533721667,[0.20249646]
31,[0.7636904],0.47064823533721667,[0.29304216]
32,[0.44734715],0.5496984136486882,[0.10235126]
33,[0.88545159],0.47064823533721667,[0.41480336]
34,[0.71246978],0.44734715301003847,[0.26512263]
35,[0.69983437],0.47648515193700347,[0.22334922]
36,[0.28894239],0.5563645209265808,[0.26742213]
37,[0.96024415],0.47648515193700347,[0.483759]
38,[0.80669613],0.47356669363711007,[0.33312944]
39,[0.39224539],0.5535419769653923,[0.16129658]
40,[0.2363422],0.5496984136486882,[0.31335621]
41,[0.47064824],0.5496984136486882,[0.07905018]
42,[0.04497458],0.5260455267107933,[0.48107095]
43,[0.98736598],0.47064823533721667,[0.51671774]
44,[0.54969841],0.5024897567624245,[0.04720866]
45,[0.25239132],0.5260455267107933,[0.2736542]
46,[0.10428518],0.5516201953070403,[0.44733502]
47,[0.80068552],0.44734715301003847,[0.35333836]
48,[0.7726935],0.47648515193700347,[0.29620835]
49,[0.47648515],0.5123274502287963,[0.0358423]
